Date,Adj Close,Close,High,Low,Open,Volume
2016-08-12,20.93,20.93,20.93,20.79,20.79,314000
2016-08-15,20.89,20.89,20.9,20.87,20.87,57000
2016-08-16,20.85,20.85,20.87,20.84,20.86,164000
2016-08-17,20.71,20.71,20.8,20.71,20.8,85000
2016-08-18,20.61,20.61,20.63,20.57,20.63,198000
2016-08-19,20.59,20.59,20.63,20.59,20.6,23000
2016-08-22,20.47,20.47,20.5,20.47,20.5,119000
2016-08-23,20.47,20.47,20.49,20.44,20.45,64000
2016-08-24,20.6,20.6,20.61,20.53,20.53,30000
2016-08-25,20.66,20.66,20.68,20.63,20.63,41230
2016-08-26,20.59,20.59,20.61,20.59,20.61,6000
2016-08-29,20.67,20.67,20.67,20.65,20.65,18000
2016-08-30,20.67,20.67,20.69,20.66,20.69,9000
2016-08-31,20.73,20.73,20.73,20.63,20.63,28000
2016-09-01,20.74,20.74,20.74,20.69,20.69,39000
2016-09-02,20.71,20.71,20.75,20.71,20.75,23000
2016-09-05,21.04,21.04,21.04,20.96,20.96,250000
2016-09-06,21.05,21.05,21.05,21.02,21.02,78000
2016-09-07,21.0,21.0,21.05,21.0,21.05,5000
2016-09-08,21.17,21.17,21.17,21.02,21.02,240000
2016-09-09,21.13,21.13,21.16,21.13,21.15,227000
2016-09-12,20.69,20.69,20.8,20.69,20.8,95000
2016-09-13,20.73,20.73,20.77,20.71,20.77,38000
2016-09-14,20.55,20.55,20.61,20.55,20.61,90000
2016-09-19,20.33,20.33,20.49,20.25,20.44,1388000
2016-09-20,20.42,20.42,20.42,20.39,20.42,46000
2016-09-21,20.39,20.39,20.39,20.32,20.32,20000
2016-09-22,20.47,20.47,20.47,20.41,20.43,154000
2016-09-23,20.84,20.84,20.85,20.59,20.59,635000
2016-09-26,20.7,20.7,20.7,20.68,20.7,15000
2016-09-29,20.88,20.88,20.89,20.79,20.79,708000
2016-09-30,20.37,20.37,20.53,20.33,20.53,977000
2016-10-03,20.5,20.5,20.53,20.5,20.5,42000
2016-10-04,20.53,20.53,20.53,20.51,20.51,25000
2016-10-05,20.51,20.51,20.54,20.5,20.5,17000
2016-10-06,20.65,20.65,20.67,20.58,20.58,63000
2016-10-07,20.73,20.73,20.73,20.66,20.66,73000
2016-10-11,20.65,20.65,20.67,20.64,20.66,248000
2016-10-12,20.6,20.6,20.63,20.6,20.62,26000
2016-10-13,20.44,20.44,20.5,20.4,20.5,30000
2016-10-14,20.35,20.35,20.38,20.33,20.37,11000
2016-10-17,20.59,20.59,20.59,20.36,20.36,546000
2016-10-18,20.57,20.57,20.6,20.57,20.6,17000
2016-10-19,20.69,20.69,20.7,20.61,20.61,74000
2016-10-20,20.8,20.8,20.81,20.71,20.71,103000
2016-10-21,20.88,20.88,20.93,20.83,20.83,118000
2016-10-24,20.91,20.91,20.93,20.88,20.88,30000
2016-10-25,21.05,21.05,21.05,20.94,20.94,555000
2016-10-26,21.0,21.0,21.05,21.0,21.05,3000
2016-10-27,20.9,20.9,20.93,20.9,20.9,12000
2016-10-28,20.95,20.95,20.98,20.9,20.9,14000
2016-10-31,20.9,20.9,20.9,20.8,20.8,54000
2016-11-01,20.78,20.78,20.81,20.78,20.81,42000
2016-11-02,20.6,20.6,20.73,20.6,20.73,3000
2016-11-03,20.34,20.34,20.44,20.34,20.44,162000
2016-11-04,20.35,20.35,20.42,20.34,20.34,24000
2016-11-07,20.46,20.46,20.46,20.4,20.45,80000
2016-11-08,20.53,20.53,20.55,20.52,20.52,60000
2016-11-09,19.98,19.98,20.69,19.98,20.58,381000
2016-11-10,20.99,20.99,20.99,20.53,20.53,101000
2016-11-11,21.0,21.0,21.05,20.9,21.05,176000
2016-11-14,20.83,20.83,21.0,20.51,21.0,22000
2016-11-15,20.74,20.74,20.75,20.71,20.75,8000
2016-11-16,20.88,20.88,20.88,20.88,20.88,2000
2016-11-17,20.74,20.74,20.74,20.74,20.74,2000
2016-11-18,20.68,20.68,20.68,20.68,20.68,4000
2016-11-21,20.6,20.6,20.6,20.59,20.6,5000
2016-11-22,20.73,20.73,20.73,20.73,20.73,1000
2016-11-23,20.74,20.74,20.75,20.74,20.75,29000
2016-11-24,20.68,20.68,20.68,20.68,20.68,1000
2016-11-25,20.7,20.7,20.7,20.69,20.7,10000
2016-11-28,20.74,20.74,20.74,20.73,20.73,7000
2016-11-29,20.6,20.6,20.68,20.59,20.68,9000
2016-11-30,20.74,20.74,20.75,20.74,20.75,14000
2016-12-01,20.82,20.82,20.84,20.8,20.8,16000
2016-12-02,20.58,20.58,20.59,20.58,20.59,5000
2016-12-05,20.55,20.55,20.55,20.5,20.5,7000
2016-12-06,20.82,20.82,20.82,20.76,20.76,57000
2016-12-07,21.16,21.16,21.17,20.92,20.92,46000
2016-12-08,21.47,21.47,21.49,21.37,21.37,75000
2016-12-09,21.76,21.76,21.76,21.6,21.6,140000
2016-12-12,21.86,21.86,21.89,21.8,21.8,79000
2016-12-13,21.81,21.81,21.83,21.76,21.83,31000
2016-12-14,22.0,22.0,22.03,21.93,21.93,114000
2016-12-15,21.89,21.89,21.98,21.8,21.98,7000
2016-12-16,22.08,22.08,22.1,21.95,21.95,67000
2016-12-19,22.17,22.17,22.23,22.0,22.0,23000
2016-12-20,22.15,22.15,22.17,22.12,22.17,19000
2016-12-21,22.26,22.26,22.31,22.26,22.29,37000
2016-12-22,22.08,22.08,22.19,22.08,22.19,230000
2016-12-23,22.19,22.19,22.2,22.19,22.2,104000
2016-12-26,22.2,22.2,22.21,21.6,22.19,15000
2016-12-27,22.17,22.17,22.19,22.0,22.0,7000
2016-12-28,22.17,22.17,22.17,22.17,22.17,3000
2016-12-29,22.22,22.22,22.27,22.21,22.27,20000
2016-12-30,22.27,22.27,22.27,22.27,22.27,10000
2017-01-03,22.45,22.45,22.45,22.41,22.42,33000
2017-01-04,22.49,22.49,22.5,22.49,22.5,9000
2017-01-05,22.47,22.47,22.49,22.47,22.49,5000
2017-01-06,22.52,22.52,22.57,22.47,22.47,22000
2017-01-09,22.6,22.6,22.6,22.6,22.6,1000
2017-01-10,22.53,22.53,22.6,22.53,22.6,3000
2017-01-11,22.49,22.49,22.53,22.49,22.53,4000
2017-01-12,22.49,22.49,22.51,22.49,22.5,8000
2017-01-13,22.49,22.49,22.53,22.39,22.53,3000
2017-01-16,22.52,22.52,22.55,22.52,22.53,15000
2017-01-17,22.44,22.44,22.44,22.44,22.44,4000
2017-01-19,22.35,22.35,22.36,22.35,22.35,95000
2017-01-20,22.39,22.39,22.39,22.34,22.36,4000
2017-01-23,22.36,22.36,22.39,22.36,22.39,39000
2017-01-24,22.35,22.35,22.36,22.35,22.36,4000
2017-02-02,22.25,22.25,22.28,22.25,22.28,12000
2017-02-03,22.22,22.22,22.25,22.13,22.25,21000
2017-02-06,22.36,22.36,22.36,22.25,22.26,5000
2017-02-07,22.15,22.15,22.26,22.14,22.26,21000
2017-02-08,22.13,22.13,22.18,22.13,22.15,58000
2017-02-09,22.17,22.17,22.17,22.16,22.16,5000
2017-02-10,22.5,22.5,22.5,22.4,22.42,520000
2017-02-13,22.5,22.5,22.55,22.48,22.52,632000
2017-02-14,22.7,22.7,22.71,22.61,22.61,136000
2017-02-15,22.7,22.7,22.7,22.68,22.68,20000
2017-02-16,22.82,22.82,22.85,22.8,22.8,323000
2017-02-17,22.7,22.7,22.8,22.7,22.8,4000
2017-02-20,22.75,22.75,22.75,22.75,22.75,10000
2017-02-21,22.78,22.78,22.78,22.75,22.75,7000
2017-02-22,22.82,22.82,22.93,22.8,22.8,8000
2017-02-23,22.93,22.93,22.95,22.88,22.89,459000
2017-02-24,22.9,22.9,22.96,22.9,22.96,6000
2017-03-01,22.8,22.8,22.8,22.75,22.79,8000
2017-03-02,23.28,23.28,23.35,23.0,23.0,19000
2017-03-03,23.15,23.15,23.24,23.15,23.24,4000
2017-03-06,23.34,23.34,23.35,23.22,23.22,369000
2017-03-07,23.31,23.31,23.31,23.31,23.31,7000
2017-03-08,23.18,23.18,23.25,23.18,23.25,300000
2017-03-09,23.13,23.13,23.18,23.13,23.18,122000
2017-03-10,23.5,23.5,23.5,23.29,23.29,6000
2017-03-13,23.48,23.48,23.48,23.42,23.43,520000
2017-03-14,23.48,23.48,23.48,23.48,23.48,4000
2017-03-16,23.46,23.46,23.46,23.46,23.46,2000
2017-03-17,23.69,23.69,23.69,23.62,23.62,7000
2017-03-20,23.62,23.62,23.7,23.62,23.7,5000
2017-03-21,23.6,23.6,23.62,23.6,23.6,5000
2017-03-22,23.35,23.35,23.4,23.35,23.4,110000
2017-03-23,23.55,23.55,23.55,23.55,23.55,3000
2017-03-24,23.64,23.64,23.78,23.64,23.78,5000
2017-03-27,23.48,23.48,23.52,23.48,23.52,18000
2017-03-28,23.55,23.55,23.55,23.48,23.48,13000
2017-03-29,23.82,23.82,23.83,23.72,23.8,5000
2017-03-31,23.88,23.88,23.89,23.88,23.88,54000
2017-04-05,23.84,23.84,23.88,23.84,23.88,3000
2017-04-06,23.6,23.6,23.73,23.6,23.73,103000
2017-04-07,23.65,23.65,23.65,23.49,23.53,33000
2017-04-10,23.94,23.94,24.13,23.94,24.13,117000
2017-04-11,23.8,23.8,23.94,23.8,23.94,3000
2017-04-12,23.75,23.75,23.8,23.64,23.8,80000
2017-04-13,23.68,23.68,23.73,23.65,23.73,10000
2017-04-14,23.67,23.67,23.68,23.64,23.66,18293
2017-04-17,23.65,23.65,23.65,23.6,23.6,12100
2017-04-18,23.64,23.64,23.65,23.61,23.61,7000
2017-04-19,23.47,23.47,23.5,23.47,23.5,6000
2017-04-21,23.66,23.66,23.66,23.47,23.47,40100
2017-04-24,23.73,23.73,23.73,23.62,23.62,20000
2017-04-25,24.67,24.67,24.74,24.52,24.52,247000
2017-04-26,24.78,24.78,24.78,24.7,24.76,79000
2017-04-27,24.77,24.77,24.77,24.74,24.74,97000
2017-04-28,24.62,24.62,24.62,24.62,24.62,143000
2017-05-02,24.64,24.64,24.64,24.5,24.5,181000
2017-05-03,24.79,24.79,24.81,24.66,24.66,80000
2017-05-04,24.9,24.9,24.94,24.88,24.94,123000
2017-05-05,25.16,25.16,25.5,25.07,25.07,54000
2017-05-08,25.43,25.43,25.46,25.36,25.36,63000
2017-05-09,25.3,25.3,25.36,25.3,25.35,89000
2017-05-10,25.3,25.3,25.3,25.28,25.28,8000
2017-05-11,25.4,25.4,25.4,25.4,25.4,2000
2017-05-12,25.11,25.11,25.15,25.02,25.15,255000
2017-05-15,25.23,25.23,25.23,25.2,25.2,6000
2017-05-16,25.32,25.32,25.32,25.26,25.29,188136
2017-05-17,25.34,25.34,25.34,25.28,25.32,165000
2017-05-18,25.04,25.04,25.04,24.9,24.98,112000
2017-05-19,24.94,24.94,25.02,24.94,25.02,3000
2017-05-22,25.03,25.03,25.03,25.03,25.03,54000
2017-05-23,25.06,25.06,25.06,25.04,25.04,4000
2017-05-24,25.21,25.21,25.23,25.21,25.23,7000
2017-05-25,25.22,25.22,25.22,25.21,25.21,15000
2017-05-26,25.05,25.05,25.17,25.05,25.17,2079
2017-05-31,24.86,24.86,24.86,24.86,24.86,3000
2017-06-01,24.95,24.95,24.96,24.85,24.85,15000
2017-06-02,25.15,25.15,25.16,25.06,25.06,6000
2017-06-05,25.3,25.3,25.31,25.29,25.29,316000
2017-06-06,25.16,25.16,25.16,25.16,25.16,2000
2017-06-07,24.95,24.95,25.01,24.88,25.01,69000
2017-06-08,24.95,24.95,24.97,24.95,24.97,2000
2017-06-09,25.0,25.0,25.0,25.0,25.0,6000
2017-06-12,25.06,25.06,25.07,24.98,24.98,156000
2017-06-13,24.93,24.93,24.93,24.92,24.92,35000
2017-06-14,25.05,25.05,25.08,25.02,25.08,33000
2017-06-15,24.88,24.88,24.88,24.88,24.88,12000
2017-06-16,24.83,24.83,24.85,24.82,24.82,34000
2017-06-19,24.98,24.98,24.98,24.88,24.88,54000
2017-06-20,25.1,25.1,25.12,25.1,25.12,4000
2017-06-21,25.03,25.03,25.03,25.01,25.03,490000
2017-06-22,24.94,24.94,24.98,24.9,24.98,640000
2017-06-23,24.9,24.9,24.97,24.9,24.96,20280
2017-06-26,24.9,24.9,24.93,24.9,24.93,7000
2017-06-27,24.94,24.94,24.94,24.94,24.94,1000
2017-06-28,24.74,24.74,24.77,24.72,24.77,13000
2017-06-29,24.95,24.95,24.95,24.95,24.95,6000
2017-06-30,24.38,24.38,24.53,24.28,24.53,163015
2017-07-03,24.43,24.43,24.44,24.38,24.38,76019
2017-07-04,24.52,24.52,24.58,24.52,24.54,114000
2017-07-05,24.49,24.49,24.49,24.47,24.49,202000
2017-07-06,24.53,24.53,24.53,24.45,24.45,8000
2017-07-07,24.37,24.37,24.4,24.28,24.4,57000
2017-07-10,24.5,24.5,24.59,24.5,24.54,7000
2017-07-11,24.59,24.59,24.59,24.49,24.5,66000
2017-07-12,24.55,24.55,24.56,24.55,24.56,3000
2017-07-13,24.85,24.85,24.85,24.75,24.75,94000
2017-07-14,24.88,24.88,24.88,24.87,24.87,38000
2017-07-17,24.84,24.84,24.98,24.84,24.88,19000
2017-07-18,24.79,24.79,24.79,24.7,24.79,13000
2017-07-19,24.66,24.66,24.66,24.55,24.62,30600
2017-07-20,24.83,24.83,24.83,24.77,24.83,54006
2017-07-21,24.74,24.74,24.78,24.71,24.78,19000
2017-07-24,24.5,24.5,24.5,24.47,24.5,67000
2017-07-25,24.6,24.6,24.6,24.59,24.59,43000
2017-07-26,24.6,24.6,24.6,24.58,24.6,89000
2017-07-27,24.74,24.74,24.74,24.7,24.73,26000
2017-07-28,24.64,24.64,24.64,24.52,24.64,82000
2017-07-31,24.59,24.59,24.62,24.59,24.62,26000
2017-08-01,24.47,24.47,24.48,24.42,24.42,145000
2017-08-02,24.67,24.67,24.68,24.55,24.66,23000
2017-08-03,24.56,24.56,24.57,24.56,24.57,18000
2017-08-04,24.55,24.55,24.56,24.52,24.56,17000
2017-08-07,24.92,24.92,24.96,24.84,24.84,57000
2017-08-08,24.84,24.84,24.89,24.76,24.89,40000
2017-08-09,24.66,24.66,24.76,24.66,24.76,62000
2017-08-10,24.48,24.48,24.66,24.47,24.66,109000
2017-08-11,24.27,24.27,24.29,24.2,24.27,38000
2017-08-14,24.18,24.18,24.3,24.16,24.17,19000
2017-08-15,24.46,24.46,24.46,24.44,24.44,9000
2017-08-16,24.47,24.47,24.48,24.46,24.48,8000
2017-08-17,24.56,24.56,24.61,24.56,24.6,10000
2017-08-18,24.4,24.4,24.41,24.3,24.41,11000
2017-08-21,24.28,24.28,24.4,24.27,24.4,14000
2017-08-22,24.3,24.3,24.36,24.24,24.24,8000
2017-08-23,24.5,24.5,24.5,24.42,24.5,4000
2017-08-24,24.4,24.4,24.4,24.3,24.33,11000
2017-08-25,24.49,24.49,24.49,24.45,24.45,3000
2017-08-28,24.43,24.43,24.43,24.37,24.41,26000
2017-08-29,24.18,24.18,24.18,24.04,24.15,35000
2017-08-30,24.19,24.19,24.19,24.18,24.18,5000
2017-08-31,24.2,24.2,24.2,24.18,24.18,3000
2017-09-01,24.35,24.35,24.36,24.25,24.25,6000
2017-09-04,24.41,24.41,24.43,24.36,24.36,10000
2017-09-05,24.34,24.34,24.35,24.3,24.35,16015
2017-09-06,24.22,24.22,24.24,24.16,24.16,33000
2017-09-07,24.37,24.37,24.48,24.37,24.37,5000
2017-09-08,24.43,24.43,24.48,24.43,24.46,32000
2017-09-11,24.49,24.49,24.58,24.49,24.58,50000
2017-09-12,24.74,24.74,24.78,24.74,24.76,129000
2017-09-13,24.73,24.73,24.84,24.73,24.74,12000
2017-09-14,24.79,24.79,24.79,24.79,24.79,3000
2017-09-15,24.9,24.9,24.94,24.78,24.79,31000
2017-09-18,24.9,24.9,24.9,24.9,24.9,7000
2017-09-19,24.93,24.93,24.94,24.89,24.89,4000
2017-09-20,24.86,24.86,24.99,24.86,24.98,20000
2017-09-21,25.05,25.05,25.05,25.01,25.01,4000
2017-09-22,24.9,24.9,24.99,24.85,24.99,8000
2017-09-25,24.97,24.97,25.0,24.97,25.0,12000
2017-09-26,24.89,24.89,24.97,24.89,24.96,24000
2017-09-27,24.91,24.91,24.96,24.91,24.92,34000
2017-09-28,25.01,25.01,25.01,24.99,24.99,35000
2017-09-29,25.03,25.03,25.05,25.01,25.02,26000
2017-10-02,25.27,25.27,25.3,25.27,25.27,12000
2017-10-03,25.31,25.31,25.32,25.29,25.29,18000
2017-10-05,25.11,25.11,25.23,25.09,25.23,44000
2017-10-06,25.32,25.32,25.33,25.31,25.33,188206
2017-10-11,25.28,25.28,25.36,25.25,25.32,17107
2017-10-12,25.46,25.46,25.47,25.36,25.46,62000
2017-10-13,25.32,25.32,25.32,25.3,25.3,56000
2017-10-16,25.25,25.25,25.32,25.25,25.32,4000
2017-10-17,25.3,25.3,25.35,25.3,25.3,20341
2017-10-18,25.23,25.23,25.36,25.23,25.36,8010
2017-10-19,25.39,25.39,25.4,25.38,25.38,4000
2017-10-20,25.33,25.33,25.38,25.33,25.37,9000
2017-10-23,25.25,25.25,25.3,25.25,25.28,12000
2017-10-24,25.24,25.24,25.25,25.24,25.25,2000
2017-10-25,25.25,25.25,25.25,25.24,25.24,3000
2017-10-26,25.28,25.28,25.28,25.25,25.28,4000
2017-10-27,25.62,25.62,25.63,25.48,25.48,12000
2017-10-30,25.5,25.5,25.62,25.5,25.62,12000
2017-10-31,25.68,25.68,25.68,25.68,25.68,4000
2017-11-01,25.96,25.96,25.96,25.82,25.82,15000
2017-11-02,25.82,25.82,25.82,25.77,25.8,11000
2017-11-03,25.97,25.97,25.97,25.89,25.89,13000
2017-11-06,26.03,26.03,26.03,25.85,25.88,387000
2017-11-07,25.99,25.99,26.04,25.99,26.04,15000
2017-11-08,25.77,25.77,25.89,25.72,25.89,11000
2017-11-09,25.83,25.83,25.88,25.83,25.88,2000
2017-11-10,25.53,25.53,25.59,25.45,25.57,25000
2017-11-13,25.45,25.45,25.49,25.45,25.49,5000
2017-11-14,25.22,25.22,25.31,25.22,25.31,11000
2017-11-15,25.14,25.14,25.17,25.05,25.17,44000
2017-11-16,25.18,25.18,25.18,25.17,25.18,21000
2017-11-17,25.33,25.33,25.43,25.3,25.43,9000
2017-11-20,25.12,25.12,25.19,25.12,25.19,17000
2017-11-21,25.18,25.18,25.24,25.18,25.23,8000
2017-11-22,25.35,25.35,25.41,25.35,25.39,10000
2017-11-23,25.31,25.31,25.32,25.25,25.32,16000
2017-11-24,25.44,25.44,25.44,25.44,25.44,1000
2017-11-27,25.34,25.34,25.34,25.32,25.32,6000
2017-11-28,25.3,25.3,25.3,25.3,25.3,8000
2017-11-29,25.5,25.5,25.5,25.5,25.5,11000
2017-11-30,25.42,25.42,25.46,25.42,25.46,5000
2017-12-01,25.18,25.18,25.23,25.18,25.23,3000
2017-12-04,25.25,25.25,25.3,25.25,25.3,31079
2017-12-05,25.28,25.28,25.3,25.28,25.29,15000
2017-12-06,25.15,25.15,25.24,25.15,25.24,28000
2017-12-07,25.3,25.3,25.3,25.2,25.2,5000
2017-12-08,25.35,25.35,25.35,25.27,25.29,4000
2017-12-11,25.37,25.37,25.42,25.35,25.42,4000
2017-12-12,25.37,25.37,25.37,25.32,25.32,2000
2017-12-13,25.31,25.31,25.43,25.3,25.41,61000
2017-12-14,25.23,25.23,25.25,25.23,25.25,3000
2017-12-15,25.06,25.06,25.07,25.05,25.06,105000
2017-12-18,25.25,25.25,25.29,25.25,25.29,4000
2017-12-19,25.49,25.49,25.51,25.42,25.42,255000
2017-12-20,25.27,25.27,25.35,25.27,25.32,75000
2017-12-21,25.08,25.08,25.1,25.07,25.1,28000
2017-12-22,25.15,25.15,25.21,25.15,25.21,22000
2017-12-25,25.15,25.15,25.15,25.15,25.15,2000
2017-12-26,25.01,25.01,25.15,25.01,25.15,56000
2017-12-27,25.1,25.1,25.19,25.09,25.19,27000
2017-12-28,25.09,25.09,25.09,25.08,25.09,5000
2017-12-29,24.92,24.92,24.97,24.92,24.95,69000
2018-01-02,24.81,24.81,24.89,24.8,24.89,77000
2018-01-03,24.74,24.74,24.79,24.7,24.71,105000
2018-01-04,24.96,24.96,24.96,24.88,24.88,131000
2018-01-05,25.22,25.22,25.22,25.16,25.2,41000
2018-01-08,25.48,25.48,25.48,25.43,25.43,18000
2018-01-09,25.45,25.45,25.5,25.45,25.5,19000
2018-01-10,25.48,25.48,25.5,25.46,25.47,42600
2018-01-11,25.38,25.38,25.55,25.38,25.55,94177
2018-01-12,25.41,25.41,25.41,25.33,25.34,31423
2018-01-15,25.54,25.54,25.55,25.54,25.54,17079
2018-01-16,25.53,25.53,25.56,25.49,25.49,29156
2018-01-17,25.44,25.44,25.53,25.44,25.49,47000
2018-01-18,25.54,25.54,25.54,25.52,25.54,23001
2018-01-19,25.57,25.57,25.64,25.54,25.64,21246
2018-01-22,25.8,25.8,25.8,25.75,25.78,75000
2018-01-23,25.96,25.96,25.98,25.83,25.83,12000
2018-01-24,25.96,25.96,25.96,25.87,25.96,9187
2018-01-25,25.73,25.73,25.81,25.71,25.81,8000
2018-01-26,25.81,25.81,25.81,25.73,25.78,6000
2018-01-29,25.85,25.85,25.9,25.84,25.88,128000
2018-01-30,25.65,25.65,25.79,25.61,25.79,76000
2018-01-31,25.53,25.53,25.6,25.53,25.6,13000
2018-02-01,25.62,25.62,25.62,25.53,25.53,7000
2018-02-02,25.3,25.3,25.42,25.26,25.42,87000
2018-02-05,24.84,24.84,24.84,24.63,24.69,130000
2018-02-06,23.72,23.72,24.36,22.95,24.04,257000
2018-02-07,24.56,24.56,24.7,24.56,24.68,77000
2018-02-08,24.42,24.42,24.42,24.31,24.38,39000
2018-02-09,23.87,23.87,23.95,23.79,23.8,49100
2018-02-12,23.92,23.92,23.92,23.81,23.81,18000
2018-02-21,24.3,24.3,24.42,24.3,24.32,23000
2018-02-22,24.18,24.18,24.27,24.18,24.2,16000
2018-02-23,24.38,24.38,24.38,24.35,24.35,63000
2018-02-26,24.58,24.58,24.58,24.46,24.51,110000
2018-02-27,24.6,24.6,24.68,24.58,24.62,158000
2018-03-01,24.29,24.29,24.38,24.24,24.38,23000
2018-03-02,24.02,24.02,24.13,23.98,24.1,113000
2018-03-05,23.59,23.59,23.68,23.58,23.64,98000
2018-03-06,23.87,23.87,23.88,23.85,23.88,27000
2018-03-07,23.6,23.6,23.67,23.55,23.55,55000
2018-03-08,23.98,23.98,24.0,23.93,23.93,21000
2018-03-09,24.17,24.17,24.25,24.17,24.23,14000
2018-03-12,24.29,24.29,24.29,24.15,24.25,64000
2018-03-13,24.13,24.13,24.25,24.11,24.17,31000
2018-03-14,23.86,23.86,23.92,23.82,23.9,44000
2018-03-15,23.99,23.99,24.03,23.92,23.92,29000
2018-03-16,24.11,24.11,24.2,24.02,24.2,55000
2018-03-19,24.17,24.17,24.28,24.17,24.22,27000
2018-03-20,24.16,24.16,24.16,24.12,24.15,3439
2018-03-21,24.27,24.27,24.27,24.24,24.27,6000
2018-03-22,24.14,24.14,24.2,24.1,24.2,53000
2018-03-23,23.47,23.47,23.5,23.37,23.5,25000
2018-03-26,23.34,23.34,23.56,23.32,23.55,191000
2018-03-27,23.59,23.59,23.59,23.58,23.58,4000
2018-03-28,23.23,23.23,23.38,23.23,23.3,34000
2018-03-29,23.6,23.6,23.63,23.57,23.63,9000
2018-03-30,23.67,23.67,23.83,23.67,23.83,3000
2018-04-02,23.8,23.8,23.8,23.74,23.74,10000
2018-04-03,23.6,23.6,23.71,23.6,23.64,130000
2018-04-09,24.06,24.06,24.06,23.96,24.0,84000
2018-04-10,24.42,24.42,24.46,24.26,24.26,8000
2018-04-11,24.24,24.24,24.24,24.24,24.24,3000
2018-04-12,24.22,24.22,24.33,24.22,24.33,63000
2018-04-13,24.31,24.31,24.4,24.31,24.32,9000
2018-04-16,24.34,24.34,24.48,24.34,24.45,7146
2018-04-17,24.42,24.42,24.46,24.42,24.42,9000
2018-04-18,24.63,24.63,24.63,24.53,24.53,5000
2018-04-19,24.76,24.76,24.76,24.62,24.62,46000
2018-04-20,24.62,24.62,24.67,24.62,24.67,5000
2018-04-23,24.8,24.8,24.8,24.68,24.72,9000
2018-04-24,24.94,24.94,24.94,24.86,24.86,19000
2018-04-25,24.68,24.68,24.77,24.65,24.77,7000
2018-04-26,24.76,24.76,24.85,24.76,24.83,92002
2018-04-27,24.83,24.83,24.92,24.62,24.86,156000
2018-05-02,25.01,25.01,25.01,25.01,25.01,2000
2018-05-03,25.17,25.17,25.19,25.1,25.19,26000
2018-05-04,25.17,25.17,25.29,25.17,25.29,6000
2018-05-07,25.29,25.29,25.29,25.23,25.23,21000
2018-05-08,25.28,25.28,25.43,25.28,25.43,25000
2018-05-09,25.26,25.26,25.32,25.26,25.32,11000
2018-05-10,25.36,25.36,25.39,25.36,25.36,41000
2018-05-11,25.53,25.53,25.55,25.52,25.54,84000
2018-05-14,25.48,25.48,25.48,25.46,25.47,134000
2018-05-15,25.44,25.44,25.51,25.42,25.48,321000
2018-05-16,25.41,25.41,25.5,25.41,25.5,8000
2018-05-17,25.35,25.35,25.44,25.35,25.44,2000
2018-05-18,25.57,25.57,25.57,25.52,25.54,17000
2018-05-21,25.62,25.62,25.62,25.62,25.62,3038
2018-05-22,25.53,25.53,25.58,25.53,25.58,6000
2018-05-23,25.58,25.58,25.59,25.58,25.59,2000
2018-05-24,25.31,25.31,25.35,25.31,25.35,5000
2018-05-28,25.26,25.26,25.26,25.26,25.26,1000
2018-05-29,24.91,24.91,25.0,24.91,25.0,7000
2018-05-30,24.48,24.48,24.53,24.48,24.53,6000
2018-05-31,24.63,24.63,24.65,24.62,24.65,6000
2018-06-01,24.45,24.45,24.47,24.38,24.47,6000
2018-06-04,24.75,24.75,24.75,24.75,24.75,1000
2018-06-05,24.75,24.75,24.75,24.75,24.75,5000
2018-06-07,24.96,24.96,24.96,24.8,24.8,2000
2018-06-08,24.66,24.66,24.71,24.66,24.71,5000
2018-06-11,24.75,24.75,24.83,24.75,24.83,3000
2018-06-12,24.95,24.95,24.95,24.95,24.95,2000
2018-06-13,24.98,24.98,24.98,24.98,24.98,2000
2018-06-14,24.86,24.86,24.97,24.86,24.97,288000
2018-06-15,25.25,25.25,25.27,25.24,25.26,18000
2018-06-19,24.83,24.83,24.88,24.83,24.88,5000
2018-06-20,24.66,24.66,24.75,24.63,24.69,13000
2018-06-21,24.67,24.67,24.67,24.6,24.61,373000
2018-06-22,24.44,24.44,24.47,24.41,24.43,399000
2018-06-25,24.56,24.56,24.56,24.56,24.56,1000
2018-06-26,24.22,24.22,24.25,24.21,24.25,6000
2018-06-27,24.26,24.26,24.26,24.26,24.26,1000
2018-06-28,24.3,24.3,24.3,24.26,24.26,7082
2018-06-29,24.32,24.32,24.32,24.3,24.32,13000
2018-07-02,24.25,24.25,24.32,24.25,24.32,4000
2018-07-03,24.23,24.23,24.34,24.23,24.25,13000
2018-07-04,24.4,24.4,24.4,24.4,24.4,1000
2018-07-05,24.45,24.45,24.56,24.45,24.56,5000
2018-07-06,24.74,24.74,24.81,24.74,24.81,4080
2018-07-09,24.74,24.74,24.74,24.74,24.74,1000
2018-07-10,24.9,24.9,24.93,24.79,24.79,7000
2018-07-11,24.76,24.76,24.78,24.75,24.75,7000
2018-07-12,24.67,24.67,24.67,24.62,24.62,8000
2018-07-13,24.83,24.83,24.83,24.83,24.83,1000
2018-07-16,24.76,24.76,24.77,24.76,24.77,4000
2018-07-17,24.77,24.77,24.77,24.76,24.76,2138
2018-07-18,24.85,24.85,24.85,24.85,24.85,2000
2018-07-19,25.03,25.03,25.03,24.93,24.93,5000
2018-07-20,24.91,24.91,24.91,24.91,24.91,1000
2018-07-23,24.77,24.77,24.79,24.77,24.79,3000
2018-07-24,24.83,24.83,24.83,24.81,24.81,7001
2018-07-25,24.95,24.95,24.95,24.93,24.95,18000
2018-07-26,25.12,25.12,25.12,25.02,25.02,11000
2018-07-27,25.2,25.2,25.2,25.15,25.15,10039
2018-07-30,25.08,25.08,25.1,25.08,25.1,10000
2018-07-31,25.17,25.17,25.19,25.17,25.19,2000
2018-08-01,25.23,25.23,25.25,25.23,25.25,13000
2018-08-02,25.2,25.2,25.26,25.2,25.26,3000
2018-08-03,24.98,24.98,25.07,24.98,25.07,8000
2018-08-06,25.08,25.08,25.08,25.0,25.0,12021
2018-08-07,25.02,25.02,25.02,25.02,25.02,1000
2018-08-08,25.1,25.1,25.1,25.1,25.1,1000
2018-08-09,25.1,25.1,25.1,25.08,25.08,4000
2018-08-10,25.02,25.02,25.09,25.02,25.09,4000
2018-08-13,24.5,24.5,24.57,24.48,24.57,5000
2018-08-14,24.51,24.51,24.51,24.4,24.46,5000
2018-08-15,24.5,24.5,24.52,24.5,24.52,4000
2018-08-16,24.23,24.23,24.27,24.09,24.09,7000
2018-08-17,24.23,24.23,24.26,24.23,24.26,2000
2018-08-20,24.22,24.22,24.22,24.21,24.21,4000
2018-08-21,24.34,24.34,24.38,24.34,24.34,3000
2018-08-22,24.43,24.43,24.43,24.43,24.43,1000
2018-08-23,24.49,24.49,24.56,24.49,24.56,4000
2018-08-24,24.61,24.61,24.61,24.53,24.53,3000
2018-08-27,24.63,24.63,24.63,24.62,24.62,3000
2018-08-28,24.89,24.89,24.89,24.85,24.85,2000
2018-08-29,24.83,24.83,24.86,24.83,24.86,4000
2018-08-30,24.8,24.8,24.83,24.8,24.83,5000
2018-08-31,24.74,24.74,24.74,24.71,24.71,8000
2018-09-03,24.36,24.36,24.36,24.36,24.36,5000
2018-09-04,24.43,24.43,24.48,24.43,24.48,4000
2018-09-05,24.12,24.12,24.12,24.07,24.07,5000
2018-09-06,23.88,23.88,23.88,23.87,23.87,4000
2018-09-07,23.73,23.73,23.76,23.73,23.74,4000
2018-09-10,23.74,23.74,23.75,23.68,23.74,76183
2018-09-11,23.86,23.86,23.86,23.86,23.86,4000
2018-09-12,23.8,23.8,23.86,23.8,23.86,5000
2018-09-13,23.84,23.84,23.88,23.84,23.88,3000
2018-09-14,23.98,23.98,23.98,23.89,23.89,9000
2018-09-17,23.96,23.96,23.98,23.95,23.98,6016
2018-09-18,24.0,24.0,24.0,23.92,23.92,10000
2018-09-19,24.2,24.2,24.2,24.2,24.2,1000
2018-09-20,24.19,24.19,24.19,24.19,24.19,1000
2018-09-21,24.46,24.46,24.46,24.43,24.43,90000
2018-09-25,24.52,24.52,24.52,24.51,24.51,11000
2018-09-26,24.68,24.68,24.68,24.68,24.68,1000
2018-09-27,24.66,24.66,24.66,24.66,24.66,1000
2018-09-28,24.75,24.75,24.75,24.72,24.72,11000
2018-10-01,24.41,24.41,24.52,24.41,24.52,3000
2018-10-02,24.39,24.39,24.39,24.2,24.2,108000
2018-10-03,24.46,24.46,24.46,24.46,24.46,3000
2018-10-04,24.34,24.34,24.44,24.34,24.44,3000
2018-10-05,24.27,24.27,24.27,24.27,24.27,1000
2018-10-08,24.1,24.1,24.11,24.1,24.1,5000
2018-10-09,23.85,23.85,23.85,23.67,23.67,6000
2018-10-11,22.77,22.77,23.04,22.7,23.04,26000
2018-10-12,23.18,23.18,23.18,23.15,23.15,56000
2018-10-15,22.9,22.9,22.9,22.82,22.82,4000
2018-10-16,23.1,23.1,23.1,23.1,23.1,2000
2018-10-17,23.44,23.44,23.44,23.43,23.43,4000
2018-10-19,23.07,23.07,23.18,23.03,23.03,5000
2018-10-22,22.92,22.92,22.92,22.92,22.92,2000
2018-10-23,22.7,22.7,22.85,22.7,22.84,20000
2018-10-24,22.62,22.62,22.63,22.5,22.5,128000
2018-10-25,22.42,22.42,22.52,22.41,22.52,239000
2018-10-26,22.47,22.47,22.55,22.47,22.53,8000
2018-10-29,22.53,22.53,22.53,22.48,22.48,29000
2018-10-30,22.71,22.71,22.71,22.7,22.7,11000
2018-10-31,22.83,22.83,22.83,22.83,22.83,5000
2018-11-02,23.12,23.12,23.12,23.12,23.12,3000
2018-11-05,22.94,22.94,23.08,22.94,23.07,4000
2018-11-06,23.21,23.21,23.21,23.21,23.21,1000
2018-11-07,23.32,23.32,23.32,23.32,23.32,1000
2018-11-08,23.37,23.37,23.37,23.37,23.37,5000
2018-11-09,23.36,23.36,23.36,23.36,23.36,2000
2018-11-12,23.23,23.23,23.23,23.23,23.23,2000
2018-11-13,23.0,23.0,23.02,23.0,23.02,5000
2018-11-15,23.09,23.09,23.09,23.02,23.02,6000
2018-11-16,23.1,23.1,23.11,23.1,23.11,2000
2018-11-19,22.79,22.79,22.79,22.79,22.79,2000
2018-11-20,22.69,22.69,22.69,22.68,22.68,4000
2018-11-21,22.5,22.5,22.5,22.5,22.5,2000
2018-11-22,22.77,22.77,22.77,22.77,22.77,1000
2018-11-23,22.58,22.58,22.58,22.53,22.53,7000
2018-11-26,22.68,22.68,22.68,22.68,22.68,2000
2018-11-27,22.8,22.8,22.8,22.8,22.8,1000
2018-11-28,22.75,22.75,22.75,22.75,22.75,1000
2018-11-29,22.81,22.81,22.9,22.81,22.83,32000
2018-12-03,23.17,23.17,23.17,23.15,23.15,6000
2018-12-04,23.1,23.1,23.14,23.1,23.14,10000
2018-12-06,22.37,22.37,22.44,22.37,22.44,3000
2018-12-07,22.25,22.25,22.27,22.25,22.26,4000
2018-12-10,21.75,21.75,21.82,21.71,21.81,10000
2018-12-11,21.86,21.86,21.87,21.86,21.87,2000
2018-12-12,22.06,22.06,22.06,22.06,22.06,1000
2018-12-13,22.36,22.36,22.36,22.36,22.36,2000
2018-12-14,22.28,22.28,22.29,22.28,22.29,6000
2018-12-17,22.25,22.25,22.25,22.22,22.22,3000
2018-12-18,22.04,22.04,22.04,22.04,22.04,2000
2018-12-19,21.88,21.88,21.88,21.88,21.88,1000
2018-12-20,21.58,21.58,21.76,21.57,21.76,59000
2018-12-21,21.53,21.53,21.53,21.53,21.53,1000
2018-12-24,21.64,21.64,21.64,21.64,21.64,4000
2018-12-25,21.52,21.52,21.52,21.52,21.52,1000
2018-12-26,21.4,21.4,21.4,21.4,21.4,6000
2018-12-27,21.45,21.45,21.45,21.4,21.4,15000
2019-01-02,21.27,21.27,21.36,21.27,21.36,7000
2019-01-03,21.46,21.46,21.54,21.46,21.54,13000
2019-01-04,21.2,21.2,21.23,21.2,21.23,2000
2019-01-07,21.86,21.86,22.05,21.86,22.05,16000
2019-01-08,21.84,21.84,21.93,21.84,21.93,10000
2019-01-09,22.1,22.1,22.1,21.97,21.97,9000
2019-01-10,21.9,21.9,22.0,21.85,22.0,11000
2019-01-11,22.16,22.16,22.16,22.16,22.16,1000
2019-01-14,21.96,21.96,21.97,21.96,21.97,7000
2019-01-15,22.16,22.16,22.16,22.06,22.06,9000
2019-01-16,22.06,22.06,22.1,22.05,22.1,9000
2019-01-17,22.07,22.07,22.07,22.07,22.07,4000
2019-01-18,22.06,22.06,22.06,22.06,22.06,22000
2019-01-21,22.47,22.47,22.47,22.43,22.43,7000
2019-01-22,22.35,22.35,22.77,22.35,22.77,109000
2019-01-23,22.25,22.25,22.34,22.25,22.3,25000
2019-01-24,22.32,22.32,22.32,22.32,22.32,1000
2019-01-25,22.48,22.48,22.48,22.46,22.47,322000
2019-01-28,22.48,22.48,22.48,22.48,22.48,2000
2019-01-29,22.46,22.46,22.46,22.46,22.46,1000
2019-01-30,22.57,22.57,22.6,22.57,22.6,2000
2019-02-11,22.6,22.6,22.6,22.6,22.6,2000
2019-02-12,22.74,22.74,22.78,22.74,22.78,5000
2019-02-13,22.9,22.9,22.97,22.9,22.93,32000
2019-02-14,22.9,22.9,22.9,22.9,22.9,41000
2019-02-15,22.8,22.8,22.88,22.8,22.88,7000
2019-02-18,23.14,23.14,23.15,23.0,23.0,85000
2019-02-19,23.14,23.14,23.2,23.14,23.2,7000
2019-02-20,23.2,23.2,23.2,23.2,23.2,46000
2019-02-21,23.3,23.3,23.3,23.3,23.3,54000
2019-02-22,23.34,23.34,23.34,23.34,23.34,1000
2019-02-25,23.4,23.4,23.4,23.4,23.4,2000
2019-02-27,23.56,23.56,23.56,23.56,23.56,5000
2019-03-04,23.85,23.85,23.94,23.83,23.94,18000
2019-03-05,23.8,23.8,23.8,23.79,23.8,63000
2019-03-06,23.77,23.77,23.77,23.75,23.75,5000
2019-03-07,23.85,23.85,23.87,23.83,23.85,103000
2019-03-08,23.76,23.76,23.76,23.75,23.76,501000
2019-03-11,23.69,23.69,23.73,23.65,23.68,79000
2019-03-12,23.9,23.9,23.9,23.9,23.9,2000
2019-03-13,23.66,23.66,23.66,23.63,23.65,64000
2019-03-14,23.84,23.84,23.93,23.84,23.86,14000
2019-03-15,23.98,23.98,23.98,23.96,23.96,24000
2019-03-18,24.3,24.3,24.3,24.28,24.28,7000
2019-03-19,24.36,24.36,24.37,24.3,24.3,6000
2019-03-20,24.33,24.33,24.38,24.33,24.38,4000
2019-03-21,24.3,24.3,24.31,24.3,24.31,8000
2019-03-22,24.32,24.32,24.33,24.3,24.3,4000
2019-03-25,23.7,23.7,23.7,23.61,23.61,6000
2019-03-26,23.73,23.73,23.85,23.73,23.85,2000
2019-03-27,23.92,23.92,23.92,23.82,23.82,10000
2019-03-29,23.98,23.98,23.98,23.98,23.98,1000
2019-04-01,24.22,24.22,24.22,24.19,24.19,4000
2019-04-02,24.34,24.34,24.34,24.26,24.26,23000
2019-04-03,24.53,24.53,24.55,24.53,24.55,2000
2019-04-08,24.55,24.55,24.55,24.49,24.5,28000
2019-04-09,24.67,24.67,24.67,24.59,24.59,7000
2019-04-10,24.46,24.46,24.46,24.4,24.4,11000
2019-04-11,24.57,24.57,24.57,24.57,24.57,5004
2019-04-12,24.63,24.63,24.65,24.58,24.58,3000
2019-04-15,24.75,24.75,24.75,24.71,24.71,10000
2019-04-16,24.82,24.82,24.82,24.72,24.8,11000
2019-04-17,24.88,24.88,24.9,24.79,24.9,19000
2019-04-18,24.95,24.95,24.95,24.84,24.84,8000
2019-04-19,25.02,25.02,25.03,25.02,25.02,7000
2019-04-22,25.01,25.01,25.01,25.0,25.01,56000
2019-04-23,25.02,25.02,25.03,25.02,25.02,70000
2019-04-24,25.05,25.05,25.05,25.05,25.05,1000
2019-04-25,25.01,25.01,25.01,25.01,25.01,7000
2019-04-26,24.97,24.97,24.98,24.89,24.93,55000
2019-04-29,25.15,25.15,25.15,25.15,25.15,4000
2019-04-30,25.14,25.14,25.14,25.14,25.14,3000
2019-05-02,25.19,25.19,25.19,25.17,25.17,3000
2019-05-03,25.15,25.15,25.15,25.15,25.15,37000
2019-05-06,24.79,24.79,24.83,24.76,24.83,10000
2019-05-07,24.98,24.98,24.98,24.98,24.98,1000
2019-05-08,24.58,24.58,24.6,24.58,24.6,2000
2019-05-09,24.52,24.52,24.63,24.52,24.63,9000
2019-05-10,24.53,24.53,24.6,24.53,24.59,13000
2019-05-13,24.43,24.43,24.43,24.43,24.43,1000
2019-05-14,24.21,24.21,24.24,24.21,24.22,6000
2019-05-15,24.37,24.37,24.41,24.28,24.28,4000
2019-05-16,24.37,24.37,24.37,24.35,24.37,9000
2019-05-17,24.77,24.77,24.93,24.77,24.93,5000
2019-05-20,24.79,24.79,24.79,24.79,24.79,3000
2019-05-21,24.62,24.62,24.64,24.62,24.64,9000
2019-05-22,24.7,24.7,24.73,24.69,24.69,157000
2019-05-23,24.58,24.58,24.58,24.57,24.57,2000
2019-05-24,24.42,24.42,24.42,24.42,24.42,1000
2019-05-27,24.54,24.54,24.62,24.54,24.62,3000
2019-05-28,24.65,24.65,24.65,24.65,24.65,4000
2019-05-29,24.36,24.36,24.37,24.35,24.37,4000
2019-05-30,24.2,24.2,24.22,24.2,24.22,76000
2019-05-31,24.08,24.08,24.08,24.07,24.07,5000
2019-06-03,23.8,23.8,23.94,23.8,23.94,4000
2019-06-04,24.02,24.02,24.02,24.02,24.02,3130
2019-06-05,24.43,24.43,24.43,24.43,24.43,31000
2019-06-06,24.52,24.52,24.56,24.52,24.56,6000
2019-06-10,24.8,24.8,24.8,24.8,24.8,1000
2019-06-11,24.8,24.8,24.8,24.8,24.8,1044
2019-06-12,24.89,24.89,24.92,24.89,24.89,311000
2019-06-13,24.86,24.86,24.89,24.86,24.89,2000
2019-06-14,24.86,24.86,24.86,24.86,24.86,1000
2019-06-17,24.93,24.93,24.93,24.86,24.86,4000
2019-06-18,24.86,24.86,24.86,24.86,24.86,2000
2019-06-19,25.3,25.3,25.45,25.28,25.28,33000
2019-06-20,25.4,25.4,25.4,25.4,25.4,1000
2019-06-21,25.41,25.41,25.41,25.4,25.4,4000
2019-06-24,25.41,25.41,25.41,25.34,25.34,17000
2019-06-25,25.4,25.4,25.4,25.4,25.4,2000
2019-06-26,25.27,25.27,25.27,25.27,25.27,2000
2019-06-27,25.32,25.32,25.39,25.28,25.28,29000
2019-06-28,25.32,25.32,25.32,25.32,25.32,1000
2019-07-01,25.62,25.62,25.62,25.55,25.55,27000
2019-07-02,25.6,25.6,25.65,25.6,25.65,4000
2019-07-03,25.62,25.62,25.63,25.62,25.63,5000
2019-07-04,25.87,25.87,25.91,25.87,25.88,15000
2019-07-05,25.84,25.84,25.87,25.84,25.87,3000
2019-07-08,25.7,25.7,25.8,25.7,25.8,13000
2019-07-09,25.63,25.63,25.7,25.63,25.63,6000
2019-07-10,25.64,25.64,25.68,25.64,25.68,2000
2019-07-11,25.65,25.65,25.65,25.57,25.57,51000
2019-07-12,25.61,25.61,25.67,25.57,25.57,10312
2019-07-15,25.56,25.56,25.6,25.5,25.6,32000
2019-07-16,25.59,25.59,25.63,25.59,25.63,3000
2019-07-17,25.64,25.64,25.66,25.64,25.66,5000
2019-07-19,25.58,25.58,25.58,25.58,25.58,2000
2019-07-22,25.38,25.38,25.38,25.38,25.38,1000
2019-07-23,25.62,25.62,25.63,25.6,25.6,22000
2019-07-24,25.85,25.85,25.85,25.76,25.76,15000
2019-07-25,25.88,25.88,25.88,25.88,25.88,11000
2019-07-26,25.62,25.62,25.62,25.58,25.58,8000
2019-07-29,25.7,25.7,25.7,25.64,25.64,6000
2019-07-30,25.82,25.82,25.85,25.7,25.7,4000
2019-07-31,25.38,25.38,25.38,25.38,25.38,11000
2019-08-01,25.23,25.23,25.23,25.23,25.23,10000
2019-08-02,25.15,25.15,25.15,25.14,25.14,4000
2019-08-05,24.44,24.44,24.6,24.43,24.6,8000
2019-08-06,24.0,24.0,24.01,24.0,24.01,5116
2019-08-07,24.12,24.12,24.19,24.12,24.19,3000
2019-08-08,24.56,24.56,24.57,24.56,24.57,2000
2019-08-12,24.57,24.57,24.57,24.55,24.55,2000
2019-08-13,24.3,24.3,24.38,24.3,24.38,5000
2019-08-14,24.54,24.54,24.54,24.54,24.54,1000
2019-08-15,24.12,24.12,24.12,24.12,24.12,3000
2019-08-16,24.19,24.19,24.2,24.17,24.17,13000
2019-08-19,24.47,24.47,24.47,24.47,24.47,1000
2019-08-20,24.7,24.7,24.7,24.7,24.7,4000
2019-08-21,24.59,24.59,24.59,24.59,24.59,4000
2019-08-22,24.78,24.78,24.92,24.78,24.92,13000
2019-08-23,24.95,24.95,24.95,24.89,24.89,56020
2019-08-26,24.08,24.08,24.19,24.07,24.19,81000
2019-08-27,24.64,24.64,24.64,24.64,24.64,2000
2019-08-28,24.71,24.71,24.71,24.65,24.65,3000
2019-08-29,24.58,24.58,24.58,24.56,24.56,3000
2019-08-30,24.98,24.98,25.05,24.97,24.97,43000
2019-09-02,25.03,25.03,25.1,25.03,25.06,5020
2019-09-03,25.15,25.15,25.15,25.1,25.1,4050
2019-09-04,25.17,25.17,25.17,25.15,25.15,14000
2019-09-05,25.45,25.45,25.54,25.35,25.35,21060
2019-09-06,25.49,25.49,25.51,25.49,25.49,3066
2019-09-09,25.58,25.58,25.58,25.58,25.58,3050
2019-09-10,25.51,25.51,25.51,25.51,25.51,6000
2019-09-11,25.63,25.63,25.63,25.54,25.54,35116
2019-09-12,25.84,25.84,25.85,25.81,25.85,8001
2019-09-16,25.75,25.75,25.85,25.62,25.85,17000
2019-09-17,25.75,25.75,25.75,25.75,25.75,2000
2019-09-18,25.7,25.7,25.7,25.7,25.7,3000
2019-09-19,25.85,25.85,25.85,25.85,25.85,1000
2019-09-20,25.87,25.87,25.87,25.87,25.87,6000
2019-09-23,26.0,26.0,26.0,25.95,25.97,10000
2019-09-24,25.85,25.85,26.0,25.85,26.0,10000
2019-09-25,25.74,25.74,25.75,25.74,25.75,3000
2019-09-26,25.7,25.7,25.7,25.7,25.7,1000
2019-09-27,25.75,25.75,25.8,25.75,25.8,3000
2019-10-01,26.2,26.2,26.2,26.08,26.09,8190
2019-10-02,25.65,25.65,25.65,25.48,25.48,5000
2019-10-03,24.87,24.87,24.88,24.85,24.85,6000
2019-10-04,25.06,25.06,25.06,25.06,25.06,1000
2019-10-07,25.09,25.09,25.23,25.09,25.22,14000
2019-10-08,25.42,25.42,25.45,25.42,25.45,3000
2019-10-14,26.08,26.08,26.08,25.88,25.9,11214
2019-10-15,25.95,25.95,26.05,25.95,26.05,6001
2019-10-16,26.3,26.3,26.3,26.3,26.3,2000
2019-10-17,26.25,26.25,26.25,26.25,26.25,3000
2019-10-18,26.2,26.2,26.2,26.2,26.2,3000
2019-10-21,26.3,26.3,26.3,26.19,26.19,9000
2019-10-22,26.32,26.32,26.37,26.32,26.37,5000
2019-10-23,25.57,25.57,25.65,25.57,25.57,3000
2019-10-24,25.54,25.54,25.65,25.54,25.65,6000
2019-10-25,25.61,25.61,25.61,25.61,25.61,1000
2019-10-28,25.79,25.79,25.79,25.71,25.71,4000
2019-10-29,25.74,25.74,25.75,25.74,25.75,5000
2019-10-30,25.73,25.73,25.73,25.73,25.73,2000
2019-10-31,25.82,25.82,25.82,25.82,25.82,1080
2019-11-04,25.86,25.86,25.97,25.84,25.97,14030
2019-11-05,26.1,26.1,26.1,26.0,26.0,3019
2019-11-06,26.02,26.02,26.16,26.01,26.16,4000
2019-11-07,26.22,26.22,26.24,26.1,26.1,8000
2019-11-08,26.24,26.24,26.24,26.24,26.24,1000
2019-11-12,26.16,26.16,26.16,26.13,26.13,7114
2019-11-13,26.14,26.14,26.21,26.14,26.21,4000
2019-11-21,25.93,25.93,25.93,25.93,25.93,6000
2019-11-22,26.15,26.15,26.16,26.06,26.06,12000
2019-11-25,26.23,26.23,26.23,26.23,26.23,6000
2019-11-26,26.23,26.23,26.32,26.23,26.32,10000
2019-11-27,26.32,26.32,26.32,26.23,26.23,5000
2019-11-28,26.29,26.29,26.29,26.29,26.29,1000
2019-11-29,26.23,26.23,26.24,26.21,26.21,5000
2019-12-02,26.27,26.27,26.33,26.24,26.24,8000
2019-12-03,25.8,25.8,25.8,25.69,25.73,47000
2019-12-04,25.77,25.77,25.77,25.77,25.77,1000
2019-12-05,26.0,26.0,26.0,26.0,26.0,1000
2019-12-06,25.98,25.98,25.99,25.98,25.99,12000
2019-12-09,26.09,26.09,26.09,26.08,26.09,8000
2019-12-10,26.08,26.08,26.08,26.08,26.08,2000
2019-12-11,26.02,26.02,26.02,26.02,26.02,1000
2019-12-12,26.1,26.1,26.1,26.1,26.1,1000
2019-12-13,26.5,26.5,26.55,26.5,26.55,7000
2019-12-16,26.6,26.6,26.6,26.51,26.51,26020
2019-12-17,26.75,26.75,26.75,26.75,26.75,3060
2019-12-18,26.57,26.57,26.57,26.57,26.57,4024
2019-12-19,26.46,26.46,26.46,26.46,26.46,4000
2019-12-23,26.8,26.8,26.82,26.8,26.82,4000
2019-12-24,26.77,26.77,26.78,26.77,26.78,2012
2019-12-26,26.7,26.7,26.75,26.7,26.75,11000
2019-12-27,26.68,26.68,26.78,26.68,26.78,206000
2019-12-30,26.69,26.69,26.7,26.64,26.68,14000
2019-12-31,26.42,26.42,26.59,26.42,26.59,5000
2020-01-02,26.57,26.57,26.57,26.57,26.57,1363
2020-01-03,26.69,26.69,26.85,26.69,26.85,6093
2020-01-06,26.54,26.54,26.59,26.52,26.59,4000
2020-01-07,26.56,26.56,26.74,26.54,26.54,6000
2020-01-08,26.26,26.26,26.26,26.15,26.15,2100
2020-01-09,26.78,26.78,26.78,26.77,26.77,3000
2020-01-10,26.87,26.87,26.93,26.84,26.86,6100
2020-01-13,26.73,26.73,26.79,26.68,26.79,6100
2020-01-14,26.87,26.87,26.87,26.73,26.73,4000
2020-01-15,26.67,26.67,26.74,26.67,26.74,2050
2020-01-16,26.72,26.72,26.72,26.61,26.71,5000
2020-01-17,26.8,26.8,26.83,26.8,26.83,4100
2020-01-20,26.92,26.92,26.98,26.92,26.92,53150
2020-01-30,26.33,26.33,26.4,26.33,26.4,46000
2020-01-31,26.27,26.27,26.33,26.27,26.33,5000
2020-02-03,25.84,25.84,25.84,25.75,25.81,9000
2020-02-04,26.06,26.06,26.07,26.04,26.07,4000
2020-02-05,26.31,26.31,26.31,26.25,26.25,8020
2020-02-06,26.89,26.89,26.89,26.73,26.73,6000
2020-02-07,26.9,26.9,26.91,26.89,26.89,10000
2020-02-10,26.89,26.89,26.89,26.81,26.81,3020
2020-02-11,26.96,26.96,27.02,26.96,26.96,11000
2020-02-13,27.16,27.16,27.26,27.16,27.25,24000
2020-02-14,27.25,27.25,27.25,27.16,27.16,10000
2020-02-17,27.22,27.22,27.23,27.14,27.2,7000
2020-02-18,26.99,26.99,27.12,26.99,27.12,5000
2020-02-19,27.15,27.15,27.3,27.15,27.3,2000
2020-02-20,27.13,27.13,27.13,27.13,27.13,1000
2020-02-21,26.95,26.95,27.0,26.95,27.0,5000
2020-02-24,26.33,26.33,26.35,26.33,26.35,10000
2020-02-25,25.97,25.97,25.97,25.95,25.95,5000
2020-02-26,25.1,25.1,25.2,24.98,25.0,20000
2020-02-27,24.67,24.67,24.89,24.67,24.89,67000
2020-03-02,23.84,23.84,23.96,23.56,23.56,30020
2020-03-03,23.91,23.91,24.2,23.89,24.2,222000
2020-03-04,24.04,24.04,24.04,23.87,23.87,11000
2020-03-05,24.51,24.51,24.51,24.45,24.46,31000
2020-03-06,23.4,23.4,23.61,23.4,23.61,207000
2020-03-09,21.9,21.9,22.55,21.9,22.55,75000
2020-03-10,21.9,21.9,21.9,21.64,21.8,50000
2020-03-11,21.18,21.18,21.65,21.18,21.57,152000
2020-03-12,20.0,20.0,20.8,19.5,20.8,90000
2020-03-13,18.77,18.77,18.9,17.75,18.38,286000
2020-03-16,18.14,18.14,18.49,18.12,18.49,114000
2020-03-17,18.17,18.17,18.55,17.63,18.0,87000
2020-03-18,17.81,17.81,18.1,17.75,17.89,72000
2020-03-19,16.5,16.5,17.63,16.37,17.63,53000
2020-03-20,17.9,17.9,18.05,17.44,17.44,41000
2020-03-23,17.21,17.21,17.39,17.06,17.39,19000
2020-03-24,18.48,18.48,18.52,18.26,18.31,60000
2020-03-25,19.26,19.26,19.39,19.1,19.1,66000
2020-03-26,19.74,19.74,20.05,19.7,20.05,115000
2020-03-27,20.11,20.11,20.17,19.77,19.77,87000
2020-03-30,19.73,19.73,19.73,19.21,19.41,35000
2020-03-31,19.95,19.95,20.08,19.95,20.04,33000
2020-04-01,19.45,19.45,19.65,19.45,19.65,108000
2020-04-07,19.98,19.98,20.15,19.88,20.15,136000
2020-04-08,20.19,20.19,20.22,19.9,19.9,290020
2020-04-09,20.22,20.22,20.3,20.19,20.3,52000
2020-04-10,20.38,20.38,20.48,20.3,20.48,26000
2020-04-13,20.42,20.42,20.5,20.41,20.5,40000
2020-04-14,20.68,20.68,20.72,20.5,20.5,183000
2020-04-15,20.6,20.6,20.67,20.56,20.63,83000
2020-04-16,19.88,19.88,19.88,19.72,19.77,169000
2020-04-17,20.55,20.55,20.55,20.46,20.47,257000
2020-04-20,20.58,20.58,20.6,20.5,20.59,145000
2020-04-21,20.1,20.1,20.37,20.1,20.37,244000
2020-04-22,19.83,19.83,19.93,19.82,19.93,34000
2020-04-23,20.08,20.08,20.12,20.0,20.03,104000
2020-04-24,19.68,19.68,19.75,19.68,19.73,89000
2020-04-27,20.27,20.27,20.29,20.06,20.07,177000
2020-04-28,20.3,20.3,20.32,20.26,20.32,143000
2020-04-29,20.76,20.76,20.76,20.55,20.55,94000
2020-05-04,20.07,20.07,20.07,19.96,20.0,277000
2020-05-05,20.28,20.28,20.3,20.23,20.24,46000
2020-05-06,20.3,20.3,20.3,20.2,20.2,23000
2020-05-07,20.33,20.33,20.39,20.21,20.23,38000
2020-05-08,20.71,20.71,20.72,20.6,20.62,29000
2020-05-11,20.85,20.85,20.89,20.8,20.83,216000
2020-05-12,20.52,20.52,20.52,20.4,20.46,48000
2020-05-13,20.23,20.23,20.28,20.09,20.17,34000
2020-05-14,19.88,19.88,19.92,19.84,19.9,138000
2020-05-15,19.9,19.9,19.92,19.77,19.88,69000
2020-05-18,20.03,20.03,20.11,19.99,19.99,62000
2020-05-19,20.77,20.77,20.81,20.68,20.75,149000
2020-05-20,20.65,20.65,20.65,20.56,20.6,19000
2020-05-21,20.81,20.81,20.87,20.73,20.85,73000
2020-05-22,20.49,20.49,20.8,20.49,20.8,117000
2020-05-25,20.86,20.86,20.93,20.8,20.9,76000
2020-05-26,21.37,21.37,21.4,21.16,21.16,78000
2020-05-27,21.48,21.48,21.48,21.3,21.38,149000
2020-05-28,21.96,21.96,22.01,21.82,21.91,112010
2020-05-29,21.88,21.88,21.88,21.74,21.76,82500
2020-06-01,22.05,22.05,22.1,22.04,22.04,39000
2020-06-02,22.2,22.2,22.23,22.16,22.23,126000
2020-06-03,22.73,22.73,22.76,22.67,22.67,57000
2020-06-04,23.31,23.31,23.31,23.13,23.31,101000
2020-06-05,23.5,23.5,23.5,23.27,23.3,33000
2020-06-08,24.08,24.08,24.15,24.07,24.08,114000
2020-06-09,24.15,24.15,24.24,24.1,24.24,121000
2020-06-10,23.93,23.93,23.98,23.85,23.89,65100
2020-06-11,23.15,23.15,23.52,23.13,23.46,149000
2020-06-12,22.41,22.41,22.47,22.17,22.27,97000
2020-06-15,22.22,22.22,22.47,22.14,22.41,199000
2020-06-16,23.1,23.1,23.15,22.96,22.97,56000
2020-06-17,23.16,23.16,23.27,23.09,23.2,40000
2020-06-18,23.25,23.25,23.25,23.0,23.18,18000
2020-06-19,23.24,23.24,23.24,23.07,23.2,21000
2020-06-22,23.1,23.1,23.13,23.1,23.13,25000
2020-06-23,23.34,23.34,23.37,23.02,23.36,82000
2020-06-24,23.47,23.47,23.54,23.45,23.51,48000
2020-06-29,22.85,22.85,22.97,22.78,22.9,56000
2020-06-30,23.16,23.16,23.16,23.05,23.07,58000
2020-07-01,23.11,23.11,23.15,23.11,23.15,17000
2020-07-02,23.24,23.24,23.25,23.02,23.06,28000
2020-07-03,23.64,23.64,23.67,23.6,23.63,61000
2020-07-06,23.93,23.93,23.95,23.73,23.73,80000
2020-07-07,23.85,23.85,24.09,23.78,24.09,40000
2020-07-08,23.6,23.6,23.73,23.59,23.73,18000
2020-07-09,23.71,23.71,23.76,23.61,23.66,45000
2020-07-10,23.25,23.25,23.45,23.25,23.45,85000
2020-07-13,23.82,23.82,23.83,23.7,23.7,60000
2020-07-14,23.55,23.55,23.63,23.5,23.63,42000
2020-07-15,23.94,23.94,24.0,23.87,24.0,39688
2020-07-16,23.96,23.96,24.1,23.93,24.1,107000
2020-07-17,24.02,24.02,24.11,24.01,24.11,110751
2020-07-20,23.94,23.94,23.96,23.91,23.92,7000
2020-07-21,24.37,24.37,24.37,24.23,24.24,58082
2020-07-22,24.25,24.25,24.3,24.23,24.27,50000
2020-07-23,24.13,24.13,24.2,24.11,24.18,9000
2020-07-24,23.89,23.89,24.06,23.86,24.06,72000
2020-07-27,23.76,23.76,23.83,23.73,23.77,26000
2020-07-28,23.7,23.7,23.89,23.69,23.89,24290
2020-07-29,23.57,23.57,23.62,23.57,23.59,18059
2020-07-30,23.73,23.73,23.77,23.72,23.76,8100
2020-07-31,23.08,23.08,23.27,23.05,23.15,124049
2020-08-03,22.98,22.98,23.05,22.96,23.02,128000
2020-08-04,23.41,23.41,23.53,23.4,23.52,77000
2020-08-05,23.39,23.39,23.41,23.37,23.41,64000
2020-08-06,23.41,23.41,23.49,23.4,23.48,68000
2020-08-07,23.32,23.32,23.39,23.28,23.35,19534
2020-08-10,23.54,23.54,23.55,23.48,23.48,69033
2020-08-11,23.66,23.66,23.66,23.62,23.62,7000
2020-08-12,23.73,23.73,23.76,23.69,23.69,49000
2020-08-13,24.16,24.16,24.16,24.03,24.05,91000
2020-08-14,23.95,23.95,24.0,23.95,24.0,26500
2020-08-17,23.78,23.78,23.78,23.63,23.63,25000
2020-08-18,23.69,23.69,23.79,23.69,23.78,23034
2020-08-19,23.65,23.65,23.7,23.57,23.57,6000
2020-08-20,23.5,23.5,23.65,23.46,23.65,20000
2020-08-21,23.68,23.68,23.68,23.61,23.63,9000
2020-08-24,23.47,23.47,23.53,23.41,23.51,29000
2020-08-25,23.97,23.97,24.04,23.97,24.03,24000
2020-08-26,23.91,23.91,23.97,23.88,23.97,14000
2020-08-27,24.01,24.01,24.07,24.0,24.06,16170
2020-08-28,24.03,24.03,24.03,23.84,23.88,16000
2020-08-31,23.97,23.97,24.09,23.97,24.09,17000
2020-09-01,23.67,23.67,23.67,23.57,23.58,22000
2020-09-02,23.65,23.65,23.68,23.62,23.65,6000
2020-09-03,24.07,24.07,24.14,24.04,24.04,47000
2020-09-04,23.6,23.6,23.68,23.6,23.66,17000
2020-09-07,23.61,23.61,23.69,23.58,23.66,11000
2020-09-08,23.76,23.76,23.86,23.76,23.86,24411
2020-09-09,23.44,23.44,23.46,23.28,23.29,26000
2020-09-10,23.93,23.93,23.93,23.85,23.85,24000
2020-09-11,23.77,23.77,23.77,23.75,23.75,2411
2020-09-14,23.9,23.9,23.9,23.85,23.9,46000
2020-09-15,23.75,23.75,23.82,23.68,23.78,82000
2020-09-16,23.91,23.91,23.97,23.87,23.87,50000
2020-09-17,23.64,23.64,23.91,23.64,23.91,50089
2020-09-18,23.76,23.76,23.81,23.69,23.69,42000
2020-09-21,23.43,23.43,23.57,23.43,23.57,62000
2020-09-22,22.81,22.81,22.89,22.77,22.88,31000
2020-09-23,22.83,22.83,22.83,22.73,22.83,38084
2020-09-24,22.43,22.43,22.6,22.43,22.54,224000
2020-09-25,22.63,22.63,22.75,22.63,22.65,6000
2020-09-28,22.7,22.7,22.74,22.6,22.62,17000
2020-09-29,23.02,23.02,23.02,22.96,22.98,21432
2020-09-30,22.82,22.82,22.83,22.82,22.83,2002
2020-10-05,22.96,22.96,22.96,22.92,22.96,9000
2020-10-06,23.08,23.08,23.09,23.04,23.05,10000
2020-10-07,22.95,22.95,22.95,22.81,22.81,4224
2020-10-08,23.19,23.19,23.25,23.19,23.2,13000
2020-10-12,23.53,23.53,23.53,23.34,23.34,31100
2020-10-13,23.59,23.59,23.59,23.55,23.55,16000
2020-10-14,23.42,23.42,23.47,23.41,23.46,24100
2020-10-15,23.26,23.26,23.29,23.23,23.24,40100
2020-10-16,22.93,22.93,23.06,22.93,23.02,28000
2020-10-19,23.29,23.29,23.33,23.22,23.24,16008
2020-10-20,22.99,22.99,23.06,22.99,23.03,20086
2020-10-21,23.16,23.16,23.18,23.16,23.17,5358
2020-10-22,22.6,22.6,22.67,22.6,22.67,44000
2020-10-23,22.81,22.81,22.81,22.69,22.7,8000
2020-10-26,22.65,22.65,22.78,22.65,22.78,61000
2020-10-27,22.28,22.28,22.28,22.2,22.28,56645
2020-10-28,21.49,21.49,21.66,21.42,21.66,138000
2020-10-29,21.1,21.1,21.1,20.99,21.04,143000
2020-10-30,20.6,20.6,20.96,20.6,20.94,528000
2020-11-02,20.69,20.69,20.92,20.69,20.8,343000
2020-11-03,21.31,21.31,21.38,21.22,21.22,75000
2020-11-04,21.79,21.79,21.86,21.49,21.61,89000
2020-11-05,22.03,22.03,22.05,21.94,21.97,96000
2020-11-06,22.28,22.28,22.37,22.21,22.21,44550
2020-11-09,22.81,22.81,22.81,22.7,22.72,101873
2020-11-10,23.41,23.41,23.79,23.34,23.51,353234
2020-11-11,24.02,24.02,24.02,23.83,23.85,93200
2020-11-12,23.89,23.89,24.05,23.89,24.0,60500
2020-11-13,23.67,23.67,23.68,23.55,23.58,39042
2020-11-16,23.95,23.95,24.1,23.93,24.1,309500
2020-11-17,23.85,23.85,23.95,23.85,23.95,29595
2020-11-18,24.3,24.3,24.42,23.88,23.89,175172
2020-11-19,24.2,24.2,24.29,24.04,24.04,68030
2020-11-20,24.24,24.24,24.24,24.17,24.17,15171
2020-11-23,24.31,24.31,24.32,24.29,24.32,33360
2020-11-24,24.4,24.4,24.42,24.38,24.41,51000
2020-11-25,24.56,24.56,24.67,24.54,24.59,66100
2020-11-26,24.6,24.6,24.66,24.6,24.66,10000
2020-11-27,24.62,24.62,24.63,24.5,24.59,81245
2020-11-30,24.57,24.57,24.75,24.54,24.75,7021
2020-12-01,24.7,24.7,24.74,24.65,24.66,10000
2020-12-02,24.67,24.67,24.7,24.56,24.7,68008
2020-12-04,24.7,24.7,24.7,24.61,24.64,17000
2020-12-07,24.75,24.75,24.81,24.73,24.73,20000
2020-12-08,24.85,24.85,24.86,24.8,24.8,13100
2020-12-09,25.0,25.0,25.01,24.94,24.98,21489
2020-12-10,24.9,24.9,24.97,24.9,24.97,12189
2020-12-11,24.78,24.78,24.9,24.78,24.89,26000
2020-12-14,24.63,24.63,24.78,24.63,24.78,97000
2020-12-15,24.57,24.57,24.62,24.54,24.62,75000
2020-12-16,24.86,24.86,24.9,24.78,24.83,9000
2020-12-17,25.03,25.03,25.03,24.95,24.97,35397
2020-12-18,24.95,24.95,25.08,24.95,25.08,16230
2020-12-21,24.64,24.64,24.64,24.55,24.6,55673
2020-12-22,24.4,24.4,24.46,24.33,24.4,228000
2020-12-23,24.58,24.58,24.58,24.55,24.55,3202
2020-12-24,25.0,25.0,25.05,24.86,24.9,57000
2020-12-25,25.2,25.2,25.2,25.07,25.07,173921
2020-12-28,25.05,25.05,25.1,25.0,25.1,10002
2020-12-29,25.35,25.35,25.35,25.2,25.2,132061
2020-12-30,25.47,25.47,25.47,25.14,25.16,315000
2020-12-31,25.73,25.73,25.73,25.36,25.43,305272
2021-01-04,25.5,25.5,25.96,25.5,25.75,430109
2021-01-05,25.62,25.62,25.94,25.42,25.5,215100
2021-01-06,25.5,25.5,25.85,25.5,25.77,42040
2021-01-07,25.79,25.79,25.79,25.66,25.78,47221
2021-01-08,25.88,25.88,25.88,25.79,25.79,17680
2021-01-11,25.85,25.85,25.96,25.84,25.96,59098
2021-01-12,25.9,25.9,25.9,25.8,25.81,276000
2021-01-13,25.8,25.8,25.82,25.75,25.76,39000
2021-01-14,25.8,25.8,25.86,25.8,25.8,23139
2021-01-15,25.75,25.75,25.83,25.75,25.83,14350
2021-01-18,25.52,25.52,25.56,25.47,25.56,20000
2021-01-19,25.7,25.7,25.7,25.65,25.65,5100
2021-01-20,25.56,25.56,25.62,25.55,25.62,7425
2021-01-21,25.76,25.76,25.84,25.76,25.76,6325
2021-01-22,25.67,25.67,25.75,25.65,25.75,7190
2021-01-25,25.61,25.61,25.61,25.58,25.58,21298
2021-01-26,25.17,25.17,25.31,25.17,25.31,29210
2021-01-27,25.43,25.43,25.47,25.42,25.47,20100
2021-01-28,25.0,25.0,25.04,24.93,25.0,45135
2021-01-29,25.0,25.0,25.13,25.0,25.12,15236
2021-02-01,24.8,24.8,24.8,24.68,24.74,10086
2021-02-02,25.23,25.23,25.25,25.14,25.23,10550
2021-02-03,25.6,25.6,25.6,25.56,25.56,5174
2021-02-04,25.55,25.55,25.63,25.55,25.63,8000
2021-02-05,25.81,25.81,25.85,25.79,25.79,51001
2021-02-17,26.29,26.29,26.35,26.19,26.19,30569
2021-02-18,26.34,26.34,26.38,26.25,26.38,31578
2021-02-19,26.09,26.09,26.12,26.08,26.08,6000
2021-02-22,26.2,26.2,26.42,26.2,26.35,45000
2021-02-23,26.26,26.26,26.29,26.26,26.29,12212
2021-02-24,26.04,26.04,26.25,26.04,26.25,7038
2021-02-25,26.29,26.29,26.33,26.26,26.31,128000
2021-02-26,25.74,25.74,25.87,25.74,25.81,15000
2021-03-02,26.05,26.05,26.15,26.05,26.15,11608
2021-03-03,26.15,26.15,26.15,26.04,26.04,19637
2021-03-04,26.04,26.04,26.05,26.01,26.02,41058
2021-03-05,25.93,25.93,25.93,25.83,25.83,3000
2021-03-08,26.04,26.04,26.28,26.04,26.27,14104
2021-03-09,26.53,26.53,26.58,26.44,26.49,19113
2021-03-10,26.69,26.69,26.81,26.67,26.67,23255
2021-03-11,27.13,27.13,27.13,26.94,26.94,127000
2021-03-12,27.22,27.22,27.22,27.18,27.18,9005
2021-03-15,27.2,27.2,27.33,27.2,27.32,53182
2021-03-16,27.23,27.23,27.25,27.23,27.25,7000
2021-03-17,27.31,27.31,27.36,27.23,27.23,202632
2021-03-18,27.48,27.48,27.59,27.37,27.37,18000
2021-03-19,27.44,27.44,27.44,27.33,27.35,308060
2021-03-22,27.26,27.26,27.32,27.26,27.32,36250
2021-03-23,27.12,27.12,27.28,27.12,27.28,11628
2021-03-24,27.09,27.09,27.14,27.07,27.12,12479
2021-03-26,27.41,27.41,27.46,27.36,27.36,17000
2021-03-29,27.54,27.54,27.57,27.53,27.53,13011
2021-03-30,27.75,27.75,27.75,27.73,27.74,11000
2021-03-31,27.91,27.91,27.91,27.85,27.89,45002
2021-04-01,27.9,27.9,27.9,27.89,27.89,2030
2021-04-06,28.36,28.36,28.38,28.29,28.33,229817
2021-04-07,28.28,28.28,28.39,28.27,28.39,129687
2021-04-08,28.47,28.47,28.47,28.34,28.34,77215
2021-04-09,28.5,28.5,28.53,28.43,28.53,26000
2021-04-12,28.47,28.47,28.47,28.39,28.39,4130
2021-04-13,28.45,28.45,28.45,28.45,28.45,3105
2021-04-14,28.46,28.46,28.46,28.44,28.44,5224
2021-04-15,28.34,28.34,28.35,28.34,28.35,6277
2021-04-16,28.52,28.52,28.6,28.5,28.55,32421
2021-04-19,28.82,28.82,28.85,28.8,28.82,61719
2021-04-20,28.7,28.7,28.79,28.68,28.69,33000
2021-04-21,28.19,28.19,28.2,28.14,28.18,64000
2021-04-22,28.4,28.4,28.5,28.38,28.47,236000
2021-04-23,28.43,28.43,28.48,28.43,28.44,32162
2021-04-26,28.55,28.55,28.64,28.51,28.57,27100
2021-04-27,28.58,28.58,28.6,28.5,28.57,12053
2021-04-28,28.58,28.58,28.58,28.54,28.54,3066
2021-04-29,28.63,28.63,28.64,28.62,28.64,22000
2021-05-03,28.34,28.34,28.34,28.3,28.32,18078
2021-05-04,28.27,28.27,28.39,28.23,28.39,530000
2021-05-05,28.04,28.04,28.04,27.89,27.9,16105
2021-05-06,28.38,28.38,28.42,28.36,28.42,34000
2021-05-07,28.47,28.47,28.49,28.47,28.49,12601
2021-05-10,28.71,28.71,28.85,28.71,28.79,26437
2021-05-11,28.37,28.37,28.37,28.29,28.33,18375
2021-05-12,27.9,27.9,27.96,27.85,27.96,26000
2021-05-13,27.86,27.86,27.95,27.86,27.91,28792
2021-05-14,28.32,28.32,28.32,28.19,28.25,25000
2021-05-17,28.67,28.67,28.77,28.65,28.72,51000
2021-05-18,28.75,28.75,28.77,28.74,28.77,5404
2021-05-19,28.35,28.35,28.38,28.35,28.38,3000
2021-05-20,28.25,28.25,28.25,28.2,28.2,3300
2021-05-21,28.53,28.53,28.6,28.53,28.6,4000
2021-05-24,28.74,28.74,28.74,28.54,28.54,15942
2021-05-25,28.84,28.84,28.93,28.84,28.93,3323
2021-05-26,28.87,28.87,28.99,28.87,28.87,9043
2021-05-27,28.75,28.75,28.85,28.72,28.85,17419
2021-05-28,28.96,28.96,28.97,28.94,28.95,25020
2021-05-31,29.01,29.01,29.02,28.98,28.98,31482
2021-06-01,28.92,28.92,28.92,28.86,28.86,9303
2021-06-02,29.17,29.17,29.17,29.13,29.15,19100
2021-06-03,29.31,29.31,29.31,29.27,29.27,113000
2021-06-04,29.26,29.26,29.26,29.1,29.16,138815
2021-06-07,29.31,29.31,29.33,29.17,29.27,119009
2021-06-08,29.43,29.43,29.46,29.4,29.46,26424
2021-06-09,29.42,29.42,29.42,29.42,29.42,2021
2021-06-10,29.43,29.43,29.43,29.38,29.38,12100
2021-06-11,29.35,29.35,29.46,29.35,29.46,31117
2021-06-15,29.66,29.66,29.77,29.65,29.65,44206
2021-06-16,29.68,29.68,29.78,29.62,29.78,136000
2021-06-17,29.61,29.61,29.62,29.39,29.39,77123
2021-06-18,29.64,29.64,29.81,29.64,29.68,24031
2021-06-21,28.94,28.94,28.99,28.85,28.99,25188
2021-06-22,29.46,29.46,29.52,29.46,29.52,4134
2021-06-23,29.5,29.5,29.57,29.5,29.56,5100
2021-06-25,29.53,29.53,29.53,29.51,29.51,5053
2021-06-28,29.45,29.45,29.51,29.45,29.45,11000
2021-06-29,29.32,29.32,29.32,29.24,29.24,14039
2021-06-30,29.47,29.47,29.47,29.34,29.34,8024
2021-07-01,29.24,29.24,29.27,29.24,29.27,3764
2021-07-02,29.22,29.22,29.3,29.22,29.22,7451
2021-07-05,29.22,29.22,29.25,29.2,29.22,73000
2021-07-06,29.28,29.28,29.31,29.28,29.3,7200
2021-07-07,29.02,29.02,29.04,29.0,29.01,21289
2021-07-08,29.06,29.06,29.2,29.05,29.12,7100
2021-07-09,28.6,28.6,28.6,28.5,28.57,57223
2021-07-12,29.06,29.06,29.1,29.05,29.08,4024
2021-07-13,29.44,29.44,29.47,29.35,29.35,6203
2021-07-14,29.3,29.3,29.36,29.28,29.28,17078
2021-07-15,29.33,29.33,29.33,29.23,29.26,13008
2021-07-16,29.09,29.09,29.09,28.95,29.0,33020
2021-07-19,28.76,28.76,28.76,28.73,28.73,5036
2021-07-20,28.19,28.19,28.36,28.19,28.33,64201
2021-07-21,28.46,28.46,28.59,28.44,28.59,4000
2021-07-22,28.95,28.95,28.95,28.88,28.88,3101
2021-07-23,29.23,29.23,29.25,29.23,29.25,2006
2021-07-26,29.35,29.35,29.35,29.28,29.28,34000
2021-07-27,29.41,29.41,29.43,29.41,29.43,2586
2021-07-28,29.22,29.22,29.25,29.22,29.25,3000
2021-07-29,29.29,29.29,29.35,29.24,29.35,10000
2021-08-02,29.46,29.46,29.47,29.45,29.45,18067
2021-08-03,29.49,29.49,29.49,29.49,29.49,2269
2021-08-04,29.63,29.63,29.63,29.63,29.63,1120
2021-08-05,29.64,29.64,29.69,29.64,29.69,12053
2021-08-06,29.71,29.71,29.78,29.69,29.69,7000
2021-08-09,29.86,29.86,29.86,29.78,29.78,61300
2021-08-10,29.9,29.9,29.9,29.81,29.89,21250
2021-08-11,29.92,29.92,29.99,29.88,29.99,24015
2021-08-12,30.1,30.1,30.11,30.07,30.11,16137
2021-08-13,30.18,30.18,30.2,30.11,30.11,10335
2021-08-16,30.13,30.13,30.13,30.06,30.1,11571
2021-08-17,30.04,30.04,30.08,29.94,30.08,12650
2021-08-18,30.0,30.0,30.03,29.99,30.02,9237
2021-08-19,29.67,29.67,29.77,29.67,29.77,2001
2021-08-20,29.45,29.45,29.52,29.43,29.51,16240
2021-08-23,29.79,29.79,29.79,29.68,29.68,17401
2021-08-24,30.01,30.01,30.01,29.87,29.87,3232
2021-08-25,29.79,29.79,29.9,29.78,29.82,33300
2021-08-26,29.81,29.81,29.85,29.81,29.85,4247
2021-08-27,29.81,29.81,29.81,29.67,29.75,4877
2021-08-30,29.98,29.98,29.98,29.86,29.86,4126
2021-08-31,30.03,30.03,30.03,29.94,29.94,20100
2021-09-01,30.01,30.01,30.01,30.0,30.0,9030
2021-09-02,30.13,30.13,30.18,30.12,30.17,16400
2021-09-03,30.21,30.21,30.21,30.17,30.17,15020
2021-09-06,30.02,30.02,30.07,29.93,30.04,19526
2021-09-07,30.3,30.3,30.3,30.3,30.3,1319
2021-09-08,30.1,30.1,30.13,30.09,30.13,14010
2021-09-09,29.75,29.75,29.75,29.75,29.75,1000
2021-09-10,29.96,29.96,29.96,29.73,29.73,117066
2021-09-13,29.7,29.7,29.7,29.66,29.66,3020
2021-09-14,30.0,30.0,30.0,30.0,30.0,31171
2021-09-15,29.85,29.85,29.95,29.83,29.95,38049
2021-09-16,29.7,29.7,29.73,29.67,29.73,3238
2021-09-17,29.92,29.92,29.92,29.8,29.8,7975
2021-09-22,29.31,29.31,29.33,29.2,29.3,68254
2021-09-23,29.64,29.64,29.68,29.63,29.68,55000
2021-09-24,29.88,29.88,29.88,29.88,29.88,1294
2021-09-27,29.89,29.89,29.91,29.88,29.88,3015
2021-09-28,29.71,29.71,29.78,29.71,29.76,7637
2021-09-29,29.11,29.11,29.15,29.06,29.15,12032
2021-09-30,29.3,29.3,29.3,29.21,29.21,53038
2021-10-01,28.54,28.54,28.55,28.54,28.55,6001
2021-10-04,28.8,28.8,28.82,28.77,28.77,32546
2021-10-05,28.58,28.58,28.6,28.43,28.43,12726
2021-10-06,28.78,28.78,28.82,28.78,28.8,11000
2021-10-07,28.89,28.89,29.06,28.88,29.06,8567
2021-10-08,29.14,29.14,29.28,29.14,29.28,2159
2021-10-12,28.81,28.81,28.83,28.75,28.83,7067
2021-10-13,28.96,28.96,28.96,28.88,28.88,3031
2021-10-14,29.2,29.2,29.2,29.18,29.19,12107
2021-10-15,29.59,29.59,29.62,29.59,29.62,3092
2021-10-18,29.9,29.9,29.93,29.81,29.82,8000
2021-10-19,29.75,29.75,29.75,29.75,29.75,3682
2021-10-20,29.75,29.75,29.75,29.75,29.75,3149
2021-10-21,29.75,29.75,29.85,29.73,29.73,3000
2021-10-22,29.79,29.79,29.79,29.79,29.79,4000
2021-10-25,29.93,29.93,30.0,29.92,29.92,4090
2021-10-26,29.92,29.92,30.01,29.92,30.0,6171
2021-10-27,30.16,30.16,30.16,30.06,30.06,9640
2021-10-28,30.17,30.17,30.17,30.14,30.14,2003
2021-10-29,30.17,30.17,30.17,30.16,30.16,11037
2021-11-01,30.45,30.45,30.47,30.44,30.44,12617
2021-11-02,30.5,30.5,30.58,30.5,30.53,9000
2021-11-03,30.63,30.63,30.64,30.63,30.63,4132
2021-11-04,30.83,30.83,30.87,30.83,30.83,7569
2021-11-05,30.9,30.9,30.93,30.86,30.86,5021
2021-11-08,31.09,31.09,31.12,30.98,30.98,12000
2021-11-09,31.0,31.0,31.0,30.92,30.92,14761
2021-11-10,30.86,30.86,30.95,30.86,30.95,3063
2021-11-11,30.83,30.83,30.86,30.83,30.86,8200
2021-11-12,31.1,31.1,31.1,31.06,31.06,2000
2021-11-15,31.17,31.17,31.17,31.08,31.1,5058
2021-11-16,31.27,31.27,31.29,31.23,31.23,7584
2021-11-17,31.24,31.24,31.25,31.24,31.25,18208
2021-11-18,31.3,31.3,31.3,31.24,31.24,16613
2021-11-19,31.29,31.29,31.3,31.29,31.3,2264
2021-11-22,31.0,31.0,31.09,30.99,31.09,6799
2021-11-23,30.79,30.79,30.81,30.72,30.72,3040
2021-11-25,30.5,30.5,30.5,30.47,30.47,38328
2021-11-26,29.89,29.89,30.3,29.89,30.3,16000
2021-11-29,29.45,29.45,29.64,29.45,29.49,11854
2021-11-30,29.0,29.0,29.58,29.0,29.58,48027
2021-12-01,29.21,29.21,29.21,29.19,29.19,2144
2021-12-02,29.4,29.4,29.46,29.34,29.34,6000
2021-12-03,29.51,29.51,29.51,29.33,29.4,10069
2021-12-06,29.44,29.44,29.44,29.24,29.24,5563
2021-12-07,29.6,29.6,29.6,29.6,29.6,2870
2021-12-08,30.44,30.44,30.51,30.44,30.51,7255
2021-12-09,30.25,30.25,30.27,30.2,30.27,4005
2021-12-10,29.87,29.87,29.88,29.87,29.88,4315
2021-12-13,30.0,30.0,30.0,29.93,29.93,3000
2021-12-14,29.81,29.81,29.92,29.81,29.9,7515
2021-12-15,29.62,29.62,29.63,29.62,29.63,6174
2021-12-16,30.09,30.09,30.09,29.95,29.95,3007
2021-12-17,29.7,29.7,29.92,29.7,29.92,3513
2021-12-20,29.25,29.25,29.63,29.25,29.63,7070
2021-12-21,29.54,29.54,29.55,29.54,29.55,2000
2021-12-23,30.12,30.12,30.12,30.01,30.01,3103
2021-12-24,30.43,30.43,30.43,30.2,30.2,23307
2021-12-27,30.23,30.23,30.3,30.2,30.24,144006
2021-12-28,30.62,30.62,30.63,30.62,30.63,2723
2021-12-29,30.68,30.68,30.68,30.68,30.68,10603
2022-01-03,30.65,30.65,30.69,30.56,30.69,6231
2022-01-04,30.96,30.96,30.97,30.77,30.77,18677
2022-01-05,31.05,31.05,31.05,30.99,30.99,13127
2022-01-06,30.67,30.67,30.93,30.58,30.93,11082
2022-01-07,30.76,30.76,30.87,30.76,30.87,5749
2022-01-10,30.65,30.65,30.7,30.65,30.7,16196
2022-01-11,30.44,30.44,30.5,30.43,30.5,5000
2022-01-12,30.75,30.75,30.76,30.7,30.76,3033
2022-01-13,30.7,30.7,30.75,30.7,30.7,3638
2022-01-14,30.4,30.4,30.54,30.35,30.54,4670
2022-01-17,30.55,30.55,30.6,30.43,30.6,6008
2022-01-18,30.73,30.73,30.73,30.59,30.59,5468
2022-01-19,30.12,30.12,30.36,30.12,30.36,2039
2022-01-20,30.4,30.4,30.4,30.24,30.24,3001
2022-01-21,30.0,30.0,30.23,30.0,30.23,17000
2022-01-24,29.96,29.96,29.96,29.84,29.93,14001
2022-01-25,29.15,29.15,29.33,29.09,29.33,12493
2022-01-26,29.2,29.2,29.3,29.19,29.19,15000
2022-02-07,29.48,29.48,29.48,29.15,29.36,300615
2022-02-08,29.51,29.51,29.56,29.51,29.56,4928
2022-02-09,29.75,29.75,29.75,29.74,29.74,3490
2022-02-10,29.95,29.95,30.09,29.95,30.09,210241
2022-02-11,29.42,29.42,29.57,29.42,29.57,10010
2022-02-14,29.21,29.21,29.21,28.98,29.06,8000
2022-02-15,28.82,28.82,28.98,28.82,28.98,13914
2022-02-16,29.55,29.55,29.58,29.54,29.54,4104
2022-02-17,29.2,29.2,29.53,29.2,29.53,87034
2022-02-18,29.27,29.27,29.27,29.17,29.17,3000
2022-02-21,29.03,29.03,29.03,29.03,29.03,2202
2022-02-22,27.98,27.98,28.22,27.9,28.22,42260
2022-02-23,28.55,28.55,28.6,28.5,28.57,5100
2022-02-24,27.34,27.34,27.97,27.29,27.97,34360
2022-02-25,27.95,27.95,27.95,27.68,27.83,40000
2022-03-01,27.91,27.91,27.94,27.85,27.93,33010
2022-03-02,27.05,27.05,27.17,26.95,27.13,86150
2022-03-03,27.48,27.48,27.48,27.23,27.23,17199
2022-03-04,26.28,26.28,26.51,26.05,26.13,123340
2022-03-07,25.09,25.09,25.18,24.9,25.02,402430
2022-03-08,24.99,24.99,25.24,24.99,25.1,43017
2022-03-09,25.95,25.95,25.95,25.59,25.59,91145
2022-03-10,26.91,26.91,27.11,26.9,27.11,63038
2022-03-11,26.05,26.05,26.4,26.05,26.4,60000
2022-03-14,26.73,26.73,26.85,26.58,26.77,38000
2022-03-15,26.76,26.76,26.78,26.68,26.75,30783
2022-03-16,26.97,26.97,27.0,26.8,26.88,53003
2022-03-17,27.92,27.92,27.95,27.86,27.95,58335
2022-03-18,27.8,27.8,27.91,27.78,27.85,109040
2022-03-21,27.9,27.9,27.96,27.9,27.96,89469
2022-03-22,27.9,27.9,27.98,27.81,27.84,112169
2022-03-23,28.51,28.51,28.51,28.37,28.37,12148
2022-03-24,27.93,27.93,27.93,27.82,27.85,61630
2022-03-25,28.05,28.05,28.05,27.95,27.95,5002
2022-03-28,28.12,28.12,28.18,28.0,28.0,4002
2022-03-29,28.4,28.4,28.4,28.34,28.34,3032
2022-03-30,28.7,28.7,28.84,28.7,28.84,12000
2022-03-31,28.67,28.67,28.67,28.67,28.67,1100
2022-04-01,28.21,28.21,28.27,28.21,28.27,3075
2022-04-06,28.1,28.1,28.1,28.04,28.08,40254
2022-04-07,27.58,27.58,27.63,27.52,27.6,11795
2022-04-08,27.61,27.61,27.66,27.61,27.66,2388
2022-04-11,27.65,27.65,27.66,27.64,27.66,6000
2022-04-12,27.52,27.52,27.65,27.52,27.65,16964
2022-04-13,27.83,27.83,27.83,27.74,27.74,2369
2022-04-14,27.93,27.93,27.93,27.87,27.87,12145
2022-04-15,27.82,27.82,27.95,27.72,27.95,3431
2022-04-18,27.79,27.79,27.82,27.58,27.82,5965
2022-04-19,27.64,27.64,27.64,27.64,27.64,1537
2022-04-20,27.81,27.81,27.81,27.58,27.58,8117
2022-04-21,28.16,28.16,28.17,28.11,28.15,6655
2022-04-22,27.81,27.81,27.81,27.8,27.81,11975
2022-04-25,27.35,27.35,27.6,27.24,27.6,10194
2022-04-26,27.62,27.62,27.62,27.53,27.53,4454
2022-04-27,26.8,26.8,26.8,26.77,26.77,6399
2022-04-28,27.14,27.14,27.16,26.96,26.96,4000
2022-04-29,27.52,27.52,27.52,27.19,27.19,22000
2022-05-03,27.34,27.34,27.37,27.12,27.37,8002
2022-05-04,27.35,27.35,27.35,27.35,27.35,3104
2022-05-05,27.7,27.7,27.7,27.62,27.7,4107
2022-05-06,26.81,26.81,26.84,26.8,26.81,9189
2022-05-09,26.07,26.07,26.19,26.0,26.0,7256
2022-05-10,25.78,25.78,25.79,25.7,25.7,15000
2022-05-11,26.1,26.1,26.1,26.1,26.1,2962
2022-05-12,25.89,25.89,26.14,25.89,26.14,52062
2022-05-13,26.6,26.6,26.6,26.48,26.48,28673
2022-05-16,26.77,26.77,26.85,26.75,26.75,11875
2022-05-17,27.03,27.03,27.03,27.03,27.03,1109
2022-05-18,27.29,27.29,27.36,27.17,27.33,4028
2022-05-19,26.58,26.58,26.63,26.58,26.63,3115
2022-05-20,26.87,26.87,26.87,26.58,26.58,8150
2022-05-23,26.99,26.99,26.99,26.85,26.87,12186
2022-05-24,26.9,26.9,26.9,26.9,26.9,1511
2022-05-25,27.01,27.01,27.01,26.87,26.87,3455
2022-05-26,26.87,26.87,27.02,26.87,26.97,4037
2022-05-27,27.5,27.5,27.5,27.32,27.32,2878
2022-05-30,27.99,27.99,28.0,27.82,27.82,16000
2022-05-31,28.01,28.01,28.01,27.96,27.96,9939
2022-06-01,27.89,27.89,27.89,27.89,27.89,1656
2022-06-02,27.62,27.62,27.62,27.48,27.48,4319
2022-06-06,27.88,27.88,27.92,27.8,27.8,4155
2022-06-07,27.79,27.79,27.88,27.79,27.88,3847
2022-06-08,27.85,27.85,28.05,27.85,27.9,15000
2022-06-10,27.04,27.04,27.08,27.0,27.04,6183
2022-06-13,26.02,26.02,26.02,25.84,25.98,10103
2022-06-14,25.73,25.73,25.87,25.7,25.87,5476
2022-06-15,25.46,25.46,25.46,25.46,25.46,3001
2022-06-16,25.9,25.9,26.08,25.9,26.08,6000
2022-06-17,25.34,25.34,25.34,25.13,25.13,3121
2022-06-20,25.05,25.05,25.15,25.0,25.0,4083
2022-06-21,25.5,25.5,25.5,25.41,25.41,4078
2022-06-22,25.3,25.3,25.41,25.21,25.41,167623
2022-06-23,25.38,25.38,25.38,25.3,25.3,2675
2022-06-24,25.4,25.4,25.4,25.38,25.38,123505
2022-06-27,25.92,25.92,26.0,25.85,25.85,126050
2022-06-28,25.75,25.75,25.85,25.74,25.84,7544
2022-06-29,25.65,25.65,25.7,25.6,25.7,122000
2022-06-30,25.36,25.36,25.36,25.36,25.36,3000
2022-07-01,24.91,24.91,24.91,24.86,24.86,4000
2022-07-04,25.18,25.18,25.2,25.11,25.12,6050
2022-07-05,25.36,25.36,25.36,25.36,25.36,2381
2022-07-06,24.85,24.85,24.92,24.85,24.92,2106
2022-07-07,25.09,25.09,25.09,25.05,25.05,2540
2022-07-08,25.33,25.33,25.5,25.3,25.5,3000
2022-07-11,25.19,25.19,25.19,25.19,25.19,1078
2022-07-12,25.11,25.11,25.12,25.1,25.12,4645
2022-07-13,25.32,25.32,25.37,25.3,25.37,3511
2022-07-15,25.04,25.04,25.04,24.86,24.86,3000
2022-07-18,25.52,25.52,25.52,25.04,25.04,8000
2022-07-19,25.46,25.46,25.46,25.45,25.45,2511
2022-07-20,26.26,26.26,26.39,26.24,26.24,8722
2022-07-21,26.07,26.07,26.07,26.07,26.07,2115
2022-07-22,26.19,26.19,26.19,26.16,26.16,3000
2022-07-25,26.18,26.18,26.18,26.01,26.01,7179
2022-07-26,26.31,26.31,26.31,26.21,26.3,4694
2022-07-27,26.21,26.21,26.21,26.21,26.21,1980
2022-07-28,26.54,26.54,26.54,26.44,26.47,4408
2022-07-29,26.84,26.84,26.84,26.78,26.78,4195
2022-08-01,26.95,26.95,27.04,26.93,27.04,9107
2022-08-02,26.95,26.95,26.98,26.94,26.98,3927
2022-08-03,26.84,26.84,26.84,26.84,26.84,2337
2022-08-04,27.24,27.24,27.33,27.24,27.33,3070
2022-08-05,27.42,27.42,27.42,27.34,27.34,16157
2022-08-08,27.34,27.34,27.34,27.23,27.23,4000
2022-08-09,27.41,27.41,27.41,27.33,27.33,2901
2022-08-10,27.03,27.03,27.17,27.03,27.17,8004
2022-08-11,27.55,27.55,27.55,27.45,27.45,2000
2022-08-12,27.38,27.38,27.4,27.38,27.4,2149
2022-08-15,27.82,27.82,27.82,27.69,27.69,8472
2022-08-16,27.82,27.82,27.82,27.82,27.82,2212
2022-08-17,27.89,27.89,27.89,27.89,27.89,1466
2022-08-18,27.43,27.43,27.53,27.41,27.52,5100
2022-08-19,27.43,27.43,27.43,27.43,27.43,2639
2022-08-22,27.12,27.12,27.12,27.08,27.08,2156
2022-08-23,26.68,26.68,26.68,26.68,26.68,3397
2022-08-26,26.98,26.98,26.98,26.93,26.93,2146
2022-08-29,25.97,25.97,25.97,25.85,25.85,5184
2022-08-30,26.13,26.13,26.13,26.13,26.13,1820
2022-08-31,26.13,26.13,26.13,26.13,26.13,1001
2022-09-01,25.52,25.52,25.52,25.52,25.52,1962
2022-09-02,25.46,25.46,25.5,25.4,25.5,15956
2022-09-05,25.16,25.16,25.17,25.11,25.15,79574
2022-09-06,25.5,25.5,25.55,25.5,25.55,3569
2022-09-07,25.29,25.29,25.29,25.29,25.29,2369
2022-09-08,25.78,25.78,25.8,25.66,25.8,12000
2022-09-12,26.33,26.33,26.33,26.26,26.27,5671
2022-09-13,26.64,26.64,26.79,26.63,26.79,8614
2022-09-14,26.08,26.08,26.08,26.07,26.07,2626
2022-09-15,26.11,26.11,26.11,26.11,26.11,1100
2022-09-16,25.83,25.83,25.86,25.83,25.86,3000
2022-09-19,25.6,25.6,25.75,25.6,25.75,11146
2022-09-20,25.71,25.71,25.81,25.71,25.73,10624
2022-09-21,25.37,25.37,25.38,25.37,25.38,2964
2022-09-22,25.08,25.08,25.08,25.0,25.0,3051
2022-09-23,25.13,25.13,25.18,25.13,25.18,2788
2022-09-26,24.35,24.35,24.5,24.35,24.43,8652
2022-09-27,24.6,24.6,24.6,24.6,24.6,3869
2022-09-28,24.18,24.18,24.57,24.11,24.57,9000
2022-09-30,23.95,23.95,23.95,23.95,23.95,1091
2022-10-03,23.95,23.95,23.95,23.95,23.95,4178
2022-10-04,24.78,24.78,24.82,24.71,24.71,6901
2022-10-05,25.37,25.37,25.47,25.37,25.46,3012
2022-10-06,25.64,25.64,25.64,25.55,25.56,6467
2022-10-07,25.15,25.15,25.19,25.15,25.19,5444
2022-10-11,24.51,24.51,24.6,24.51,24.6,2080
2022-10-12,24.39,24.39,24.39,24.36,24.36,3182
2022-10-13,24.31,24.31,24.39,24.3,24.39,5521
2022-10-17,24.79,24.79,24.79,24.48,24.48,5000
2022-10-18,25.63,25.63,25.63,25.29,25.32,5651
2022-10-20,25.36,25.36,25.36,25.31,25.31,3038
2022-10-21,25.26,25.26,25.38,25.26,25.38,3040
2022-10-24,25.67,25.67,25.67,25.67,25.67,1406
2022-10-26,26.32,26.32,26.33,26.32,26.33,2184
2022-10-27,26.36,26.36,26.36,26.36,26.36,2381
2022-10-28,26.41,26.41,26.5,26.33,26.5,11000
2022-10-31,26.65,26.65,26.66,26.62,26.62,6660
2022-11-01,26.72,26.72,26.79,26.72,26.79,5000
2022-11-02,26.99,26.99,26.99,26.96,26.96,8974
2022-11-03,26.46,26.46,26.46,26.46,26.46,2405
2022-11-04,26.46,26.46,26.46,26.34,26.44,16701
2022-11-07,27.0,27.0,27.0,26.94,26.94,4192
2022-11-08,27.31,27.31,27.36,27.27,27.27,4904
2022-11-09,27.4,27.4,27.4,27.34,27.34,3677
2022-11-10,27.2,27.2,27.21,27.15,27.15,28180
2022-11-11,28.38,28.38,28.38,28.21,28.24,25403
2022-11-14,28.61,28.61,28.61,28.38,28.38,15736
2022-11-15,28.68,28.68,28.68,28.6,28.6,19841
2022-11-16,28.58,28.58,28.58,28.4,28.4,8004
2022-11-17,28.55,28.55,28.55,28.5,28.5,3455
2022-11-18,28.67,28.67,28.67,28.64,28.64,3047
2022-11-21,28.65,28.65,28.73,28.65,28.73,26864
2022-11-22,28.85,28.85,28.86,28.84,28.84,9965
2022-11-23,28.84,28.84,28.99,28.84,28.9,122481
2022-11-24,28.97,28.97,28.97,28.97,28.97,1843
2022-11-25,28.94,28.94,28.97,28.94,28.94,5042
2022-11-28,28.92,28.92,28.94,28.89,28.92,5001
2022-11-29,28.82,28.82,28.91,28.74,28.74,21973
2022-11-30,28.9,28.9,28.9,28.8,28.8,3356
2022-12-01,29.43,29.43,29.48,29.35,29.48,13074
2022-12-02,29.13,29.13,29.13,29.06,29.06,10036
2022-12-05,29.1,29.1,29.1,29.07,29.09,25699
2022-12-06,28.92,28.92,28.92,28.68,28.7,90718
2022-12-07,28.82,28.82,28.82,28.76,28.82,7716
2022-12-08,28.48,28.48,28.61,28.48,28.55,9998
2022-12-09,28.77,28.77,28.77,28.63,28.63,2990
2022-12-12,28.62,28.62,28.62,28.59,28.59,4010
2022-12-13,28.75,28.75,28.76,28.75,28.76,4559
2022-12-14,29.06,29.06,29.06,29.06,29.06,1637
2022-12-15,29.01,29.01,29.12,29.01,29.12,3002
2022-12-16,28.22,28.22,28.27,28.2,28.2,3998
2022-12-19,28.06,28.06,28.06,27.97,27.97,3787
2022-12-20,27.6,27.6,27.94,27.6,27.94,2743
2022-12-21,28.11,28.11,28.11,28.01,28.08,5365
2022-12-22,28.45,28.45,28.55,28.45,28.55,3157
2022-12-23,28.23,28.23,28.23,28.09,28.09,5847
2022-12-26,28.09,28.09,28.09,27.87,27.87,2786
2022-12-27,28.29,28.29,28.29,28.09,28.09,3619
2022-12-28,28.14,28.14,28.2,28.14,28.2,4997
2022-12-29,27.93,27.93,27.93,27.9,27.9,2678
2022-12-30,28.18,28.18,28.18,28.18,28.18,2012
2023-01-03,28.17,28.17,28.17,27.99,27.99,4158
2023-01-04,28.54,28.54,28.54,28.39,28.39,5081
2023-01-05,28.95,28.95,29.06,28.95,29.0,8269
2023-01-06,29.19,29.19,29.19,29.03,29.03,5732
2023-01-09,29.53,29.53,29.53,29.52,29.53,9864
2023-01-10,29.54,29.54,29.54,29.5,29.5,5554
2023-01-11,29.82,29.82,29.94,29.81,29.94,9410
2023-01-12,30.07,30.07,30.1,30.07,30.1,7677
2023-01-13,30.14,30.14,30.24,30.14,30.23,14116
2023-01-16,30.62,30.62,30.62,30.42,30.42,18061
2023-01-17,30.56,30.56,30.56,30.42,30.46,222589
2023-01-30,30.73,30.73,30.73,30.56,30.56,6158
2023-01-31,30.41,30.41,30.41,30.41,30.41,10188
2023-02-01,30.69,30.69,30.7,30.69,30.7,5156
2023-02-02,30.87,30.87,30.87,30.77,30.77,17409
2023-02-03,31.1,31.1,31.1,30.98,31.07,32363
2023-02-06,30.99,30.99,31.04,30.99,31.04,3214
2023-02-07,30.92,30.92,30.92,30.8,30.89,5812
2023-02-08,31.1,31.1,31.1,30.96,31.0,16208
2023-02-09,30.96,30.96,30.96,30.91,30.91,3991
2023-02-10,30.9,30.9,30.96,30.78,30.96,4058
2023-02-13,30.68,30.68,30.68,30.6,30.6,2951
2023-02-14,30.97,30.97,31.0,30.97,30.98,4738
2023-02-15,31.07,31.07,31.07,30.92,31.04,15576
2023-02-16,31.5,31.5,31.5,31.41,31.41,4538
2023-02-17,31.23,31.23,31.23,31.2,31.2,3339
2023-02-20,31.41,31.41,31.41,31.25,31.25,5280
2023-02-21,31.22,31.22,31.22,31.1,31.1,8648
2023-02-22,31.03,31.03,31.03,30.9,30.9,3063
2023-02-23,31.12,31.12,31.12,31.12,31.12,2723
2023-02-24,31.23,31.23,31.23,31.12,31.12,4504
2023-03-01,30.9,30.9,30.9,30.88,30.88,4167
2023-03-02,30.73,30.73,30.74,30.68,30.68,4523
2023-03-03,31.03,31.03,31.03,30.94,30.94,4691
2023-03-06,31.33,31.33,31.34,31.28,31.28,24906
2023-03-07,31.23,31.23,31.33,31.23,31.33,143210
2023-03-08,30.78,30.78,30.91,30.78,30.91,157014
2023-03-09,30.86,30.86,30.87,30.77,30.85,44091
2023-03-10,30.46,30.46,30.48,30.27,30.48,25404
2023-03-13,30.5,30.5,30.5,30.38,30.5,7462
2023-03-14,29.7,29.7,29.77,29.55,29.55,6973
2023-03-15,30.2,30.2,30.22,30.2,30.2,11832
2023-03-16,29.79,29.79,29.82,29.75,29.82,9055
2023-03-17,30.23,30.23,30.23,30.04,30.06,29422
2023-03-20,29.61,29.61,29.61,29.61,29.61,5006
2023-03-21,30.23,30.23,30.27,30.23,30.27,4422
2023-03-22,30.59,30.59,30.59,30.46,30.46,5419
2023-03-23,30.52,30.52,30.53,30.52,30.53,3598
2023-03-24,30.49,30.49,30.49,30.35,30.35,43963
2023-03-27,30.35,30.35,30.83,30.26,30.83,26089
2023-03-28,30.26,30.26,30.46,30.26,30.46,163588
2023-03-29,30.28,30.28,30.3,30.28,30.3,3958
2023-03-30,30.66,30.66,30.68,30.65,30.65,8259
2023-03-31,31.01,31.01,31.12,31.01,31.12,136078
2023-04-06,31.11,31.11,31.11,30.94,30.98,15527
2023-04-07,31.14,31.14,31.15,31.14,31.15,2974
2023-04-10,31.12,31.12,31.2,31.12,31.2,59128
2023-04-11,31.4,31.4,31.4,31.33,31.33,4227
2023-04-12,31.23,31.23,31.4,31.2,31.4,101227
2023-04-13,31.23,31.23,31.25,31.23,31.23,95134
2023-04-14,31.76,31.76,31.79,31.38,31.41,333436
2023-04-17,31.8,31.8,31.8,31.69,31.79,171523
2023-04-18,31.77,31.77,31.77,31.7,31.7,7360
2023-04-19,31.84,31.84,31.84,31.84,31.84,1994
2023-04-20,31.8,31.8,31.83,31.72,31.83,8284
2023-04-21,31.62,31.62,31.79,31.59,31.79,65998
2023-04-24,31.9,31.9,31.9,31.74,31.74,4591
2023-04-25,31.85,31.85,31.9,31.75,31.9,5273
2023-04-26,31.43,31.43,31.49,31.43,31.46,51587
2023-04-27,31.39,31.39,31.39,31.18,31.2,26668
2023-04-28,31.7,31.7,31.75,31.52,31.52,43210
2023-05-02,31.73,31.73,31.73,31.7,31.7,19322
2023-05-03,31.36,31.36,31.36,31.32,31.32,3386
2023-05-05,31.59,31.59,31.59,31.59,31.59,1200
2023-05-08,31.92,31.92,31.96,31.77,31.8,14174
2023-05-09,32.0,32.0,32.0,32.0,32.0,1746
2023-05-10,31.85,31.85,31.85,31.85,31.85,4422
2023-05-11,31.72,31.72,31.72,31.6,31.6,2903
2023-05-12,31.75,31.75,31.75,31.62,31.62,2969
2023-05-15,31.74,31.74,31.74,31.58,31.58,4416
2023-05-16,31.69,31.69,31.69,31.69,31.69,1424
2023-05-17,31.65,31.65,31.65,31.64,31.64,2813
2023-05-18,31.71,31.71,31.74,31.71,31.74,6200
2023-05-19,31.83,31.83,31.98,31.83,31.98,166100
2023-05-22,31.83,31.83,32.01,31.83,31.86,109397
2023-05-23,31.84,31.84,32.11,31.83,32.11,82342
2023-05-24,31.34,31.34,31.57,31.32,31.5,490020
2023-05-25,31.14,31.14,31.14,30.89,30.91,18235
2023-05-26,31.14,31.14,31.14,31.13,31.13,6279
2023-05-29,31.66,31.66,31.67,31.55,31.55,4764
2023-05-30,31.49,31.49,31.6,31.49,31.6,4654
2023-05-31,31.28,31.28,31.35,31.28,31.35,22408
2023-06-01,30.96,30.96,31.04,30.91,31.04,17144
2023-06-02,30.98,30.98,31.0,30.79,31.0,248337
2023-06-05,31.3,31.3,31.45,31.13,31.45,9743
2023-06-06,31.0,31.0,31.0,30.88,31.0,37324
2023-06-07,31.37,31.37,31.37,31.07,31.07,2762
2023-06-08,31.19,31.19,31.28,30.73,31.28,10969
2023-06-09,31.24,31.24,31.24,30.92,30.92,3015
2023-06-12,31.18,31.18,31.2,30.94,30.95,6982
2023-06-13,31.52,31.52,31.52,31.25,31.25,17440
2023-06-14,31.2,31.2,31.27,31.2,31.26,7951
2023-06-15,31.5,31.5,31.5,31.4,31.4,5108
2023-06-16,31.94,31.94,31.94,31.5,31.5,10339
2023-06-19,31.87,31.87,31.92,31.87,31.92,3861
2023-06-20,31.9,31.9,31.9,31.87,31.87,2636
2023-06-21,31.89,31.89,31.9,31.89,31.9,2800
2023-06-26,31.34,31.34,31.4,31.34,31.4,3199
2023-06-27,31.34,31.34,31.34,31.34,31.34,1815
2023-06-28,31.37,31.37,31.38,31.34,31.34,3033
2023-06-29,31.4,31.4,31.4,31.4,31.4,3960
2023-06-30,31.75,31.75,31.75,31.41,31.41,2000
2023-07-03,32.0,32.0,32.0,31.82,31.82,22410
2023-07-04,32.0,32.0,32.0,32.0,32.0,1716
2023-07-05,32.1,32.1,32.14,32.1,32.14,2136
2023-07-06,31.77,31.77,31.88,31.77,31.88,6031
2023-07-07,31.01,31.01,31.01,30.9,30.99,8737
2023-07-10,30.9,30.9,30.97,30.9,30.97,19076
2023-07-11,31.11,31.11,31.12,31.11,31.12,2757
2023-07-13,31.74,31.74,31.74,31.52,31.52,3927
2023-07-14,31.99,31.99,32.0,31.71,31.71,4592
2023-07-17,31.98,31.98,32.08,31.68,32.08,6139
2023-07-18,31.98,31.98,31.98,31.62,31.62,9245
2023-07-20,31.94,31.94,31.94,31.94,31.94,1195
2023-07-21,31.94,31.94,31.94,31.94,31.94,3354
2023-07-24,31.93,31.93,31.93,31.72,31.72,3643
2023-07-25,31.92,31.92,31.92,31.69,31.69,3348
2023-07-26,31.89,31.89,31.9,31.89,31.9,4677
2023-07-28,32.22,32.22,32.22,32.1,32.13,11691
2023-07-31,32.67,32.67,32.67,32.39,32.39,5150
2023-08-01,32.78,32.78,32.81,32.78,32.79,6028
2023-08-02,32.17,32.17,32.24,31.82,32.24,15642
2023-08-04,31.44,31.44,31.44,31.44,31.44,4397
2023-08-07,31.64,31.64,31.66,31.64,31.64,4365
2023-08-08,31.77,31.77,31.77,31.49,31.49,3914
2023-08-09,31.6,31.6,31.68,31.6,31.68,5680
2023-08-10,31.74,31.74,31.74,31.4,31.4,4318
2023-08-11,31.89,31.89,31.89,31.67,31.8,4939
2023-08-14,31.51,31.51,31.51,31.32,31.32,3254
2023-08-15,31.73,31.73,31.73,31.48,31.48,3676
2023-08-16,31.15,31.15,31.15,31.15,31.15,2778
2023-08-17,31.0,31.0,31.0,31.0,31.0,2792
2023-08-18,30.81,30.81,30.81,30.78,30.78,2002
2023-08-21,30.79,30.79,30.79,30.55,30.6,23765
2023-08-22,30.79,30.79,30.79,30.79,30.79,1578
2023-08-23,30.99,30.99,30.99,30.85,30.85,2875
2023-08-24,31.0,31.0,31.28,30.99,31.27,46873
2023-08-25,30.75,30.75,30.82,30.52,30.82,4127
2023-08-28,31.15,31.15,31.15,30.78,30.78,6203
2023-08-29,31.67,31.67,31.67,31.37,31.38,552816
2023-08-30,31.86,31.86,31.86,31.68,31.68,4649
2023-08-31,31.78,31.78,31.78,31.78,31.78,2020
2023-09-01,31.61,31.61,31.61,31.34,31.34,66000
2023-09-04,31.52,31.52,31.52,31.45,31.45,6458
2023-09-05,31.28,31.28,31.28,31.28,31.28,3239
2023-09-06,31.16,31.16,31.23,31.16,31.22,4977
2023-09-07,30.95,30.95,31.01,30.95,31.01,2738
2023-09-08,30.87,30.87,30.87,30.7,30.79,6875
2023-09-11,30.92,30.92,30.97,30.61,30.97,11994
2023-09-12,30.92,30.92,30.92,30.92,30.92,1876
2023-09-13,30.68,30.68,30.68,30.45,30.61,10937
2023-09-14,30.54,30.54,30.54,30.54,30.54,1196
2023-09-15,31.17,31.17,31.17,30.99,30.99,4075
2023-09-18,31.36,31.36,31.36,30.94,31.36,7870
2023-09-19,31.07,31.07,31.07,31.07,31.07,1775
2023-09-20,31.01,31.01,31.03,31.01,31.03,2010
2023-09-21,30.97,30.97,31.0,30.97,31.0,2583
2023-09-25,30.66,30.66,30.66,30.26,30.26,2955
2023-09-26,30.37,30.37,30.37,30.33,30.33,16500
2023-09-27,30.13,30.13,30.13,30.1,30.1,11945
2023-09-28,30.18,30.18,30.27,30.18,30.27,10009
2023-10-02,30.5,30.5,30.5,30.23,30.24,8000
2023-10-03,29.98,29.98,30.08,29.98,30.08,10355
2023-10-04,29.74,29.74,29.75,29.74,29.75,2363
2023-10-05,30.09,30.09,30.09,29.99,29.99,6097
2023-10-06,29.8,29.8,29.8,29.46,29.61,203763
2023-10-11,30.1,30.1,30.41,29.9,29.9,14716
2023-10-12,30.7,30.7,30.7,30.43,30.43,5735
2023-10-13,30.57,30.57,30.65,30.42,30.65,16960
2023-10-16,30.28,30.28,30.28,30.2,30.27,61412
2023-10-17,30.44,30.44,30.44,30.43,30.43,26651
2023-10-18,30.45,30.45,30.45,30.32,30.32,12029
2023-10-19,29.98,29.98,30.08,29.98,30.08,17142
2023-10-20,29.72,29.72,29.72,29.72,29.72,21000
2023-10-23,29.55,29.55,29.55,29.55,29.55,2480
2023-10-24,29.55,29.55,29.55,29.55,29.55,4844
2023-10-25,29.75,29.75,29.83,29.73,29.81,100132
2023-10-26,29.58,29.58,29.58,29.52,29.54,7967
2023-10-30,29.36,29.36,29.39,29.36,29.36,3000
2023-10-31,29.39,29.39,29.4,29.39,29.4,8987
2023-11-01,29.84,29.84,29.84,29.84,29.84,1000
2023-11-02,30.21,30.21,30.23,30.2,30.23,32952
2023-11-03,30.74,30.74,30.74,30.74,30.74,18761
2023-11-06,30.55,30.55,30.65,30.55,30.65,107206
2023-11-07,30.33,30.33,30.44,30.29,30.4,131775
2023-11-08,30.44,30.44,30.44,30.39,30.43,4608
2023-11-09,30.59,30.59,30.59,30.59,30.59,2024
2023-11-10,30.71,30.71,30.71,30.66,30.66,10016
2023-11-13,30.78,30.78,30.79,30.78,30.79,3331
2023-11-14,30.92,30.92,30.92,30.92,30.92,2416
2023-11-15,31.34,31.34,31.44,31.33,31.34,41793
2023-11-16,31.49,31.49,31.49,31.42,31.45,10076
2023-11-17,31.64,31.64,31.64,31.64,31.64,2578
2023-11-20,31.87,31.87,31.87,31.81,31.81,8200
2023-11-21,31.81,31.81,31.87,31.79,31.81,40499
2023-11-23,31.71,31.71,31.73,31.71,31.73,4673
2023-11-24,31.82,31.82,31.82,31.82,31.82,3841
2023-11-27,31.84,31.84,31.9,31.84,31.9,5154
2023-11-28,31.86,31.86,31.88,31.76,31.88,31643
2023-11-29,31.8,31.8,31.8,31.8,31.8,1113
2023-11-30,32.0,32.0,32.0,31.94,31.94,31005
2023-12-01,32.24,32.24,32.24,32.08,32.08,23990
2023-12-04,32.3,32.3,32.3,32.21,32.24,57712
2023-12-05,32.13,32.13,32.17,32.13,32.17,92643
2023-12-06,32.4,32.4,32.49,32.4,32.44,92486
2023-12-07,32.39,32.39,32.39,32.39,32.39,2258
2023-12-08,32.57,32.57,32.57,32.47,32.53,8711
2023-12-11,32.87,32.87,32.87,32.8,32.8,25146
2023-12-12,32.87,32.87,33.06,32.87,32.9,29318
2023-12-13,32.96,32.96,32.97,32.87,32.87,14769
2023-12-14,33.24,33.24,33.4,33.19,33.4,30744
2023-12-15,33.24,33.24,33.24,33.09,33.2,67237
2023-12-18,33.07,33.07,33.07,32.99,33.01,4031
2023-12-19,33.16,33.16,33.16,33.16,33.16,2299
2023-12-20,33.04,33.04,33.11,33.0,33.11,5150
2023-12-21,32.92,32.92,32.92,32.88,32.88,3670
2023-12-22,32.96,32.96,32.96,32.96,32.96,1959
2023-12-25,32.91,32.91,32.91,32.91,32.91,2810
2023-12-26,32.95,32.95,32.95,32.9,32.9,2735
2023-12-27,32.91,32.91,32.95,32.91,32.95,3024
2023-12-28,33.05,33.05,33.07,33.02,33.02,50184
2024-01-02,33.05,33.05,33.05,32.86,32.9,6342
2024-01-03,32.7,32.7,32.72,32.51,32.51,6087
2024-01-04,32.32,32.32,32.32,32.16,32.16,11422
2024-01-05,32.38,32.38,32.4,32.32,32.32,6956
2024-01-08,32.34,32.34,32.41,32.34,32.41,6110
2024-01-10,32.33,32.33,32.38,32.33,32.38,2000
2024-01-11,32.6,32.6,32.6,32.56,32.56,3009
2024-01-12,32.46,32.46,32.46,32.3,32.3,3170
2024-01-15,32.66,32.66,32.66,32.44,32.57,10784
2024-01-16,32.12,32.12,32.12,32.12,32.12,1556
2024-01-17,31.99,31.99,31.99,31.99,31.99,1582
2024-01-18,31.78,31.78,31.78,31.78,31.78,1985
2024-01-19,32.22,32.22,32.22,32.22,32.22,10986
2024-01-22,32.52,32.52,32.52,32.52,32.52,2207
2024-01-23,32.48,32.48,32.5,32.48,32.5,2890
2024-01-25,32.99,32.99,32.99,32.83,32.83,4160
2024-01-26,33.19,33.19,33.2,33.18,33.2,9064
2024-01-29,33.44,33.44,33.44,33.25,33.33,5718
2024-01-30,33.66,33.66,33.66,33.66,33.66,9995
2024-01-31,33.48,33.48,33.66,33.48,33.66,14123
2024-02-01,33.53,33.53,33.53,33.53,33.53,2036
2024-02-02,33.72,33.72,33.72,33.72,33.72,2958
2024-02-05,33.52,33.52,33.54,33.37,33.54,7018
2024-02-15,34.11,34.11,34.13,33.81,33.81,19487
2024-02-16,34.24,34.24,34.27,34.06,34.27,5939
2024-02-19,34.12,34.12,34.2,33.99,34.2,3839
2024-02-20,34.11,34.11,34.12,34.11,34.12,5779
2024-02-21,34.2,34.2,34.2,34.2,34.2,1586
2024-02-22,34.58,34.58,34.58,34.37,34.37,17230
2024-02-23,34.93,34.93,34.94,34.76,34.76,5347
2024-02-26,34.98,34.98,34.98,34.79,34.79,17103
2024-02-27,34.92,34.92,34.92,34.8,34.8,9854
2024-02-29,35.12,35.12,35.12,34.86,34.86,5504
2024-03-01,35.2,35.2,35.2,35.02,35.02,4081
2024-03-04,35.05,35.05,35.2,35.05,35.2,31634
2024-03-05,35.21,35.21,35.21,35.06,35.06,4341
2024-03-06,35.16,35.16,35.16,34.93,35.05,22135
2024-03-07,35.31,35.31,35.31,35.24,35.26,7959
2024-03-08,35.7,35.7,35.81,35.7,35.81,7136
2024-03-11,35.3,35.3,35.3,35.27,35.28,5662
2024-03-12,35.51,35.51,35.51,35.34,35.34,3622
2024-03-13,35.74,35.74,35.74,35.63,35.68,40813
2024-03-14,35.92,35.92,35.92,35.9,35.9,14023
2024-03-15,35.92,35.92,35.92,35.76,35.77,6038
2024-03-18,35.9,35.9,36.0,35.9,35.94,23909
2024-03-19,35.8,35.8,35.93,35.8,35.93,4583
2024-03-20,35.99,35.99,35.99,35.99,35.99,1079
2024-03-21,36.34,36.34,36.49,36.27,36.27,18310
2024-03-22,36.33,36.33,36.34,36.33,36.34,3976
2024-03-25,36.21,36.21,36.27,36.21,36.27,3516
2024-03-26,36.3,36.3,36.37,36.3,36.37,3946
2024-03-27,36.56,36.56,36.56,36.56,36.56,7267
2024-03-28,36.71,36.71,36.83,36.71,36.82,6000
2024-03-29,36.71,36.71,36.82,36.71,36.82,3790
2024-04-01,36.52,36.52,36.76,36.52,36.71,9039
2024-04-02,36.56,36.56,36.81,36.56,36.72,5980
2024-04-03,36.25,36.25,36.44,36.25,36.4,4187
2024-04-08,36.2,36.2,36.27,36.19,36.24,9775
2024-04-09,36.2,36.2,36.3,36.2,36.2,5291
2024-04-10,36.12,36.12,36.3,36.12,36.3,4000
2024-04-11,36.13,36.13,36.14,36.1,36.1,6449
2024-04-12,35.98,35.98,36.11,35.98,36.11,7303
2024-04-15,35.8,35.8,35.81,35.69,35.81,10273
2024-04-16,35.54,35.54,35.54,35.46,35.46,8018
2024-04-17,35.52,35.52,35.72,35.52,35.54,27827
2024-04-18,35.56,35.56,35.56,35.52,35.52,3098
2024-04-19,35.23,35.23,35.28,34.8,35.28,39898
2024-04-22,35.22,35.22,35.48,34.9,35.43,708420
2024-04-23,35.64,35.64,35.65,35.49,35.58,4414
2024-04-24,36.0,36.0,36.18,36.0,36.18,7745
2024-04-25,35.7,35.7,35.91,35.7,35.91,13096
2024-04-26,35.75,35.75,35.81,35.7,35.7,4332
2024-04-29,36.06,36.06,36.16,36.06,36.06,11630
2024-04-30,35.92,35.92,35.94,35.89,35.94,6407
2024-05-02,35.42,35.42,35.42,35.27,35.27,6795
2024-05-03,35.25,35.25,35.41,35.25,35.41,6001
2024-05-06,35.47,35.47,35.47,35.45,35.45,27546
2024-05-07,35.85,35.85,35.85,35.73,35.73,9362
2024-05-08,36.01,36.01,36.15,36.0,36.15,15823
2024-05-09,36.26,36.26,36.27,36.22,36.22,6685
2024-05-10,36.52,36.52,36.52,36.41,36.44,19934
2024-05-13,36.72,36.72,36.73,36.62,36.73,4384
2024-05-14,36.72,36.72,36.72,36.58,36.72,3696
2024-05-15,36.71,36.71,36.85,36.67,36.67,8961
2024-05-16,36.79,36.79,36.93,36.78,36.78,13925
2024-05-17,36.45,36.45,36.53,36.45,36.5,4043
2024-05-20,36.65,36.65,36.69,36.62,36.66,6957
2024-05-21,36.67,36.67,36.67,36.57,36.66,4400
2024-05-22,36.52,36.52,36.67,36.52,36.67,3903
2024-05-23,36.61,36.61,36.61,36.47,36.52,4435
2024-05-24,36.22,36.22,36.34,36.22,36.34,2922
2024-05-27,36.3,36.3,36.48,36.28,36.28,6216
2024-05-28,36.59,36.59,36.65,36.55,36.55,5672
2024-05-29,36.49,36.49,36.51,36.31,36.51,7007
2024-05-30,35.8,35.8,35.99,35.8,35.99,6437
2024-05-31,36.13,36.13,36.18,35.99,35.99,5082
2024-06-03,36.47,36.47,36.47,36.35,36.36,13272
2024-06-04,36.32,36.32,36.32,36.32,36.32,4458
2024-06-05,36.14,36.14,36.15,36.14,36.15,5052
2024-06-06,36.72,36.72,36.74,36.72,36.74,5207
2024-06-07,36.73,36.73,36.73,36.58,36.58,43621
2024-06-11,36.41,36.41,36.44,36.41,36.44,10110
2024-06-12,36.08,36.08,36.08,35.92,36.0,4587
2024-06-13,36.3,36.3,36.43,36.25,36.43,5312
2024-06-14,35.86,35.86,35.88,35.82,35.83,16532
2024-06-17,35.25,35.25,35.27,35.16,35.17,39368
2024-06-18,35.55,35.55,35.57,35.45,35.45,53075
2024-06-19,35.71,35.71,35.72,35.56,35.71,21167
2024-06-20,35.79,35.79,35.79,35.7,35.7,4049
2024-06-21,35.87,35.87,35.87,35.79,35.79,5602
2024-06-24,35.58,35.58,35.7,35.47,35.7,6275
2024-06-25,35.82,35.82,35.82,35.66,35.66,3739
2024-06-26,35.94,35.94,35.96,35.83,35.83,60611
2024-06-27,35.49,35.49,35.59,35.46,35.59,4137
2024-06-28,35.67,35.67,35.67,35.63,35.63,4236
2024-07-01,35.93,35.93,35.93,35.8,35.82,14101
2024-07-02,35.72,35.72,35.76,35.72,35.76,5662
2024-07-03,35.62,35.62,35.76,35.56,35.56,14485
2024-07-04,35.87,35.87,36.04,35.87,36.0,9693
2024-07-05,36.15,36.15,36.2,36.05,36.05,17052
2024-07-08,36.1,36.1,36.18,36.1,36.14,12191
2024-07-09,36.02,36.02,36.02,35.88,36.01,4397
2024-07-10,35.74,35.74,35.74,35.53,35.63,90908
2024-07-11,36.09,36.09,36.15,35.94,35.94,18917
2024-07-12,36.15,36.15,36.15,36.01,36.01,4970
2024-07-15,36.49,36.49,36.49,36.36,36.36,6862
2024-07-16,36.15,36.15,36.19,36.15,36.19,9292
2024-07-17,35.97,35.97,36.07,35.97,36.07,15455
2024-07-18,35.53,35.53,35.61,35.42,35.61,5185
2024-07-19,35.46,35.46,35.46,35.22,35.3,10772
2024-07-22,35.36,35.36,35.36,35.16,35.27,78980
2024-07-23,35.77,35.77,35.81,35.62,35.62,9071
2024-07-26,35.02,35.02,35.1,34.92,35.1,70876
2024-07-29,35.67,35.67,35.7,35.55,35.55,11107
2024-07-30,35.21,35.21,35.21,34.93,35.08,12376
2024-07-31,35.35,35.35,35.35,35.35,35.35,3116
2024-08-01,35.63,35.63,35.65,35.4,35.4,4008
2024-08-02,34.65,34.65,34.65,34.44,34.54,113107
2024-08-05,33.65,33.65,33.77,33.65,33.74,105317
2024-08-06,33.9,33.9,34.04,33.82,34.04,5731
2024-08-07,34.03,34.03,34.07,33.71,33.71,5369
2024-08-08,33.86,33.86,33.93,33.76,33.76,11230
2024-08-09,34.22,34.22,34.35,34.22,34.3,10534
2024-08-12,34.45,34.45,34.45,34.38,34.38,6934
2024-08-13,34.33,34.33,34.35,34.31,34.35,8930
2024-08-14,34.54,34.54,34.55,34.33,34.33,6386
2024-08-15,34.82,34.82,34.82,34.65,34.65,17892
2024-08-16,35.34,35.34,35.34,35.3,35.3,4352
2024-08-19,35.54,35.54,35.54,35.37,35.37,4683
2024-08-20,35.56,35.56,35.74,35.56,35.74,6465
2024-08-21,35.58,35.58,35.58,35.58,35.58,2078
2024-08-22,35.77,35.77,35.77,35.69,35.69,2874
2024-08-23,35.76,35.76,35.76,35.56,35.56,3181
2024-08-26,35.83,35.83,35.83,35.7,35.73,33951
2024-08-27,35.9,35.9,35.9,35.82,35.82,15045
2024-08-28,35.89,35.89,35.89,35.85,35.85,4165
2024-08-29,35.86,35.86,35.89,35.86,35.89,3726
2024-08-30,36.22,36.22,36.23,36.08,36.08,6347
2024-09-02,36.24,36.24,36.24,36.22,36.22,4914
2024-09-03,36.37,36.37,36.37,36.33,36.33,9047
2024-09-04,35.45,35.45,35.54,35.45,35.54,22837
2024-09-05,35.41,35.41,35.45,35.41,35.42,144068
2024-09-06,35.04,35.04,35.2,35.04,35.2,19416
2024-09-09,34.83,34.83,34.83,34.61,34.77,17459
2024-09-10,34.85,34.85,35.0,34.85,35.0,16776
2024-09-11,34.67,34.67,34.71,34.67,34.71,10090
2024-09-12,35.27,35.27,35.27,35.14,35.14,3987
2024-09-13,35.25,35.25,35.25,35.2,35.22,10119
2024-09-16,35.36,35.36,35.36,35.28,35.31,61419
2024-09-18,35.51,35.51,35.52,35.38,35.38,4012
2024-09-19,35.69,35.69,35.69,35.65,35.65,8901
2024-09-20,36.01,36.01,36.01,36.01,36.01,2825
2024-09-23,35.71,35.71,35.71,35.71,35.71,1903
2024-09-24,35.66,35.66,35.71,35.66,35.71,7678
2024-09-25,35.95,35.95,35.95,35.95,35.95,1996
2024-09-26,36.02,36.02,36.02,35.95,35.95,5664
2024-09-27,36.81,36.81,36.81,36.55,36.6,12052
2024-09-30,36.93,36.93,36.95,36.82,36.82,14197
2024-10-01,36.59,36.59,36.59,36.59,36.59,1877
2024-10-04,35.93,35.93,35.93,35.74,35.74,3027
2024-10-07,36.22,36.22,36.24,36.22,36.24,4001
2024-10-08,35.92,35.92,35.92,35.92,35.92,1220
2024-10-09,35.95,35.95,35.95,35.95,35.95,1895
2024-10-11,36.14,36.14,36.21,36.02,36.21,204237
2024-10-14,36.28,36.28,36.28,36.1,36.11,6315
2024-10-15,36.53,36.53,36.7,36.53,36.53,5037
2024-10-16,35.64,35.64,35.69,35.64,35.69,7891
2024-10-18,35.78,35.78,35.79,35.78,35.79,4153
2024-10-21,36.07,36.07,36.07,35.98,36.0,3769
2024-10-22,35.84,35.84,35.86,35.84,35.85,5655
2024-10-23,35.75,35.75,35.79,35.75,35.79,4167
2024-10-24,35.61,35.61,35.61,35.61,35.61,3018
2024-10-25,35.63,35.63,35.63,35.58,35.58,7211
2024-10-28,35.84,35.84,35.87,35.84,35.86,3355
2024-10-29,35.96,35.96,35.97,35.96,35.97,2434
2024-10-30,35.65,35.65,35.86,35.65,35.86,7091
2024-11-01,34.87,34.87,34.9,34.87,34.87,5494
2024-11-04,35.27,35.27,35.27,35.05,35.05,7344
2024-11-05,35.09,35.09,35.13,35.02,35.03,6397
2024-11-06,35.09,35.09,35.43,35.02,35.43,7672
2024-11-07,34.71,34.71,34.78,34.71,34.78,8702
2024-11-08,35.1,35.1,35.1,35.05,35.08,14183
2024-11-11,34.86,34.86,34.9,34.68,34.9,3934
2024-11-12,34.9,34.9,35.02,34.9,35.02,3898
2024-11-13,34.25,34.25,34.25,34.25,34.25,2742
2024-11-14,34.28,34.28,34.45,34.28,34.45,12083
2024-11-15,34.79,34.79,34.79,34.69,34.69,3988
2024-11-18,34.75,34.75,34.75,34.66,34.66,2804
2024-11-19,34.72,34.72,34.8,34.72,34.72,3244
2024-11-20,34.53,34.53,34.53,34.53,34.53,4969
2024-11-21,34.28,34.28,34.28,34.28,34.28,1869
2024-11-22,34.36,34.36,34.43,34.36,34.43,2797
2024-11-25,34.85,34.85,34.85,34.76,34.76,3434
2024-11-26,34.41,34.41,34.41,34.33,34.33,4377
2024-11-27,34.31,34.31,34.36,34.31,34.36,4452
2024-11-28,34.44,34.44,34.44,34.32,34.32,5855
2024-11-29,34.44,34.44,34.44,34.44,34.44,2838
2024-12-02,34.56,34.56,34.57,34.38,34.38,6103
2024-12-03,35.03,35.03,35.03,34.88,34.88,24731
2024-12-04,35.09,35.09,35.16,35.06,35.16,43595
2024-12-05,35.43,35.43,35.47,35.31,35.33,29476
2024-12-06,35.6,35.6,35.63,35.6,35.63,3675
2024-12-09,35.82,35.82,35.82,35.67,35.7,28474
2024-12-10,35.74,35.74,35.87,35.68,35.87,10597
2024-12-11,35.56,35.56,35.56,35.51,35.54,7203
2024-12-12,35.81,35.81,35.81,35.68,35.68,26888
2024-12-13,35.62,35.62,35.62,35.53,35.53,3424
2024-12-16,35.83,35.83,35.86,35.71,35.85,9754
2024-12-17,35.56,35.56,35.62,35.56,35.59,4729
2024-12-18,35.52,35.52,35.56,35.52,35.56,2968
2024-12-19,35.2,35.2,35.2,35.12,35.15,13798
2024-12-20,34.8,34.8,35.01,34.72,35.01,15636
2024-12-23,35.13,35.13,35.13,34.96,34.96,43161
2024-12-24,35.04,35.04,35.04,35.04,35.04,2692
2024-12-25,35.09,35.09,35.09,34.92,34.92,2138
2024-12-26,35.09,35.09,35.09,35.09,35.09,4612
2024-12-27,35.24,35.24,35.24,35.22,35.22,3897
2024-12-30,35.25,35.25,35.43,35.25,35.26,6513
2024-12-31,35.17,35.17,35.17,35.15,35.17,5840
2025-01-02,35.32,35.32,35.32,35.32,35.32,42017
2025-01-03,35.27,35.27,35.32,35.27,35.32,3537
2025-01-06,35.11,35.11,35.12,35.1,35.12,5769
2025-01-07,35.57,35.57,35.7,35.56,35.57,40507
2025-01-08,35.94,35.94,35.94,35.79,35.79,5344
2025-01-09,35.92,35.92,35.92,35.92,35.92,2096
2025-01-10,36.1,36.1,36.1,35.99,35.99,11512
2025-01-13,35.58,35.58,35.69,35.58,35.69,4780
2025-01-14,35.88,35.88,35.88,35.82,35.82,2676
2025-01-15,35.92,35.92,35.92,35.9,35.9,41935
2025-01-16,36.11,36.11,36.11,36.08,36.1,5718
2025-01-17,36.83,36.83,36.83,36.63,36.63,11582
2025-01-20,36.97,36.97,37.0,36.9,36.9,24282
2025-01-21,37.15,37.15,37.15,36.82,36.82,13491
2025-01-22,37.35,37.35,37.35,37.18,37.18,17281
2025-02-03,37.0,37.0,37.35,36.96,37.35,41617
2025-02-04,37.45,37.45,37.86,37.45,37.68,24338
2025-02-05,37.88,37.88,37.94,37.77,37.86,14037
2025-02-06,38.18,38.18,38.18,38.14,38.16,8767
2025-02-07,38.59,38.59,38.59,38.45,38.45,10708
2025-02-10,38.3,38.3,38.49,38.27,38.49,42234
2025-02-11,38.55,38.55,38.58,38.43,38.43,6398
2025-02-12,38.89,38.89,38.89,38.71,38.75,19008
2025-02-13,39.31,39.31,39.34,39.14,39.14,27031
2025-02-14,39.48,39.48,39.51,39.3,39.3,9561
2025-02-17,39.53,39.53,39.53,39.44,39.48,12082
2025-02-18,39.77,39.77,39.8,39.73,39.75,9665
2025-02-19,39.88,39.88,39.89,39.87,39.87,50736
2025-02-20,39.2,39.2,39.37,39.16,39.37,122422
2025-02-21,39.25,39.25,39.35,39.25,39.35,12827
2025-02-24,39.5,39.5,39.67,39.41,39.41,237637
2025-02-25,39.04,39.04,39.22,38.9,39.11,36832
2025-02-26,39.31,39.31,39.38,39.21,39.21,15945
2025-02-27,39.59,39.59,39.59,39.53,39.53,14582
2025-03-03,39.36,39.36,39.43,39.22,39.43,29361
2025-03-04,39.75,39.75,39.75,39.55,39.55,57162
2025-03-05,39.62,39.62,39.63,39.39,39.5,26937
2025-03-06,40.05,40.05,40.05,39.75,39.93,37119
2025-03-07,39.8,39.8,39.88,39.78,39.8,34047
2025-03-10,39.76,39.76,40.06,39.76,40.02,253894
2025-03-11,39.18,39.18,39.2,38.7,38.77,28043
2025-03-12,38.77,38.77,38.84,38.7,38.84,18468
2025-03-13,38.66,38.66,38.81,38.57,38.81,46413
2025-03-14,38.74,38.74,38.84,38.64,38.66,65541
2025-03-17,39.3,39.3,39.34,39.14,39.14,38301
2025-03-18,39.56,39.56,39.71,39.51,39.71,13877
2025-03-19,39.9,39.9,39.95,39.78,39.95,39711
2025-03-20,39.9,39.9,39.99,39.9,39.91,11754
2025-03-21,39.55,39.55,39.62,39.47,39.54,26535
2025-03-24,39.59,39.59,39.61,39.41,39.43,18477
2025-03-25,39.31,39.31,39.41,39.15,39.34,12741
2025-03-26,39.91,39.91,39.93,39.86,39.93,24089
2025-03-27,39.24,39.24,39.25,39.06,39.19,28414
2025-03-28,38.98,38.98,39.15,38.98,39.15,19275
2025-03-31,38.58,38.58,38.64,38.51,38.55,72842
2025-04-01,38.47,38.47,38.47,38.35,38.43,46883
2025-04-02,38.81,38.81,38.81,38.58,38.58,419184
2025-04-07,34.88,34.88,35.22,34.5,35.22,68848
2025-04-08,34.99,34.99,35.22,34.86,34.92,136049
2025-04-09,33.89,33.89,34.99,33.6,34.99,352385
2025-04-10,36.68,36.68,37.04,36.41,36.93,182415
2025-04-11,35.46,35.46,35.58,34.84,35.34,223307
2025-04-14,35.65,35.65,35.88,35.57,35.88,148221
2025-04-15,36.1,36.1,36.13,35.8,35.8,284889
2025-04-16,36.09,36.09,36.3,36.09,36.11,57926
2025-04-17,36.31,36.31,36.47,36.09,36.16,141532
2025-04-18,36.04,36.04,36.04,35.86,35.86,39971
2025-04-21,36.05,36.05,36.17,35.97,36.1,39101
2025-04-22,36.04,36.04,36.08,35.96,36.01,45724
2025-04-23,36.95,36.95,36.95,36.59,36.59,65007
2025-04-24,37.14,37.14,37.26,37.14,37.22,23132
2025-04-25,37.56,37.56,37.56,37.51,37.51,43861
2025-04-28,37.58,37.58,37.58,36.25,36.25,55398
2025-04-29,37.55,37.55,37.69,37.5,37.58,30628
2025-04-30,37.81,37.81,38.12,37.47,37.47,270565
2025-05-02,37.76,37.76,38.1,37.76,38.09,66564
2025-05-05,38.09,38.09,38.19,37.23,37.23,331440
2025-05-06,38.47,38.47,38.56,38.15,38.15,89650
2025-05-07,38.35,38.35,38.47,38.33,38.47,63477
2025-05-08,38.34,38.34,38.46,38.34,38.37,95603
2025-05-09,38.21,38.21,38.34,38.19,38.32,49902
2025-05-12,38.8,38.8,38.82,38.21,38.21,70910
2025-05-13,39.04,39.04,39.14,38.94,38.94,39135
2025-05-14,39.29,39.29,39.29,39.1,39.1,16401
2025-05-15,38.92,38.92,39.09,38.92,39.08,63445
2025-05-16,39.14,39.14,39.17,39.01,39.07,83570
2025-05-19,39.26,39.26,39.31,39.13,39.15,30093
2025-05-20,39.71,39.71,39.87,39.4,39.4,167973
2025-05-21,39.71,39.71,39.82,39.71,39.78,70685
2025-05-22,39.12,39.12,39.34,39.12,39.34,13289
2025-05-23,39.41,39.41,39.41,39.33,39.33,10969
2025-05-26,39.43,39.43,39.48,39.16,39.31,116207
2025-05-27,39.14,39.14,39.32,39.12,39.32,42892
2025-05-28,39.14,39.14,39.36,39.14,39.29,63764
2025-05-29,39.47,39.47,39.54,39.33,39.33,15972
2025-06-02,39.27,39.27,39.32,39.2,39.32,270153
2025-06-03,39.24,39.24,39.27,39.22,39.27,33724
2025-06-04,39.41,39.41,39.42,39.33,39.36,56442
2025-06-05,39.55,39.55,39.61,39.46,39.61,13634
2025-06-06,39.54,39.54,39.54,39.3,39.48,19591
2025-06-09,39.73,39.73,39.73,39.54,39.54,109858
2025-06-10,39.57,39.57,39.7,39.56,39.67,21593
2025-06-11,39.53,39.53,39.58,39.45,39.52,168459
2025-06-12,39.03,39.03,39.27,39.0,39.24,67397
2025-06-13,38.62,38.62,38.77,38.48,38.77,193499
2025-06-16,38.57,38.57,38.79,38.57,38.79,49351
2025-06-17,38.72,38.72,38.86,38.57,38.57,120118
2025-06-18,38.47,38.47,38.8,38.4,38.8,272394
2025-06-19,38.37,38.37,39.0,38.25,39.0,52179
2025-06-20,38.35,38.35,38.36,38.26,38.34,113997
2025-06-23,38.23,38.23,38.31,38.09,38.31,176860
2025-06-24,38.68,38.68,38.71,38.62,38.62,140151
2025-06-25,38.68,38.68,38.71,38.65,38.71,108158
2025-06-26,38.33,38.33,38.4,38.3,38.33,195705
2025-06-27,38.15,38.15,38.36,38.14,38.36,120077
2025-06-30,38.95,38.95,38.97,38.71,38.71,121336
2025-07-01,38.71,38.71,38.95,38.66,38.95,92133
2025-07-02,38.69,38.69,38.76,38.58,38.7,185623
2025-07-03,38.7,38.7,38.8,38.69,38.8,37132
2025-07-04,38.77,38.77,38.86,38.65,38.86,62474
2025-07-07,38.65,38.65,38.77,38.51,38.77,38120
2025-07-08,38.85,38.85,38.88,38.76,38.76,10577
2025-07-09,39.07,39.07,39.33,39.06,39.32,25036
2025-07-10,39.7,39.7,39.75,39.65,39.7,116038
2025-07-11,39.32,39.32,39.38,39.29,39.29,70636
2025-07-14,38.82,38.82,38.91,38.8,38.8,23355
2025-07-15,39.1,39.1,39.3,39.04,39.3,37630
2025-07-16,38.9,38.9,38.94,38.8,38.94,75578
2025-07-17,38.85,38.85,38.95,38.78,38.9,156085
2025-07-18,39.27,39.27,39.28,39.17,39.17,58064
2025-07-21,39.03,39.03,39.27,38.9,39.27,85352
2025-07-22,38.91,38.91,39.02,38.88,38.92,181729
2025-07-23,39.19,39.19,39.19,38.88,39.0,84237
2025-07-24,39.83,39.83,39.83,39.53,39.54,279714
2025-07-25,39.39,39.39,39.5,39.38,39.41,198015
2025-07-28,39.48,39.48,39.78,39.45,39.48,236807
2025-07-29,39.1,39.1,39.16,38.97,39.03,158454
2025-07-30,39.17,39.17,39.35,39.13,39.35,165724
2025-07-31,39.4,39.4,39.41,39.35,39.36,32632
2025-08-01,38.6,38.6,38.92,38.56,38.87,389699
2025-08-04,37.98,37.98,38.09,37.86,37.93,72652
2025-08-05,38.3,38.3,38.31,38.24,38.27,39246
2025-08-06,38.55,38.55,38.65,38.36,38.36,145266
2025-08-07,38.59,38.59,38.6,38.46,38.46,134352
2025-08-08,38.91,38.91,39.0,38.87,38.94,84528
2025-08-11,39.05,39.05,39.12,38.91,38.91,46750
2025-08-12,38.77,38.77,38.85,38.65,38.85,83114
2025-08-13,38.97,38.97,38.97,38.84,38.85,42807
2025-08-14,38.76,38.76,38.99,38.7,38.92,387594
2025-08-15,39.34,39.34,39.34,39.2,39.2,465110
2025-08-18,39.48,39.48,39.57,39.34,39.34,47867
2025-08-19,39.51,39.51,39.51,39.37,39.48,198250
2025-08-20,39.41,39.41,39.54,39.41,39.42,173603
2025-08-21,39.59,39.59,39.68,39.47,39.54,171236
2025-08-22,39.42,39.42,39.58,39.42,39.58,35526
2025-08-25,39.67,39.67,39.69,39.5,39.5,83346
2025-08-26,39.24,39.24,39.26,39.22,39.26,70115
2025-08-27,39.23,39.23,39.25,39.18,39.23,21131
2025-08-28,39.28,39.28,39.28,39.2,39.2,14160
2025-08-29,39.18,39.18,39.27,39.18,39.2,14266
2025-09-01,39.04,39.04,39.1,38.94,39.1,18918
2025-09-02,38.95,38.95,39.12,38.95,39.07,63116
2025-09-03,38.64,38.64,38.86,38.64,38.84,49688
2025-09-04,38.79,38.79,38.82,38.72,38.72,24836
2025-09-05,38.91,38.91,38.99,38.9,38.9,105443
2025-09-08,38.73,38.73,38.91,38.71,38.75,64978
2025-09-09,38.9,38.9,39.0,38.74,38.74,26141
2025-09-10,38.84,38.84,39.16,38.84,39.04,128336
2025-09-11,38.83,38.83,38.91,38.83,38.89,96033
2025-09-12,39.04,39.04,39.07,38.94,39.07,66481
2025-09-15,39.04,39.04,39.1,38.86,38.86,17035
2025-09-16,39.31,39.31,39.37,39.11,39.37,78466
2025-09-17,39.0,39.0,39.08,38.95,39.08,20340
2025-09-18,39.01,39.01,39.14,39.01,39.09,23345
2025-09-19,39.5,39.5,39.58,39.5,39.5,33376
2025-09-22,39.55,39.55,39.56,39.42,39.42,38992
2025-09-23,39.42,39.42,39.52,39.42,39.49,69981
2025-09-24,39.41,39.41,39.42,39.35,39.39,49952
2025-09-25,39.49,39.49,39.56,39.41,39.41,76525
2025-09-26,39.44,39.44,39.49,39.43,39.49,31894
2025-09-30,39.86,39.86,39.86,39.73,39.75,51379
2025-10-01,39.89,39.89,39.98,39.89,39.89,42157
2025-10-02,40.33,40.33,40.35,40.29,40.3,53499
2025-10-03,40.62,40.62,40.81,40.45,40.45,48015
2025-10-07,40.45,40.45,40.63,40.45,40.62,98678
2025-10-08,40.36,40.36,40.4,40.3,40.4,23072
2025-10-09,40.58,40.58,40.7,40.57,40.7,39845
2025-10-13,39.98,39.98,40.13,39.86,39.86,28115
2025-10-14,40.07,40.07,40.22,40.06,40.22,70641
2025-10-15,40.25,40.25,40.25,40.07,40.07,35473
2025-10-16,40.27,40.27,40.37,40.27,40.37,34777
2025-10-17,40.28,40.28,40.38,40.27,40.3,43594
2025-10-20,40.4,40.4,40.52,40.32,40.46,74525
2025-10-21,40.82,40.82,40.83,40.7,40.8,61000
2025-10-22,40.65,40.65,40.68,40.5,40.51,15850
2025-10-23,40.44,40.44,40.65,40.41,40.65,39179
2025-10-27,40.75,40.75,40.95,40.74,40.74,39909
2025-10-28,40.79,40.79,40.99,40.75,40.75,47277
2025-10-29,40.64,40.64,40.79,40.64,40.79,46902
2025-10-30,40.83,40.83,41.03,40.77,40.77,45467
2025-10-31,40.72,40.72,40.83,40.72,40.83,56289
2025-11-03,40.6,40.6,40.72,40.55,40.72,29242
2025-11-04,40.56,40.56,40.6,40.53,40.6,41189
2025-11-05,40.19,40.19,40.19,39.94,40.02,47093
2025-11-06,40.63,40.63,40.65,40.4,40.4,16388
2025-11-07,40.08,40.08,40.32,40.05,40.25,83074
2025-11-10,40.37,40.37,40.42,40.33,40.33,18702
2025-11-11,40.85,40.85,40.9,40.65,40.67,57465
2025-11-12,41.57,41.57,41.59,41.15,41.15,70582
2025-11-13,41.93,41.93,42.0,41.72,41.72,27356
2025-11-14,41.49,41.49,41.68,41.48,41.62,27380
2025-11-17,40.82,40.82,41.15,40.82,41.15,141406
2025-11-18,40.13,40.13,40.44,40.13,40.41,18781
2025-11-19,39.74,39.74,39.9,39.73,39.9,34263
2025-11-20,40.14,40.14,40.24,40.08,40.24,7455
2025-11-21,39.64,39.64,39.65,39.59,39.59,51620
2025-11-24,39.98,39.98,39.98,39.81,39.94,67744
2025-11-25,39.83,39.83,39.83,39.73,39.73,20674
2025-11-26,40.46,40.46,40.49,40.37,40.46,11350
2025-11-27,40.73,40.73,40.73,40.6,40.6,10403
2025-11-28,40.71,40.71,40.8,40.71,40.8,10139
2025-12-01,40.71,40.71,40.96,40.71,40.72,17638
2025-12-02,40.91,40.91,40.94,40.88,40.92,39823
2025-12-03,41.17,41.17,41.22,40.99,40.99,65332
2025-12-04,41.5,41.5,41.5,41.17,41.17,331517
2025-12-05,41.44,41.44,41.5,41.39,41.5,10304
2025-12-08,41.51,41.51,41.62,41.46,41.62,14948
2025-12-09,41.39,41.39,41.58,41.35,41.51,87319
2025-12-10,41.35,41.35,41.35,41.17,41.28,27443
2025-12-11,41.42,41.42,41.5,41.31,41.42,29114
2025-12-12,41.86,41.86,41.88,41.8,41.8,10855
2025-12-15,41.68,41.68,41.71,41.59,41.6,41810
2025-12-16,41.6,41.6,41.71,41.6,41.67,8173
2025-12-17,41.58,41.58,41.69,41.55,41.69,9709
2025-12-18,41.34,41.34,41.49,41.34,41.49,8193
2025-12-19,41.59,41.59,41.66,41.56,41.66,23184
2025-12-22,41.95,41.95,41.97,41.59,41.59,16381
2025-12-23,41.81,41.81,41.98,41.81,41.88,26523
2025-12-24,41.81,41.81,41.85,41.81,41.85,6020
2025-12-26,41.85,41.85,41.88,41.52,41.88,9339
2025-12-29,41.73,41.73,41.85,41.66,41.85,12228
2025-12-30,41.7,41.7,41.73,41.63,41.73,13280
2025-12-31,41.74,41.74,41.85,41.73,41.84,32093
2026-01-02,41.85,41.85,41.94,41.8,41.83,43339
2026-01-05,42.39,42.39,42.45,42.28,42.28,40043
2026-01-06,43.0,43.0,43.08,42.94,43.08,19448
2026-01-07,42.89,42.89,43.03,42.81,43.0,20819
2026-01-08,43.0,43.0,43.0,42.72,42.72,19386
2026-01-09,42.97,42.97,42.99,42.9,42.99,20480
2026-01-12,43.4,43.4,43.5,43.3,43.3,38102
2026-01-13,43.65,43.65,43.73,43.62,43.7,56228
2026-01-14,43.7,43.7,43.74,43.55,43.68,49182
2026-01-15,43.65,43.65,43.73,43.65,43.7,11274
2026-01-16,43.77,43.77,43.84,43.61,43.76,58048
2026-01-19,43.4,43.4,43.48,43.23,43.23,164465
2026-01-20,43.41,43.41,43.42,43.16,43.16,58573
2026-01-21,43.2,43.2,43.24,43.09,43.21,26848
2026-01-22,43.53,43.53,43.58,43.48,43.48,12023
2026-01-23,43.57,43.57,43.65,43.57,43.59,5776
2026-01-26,43.57,43.57,43.64,43.57,43.57,19801
2026-01-27,43.91,43.91,43.91,43.57,43.57,16009
2026-01-28,44.0,44.0,44.0,43.91,43.92,14800
2026-01-29,43.61,43.61,43.68,43.39,43.51,38518
2026-01-30,43.36,43.36,43.55,43.29,43.55,23897
2026-02-02,43.13,43.13,43.22,43.13,43.13,24743
2026-02-03,43.86,43.86,44.08,43.8,44.08,181145
2026-02-04,43.8,43.8,43.86,43.66,43.86,8634
2026-02-05,43.54,43.54,43.73,43.54,43.73,7470
2026-02-06,43.12,43.12,43.24,43.08,43.12,36215
2026-02-09,43.9,43.9,44.02,43.8,43.81,26338
2026-02-10,44.42,44.42,44.43,44.19,44.19,15272
2026-02-11,44.16,44.16,44.16,44.11,44.11,44329
2026-02-23,44.19,44.19,44.4,44.13,44.16,34652
2026-02-24,44.6,44.6,44.66,44.49,44.64,19642
2026-02-25,44.62,44.62,44.77,44.58,44.62,22848
2026-02-26,44.92,44.92,45.13,44.84,44.84,19603
2026-03-02,44.49,44.49,44.58,44.4,44.58,17490
2026-03-03,43.56,43.56,43.88,43.4,43.88,37969
2026-03-04,42.3,42.3,42.59,42.18,42.59,21332
2026-03-05,42.81,42.81,43.11,42.76,43.11,10836
2026-03-06,42.65,42.65,42.68,42.51,42.6,16271
2026-03-09,40.93,40.93,42.21,40.66,42.21,125792
2026-03-10,42.02,42.02,43.0,41.85,41.85,34804
2026-03-11,42.46,42.46,42.53,42.22,42.22,21242
2026-03-12,41.77,41.77,42.12,41.75,42.1,68609
2026-03-13,42.18,42.18,42.18,42.06,42.08,8034
2026-03-16,42.18,42.18,42.18,41.92,41.92,12293
2026-03-17,42.2,42.2,42.29,42.18,42.29,13190
2026-03-18,42.47,42.47,42.5,42.2,42.2,10371
2026-03-19,41.3,41.3,41.57,41.3,41.47,31756
2026-03-20,41.55,41.55,41.55,41.53,41.53,3558
2026-03-23,39.92,39.92,40.05,39.82,40.03,58429
2026-03-24,39.98,39.98,40.5,39.98,40.48,162613
2026-03-25,40.64,40.64,40.95,40.57,40.95,13930
2026-03-26,40.72,40.72,40.79,40.64,40.79,8765
2026-03-27,40.82,40.82,40.82,40.53,40.53,61972
2026-03-30,40.14,40.14,40.14,39.74,39.96,68632
2026-03-31,40.4,40.4,40.63,40.4,40.52,18607
2026-04-01,41.41,41.41,41.44,41.3,41.34,32361
2026-04-02,40.7,40.7,41.41,40.7,41.41,6229
2026-04-07,41.47,41.47,41.53,41.38,41.38,7964
2026-04-08,43.09,43.09,43.09,42.62,42.62,35239
2026-04-09,42.68,42.68,42.74,42.53,42.72,52273
2026-04-10,43.32,43.32,43.32,43.1,43.31,14248
2026-04-13,42.69,42.69,42.95,42.64,42.94,17068
2026-04-14,43.06,43.06,43.25,43.06,43.2,12130
2026-04-15,43.55,43.55,43.79,43.55,43.77,53780
2026-04-16,43.37,43.37,43.54,43.27,43.54,27888
2026-04-17,43.1,43.1,43.3,43.1,43.3,8287
2026-04-20,43.47,43.47,43.49,43.24,43.24,14009
2026-04-21,43.47,43.47,43.57,43.45,43.55,39349
2026-04-22,43.09,43.09,43.31,43.05,43.31,12130
2026-04-23,42.47,42.47,42.67,42.47,42.67,25571
2026-04-24,42.5,42.5,42.74,42.5,42.74,13751
2026-04-27,42.69,42.69,42.86,42.5,42.5,65084
2026-04-28,42.82,42.82,42.93,42.7,42.7,12591
2026-04-29,42.51,42.51,42.75,42.49,42.75,11993
2026-04-30,42.1,42.1,42.48,42.0,42.48,20907
2026-05-04,43.1,43.1,43.1,42.8,42.8,22502
2026-05-05,41.82,41.82,41.92,41.79,41.85,25621
2026-05-06,42.8,42.8,43.2,42.73,42.73,131588
2026-05-07,43.89,43.89,44.2,43.52,44.2,32600
2026-05-08,43.11,43.11,43.29,42.83,43.29,14839
2026-05-11,42.91,42.91,43.23,42.91,42.92,22210
2026-05-12,42.59,42.59,42.98,42.36,42.36,29865
2026-05-13,42.64,42.64,42.84,42.59,42.84,37542
2026-05-14,42.7,42.7,42.84,42.7,42.82,16498
2026-05-15,42.53,42.53,42.81,42.53,42.79,55201
2026-05-18,42.04,42.04,42.15,41.8,42.06,13349
2026-05-19,42.55,42.55,42.9,42.54,42.9,45895
2026-05-20,42.47,42.47,42.5,42.21,42.5,7325
2026-05-21,43.35,43.35,43.6,43.27,43.6,66942
2026-05-22,43.7,43.7,43.7,43.4,43.4,19156
2026-05-25,43.99,43.99,44.0,43.77,43.8,12864
2026-05-26,44.29,44.29,44.32,44.0,44.0,14313
2026-05-27,44.26,44.26,44.26,44.0,44.14,16930
2026-05-28,43.8,43.8,44.41,43.65,44.41,15522
2026-05-29,44.33,44.33,44.47,44.31,44.47,7583
2026-06-01,44.2,44.2,44.25,43.83,43.84,17035
2026-06-02,44.13,44.13,44.13,43.78,43.78,15578
2026-06-03,44.31,44.31,44.44,44.13,44.13,10107
2026-06-04,44.04,44.04,44.2,44.04,44.19,4536
2026-06-05,44.41,44.41,44.42,44.04,44.04,14360
2026-06-08,43.5,43.5,44.04,43.22,44.04,12478
2026-06-09,44.4,44.4,44.44,44.18,44.44,7071
2026-06-10,44.32,44.32,44.41,44.14,44.21,7148
2026-06-11,43.91,43.91,44.16,43.47,44.16,6884
2026-06-12,44.85,44.85,44.85,44.48,44.48,44374
2026-06-15,45.56,45.56,45.71,45.42,45.5,15521
2026-06-16,45.26,45.26,45.31,45.26,45.31,5346
2026-06-17,46.09,46.09,46.15,46.09,46.15,6180
2026-06-18,45.51,45.51,45.97,45.51,45.97,31932
2026-06-22,45.67,45.67,46.17,45.6,45.6,66195
2026-06-23,45.8,45.8,46.15,45.7,45.82,20616
2026-06-24,45.21,45.21,45.65,45.21,45.65,47013
2026-06-25,45.55,45.55,45.55,45.55,45.55,6337
2026-06-26,45.56,45.56,45.7,45.36,45.7,6523
2026-06-29,45.62,45.62,45.62,45.33,45.56,8168
2026-06-30,45.88,45.88,45.88,45.8,45.8,8276
2026-07-01,46.11,46.11,46.3,45.98,45.98,10525
2026-07-02,45.96,45.96,45.98,45.95,45.98,4115
2026-07-03,46.8,46.8,46.8,46.52,46.52,11133
2026-07-06,46.95,46.95,46.95,46.73,46.8,17509
2026-07-07,46.8,46.8,46.88,46.8,46.88,3235
2026-07-08,46.14,46.14,46.34,46.14,46.34,4072
2026-07-09,45.79,45.79,45.79,45.61,45.79,56711
2026-07-13,45.15,45.15,45.53,45.15,45.53,7374
2026-07-14,45.29,45.29,45.44,45.2,45.44,9900
2026-07-15,46.0,46.0,46.0,45.69,45.69,10099
2026-07-16,46.1,46.1,46.12,45.98,45.98,4020
2026-07-17,45.41,45.41,45.65,45.41,45.65,3310
2026-07-20,45.81,45.81,45.81,45.12,45.12,9664
2026-07-21,45.41,45.41,45.58,45.31,45.37,10834
2026-07-22,45.73,45.73,45.75,45.68,45.68,18301
2026-07-23,45.87,45.87,46.14,45.78,46.14,7289
2026-07-24,45.29,45.29,45.29,45.23,45.23,6741
2026-07-27,45.99,45.99,45.99,45.74,45.74,11149
2026-07-28,46.0,46.0,46.0,45.5,45.9,6802
2026-07-29,45.83,45.83,46.0,45.83,46.0,5346
2026-07-30,45.61,45.61,45.88,45.61,45.88,3556
2026-07-31,46.82,46.82,46.88,46.55,46.55,17383
2026-08-03,47.04,47.04,47.04,46.17,46.17,13747
2026-08-04,47.11,47.11,47.11,47.11,47.11,5143
2026-08-05,47.36,47.36,47.45,47.21,47.44,16789
2026-08-06,47.3,47.3,47.3,47.24,47.24,4033
2026-08-07,47.47,47.47,47.5,47.36,47.36,67896
2026-08-10,47.8,47.8,47.9,47.49,47.49,9254
2026-08-11,47.83,47.83,47.88,47.6,47.88,13857
2026-08-12,47.91,47.91,47.91,47.74,47.75,5565
2026-08-13,47.92,47.92,47.92,47.81,47.81,3771
2026-08-14,47.61,47.61,47.93,47.6,47.93,15525
2026-08-17,47.67,47.67,47.76,47.43,47.68,75313
2026-08-18,47.1,47.1,47.65,47.09,47.65,22855
2026-08-19,46.61,46.61,46.87,46.6,46.77,60759
2026-08-20,46.61,46.61,46.66,46.61,46.62,184944
2026-08-21,46.6,46.6,46.61,46.57,46.57,4425
2026-08-24,46.6,46.6,46.61,46.42,46.61,9142
2026-08-25,46.61,46.61,46.61,46.49,46.61,24062
2026-08-26,46.6,46.6,46.62,46.46,46.62,18091
2026-08-27,46.61,46.61,46.61,46.59,46.61,7915
2026-08-28,46.55,46.55,46.64,46.55,46.61,8015
2026-08-31,46.69,46.69,46.73,46.4,46.52,5103
2026-09-01,47.0,47.0,47.0,46.4,46.4,7466
2026-09-02,46.46,46.46,46.46,46.02,46.02,129851
