Date,Adj Close,Close,High,Low,Open,Volume
2016-08-12,17.4,17.4,17.5,17.15,17.2,930950
2016-08-15,17.35,17.35,17.5,17.3,17.5,573454
2016-08-16,17.45,17.45,17.45,17.35,17.4,575201
2016-08-17,17.45,17.45,17.5,17.35,17.45,758970
2016-08-18,17.4,17.4,17.45,17.35,17.45,649100
2016-08-19,17.35,17.35,17.5,17.35,17.4,805830
2016-08-22,17.4,17.4,17.45,17.35,17.4,970668
2016-08-23,17.35,17.35,17.45,17.3,17.4,1043844
2016-08-24,17.35,17.35,17.45,17.3,17.35,2336635
2016-08-25,16.3,16.3,16.35,16.2,16.25,1175295
2016-08-26,16.25,16.25,16.4,16.25,16.4,613210
2016-08-29,16.25,16.25,16.35,16.2,16.3,557887
2016-08-30,16.25,16.25,16.3,16.2,16.3,601897
2016-08-31,16.35,16.35,16.4,16.25,16.25,530954
2016-09-01,16.25,16.25,16.35,16.2,16.3,588513
2016-09-02,16.1,16.1,16.3,16.1,16.25,660247
2016-09-05,16.25,16.25,16.3,16.15,16.15,432801
2016-09-06,16.25,16.25,16.4,16.25,16.4,660538
2016-09-07,16.25,16.25,16.3,16.15,16.3,451635
2016-09-08,16.3,16.3,16.35,16.2,16.25,304458
2016-09-09,16.3,16.3,16.45,16.25,16.3,397438
2016-09-12,16.3,16.3,16.45,16.3,16.3,683170
2016-09-13,16.25,16.25,16.4,16.25,16.35,310111
2016-09-14,16.2,16.2,16.3,16.15,16.2,284027
2016-09-19,16.25,16.25,16.4,16.2,16.4,326203
2016-09-20,16.2,16.2,16.3,16.2,16.25,469657
2016-09-21,16.5,16.5,16.55,16.2,16.25,1134969
2016-09-22,16.7,16.7,16.8,16.6,16.7,2069871
2016-09-23,16.75,16.75,16.85,16.7,16.8,922006
2016-09-26,16.8,16.8,16.85,16.75,16.8,442649
2016-09-29,16.75,16.75,16.85,16.7,16.8,741708
2016-09-30,16.7,16.7,16.8,16.65,16.8,464592
2016-10-03,16.8,16.8,17.0,16.75,16.75,736529
2016-10-04,16.9,16.9,17.0,16.85,17.0,753027
2016-10-05,16.85,16.85,16.9,16.85,16.9,540503
2016-10-06,17.0,17.0,17.05,16.8,16.9,1716133
2016-10-07,16.8,16.8,17.0,16.75,17.0,1231100
2016-10-11,16.5,16.5,16.8,16.45,16.8,1159739
2016-10-12,17.05,17.05,17.2,16.4,16.5,1497284
2016-10-13,16.85,16.85,17.25,16.75,17.1,4752825
2016-10-14,16.55,16.55,16.85,16.45,16.85,1284700
2016-10-17,16.5,16.5,16.6,16.45,16.55,572259
2016-10-18,16.6,16.6,16.8,16.5,16.5,579640
2016-10-19,16.65,16.65,16.75,16.6,16.75,391583
2016-10-20,16.95,16.95,17.05,16.7,16.8,1765507
2016-10-21,16.85,16.85,17.15,16.8,17.1,1303333
2016-10-24,17.1,17.1,17.25,16.95,17.1,3693198
2016-10-25,16.9,16.9,17.1,16.9,17.1,1517123
2016-10-26,16.85,16.85,17.0,16.85,16.9,638194
2016-10-27,16.9,16.9,17.05,16.8,17.0,762503
2016-10-28,16.9,16.9,17.0,16.85,17.0,421151
2016-10-31,16.9,16.9,16.95,16.8,16.85,388115
2016-11-01,16.85,16.85,16.95,16.75,16.95,570603
2016-11-02,16.65,16.65,16.85,16.65,16.85,10909607
2016-11-03,16.65,16.65,16.9,16.6,16.8,813608
2016-11-04,16.7,16.7,16.7,16.6,16.65,486325
2016-11-07,16.7,16.7,16.8,16.65,16.75,368169
2016-11-08,16.65,16.65,16.75,16.65,16.7,316788
2016-11-09,16.35,16.35,16.75,16.25,16.7,1008602
2016-11-10,16.65,16.65,16.8,16.55,16.6,767906
2016-11-11,16.55,16.55,16.7,16.55,16.65,450238
2016-11-14,16.6,16.6,16.7,16.55,16.65,400418
2016-11-15,16.75,16.75,16.85,16.6,16.65,636563
2016-11-16,16.85,16.85,16.9,16.75,16.8,321382
2016-11-17,16.8,16.8,16.9,16.75,16.85,488219
2016-11-18,16.8,16.8,16.9,16.75,16.8,469403
2016-11-21,16.95,16.95,17.0,16.85,17.0,1036991
2016-11-22,16.8,16.8,16.95,16.75,16.9,1239982
2016-11-23,16.85,16.85,16.95,16.8,16.9,622423
2016-11-24,16.9,16.9,16.95,16.8,16.85,811905
2016-11-25,16.95,16.95,17.05,16.9,16.9,882064
2016-11-28,17.05,17.05,17.15,16.95,16.95,2489229
2016-11-29,17.0,17.0,17.05,16.95,17.0,1009418
2016-11-30,16.9,16.9,17.1,16.9,17.1,776735
2016-12-01,17.05,17.05,17.15,16.95,16.95,2381027
2016-12-02,17.0,17.0,17.3,16.95,17.1,3278616
2016-12-05,17.1,17.1,17.2,17.0,17.1,986550
2016-12-06,17.05,17.05,17.15,17.05,17.15,807764
2016-12-07,17.1,17.1,17.15,17.05,17.1,958031
2016-12-08,17.1,17.1,17.2,17.05,17.15,1215702
2016-12-09,16.95,16.95,17.15,16.95,17.15,1821726
2016-12-12,16.85,16.85,17.0,16.85,17.0,963286
2016-12-13,16.85,16.85,16.95,16.8,16.85,838090
2016-12-14,16.85,16.85,16.95,16.8,16.9,424316
2016-12-15,16.9,16.9,16.95,16.8,16.85,298775
2016-12-16,17.0,17.0,17.05,16.8,16.95,851921
2016-12-19,17.0,17.0,17.1,17.0,17.0,980483
2016-12-20,17.0,17.0,17.1,17.0,17.05,572699
2016-12-21,17.1,17.1,17.2,17.1,17.1,1430433
2016-12-22,17.0,17.0,17.15,17.0,17.15,656658
2016-12-23,17.05,17.05,17.1,17.0,17.05,760652
2016-12-26,16.95,16.95,17.1,16.95,17.05,345897
2016-12-27,16.85,16.85,17.0,16.8,16.95,1015553
2016-12-28,16.9,16.9,16.95,16.85,16.9,336452
2016-12-29,16.85,16.85,16.95,16.85,16.95,424600
2016-12-30,16.95,16.95,16.95,16.85,16.9,295572
2017-01-03,16.95,16.95,17.0,16.9,16.95,581577
2017-01-04,16.95,16.95,17.05,16.9,17.0,347716
2017-01-05,17.0,17.0,17.0,16.9,16.95,711545
2017-01-06,16.95,16.95,17.0,16.95,17.0,382311
2017-01-09,17.0,17.0,17.1,17.0,17.0,621330
2017-01-10,17.0,17.0,17.1,17.0,17.05,515512
2017-01-11,17.1,17.1,17.15,17.05,17.1,897730
2017-01-12,17.1,17.1,17.15,17.1,17.1,565687
2017-01-13,17.05,17.05,17.15,17.0,17.15,507370
2017-01-16,16.9,16.9,17.05,16.9,17.05,536614
2017-01-17,16.9,16.9,17.0,16.9,16.9,431723
2017-01-18,16.95,16.95,17.0,16.9,16.9,286423
2017-01-19,17.05,17.05,17.05,16.85,16.95,631590
2017-01-20,17.0,17.0,17.1,16.9,17.05,1264244
2017-01-23,17.05,17.05,17.15,17.05,17.1,860469
2017-01-24,17.0,17.0,17.1,16.95,17.1,812614
2017-02-02,17.1,17.1,17.15,17.05,17.1,977768
2017-02-03,17.05,17.05,17.15,17.05,17.1,1394920
2017-02-06,17.25,17.25,17.25,17.05,17.1,1787568
2017-02-07,18.1,18.1,18.15,17.3,17.35,5152916
2017-02-08,17.75,17.75,18.05,17.7,18.05,2331207
2017-02-09,17.7,17.7,17.9,17.55,17.75,1762575
2017-02-10,17.8,17.8,18.15,17.75,17.8,2067670
2017-02-13,17.7,17.7,17.9,17.7,17.85,1356545
2017-02-14,17.8,17.8,17.9,17.7,17.8,948156
2017-02-15,17.8,17.8,17.9,17.75,17.85,1416443
2017-02-16,17.85,17.85,17.9,17.7,17.85,1412097
2017-02-17,18.55,18.55,18.7,18.1,18.1,8191024
2017-02-20,18.45,18.45,18.7,18.45,18.65,1021577
2017-02-21,18.35,18.35,18.55,18.3,18.5,1535411
2017-02-22,18.25,18.25,18.5,18.25,18.35,1347216
2017-02-23,18.3,18.3,18.45,18.25,18.4,1150134
2017-02-24,18.45,18.45,18.55,18.3,18.35,920006
2017-03-01,18.3,18.3,18.65,18.2,18.6,1093945
2017-03-02,18.6,18.6,18.75,18.35,18.45,2312405
2017-03-03,18.65,18.65,18.7,18.55,18.7,1094367
2017-03-06,18.55,18.55,18.7,18.55,18.6,782157
2017-03-07,18.65,18.65,18.65,18.55,18.55,671525
2017-03-08,18.65,18.65,18.75,18.6,18.7,772837
2017-03-09,18.5,18.5,18.7,18.5,18.65,596420
2017-03-10,18.2,18.2,18.5,18.15,18.45,1731679
2017-03-13,18.3,18.3,18.35,18.2,18.2,583982
2017-03-14,18.3,18.3,18.45,18.25,18.3,627516
2017-03-15,18.35,18.35,18.4,18.25,18.3,530600
2017-03-16,18.45,18.45,18.5,18.35,18.35,1083017
2017-03-17,18.45,18.45,18.55,18.4,18.45,716257
2017-03-20,18.45,18.45,18.6,18.45,18.5,1111026
2017-03-21,18.35,18.35,18.55,18.35,18.45,1233263
2017-03-22,18.4,18.4,18.45,18.25,18.3,722283
2017-03-23,18.5,18.5,18.6,18.4,18.4,865508
2017-03-24,18.6,18.6,18.6,18.45,18.5,672939
2017-03-27,19.4,19.4,19.85,19.2,19.6,6250779
2017-03-28,19.5,19.5,19.6,19.3,19.5,3279234
2017-03-29,19.7,19.7,19.75,19.5,19.5,2146010
2017-03-30,19.65,19.65,19.8,19.65,19.7,1851431
2017-03-31,20.15,20.15,20.3,19.7,19.7,3430946
2017-04-05,20.7,20.7,20.8,20.3,20.35,2762427
2017-04-06,21.0,21.0,21.0,20.4,20.75,2481949
2017-04-07,20.85,20.85,21.0,20.55,21.0,2940721
2017-04-10,20.4,20.4,20.85,20.35,20.8,1807057
2017-04-11,20.45,20.45,20.6,20.4,20.6,1460194
2017-04-12,20.6,20.6,20.6,20.25,20.5,2289116
2017-04-13,20.75,20.75,20.75,20.45,20.5,1228587
2017-04-14,20.45,20.45,20.65,20.4,20.6,1725046
2017-04-17,20.1,20.1,20.5,19.9,20.45,1952169
2017-04-18,20.25,20.25,20.4,20.1,20.1,641433
2017-04-19,20.1,20.1,20.25,20.0,20.25,861872
2017-04-21,20.2,20.2,20.35,20.2,20.3,632123
2017-04-24,20.2,20.2,20.3,20.2,20.2,433832
2017-04-25,20.3,20.3,20.35,20.2,20.3,700444
2017-04-26,20.35,20.35,20.45,20.35,20.4,927671
2017-04-27,20.4,20.4,20.4,20.25,20.35,695170
2017-04-28,20.25,20.25,20.4,20.25,20.4,644362
2017-05-02,20.25,20.25,20.4,20.25,20.3,563669
2017-05-03,20.25,20.25,20.35,20.2,20.3,962521
2017-05-04,20.25,20.25,20.3,20.2,20.25,754893
2017-05-05,20.0,20.0,20.25,19.95,20.25,1566423
2017-05-08,19.85,19.85,20.05,19.8,20.0,1476200
2017-05-09,19.75,19.75,19.9,19.7,19.85,897785
2017-05-10,19.8,19.8,19.8,19.7,19.7,535482
2017-05-11,19.85,19.85,19.95,19.8,19.85,580112
2017-05-12,19.7,19.7,19.85,19.65,19.8,658700
2017-05-15,19.95,19.95,20.0,19.4,19.55,1483093
2017-05-16,19.75,19.75,20.0,19.7,19.95,623387
2017-05-17,19.7,19.7,19.8,19.65,19.8,489700
2017-05-18,19.75,19.75,19.8,19.55,19.7,481125
2017-05-19,19.8,19.8,19.85,19.7,19.8,422912
2017-05-22,19.9,19.9,19.95,19.9,19.9,665403
2017-05-23,19.95,19.95,19.95,19.9,19.95,412465
2017-05-24,19.95,19.95,19.95,19.85,19.9,418632
2017-05-25,20.05,20.05,20.1,19.9,19.9,899576
2017-05-26,20.1,20.1,20.2,20.05,20.1,622120
2017-05-31,20.1,20.1,20.15,20.05,20.1,576285
2017-06-01,20.05,20.05,20.15,20.0,20.1,519210
2017-06-02,20.05,20.05,20.1,20.0,20.05,497626
2017-06-05,20.05,20.05,20.15,20.0,20.1,602483
2017-06-06,20.05,20.05,20.1,20.0,20.05,422371
2017-06-07,20.0,20.0,20.15,19.95,20.05,621116
2017-06-08,20.05,20.05,20.05,19.95,20.0,384814
2017-06-09,20.0,20.0,20.05,19.95,20.05,611734
2017-06-12,19.85,19.85,20.0,19.85,19.95,588443
2017-06-13,19.9,19.9,19.95,19.85,19.85,321241
2017-06-14,19.9,19.9,20.0,19.85,19.95,494498
2017-06-15,19.85,19.85,19.9,19.8,19.9,345955
2017-06-16,19.85,19.85,19.9,19.8,19.85,201535
2017-06-19,19.7,19.7,19.85,19.7,19.85,1268877
2017-06-20,19.75,19.75,19.8,19.7,19.7,527430
2017-06-21,19.85,19.85,19.85,19.75,19.8,359915
2017-06-22,19.8,19.8,19.9,19.75,19.85,489450
2017-06-23,20.0,20.0,20.0,19.8,19.85,431023
2017-06-26,20.05,20.05,20.1,19.95,20.0,739201
2017-06-27,20.0,20.0,20.1,19.95,20.1,479474
2017-06-28,20.0,20.0,20.1,19.95,19.95,811774
2017-06-29,20.0,20.0,20.1,19.95,20.1,547679
2017-06-30,20.0,20.0,20.05,19.95,20.0,513321
2017-07-03,19.95,19.95,20.1,19.95,20.05,755911
2017-07-04,20.0,20.0,20.05,19.95,20.0,693840
2017-07-05,20.0,20.0,20.0,19.9,20.0,551321
2017-07-06,20.0,20.0,20.0,19.95,20.0,449688
2017-07-07,19.9,19.9,19.95,19.85,19.95,615948
2017-07-10,19.7,19.7,20.0,19.7,19.95,978768
2017-07-11,19.1,19.1,19.6,19.05,19.6,3376097
2017-07-12,19.25,19.25,19.25,19.05,19.1,984317
2017-07-13,19.3,19.3,19.4,19.15,19.25,775003
2017-07-14,19.35,19.35,19.35,19.2,19.3,904720
2017-07-17,19.5,19.5,19.5,19.3,19.35,730392
2017-07-18,19.65,19.65,19.7,19.5,19.55,891916
2017-07-19,19.75,19.75,19.85,19.75,19.75,919400
2017-07-20,19.8,19.8,19.85,19.75,19.8,585583
2017-07-21,19.85,19.85,19.95,19.8,19.8,696506
2017-07-24,20.0,20.0,20.05,19.95,19.95,840681
2017-07-25,19.85,19.85,20.05,19.85,20.05,506285
2017-07-26,19.9,19.9,19.95,19.85,19.9,262651
2017-07-27,20.0,20.0,20.0,19.9,19.95,410548
2017-07-28,20.0,20.0,20.1,19.95,20.05,808487
2017-07-31,19.95,19.95,20.0,19.9,20.0,259839
2017-08-01,20.15,20.15,20.2,20.0,20.05,1220019
2017-08-02,20.35,20.35,20.35,20.1,20.15,1068762
2017-08-03,20.4,20.4,20.4,20.3,20.35,789831
2017-08-04,20.4,20.4,20.4,20.3,20.4,664209
2017-08-07,20.6,20.6,20.65,20.4,20.4,1803157
2017-08-08,20.65,20.65,20.7,20.55,20.6,1202419
2017-08-09,20.6,20.6,20.65,20.55,20.6,695792
2017-08-10,20.1,20.1,20.6,20.05,20.6,1994001
2017-08-11,20.3,20.3,20.35,20.15,20.15,606057
2017-08-14,20.2,20.2,20.4,20.15,20.35,864225
2017-08-15,20.2,20.2,20.4,20.2,20.3,1052067
2017-08-16,20.2,20.2,20.35,20.2,20.2,873856
2017-08-17,20.2,20.2,20.3,20.2,20.2,1237068
2017-08-18,20.2,20.2,20.3,20.2,20.2,1185256
2017-08-21,20.5,20.5,20.5,20.25,20.3,1662080
2017-08-22,20.45,20.45,20.6,20.4,20.55,4763170
2017-08-23,20.3,20.3,20.5,20.25,20.45,3907884
2017-08-24,18.6,18.6,18.6,18.15,18.2,2918841
2017-08-25,18.65,18.65,18.85,18.6,18.6,1682762
2017-08-28,18.6,18.6,18.9,18.6,18.9,1130075
2017-08-29,18.5,18.5,18.6,18.4,18.5,715275
2017-08-30,18.4,18.4,18.6,18.4,18.55,951604
2017-08-31,18.5,18.5,18.5,18.4,18.4,610463
2017-09-01,18.45,18.45,18.55,18.45,18.5,556664
2017-09-04,18.55,18.55,18.8,18.4,18.4,2471281
2017-09-05,18.65,18.65,18.7,18.6,18.65,656269
2017-09-06,18.5,18.5,18.6,18.45,18.6,885308
2017-09-07,18.5,18.5,18.6,18.5,18.55,423700
2017-09-08,18.45,18.45,18.55,18.4,18.5,633634
2017-09-11,18.45,18.45,18.5,18.25,18.35,1301859
2017-09-12,18.6,18.6,18.65,18.35,18.5,1051176
2017-09-13,18.45,18.45,18.6,18.4,18.6,439144
2017-09-14,18.4,18.4,18.45,18.35,18.4,444405
2017-09-15,18.6,18.6,18.6,18.3,18.4,1173699
2017-09-18,18.45,18.45,18.65,18.4,18.65,590918
2017-09-19,18.35,18.35,18.5,18.3,18.5,431386
2017-09-20,18.3,18.3,18.35,18.2,18.3,634688
2017-09-21,18.2,18.2,18.3,18.15,18.3,584036
2017-09-22,18.15,18.15,18.15,18.0,18.15,1066711
2017-09-25,18.0,18.0,18.05,17.9,18.05,854767
2017-09-26,17.9,17.9,18.1,17.9,17.9,476074
2017-09-27,17.9,17.9,17.95,17.8,17.9,343993
2017-09-28,17.9,17.9,17.9,17.8,17.9,421140
2017-09-29,17.9,17.9,17.9,17.8,17.9,247602
2017-10-02,18.0,18.0,18.0,17.9,18.0,418649
2017-10-03,17.95,17.95,18.05,17.9,18.05,414123
2017-10-05,17.95,17.95,18.0,17.9,18.0,379210
2017-10-06,17.95,17.95,18.0,17.9,18.0,425580
2017-10-11,18.2,18.2,18.2,18.0,18.0,743626
2017-10-12,18.15,18.15,18.25,18.1,18.2,391828
2017-10-13,18.25,18.25,18.3,18.15,18.15,510429
2017-10-16,18.7,18.7,18.75,18.3,18.3,1557327
2017-10-17,18.7,18.7,18.85,18.6,18.7,786252
2017-10-18,18.7,18.7,18.75,18.55,18.75,542249
2017-10-19,18.65,18.65,18.75,18.6,18.7,287579
2017-10-20,17.95,17.95,18.7,17.95,18.7,1687467
2017-10-23,18.3,18.3,18.35,18.15,18.15,749252
2017-10-24,18.3,18.3,18.4,18.2,18.3,351489
2017-10-25,18.35,18.35,18.45,18.35,18.35,364161
2017-10-26,18.35,18.35,18.4,18.25,18.4,270061
2017-10-27,18.35,18.35,18.55,18.3,18.4,482990
2017-10-30,18.35,18.35,18.45,18.3,18.4,193993
2017-10-31,18.45,18.45,18.5,18.3,18.3,335067
2017-11-01,18.35,18.35,18.45,18.25,18.45,419638
2017-11-02,18.4,18.4,18.4,18.25,18.35,285172
2017-11-03,18.4,18.4,18.4,18.35,18.4,152766
2017-11-06,18.4,18.4,18.5,18.3,18.4,539940
2017-11-07,18.4,18.4,18.5,18.3,18.5,222461
2017-11-08,18.3,18.3,18.4,18.2,18.4,325689
2017-11-09,18.2,18.2,18.35,18.15,18.35,600676
2017-11-10,18.35,18.35,18.4,18.15,18.3,413081
2017-11-13,18.35,18.35,18.45,18.25,18.35,539374
2017-11-14,18.25,18.25,18.35,18.1,18.35,561801
2017-11-15,18.15,18.15,18.2,18.05,18.15,483905
2017-11-16,18.15,18.15,18.15,18.05,18.15,371710
2017-11-17,18.15,18.15,18.2,18.1,18.15,251015
2017-11-20,18.1,18.1,18.25,18.0,18.25,446888
2017-11-21,18.2,18.2,18.25,18.1,18.15,707377
2017-11-22,18.25,18.25,18.25,18.15,18.2,421206
2017-11-23,18.5,18.5,18.75,18.35,18.4,1605838
2017-11-24,18.45,18.45,18.5,18.4,18.5,332665
2017-11-27,18.4,18.4,18.5,18.3,18.45,291955
2017-11-28,18.4,18.4,18.5,18.3,18.4,372403
2017-11-29,18.45,18.45,18.45,18.4,18.4,268713
2017-11-30,18.5,18.5,18.5,18.4,18.4,340578
2017-12-01,18.4,18.4,18.5,18.35,18.5,598259
2017-12-04,18.4,18.4,18.5,18.35,18.4,413140
2017-12-05,18.4,18.4,18.45,18.25,18.4,522010
2017-12-06,18.3,18.3,18.45,18.25,18.4,317828
2017-12-07,18.2,18.2,18.3,18.15,18.3,534719
2017-12-08,18.2,18.2,18.3,18.1,18.3,610803
2017-12-11,18.3,18.3,18.35,18.1,18.15,333032
2017-12-12,18.2,18.2,18.35,18.2,18.35,219972
2017-12-13,18.3,18.3,18.3,18.2,18.2,94899
2017-12-14,18.2,18.2,18.3,18.2,18.3,241226
2017-12-15,18.2,18.2,18.2,18.15,18.2,209344
2017-12-18,18.2,18.2,18.25,18.15,18.2,208077
2017-12-19,18.2,18.2,18.25,18.15,18.2,135794
2017-12-20,18.2,18.2,18.35,18.15,18.35,576185
2017-12-21,18.1,18.1,18.2,18.1,18.15,500551
2017-12-22,18.1,18.1,18.15,18.05,18.1,447315
2017-12-25,18.1,18.1,18.15,18.05,18.1,317550
2017-12-26,18.1,18.1,18.1,18.0,18.1,355177
2017-12-27,18.05,18.05,18.1,18.0,18.1,371484
2017-12-28,18.05,18.05,18.1,18.05,18.05,310905
2017-12-29,18.15,18.15,18.15,18.0,18.0,378442
2018-01-02,18.0,18.0,18.15,17.9,18.15,1294521
2018-01-03,18.05,18.05,18.05,18.0,18.0,679533
2018-01-04,18.1,18.1,18.15,18.05,18.05,305782
2018-01-05,18.15,18.15,18.15,18.0,18.1,325992
2018-01-08,18.1,18.1,18.15,18.05,18.15,517074
2018-01-09,18.3,18.3,18.4,18.1,18.1,1802885
2018-01-10,18.15,18.15,18.4,18.15,18.35,471698
2018-01-11,18.05,18.05,18.2,18.05,18.2,475929
2018-01-12,18.05,18.05,18.15,18.05,18.1,278325
2018-01-15,18.05,18.05,18.15,18.05,18.1,218008
2018-01-16,18.2,18.2,18.2,18.05,18.1,313948
2018-01-17,18.15,18.15,18.2,18.05,18.2,262826
2018-01-18,18.2,18.2,18.25,18.1,18.1,448453
2018-01-19,18.15,18.15,18.25,18.15,18.2,338481
2018-01-22,18.2,18.2,18.25,18.15,18.25,569392
2018-01-23,18.25,18.25,18.3,18.2,18.25,408280
2018-01-24,18.25,18.25,18.4,18.2,18.3,1256363
2018-01-25,18.4,18.4,18.4,18.25,18.3,620982
2018-01-26,18.35,18.35,18.45,18.35,18.4,438447
2018-01-29,18.25,18.25,18.4,18.25,18.35,481235
2018-01-30,18.2,18.2,18.3,18.15,18.3,217323
2018-01-31,18.2,18.2,18.2,18.1,18.2,219088
2018-02-01,18.15,18.15,18.3,18.15,18.3,253273
2018-02-02,18.1,18.1,18.15,18.05,18.15,105296
2018-02-05,18.05,18.05,18.1,17.9,18.0,410148
2018-02-06,17.5,17.5,17.85,17.35,17.85,1767837
2018-02-07,17.6,17.6,17.8,17.55,17.7,520967
2018-02-08,17.6,17.6,17.65,17.55,17.6,192942
2018-02-09,17.5,17.5,17.5,17.25,17.45,580836
2018-02-12,17.45,17.45,17.6,17.35,17.6,343812
2018-02-21,17.65,17.65,17.65,17.5,17.6,248508
2018-02-22,17.65,17.65,17.65,17.5,17.5,156164
2018-02-23,17.65,17.65,17.7,17.55,17.7,262099
2018-02-26,17.75,17.75,17.75,17.6,17.75,199819
2018-02-27,17.75,17.75,17.8,17.7,17.75,143923
2018-03-01,17.7,17.7,17.75,17.6,17.75,169781
2018-03-02,17.7,17.7,17.7,17.6,17.65,150064
2018-03-05,17.6,17.6,17.75,17.6,17.7,270302
2018-03-06,17.6,17.6,17.7,17.6,17.6,142223
2018-03-07,17.55,17.55,17.65,17.55,17.6,235650
2018-03-08,17.55,17.55,17.6,17.5,17.55,398483
2018-03-09,18.1,18.1,18.15,17.55,17.55,522646
2018-03-12,18.15,18.15,18.35,18.15,18.2,1129844
2018-03-13,18.1,18.1,18.15,18.05,18.15,177067
2018-03-14,18.3,18.3,18.3,18.05,18.1,743753
2018-03-15,18.3,18.3,18.45,18.25,18.25,533909
2018-03-16,18.2,18.2,18.3,18.15,18.3,235253
2018-03-19,18.35,18.35,18.5,18.2,18.2,819290
2018-03-20,18.3,18.3,18.35,18.2,18.35,230651
2018-03-21,18.3,18.3,18.35,18.25,18.3,268390
2018-03-22,18.3,18.3,18.4,18.3,18.4,436390
2018-03-23,18.7,18.7,18.9,18.4,18.45,3019069
2018-03-26,18.9,18.9,19.05,18.7,18.7,2055883
2018-03-27,18.95,18.95,19.1,18.85,19.05,1255331
2018-03-28,18.9,18.9,18.95,18.85,18.9,433951
2018-03-29,18.9,18.9,19.0,18.9,18.95,321935
2018-03-30,18.9,18.9,19.0,18.9,18.9,722063
2018-04-02,19.2,19.2,19.2,19.1,19.1,719930
2018-04-03,19.05,19.05,19.15,19.0,19.15,479701
2018-04-09,19.05,19.05,19.15,18.95,19.15,723269
2018-04-10,19.0,19.0,19.1,19.0,19.1,643554
2018-04-11,18.75,18.75,19.0,18.7,19.0,2085748
2018-04-12,18.65,18.65,18.75,18.6,18.75,1143599
2018-04-13,18.75,18.75,18.75,18.6,18.7,396228
2018-04-16,18.75,18.75,18.9,18.75,18.75,370374
2018-04-17,18.7,18.7,18.8,18.65,18.75,341564
2018-04-18,18.75,18.75,18.9,18.7,18.7,389399
2018-04-19,18.75,18.75,18.8,18.7,18.75,180919
2018-04-20,18.8,18.8,18.8,18.7,18.7,288164
2018-04-23,18.8,18.8,18.85,18.75,18.8,275231
2018-04-24,18.6,18.6,18.8,18.6,18.8,647633
2018-04-25,18.8,18.8,18.8,18.5,18.55,281445
2018-04-26,18.6,18.6,18.8,18.6,18.8,319385
2018-04-27,18.7,18.7,18.7,18.6,18.6,255634
2018-04-30,18.7,18.7,18.8,18.65,18.65,167863
2018-05-02,18.75,18.75,18.85,18.7,18.7,256001
2018-05-03,18.7,18.7,18.75,18.7,18.7,130222
2018-05-04,18.7,18.7,18.8,18.65,18.7,245864
2018-05-07,18.7,18.7,18.8,18.55,18.8,367489
2018-05-08,18.75,18.75,18.75,18.65,18.65,169906
2018-05-09,18.7,18.7,18.75,18.65,18.75,146700
2018-05-10,18.7,18.7,18.8,18.7,18.7,276012
2018-05-11,18.85,18.85,18.85,18.7,18.8,384936
2018-05-14,18.9,18.9,18.95,18.8,18.85,510854
2018-05-15,18.8,18.8,18.95,18.8,18.9,688142
2018-05-16,18.8,18.8,18.85,18.7,18.7,394748
2018-05-17,18.75,18.75,18.85,18.7,18.8,184967
2018-05-18,18.9,18.9,18.9,18.75,18.75,367527
2018-05-21,19.0,19.0,19.0,18.9,18.9,410753
2018-05-22,18.9,18.9,19.1,18.9,19.0,431278
2018-05-23,18.85,18.85,19.0,18.85,18.9,239572
2018-05-24,18.95,18.95,18.95,18.85,18.9,171049
2018-05-25,18.9,18.9,19.0,18.9,18.95,232179
2018-05-28,18.95,18.95,19.0,18.9,18.95,160607
2018-05-29,18.9,18.9,19.0,18.85,18.85,237879
2018-05-30,18.9,18.9,18.95,18.75,18.85,236435
2018-05-31,18.9,18.9,18.9,18.8,18.9,283512
2018-06-01,18.9,18.9,19.0,18.85,18.85,194084
2018-06-04,19.0,19.0,19.05,18.95,19.0,458086
2018-06-05,18.95,18.95,19.1,18.95,19.0,311056
2018-06-06,19.05,19.05,19.1,18.85,18.9,397332
2018-06-07,19.0,19.0,19.15,19.0,19.1,289960
2018-06-08,19.0,19.0,19.05,18.95,19.0,240042
2018-06-11,19.1,19.1,19.15,19.0,19.1,366150
2018-06-12,19.1,19.1,19.2,19.05,19.1,401952
2018-06-13,19.0,19.0,19.15,18.95,19.1,487456
2018-06-14,18.9,18.9,19.05,18.9,19.0,619602
2018-06-15,18.95,18.95,19.1,18.95,19.0,383782
2018-06-19,18.8,18.8,19.05,18.75,19.0,637005
2018-06-20,18.85,18.85,18.9,18.7,18.9,839599
2018-06-21,18.9,18.9,18.95,18.8,18.85,323408
2018-06-22,18.75,18.75,18.9,18.75,18.85,476921
2018-06-25,18.9,18.9,18.95,18.75,18.75,322816
2018-06-26,18.9,18.9,18.9,18.75,18.9,242049
2018-06-27,18.9,18.9,19.0,18.8,18.9,167596
2018-06-28,18.85,18.85,18.95,18.8,18.9,230980
2018-06-29,18.9,18.9,18.95,18.85,18.9,438299
2018-07-02,18.85,18.85,18.95,18.8,18.9,491301
2018-07-03,18.7,18.7,18.9,18.7,18.85,498367
2018-07-04,18.8,18.8,18.85,18.7,18.7,449601
2018-07-05,18.75,18.75,18.85,18.75,18.8,105196
2018-07-06,18.75,18.75,18.85,18.7,18.8,234963
2018-07-09,18.9,18.9,18.9,18.8,18.8,157427
2018-07-10,19.0,19.0,19.2,19.0,19.1,628095
2018-07-11,18.95,18.95,19.0,18.9,19.0,200134
2018-07-12,18.95,18.95,19.0,18.9,18.95,191781
2018-07-13,18.9,18.9,19.0,18.9,19.0,280500
2018-07-16,19.0,19.0,19.0,18.9,18.9,242510
2018-07-17,18.95,18.95,19.05,18.95,19.0,156862
2018-07-18,19.0,19.0,19.1,18.9,19.0,356857
2018-07-19,18.9,18.9,19.1,18.85,19.0,499273
2018-07-20,18.9,18.9,19.1,18.85,18.9,537499
2018-07-23,19.0,19.0,19.05,18.85,18.9,437384
2018-07-24,19.1,19.1,19.1,18.95,19.0,287628
2018-07-25,19.1,19.1,19.1,19.0,19.1,169526
2018-07-26,19.05,19.05,19.1,19.05,19.1,413684
2018-07-27,19.1,19.1,19.15,19.05,19.05,274858
2018-07-30,19.15,19.15,19.15,19.05,19.1,452236
2018-07-31,19.1,19.1,19.15,19.1,19.1,226443
2018-08-01,19.2,19.2,19.2,19.1,19.15,406819
2018-08-02,19.15,19.15,19.2,19.1,19.2,326871
2018-08-03,19.15,19.15,19.2,19.1,19.15,373664
2018-08-06,19.2,19.2,19.2,19.1,19.15,388074
2018-08-07,19.1,19.1,19.2,19.1,19.2,353883
2018-08-08,19.1,19.1,19.2,19.1,19.15,436466
2018-08-09,19.2,19.2,19.2,19.1,19.15,324321
2018-08-10,19.2,19.2,19.25,19.15,19.15,592517
2018-08-13,19.0,19.0,19.2,18.9,19.15,1087841
2018-08-14,19.1,19.1,19.1,19.0,19.0,737781
2018-08-15,19.0,19.0,19.05,18.95,19.0,761999
2018-08-16,19.0,19.0,19.05,18.9,18.9,453789
2018-08-17,19.1,19.1,19.15,19.0,19.0,630651
2018-08-20,19.2,19.2,19.25,19.1,19.1,1098651
2018-08-21,19.15,19.15,19.2,19.1,19.2,999395
2018-08-22,19.15,19.15,19.2,19.1,19.15,1954100
2018-08-23,17.85,17.85,17.95,17.75,17.75,1569504
2018-08-24,17.8,17.8,17.85,17.7,17.85,805881
2018-08-27,17.75,17.75,17.8,17.7,17.7,463874
2018-08-28,17.85,17.85,17.85,17.7,17.75,507014
2018-08-29,17.85,17.85,17.9,17.8,17.85,229456
2018-08-30,17.9,17.9,17.95,17.85,17.9,312753
2018-08-31,17.85,17.85,17.95,17.85,17.95,207808
2018-09-03,17.8,17.8,17.9,17.8,17.85,215726
2018-09-04,17.85,17.85,17.9,17.8,17.8,90403
2018-09-05,17.85,17.85,17.85,17.8,17.85,229187
2018-09-06,17.8,17.8,17.9,17.75,17.85,239346
2018-09-07,17.75,17.75,17.85,17.7,17.8,516599
2018-09-10,17.65,17.65,17.7,17.6,17.7,560288
2018-09-11,17.7,17.7,17.7,17.65,17.65,328696
2018-09-12,17.65,17.65,17.8,17.65,17.8,191007
2018-09-13,17.9,17.9,17.9,17.7,17.7,213400
2018-09-14,17.85,17.85,17.9,17.8,17.9,195912
2018-09-17,17.75,17.75,17.85,17.65,17.65,151240
2018-09-18,17.8,17.8,18.0,17.7,17.7,178510
2018-09-19,17.95,17.95,17.95,17.75,17.8,149894
2018-09-20,17.9,17.9,17.95,17.8,17.95,182026
2018-09-21,17.8,17.8,17.95,17.8,17.95,198201
2018-09-25,17.8,17.8,17.85,17.75,17.8,118151
2018-09-26,17.8,17.8,17.85,17.8,17.85,136269
2018-09-27,17.85,17.85,17.85,17.8,17.8,124036
2018-09-28,17.8,17.8,17.85,17.8,17.85,260642
2018-10-01,17.75,17.75,17.9,17.75,17.8,142590
2018-10-02,17.8,17.8,17.85,17.75,17.85,178398
2018-10-03,17.8,17.8,17.85,17.75,17.85,188364
2018-10-04,17.8,17.8,17.85,17.75,17.8,113526
2018-10-05,17.85,17.85,18.25,17.75,17.75,2031921
2018-10-08,17.95,17.95,17.95,17.85,17.85,257413
2018-10-09,17.9,17.9,17.95,17.85,17.95,221655
2018-10-11,17.4,17.4,17.65,17.35,17.65,1348442
2018-10-12,17.5,17.5,17.55,17.35,17.35,707032
2018-10-15,17.45,17.45,17.65,17.4,17.5,724521
2018-10-16,17.5,17.5,17.55,17.45,17.45,193388
2018-10-17,17.6,17.6,17.65,17.5,17.6,241749
2018-10-18,17.5,17.5,17.55,17.45,17.5,193837
2018-10-19,17.35,17.35,17.45,17.35,17.45,792679
2018-10-22,17.5,17.5,17.5,17.35,17.4,195786
2018-10-23,17.15,17.15,17.45,17.1,17.45,625304
2018-10-24,17.2,17.2,17.3,17.0,17.15,271439
2018-10-25,16.9,16.9,17.0,16.6,17.0,618940
2018-10-26,16.9,16.9,17.1,16.7,17.1,286548
2018-10-29,16.7,16.7,16.8,16.55,16.8,341072
2018-10-30,16.4,16.4,16.8,16.15,16.8,453401
2018-10-31,16.5,16.5,16.6,16.4,16.5,257458
2018-11-01,16.6,16.6,16.7,16.5,16.5,228450
2018-11-02,16.65,16.65,16.7,16.55,16.6,183640
2018-11-05,16.65,16.65,16.7,16.65,16.7,146579
2018-11-06,16.65,16.65,16.75,16.55,16.75,226079
2018-11-07,16.6,16.6,16.65,16.6,16.6,134298
2018-11-08,16.7,16.7,16.7,16.6,16.65,268628
2018-11-09,16.65,16.65,16.75,16.5,16.75,132829
2018-11-12,16.65,16.65,16.7,16.55,16.55,55174
2018-11-13,16.6,16.6,16.65,16.5,16.65,73634
2018-11-14,16.5,16.5,16.65,16.45,16.6,350126
2018-11-15,16.25,16.25,16.45,16.25,16.45,496094
2018-11-16,16.2,16.2,16.25,16.15,16.25,356555
2018-11-19,16.2,16.2,16.25,16.15,16.2,127419
2018-11-20,16.25,16.25,16.25,16.15,16.25,181000
2018-11-21,16.2,16.2,16.2,16.1,16.2,260821
2018-11-22,16.2,16.2,16.3,16.15,16.2,196107
2018-11-23,16.2,16.2,16.2,16.1,16.2,223550
2018-11-26,16.2,16.2,16.4,16.05,16.2,329852
2018-11-27,16.1,16.1,16.2,16.05,16.1,230752
2018-11-28,16.2,16.2,16.2,16.1,16.1,198550
2018-11-29,16.2,16.2,16.25,16.15,16.2,260409
2018-11-30,16.2,16.2,16.25,16.2,16.2,190001
2018-12-03,16.25,16.25,16.25,16.2,16.25,379324
2018-12-04,16.45,16.45,16.45,16.25,16.25,200365
2018-12-05,16.3,16.3,16.35,16.2,16.35,165945
2018-12-06,16.25,16.25,16.25,16.0,16.2,522460
2018-12-07,16.3,16.3,16.3,16.2,16.25,116353
2018-12-10,16.1,16.1,16.25,16.1,16.2,167000
2018-12-11,16.25,16.25,16.25,16.1,16.1,101011
2018-12-12,16.1,16.1,16.3,16.0,16.25,387075
2018-12-13,16.2,16.2,16.2,16.15,16.15,96618
2018-12-14,16.2,16.2,16.3,16.1,16.3,179000
2018-12-17,16.2,16.2,16.3,16.2,16.2,148564
2018-12-18,16.15,16.15,16.15,16.0,16.05,416437
2018-12-19,16.2,16.2,16.25,16.05,16.1,194172
2018-12-20,16.1,16.1,16.2,16.0,16.2,170087
2018-12-21,16.1,16.1,16.1,15.9,16.0,203201
2018-12-24,15.75,15.75,16.05,15.7,16.0,527296
2018-12-25,14.85,14.85,15.55,14.75,15.55,1820564
2018-12-26,14.85,14.85,15.0,14.75,14.8,995438
2018-12-27,14.85,14.85,15.1,14.8,15.0,697653
2018-12-28,14.8,14.8,14.95,14.8,14.85,440487
2019-01-02,14.9,14.9,15.0,14.85,14.85,159417
2019-01-03,14.9,14.9,14.95,14.9,14.95,142408
2019-01-04,14.8,14.8,14.9,14.7,14.9,229401
2019-01-07,15.0,15.0,15.0,14.9,15.0,188841
2019-01-08,14.95,14.95,15.0,14.9,15.0,127089
2019-01-09,15.1,15.1,15.15,14.95,14.95,164412
2019-01-10,15.05,15.05,15.15,15.05,15.1,160541
2019-01-11,15.2,15.2,15.2,15.05,15.2,153217
2019-01-14,15.15,15.15,15.15,15.0,15.05,140116
2019-01-15,15.1,15.1,15.2,15.05,15.1,74603
2019-01-16,15.15,15.15,15.15,15.0,15.1,142833
2019-01-17,15.05,15.05,15.15,14.95,15.15,234980
2019-01-18,15.1,15.1,15.1,14.95,15.0,194270
2019-01-21,15.1,15.1,15.2,15.05,15.1,131050
2019-01-22,15.0,15.0,15.05,14.95,15.05,153316
2019-01-23,15.1,15.1,15.1,15.0,15.1,87069
2019-01-24,15.1,15.1,15.1,14.95,15.1,176857
2019-01-25,15.1,15.1,15.1,15.0,15.1,124791
2019-01-28,15.1,15.1,15.1,15.0,15.1,188916
2019-01-29,15.1,15.1,15.1,14.95,15.1,152451
2019-01-30,15.1,15.1,15.1,15.0,15.1,90909
2019-02-11,15.0,15.0,15.1,14.95,15.1,340218
2019-02-12,15.05,15.05,15.05,14.95,14.95,325616
2019-02-13,15.0,15.0,15.1,15.0,15.0,130599
2019-02-14,15.1,15.1,15.15,15.05,15.05,178431
2019-02-15,15.05,15.05,15.15,15.05,15.1,177915
2019-02-18,15.0,15.0,15.05,14.9,15.05,405238
2019-02-19,15.05,15.05,15.05,14.95,15.05,341444
2019-02-20,15.05,15.05,15.1,14.95,15.05,383782
2019-02-21,15.2,15.2,15.2,15.05,15.05,399885
2019-02-22,15.05,15.05,15.2,15.05,15.2,412464
2019-02-25,15.05,15.05,15.15,15.05,15.05,313572
2019-02-26,15.3,15.3,15.35,15.1,15.1,417146
2019-02-27,15.4,15.4,15.5,15.35,15.35,364809
2019-03-04,15.45,15.45,15.5,15.4,15.4,236018
2019-03-05,15.4,15.4,15.5,15.4,15.45,183335
2019-03-06,15.5,15.5,15.55,15.4,15.4,224162
2019-03-07,15.6,15.6,15.6,15.5,15.55,301971
2019-03-08,15.55,15.55,15.55,15.4,15.55,286659
2019-03-11,15.4,15.4,15.4,15.3,15.4,220477
2019-03-12,15.25,15.25,15.45,15.25,15.45,323819
2019-03-13,15.3,15.3,15.4,15.2,15.25,149892
2019-03-14,15.25,15.25,15.35,15.25,15.3,190454
2019-03-15,15.4,15.4,15.4,15.25,15.3,188905
2019-03-18,15.3,15.3,15.4,15.3,15.35,183294
2019-03-19,15.15,15.15,15.35,15.1,15.35,375526
2019-03-20,15.25,15.25,15.25,15.1,15.15,209603
2019-03-21,15.25,15.25,15.3,15.2,15.3,176637
2019-03-22,14.9,14.9,15.05,14.9,15.05,1362481
2019-03-25,14.6,14.6,14.7,14.35,14.7,1395198
2019-03-26,14.45,14.45,14.55,14.4,14.5,972459
2019-03-27,14.35,14.35,14.5,14.35,14.45,564526
2019-03-28,14.1,14.1,14.4,14.0,14.3,1015505
2019-03-29,14.25,14.25,14.25,14.05,14.1,615040
2019-04-01,14.1,14.1,14.3,14.1,14.25,419998
2019-04-02,14.05,14.05,14.2,14.05,14.2,586296
2019-04-03,14.1,14.1,14.1,14.05,14.05,574862
2019-04-08,14.05,14.05,14.1,14.0,14.1,348575
2019-04-09,14.1,14.1,14.1,14.05,14.05,304658
2019-04-10,14.2,14.2,14.2,14.05,14.05,294529
2019-04-11,14.1,14.1,14.2,14.1,14.2,204088
2019-04-12,14.05,14.05,14.1,14.05,14.1,211128
2019-04-15,14.15,14.15,14.15,14.05,14.05,230703
2019-04-16,14.2,14.2,14.2,14.05,14.15,229787
2019-04-17,14.25,14.25,14.3,14.1,14.2,269642
2019-04-18,14.15,14.15,14.25,14.05,14.25,284701
2019-04-19,14.15,14.15,14.15,14.0,14.0,179506
2019-04-22,14.15,14.15,14.2,14.1,14.2,138559
2019-04-23,14.15,14.15,14.15,14.05,14.15,141150
2019-04-24,14.05,14.05,14.1,14.05,14.1,207514
2019-04-25,14.1,14.1,14.15,14.05,14.05,272153
2019-04-26,14.05,14.05,14.1,14.05,14.1,120200
2019-04-29,14.05,14.05,14.1,14.0,14.1,185598
2019-04-30,14.0,14.0,14.05,14.0,14.05,102004
2019-05-02,14.15,14.15,14.15,14.0,14.0,208500
2019-05-03,14.2,14.2,14.2,14.1,14.1,167423
2019-05-06,14.05,14.05,14.15,14.0,14.15,191331
2019-05-07,14.05,14.05,14.1,14.0,14.05,227357
2019-05-08,14.05,14.05,14.1,14.0,14.05,149100
2019-05-09,14.1,14.1,14.1,14.0,14.1,153376
2019-05-10,14.0,14.0,14.1,14.0,14.05,340425
2019-05-13,13.9,13.9,14.0,13.8,14.0,541869
2019-05-14,13.65,13.65,13.8,13.6,13.8,409167
2019-05-15,13.8,13.8,13.8,13.7,13.75,154166
2019-05-16,13.65,13.65,13.8,13.65,13.8,188303
2019-05-17,13.75,13.75,13.75,13.6,13.65,261850
2019-05-20,13.65,13.65,13.75,13.65,13.75,120065
2019-05-21,13.75,13.75,13.75,13.6,13.6,310489
2019-05-22,13.9,13.9,13.9,13.7,13.75,142884
2019-05-23,13.75,13.75,13.8,13.65,13.8,105304
2019-05-24,13.75,13.75,13.75,13.65,13.7,217565
2019-05-27,13.75,13.75,13.8,13.7,13.75,227206
2019-05-28,13.7,13.7,13.8,13.65,13.75,402529
2019-05-29,13.5,13.5,13.65,13.4,13.65,692456
2019-05-30,13.45,13.45,13.55,13.4,13.55,423501
2019-05-31,13.6,13.6,13.7,13.45,13.45,223607
2019-06-03,13.75,13.75,13.8,13.55,13.55,256330
2019-06-04,13.65,13.65,13.75,13.55,13.75,217300
2019-06-05,13.6,13.6,13.7,13.55,13.65,141246
2019-06-06,13.65,13.65,13.65,13.55,13.6,94038
2019-06-10,13.5,13.5,13.6,13.45,13.6,404459
2019-06-11,13.35,13.35,13.5,13.3,13.5,776189
2019-06-12,13.35,13.35,13.4,13.3,13.35,258255
2019-06-13,13.35,13.35,13.4,13.3,13.4,68842
2019-06-14,13.3,13.3,13.4,13.3,13.4,233605
2019-06-17,13.35,13.35,13.45,13.3,13.3,188202
2019-06-18,13.35,13.35,13.4,13.3,13.3,199004
2019-06-19,13.45,13.45,13.6,13.25,13.35,2994680
2019-06-20,13.45,13.45,13.5,13.4,13.5,361621
2019-06-21,13.45,13.45,13.5,13.35,13.45,748900
2019-06-24,13.45,13.45,13.45,13.3,13.4,478327
2019-06-25,13.35,13.35,13.45,13.35,13.4,556736
2019-06-26,13.35,13.35,13.4,13.35,13.35,406389
2019-06-27,13.35,13.35,13.4,13.35,13.35,269230
2019-06-28,13.35,13.35,13.4,13.3,13.4,449757
2019-07-01,13.4,13.4,13.4,13.3,13.4,441301
2019-07-02,13.4,13.4,13.45,13.35,13.4,288862
2019-07-03,13.45,13.45,13.55,13.4,13.4,608234
2019-07-04,13.7,13.7,13.8,13.5,13.5,664302
2019-07-05,13.9,13.9,13.95,13.7,13.7,560777
2019-07-08,14.0,14.0,14.0,13.9,14.0,636309
2019-07-09,13.8,13.8,14.0,13.75,14.0,329719
2019-07-10,13.7,13.7,13.8,13.7,13.8,385265
2019-07-11,13.55,13.55,13.75,13.5,13.7,520248
2019-07-12,13.5,13.5,13.65,13.5,13.55,267187
2019-07-15,13.45,13.45,13.55,13.45,13.5,192782
2019-07-16,13.6,13.6,13.65,13.45,13.5,1415007
2019-07-17,13.5,13.5,13.65,13.5,13.65,372191
2019-07-18,13.5,13.5,13.55,13.45,13.55,261798
2019-07-19,13.45,13.45,13.6,13.3,13.55,892563
2019-07-22,13.45,13.45,13.5,13.4,13.5,637281
2019-07-23,13.4,13.4,13.6,13.3,13.6,503241
2019-07-24,13.5,13.5,13.55,13.4,13.4,342657
2019-07-25,13.55,13.55,13.6,13.5,13.5,200068
2019-07-26,13.5,13.5,13.55,13.5,13.5,118347
2019-07-29,13.5,13.5,13.55,13.45,13.55,149222
2019-07-30,13.55,13.55,13.6,13.5,13.6,132267
2019-07-31,13.6,13.6,13.6,13.55,13.6,138441
2019-08-01,13.55,13.55,13.6,13.55,13.6,124892
2019-08-02,13.45,13.45,13.55,13.35,13.55,284059
2019-08-05,13.4,13.4,13.45,13.35,13.45,271518
2019-08-06,13.3,13.3,13.3,13.15,13.2,284016
2019-08-07,13.35,13.35,13.45,13.35,13.4,165993
2019-08-08,13.35,13.35,13.45,13.35,13.35,122047
2019-08-12,13.5,13.5,13.5,13.4,13.45,332336
2019-08-13,13.45,13.45,13.5,13.45,13.5,112850
2019-08-14,13.4,13.4,13.5,13.35,13.5,514396
2019-08-15,13.25,13.25,13.35,13.2,13.3,553331
2019-08-16,13.1,13.1,13.25,12.85,13.2,1207455
2019-08-19,13.2,13.2,13.2,13.1,13.1,400987
2019-08-20,13.2,13.2,13.25,13.15,13.25,260893
2019-08-21,13.2,13.2,13.25,13.1,13.2,288037
2019-08-22,13.15,13.15,13.2,13.1,13.2,523809
2019-08-23,12.8,12.8,12.9,12.75,12.9,322763
2019-08-26,12.65,12.65,12.8,12.65,12.8,313890
2019-08-27,12.65,12.65,12.7,12.65,12.7,322445
2019-08-28,12.6,12.6,12.65,12.55,12.65,157143
2019-08-29,12.6,12.6,12.7,12.55,12.7,104053
2019-08-30,12.7,12.7,12.7,12.55,12.6,261246
2019-09-02,12.65,12.65,12.75,12.6,12.7,116443
2019-09-03,12.65,12.65,12.7,12.6,12.65,136603
2019-09-04,12.8,12.8,12.8,12.6,12.65,255226
2019-09-05,12.8,12.8,12.85,12.75,12.8,160884
2019-09-06,12.85,12.85,12.9,12.8,12.8,193282
2019-09-09,12.8,12.8,12.9,12.8,12.9,130797
2019-09-10,12.75,12.75,12.8,12.75,12.8,185487
2019-09-11,12.8,12.8,12.85,12.75,12.75,107910
2019-09-12,12.95,12.95,12.95,12.8,12.8,313764
2019-09-16,13.0,13.0,13.05,12.9,13.0,538007
2019-09-17,13.05,13.05,13.15,12.95,13.05,426511
2019-09-18,13.05,13.05,13.15,13.0,13.0,230328
2019-09-19,13.05,13.05,13.15,13.05,13.05,267246
2019-09-20,13.15,13.15,13.2,13.0,13.05,205771
2019-09-23,13.1,13.1,13.15,13.05,13.1,92702
2019-09-24,13.1,13.1,13.2,13.05,13.1,185009
2019-09-25,13.0,13.0,13.1,13.0,13.05,77907
2019-09-26,13.0,13.0,13.0,12.9,13.0,229976
2019-09-27,13.0,13.0,13.0,12.85,13.0,182256
2019-10-01,12.9,12.9,12.9,12.85,12.9,118309
2019-10-02,12.8,12.8,12.9,12.8,12.9,230674
2019-10-03,12.85,12.85,12.85,12.75,12.8,249120
2019-10-04,12.8,12.8,12.85,12.75,12.85,290473
2019-10-07,12.8,12.8,12.8,12.75,12.8,237429
2019-10-08,12.8,12.8,12.85,12.7,12.8,609333
2019-10-09,12.75,12.75,12.8,12.75,12.8,80467
2019-10-14,12.8,12.8,12.8,12.7,12.75,407287
2019-10-15,12.95,12.95,12.95,12.7,12.8,339895
2019-10-16,13.0,13.0,13.0,12.8,12.95,196461
2019-10-17,12.85,12.85,12.95,12.8,12.95,169115
2019-10-18,12.8,12.8,12.9,12.75,12.85,307634
2019-10-21,12.8,12.8,12.85,12.8,12.8,156603
2019-10-22,12.8,12.8,12.85,12.75,12.85,227705
2019-10-23,12.85,12.85,12.85,12.8,12.8,176097
2019-10-24,12.85,12.85,12.85,12.75,12.85,112510
2019-10-25,12.8,12.8,12.9,12.8,12.85,114776
2019-10-28,12.9,12.9,12.9,12.8,12.85,233260
2019-10-29,12.85,12.85,12.9,12.7,12.9,217189
2019-10-30,13.1,13.1,13.25,12.75,12.85,518696
2019-10-31,13.05,13.05,13.2,13.0,13.2,253803
2019-11-01,13.05,13.05,13.15,12.9,13.05,196011
2019-11-04,13.0,13.0,13.05,12.9,12.95,237554
2019-11-05,13.05,13.05,13.1,13.0,13.0,304813
2019-11-06,13.35,13.35,13.5,13.1,13.1,1098950
2019-11-07,13.35,13.35,13.4,13.25,13.35,241453
2019-11-08,13.3,13.3,13.35,13.2,13.35,313872
2019-11-11,13.15,13.15,13.2,13.1,13.2,154044
2019-11-12,13.2,13.2,13.2,13.15,13.2,152211
2019-11-13,13.15,13.15,13.2,13.0,13.2,234002
2019-11-25,13.1,13.1,13.25,13.05,13.2,342278
2019-11-26,13.15,13.15,13.25,13.0,13.1,215576
2019-11-27,13.15,13.15,13.2,13.1,13.2,234270
2019-11-28,13.15,13.15,13.15,13.0,13.1,186093
2019-11-29,13.05,13.05,13.15,13.0,13.15,296636
2019-12-02,13.05,13.05,13.15,13.0,13.15,180436
2019-12-03,13.05,13.05,13.05,13.0,13.0,78849
2019-12-04,13.0,13.0,13.05,12.85,13.05,185767
2019-12-05,13.0,13.0,13.05,12.95,13.0,80307
2019-12-06,13.1,13.1,13.1,12.95,13.0,191480
2019-12-09,13.05,13.05,13.15,13.0,13.15,172028
2019-12-10,13.05,13.05,13.1,12.95,13.05,193395
2019-12-11,12.95,12.95,13.05,12.9,12.9,118248
2019-12-12,12.9,12.9,13.0,12.9,12.95,147562
2019-12-13,12.95,12.95,13.0,12.9,12.9,88504
2019-12-16,12.95,12.95,13.0,12.9,13.0,201154
2019-12-17,12.95,12.95,13.0,12.9,12.95,140375
2019-12-18,13.0,13.0,13.0,12.9,12.95,221355
2019-12-19,12.9,12.9,12.95,12.85,12.95,145173
2019-12-20,13.0,13.0,13.0,12.9,12.9,179680
2019-12-23,12.9,12.9,13.0,12.9,13.0,93139
2019-12-24,12.95,12.95,12.95,12.9,12.9,65322
2019-12-25,12.95,12.95,12.95,12.9,12.95,69958
2019-12-26,12.9,12.9,12.95,12.9,12.95,122290
2019-12-27,12.95,12.95,12.95,12.85,12.9,155504
2019-12-30,12.9,12.9,12.9,12.85,12.9,205827
2019-12-31,12.85,12.85,12.95,12.8,12.95,237720
2020-01-02,12.95,12.95,12.95,12.85,12.9,235888
2020-01-03,12.9,12.9,12.95,12.85,12.9,182476
2020-01-06,12.8,12.8,12.9,12.75,12.9,236793
2020-01-07,12.75,12.75,12.85,12.7,12.8,243579
2020-01-08,12.75,12.75,12.85,12.7,12.8,126074
2020-01-09,12.75,12.75,12.8,12.7,12.75,126619
2020-01-10,12.75,12.75,12.8,12.75,12.75,103307
2020-01-13,12.95,12.95,12.95,12.85,12.85,219680
2020-01-14,13.0,13.0,13.05,12.95,12.95,228404
2020-01-15,12.95,12.95,13.0,12.9,13.0,76632
2020-01-16,13.0,13.0,13.0,12.9,12.95,208875
2020-01-17,13.05,13.05,13.1,13.0,13.05,280180
2020-01-20,13.0,13.0,13.05,12.95,13.05,328022
2020-01-30,13.3,13.3,13.5,12.6,12.8,1370276
2020-01-31,13.0,13.0,13.3,12.95,13.3,454034
2020-02-03,12.75,12.75,13.0,12.75,13.0,418198
2020-02-04,12.75,12.75,12.9,12.6,12.8,585701
2020-02-05,12.75,12.75,12.85,12.75,12.85,168079
2020-02-06,12.8,12.8,12.85,12.75,12.8,245751
2020-02-07,12.95,12.95,13.1,12.75,12.8,506387
2020-02-10,12.95,12.95,13.05,12.85,12.9,611509
2020-02-11,13.1,13.1,13.1,13.0,13.05,448824
2020-02-12,13.25,13.25,13.3,13.15,13.15,1047878
2020-02-13,13.25,13.25,13.3,13.2,13.25,447370
2020-02-14,13.3,13.3,13.35,13.2,13.3,572589
2020-02-17,13.9,13.9,14.2,13.5,13.5,2517780
2020-02-18,14.05,14.05,14.45,14.0,14.0,1742677
2020-02-19,14.05,14.05,14.3,13.8,14.15,1413835
2020-02-20,14.1,14.1,14.35,13.95,14.35,721954
2020-02-21,14.55,14.55,14.6,14.15,14.15,1962267
2020-02-24,14.8,14.8,15.15,14.6,14.65,3548665
2020-02-25,14.45,14.45,14.8,14.45,14.8,1531894
2020-02-26,14.65,14.65,14.8,14.1,14.45,1466398
2020-02-27,15.0,15.0,15.1,14.45,14.55,2285759
2020-03-02,16.5,16.5,16.5,15.65,16.0,15637225
2020-03-03,16.1,16.1,16.4,15.9,16.4,6632851
2020-03-04,16.05,16.05,16.7,16.05,16.5,5275371
2020-03-05,15.8,15.8,16.3,15.65,16.1,2590786
2020-03-06,15.7,15.7,16.0,15.45,15.8,2753841
2020-03-09,15.1,15.1,16.15,14.8,15.85,10154845
2020-03-10,14.0,14.0,14.95,13.65,14.95,5796864
2020-03-11,13.55,13.55,14.45,13.55,14.4,3059495
2020-03-12,13.05,13.05,13.9,12.95,13.6,3463543
2020-03-13,12.0,12.0,12.1,11.75,12.1,4802689
2020-03-16,11.9,11.9,12.4,11.75,12.1,1675566
2020-03-17,11.35,11.35,11.6,11.05,11.4,1419442
2020-03-18,11.1,11.1,11.65,11.1,11.65,1463165
2020-03-19,10.0,10.0,10.95,10.0,10.95,2851410
2020-03-20,10.75,10.75,10.8,10.3,10.3,1200251
2020-03-23,10.45,10.45,10.65,10.25,10.6,679729
2020-03-24,10.8,10.8,10.95,10.6,10.65,679962
2020-03-25,11.4,11.4,11.4,11.05,11.1,959655
2020-03-26,11.8,11.8,11.95,11.2,11.6,669539
2020-03-27,11.65,11.65,12.1,11.6,11.9,1133573
2020-03-30,11.65,11.65,11.8,11.4,11.6,585059
2020-03-31,12.0,12.0,12.2,11.7,11.9,938865
2020-04-01,11.8,11.8,12.0,11.7,12.0,352700
2020-04-07,12.8,12.8,13.8,12.8,13.3,5210809
2020-04-08,12.95,12.95,13.15,12.7,12.8,885246
2020-04-09,12.35,12.35,12.8,12.3,12.7,1858031
2020-04-10,12.4,12.4,12.55,12.2,12.3,907357
2020-04-13,12.3,12.3,12.55,12.25,12.5,583734
2020-04-14,12.6,12.6,12.6,12.35,12.35,737292
2020-04-15,12.6,12.6,12.7,12.5,12.6,746992
2020-04-16,12.5,12.5,12.6,12.4,12.6,513201
2020-04-17,12.4,12.4,12.85,12.4,12.65,1948004
2020-04-20,12.45,12.45,12.45,12.25,12.4,443887
2020-04-21,12.05,12.05,12.45,12.0,12.4,729644
2020-04-22,12.05,12.05,12.2,11.95,12.0,615705
2020-04-23,12.2,12.2,12.25,12.05,12.15,563294
2020-04-24,12.5,12.5,12.6,12.2,12.2,731717
2020-04-27,12.6,12.6,12.7,12.55,12.6,820102
2020-04-28,12.5,12.5,12.75,12.45,12.75,618017
2020-04-29,12.6,12.6,12.65,12.5,12.55,695400
2020-05-04,12.65,12.65,12.7,12.5,12.5,597090
2020-05-05,12.6,12.6,12.7,12.5,12.6,643967
2020-05-06,12.95,12.95,13.25,12.6,12.65,2307780
2020-05-07,13.1,13.1,13.2,12.9,13.1,1137699
2020-05-08,13.05,13.05,13.5,13.05,13.2,928313
2020-05-11,12.8,12.8,13.0,12.65,12.9,957314
2020-05-12,12.65,12.65,12.75,12.6,12.65,392707
2020-05-13,12.7,12.7,12.75,12.65,12.65,401686
2020-05-14,12.85,12.85,13.35,12.8,13.35,1504350
2020-05-15,12.8,12.8,13.0,12.65,13.0,795332
2020-05-18,13.05,13.05,13.2,12.9,13.0,1094824
2020-05-19,13.1,13.1,13.3,13.05,13.25,876864
2020-05-20,13.0,13.0,13.2,12.95,13.2,536407
2020-05-21,13.1,13.1,13.2,13.05,13.2,680205
2020-05-22,13.15,13.15,13.25,13.05,13.15,734762
2020-05-25,13.15,13.15,13.3,13.05,13.25,681166
2020-05-26,13.35,13.35,13.45,13.2,13.2,1439862
2020-05-27,14.65,14.65,14.65,13.5,13.5,8577678
2020-05-28,13.35,13.35,16.1,13.2,15.75,18265480
2020-05-29,13.35,13.35,13.55,13.2,13.3,1720341
2020-06-01,13.4,13.4,13.45,13.25,13.45,971621
2020-06-02,13.3,13.3,13.45,13.25,13.45,727046
2020-06-03,13.4,13.4,13.5,13.35,13.4,746297
2020-06-04,13.4,13.4,13.55,13.3,13.5,839451
2020-06-05,13.55,13.55,13.65,13.45,13.45,867621
2020-06-08,13.65,13.65,13.75,13.55,13.65,973003
2020-06-09,13.4,13.4,13.6,13.4,13.6,763120
2020-06-10,13.5,13.5,13.5,13.3,13.4,838270
2020-06-11,13.15,13.15,13.55,13.1,13.55,1240861
2020-06-12,13.0,13.0,13.05,12.8,12.85,739289
2020-06-15,13.0,13.0,13.2,13.0,13.1,374077
2020-06-16,13.15,13.15,13.2,13.05,13.15,293319
2020-06-17,13.35,13.35,13.35,13.15,13.2,468412
2020-06-18,13.25,13.25,13.4,13.25,13.35,298270
2020-06-19,13.25,13.25,13.35,13.25,13.25,310147
2020-06-22,13.45,13.45,13.55,13.25,13.25,599619
2020-06-23,13.3,13.3,13.6,13.25,13.5,452548
2020-06-24,13.35,13.35,13.4,13.25,13.4,308082
2020-06-29,13.25,13.25,13.25,13.15,13.25,290169
2020-06-30,13.3,13.3,13.35,13.25,13.3,163971
2020-07-01,13.2,13.2,13.35,13.2,13.35,666685
2020-07-02,13.45,13.45,13.45,13.25,13.3,637239
2020-07-03,13.6,13.6,13.65,13.45,13.5,1211741
2020-07-06,13.75,13.75,13.8,13.65,13.75,1446211
2020-07-07,13.45,13.45,13.85,13.4,13.8,1096709
2020-07-08,13.45,13.45,13.55,13.4,13.45,481961
2020-07-09,13.75,13.75,13.75,13.4,13.5,1129874
2020-07-10,13.45,13.45,14.2,13.45,13.75,2841121
2020-07-13,13.75,13.75,13.85,13.65,13.65,1301520
2020-07-14,14.35,14.35,14.4,13.6,13.75,5646291
2020-07-15,13.95,13.95,14.35,13.8,14.35,2235444
2020-07-16,13.85,13.85,14.05,13.8,14.0,872093
2020-07-17,13.55,13.55,13.95,13.5,13.95,891457
2020-07-20,13.6,13.6,13.7,13.45,13.55,369070
2020-07-21,13.9,13.9,14.1,13.6,13.65,1380539
2020-07-22,13.8,13.8,14.0,13.75,13.95,423711
2020-07-23,13.7,13.7,13.95,13.65,13.95,388797
2020-07-24,13.5,13.5,13.75,13.5,13.7,694200
2020-07-27,13.35,13.35,13.55,13.35,13.5,674322
2020-07-28,13.4,13.4,13.55,13.35,13.45,376157
2020-07-29,13.55,13.55,13.7,13.4,13.4,420312
2020-07-30,13.85,13.85,14.05,13.5,13.6,1284059
2020-07-31,13.85,13.85,13.9,13.65,13.85,500397
2020-08-03,14.0,14.0,14.1,13.7,13.9,2224282
2020-08-04,14.0,14.0,14.0,13.85,14.0,719887
2020-08-05,13.95,13.95,14.1,13.9,14.1,573354
2020-08-06,13.9,13.9,14.1,13.9,14.0,882683
2020-08-07,14.05,14.05,14.2,13.9,14.05,2198329
2020-08-10,15.45,15.45,15.45,14.5,14.55,14737008
2020-08-11,14.25,14.25,15.25,14.25,15.0,8065523
2020-08-12,14.25,14.25,14.6,14.2,14.4,2320496
2020-08-13,14.2,14.2,14.45,14.15,14.45,1474751
2020-08-14,14.45,14.45,14.45,14.05,14.2,1353837
2020-08-17,14.65,14.65,14.75,14.45,14.6,1464010
2020-08-18,14.75,14.75,14.95,14.55,14.65,1584890
2020-08-19,14.65,14.65,15.15,14.65,14.75,3119088
2020-08-20,14.15,14.15,14.8,14.0,14.8,3180409
2020-08-21,14.4,14.4,14.45,14.2,14.3,798784
2020-08-24,14.45,14.45,14.45,14.2,14.35,1446090
2020-08-25,13.95,13.95,14.15,13.95,14.0,783850
2020-08-26,14.15,14.15,14.25,13.95,14.1,720416
2020-08-27,14.1,14.1,14.25,14.0,14.15,678327
2020-08-28,14.1,14.1,14.3,14.05,14.2,483732
2020-08-31,14.25,14.25,14.3,14.1,14.3,564723
2020-09-01,14.2,14.2,14.25,14.15,14.25,521270
2020-09-02,14.55,14.55,14.95,14.05,14.2,3583494
2020-09-03,14.4,14.4,14.7,14.35,14.55,1618103
2020-09-04,14.3,14.3,14.45,14.1,14.2,995823
2020-09-07,14.55,14.55,14.8,14.35,14.35,2140615
2020-09-08,14.6,14.6,14.75,14.5,14.65,789279
2020-09-09,14.6,14.6,14.7,14.45,14.7,867114
2020-09-10,14.65,14.65,14.7,14.55,14.6,638210
2020-09-11,14.3,14.3,14.65,14.3,14.6,907134
2020-09-14,14.25,14.25,14.35,14.2,14.3,494193
2020-09-15,14.25,14.25,14.35,14.2,14.25,444830
2020-09-16,14.2,14.2,14.25,14.15,14.2,620712
2020-09-17,14.2,14.2,14.3,14.15,14.15,318610
2020-09-18,14.3,14.3,14.4,14.25,14.3,386326
2020-09-21,14.25,14.25,14.35,14.2,14.35,460012
2020-09-22,14.05,14.05,14.2,14.0,14.2,686898
2020-09-23,13.9,13.9,14.05,13.9,14.05,844200
2020-09-24,13.45,13.45,13.85,13.35,13.85,1309840
2020-09-25,13.35,13.35,13.7,13.3,13.5,882021
2020-09-28,13.45,13.45,13.55,13.4,13.45,266662
2020-09-29,13.45,13.45,13.55,13.4,13.5,231510
2020-09-30,13.45,13.45,13.55,13.35,13.5,218379
2020-10-05,13.55,13.55,13.6,13.45,13.45,155900
2020-10-06,13.7,13.7,13.7,13.55,13.55,257970
2020-10-07,13.7,13.7,13.7,13.6,13.65,156886
2020-10-08,13.65,13.65,13.7,13.55,13.7,413318
2020-10-12,13.85,13.85,13.95,13.7,13.75,863731
2020-10-13,13.85,13.85,13.95,13.8,13.9,247366
2020-10-14,13.9,13.9,14.05,13.85,13.85,482211
2020-10-15,13.85,13.85,14.0,13.8,14.0,286046
2020-10-16,13.75,13.75,13.9,13.75,13.85,299562
2020-10-19,13.95,13.95,13.95,13.85,13.9,274336
2020-10-20,13.75,13.75,14.0,13.75,14.0,279066
2020-10-21,13.85,13.85,13.9,13.75,13.9,241813
2020-10-22,14.5,14.5,14.5,13.75,13.85,1992504
2020-10-23,14.85,14.85,14.85,14.1,14.4,4913282
2020-10-26,14.45,14.45,14.75,14.4,14.65,1584133
2020-10-27,14.3,14.3,14.4,14.25,14.4,558446
2020-10-28,14.15,14.15,14.4,14.1,14.3,698893
2020-10-29,14.0,14.0,14.15,13.95,14.0,753203
2020-10-30,14.05,14.05,14.2,14.05,14.15,380166
2020-11-02,14.0,14.0,14.1,13.95,14.1,330547
2020-11-03,14.15,14.15,14.3,14.05,14.05,414459
2020-11-04,14.1,14.1,14.3,14.1,14.15,351867
2020-11-05,14.15,14.15,14.25,14.1,14.2,306711
2020-11-06,14.15,14.15,14.3,14.15,14.2,560309
2020-11-09,14.3,14.3,14.35,14.2,14.2,308192
2020-11-10,14.15,14.15,14.3,14.15,14.3,683024
2020-11-11,14.3,14.3,14.35,14.1,14.1,733221
2020-11-12,14.1,14.1,14.3,14.05,14.3,576802
2020-11-13,14.3,14.3,14.5,14.25,14.3,1148025
2020-11-16,14.4,14.4,14.45,14.35,14.4,650738
2020-11-17,14.4,14.4,14.55,14.35,14.45,651402
2020-11-18,14.4,14.4,14.5,14.35,14.5,564926
2020-11-19,14.35,14.35,14.5,14.35,14.4,326228
2020-11-20,14.35,14.35,14.4,14.3,14.35,392894
2020-11-23,14.55,14.55,14.7,14.4,14.4,1715833
2020-11-24,14.45,14.45,14.6,14.4,14.55,645649
2020-11-25,14.4,14.4,14.55,14.4,14.5,591788
2020-11-26,14.65,14.65,14.75,14.45,14.5,1983204
2020-11-27,14.65,14.65,14.75,14.6,14.7,615295
2020-11-30,14.7,14.7,14.8,14.65,14.7,774308
2020-12-01,14.75,14.75,14.8,14.6,14.75,699626
2020-12-02,14.75,14.75,14.8,14.6,14.75,471717
2020-12-04,14.5,14.5,14.75,14.45,14.65,1669144
2020-12-07,14.6,14.6,14.65,14.5,14.55,717575
2020-12-08,14.65,14.65,14.75,14.6,14.6,848075
2020-12-09,14.7,14.7,14.8,14.65,14.75,733145
2020-12-10,14.9,14.9,15.0,14.75,14.8,1951895
2020-12-11,14.9,14.9,15.05,14.7,14.9,1287183
2020-12-14,15.0,15.0,15.05,14.8,14.95,959943
2020-12-15,15.05,15.05,15.5,15.0,15.2,2888084
2020-12-16,15.35,15.35,15.4,15.1,15.25,1363725
2020-12-17,15.35,15.35,15.4,15.2,15.4,826783
2020-12-18,15.2,15.2,15.5,15.2,15.45,617861
2020-12-21,15.45,15.45,15.45,15.05,15.1,1256919
2020-12-22,15.1,15.1,15.7,15.1,15.45,2157001
2020-12-23,15.25,15.25,15.4,15.15,15.2,823385
2020-12-24,15.7,15.7,15.8,15.3,15.3,2216131
2020-12-25,15.7,15.7,15.9,15.6,15.85,1073736
2020-12-28,16.0,16.0,16.05,15.7,15.8,2248919
2020-12-29,17.0,17.0,17.45,15.85,16.0,11208045
2020-12-30,16.3,16.3,16.7,16.15,16.7,4893484
2020-12-31,15.6,15.6,16.35,15.5,16.3,4211692
2021-01-04,15.65,15.65,15.75,15.35,15.5,1474527
2021-01-05,15.65,15.65,15.7,15.4,15.6,1450968
2021-01-06,15.05,15.05,15.65,15.0,15.65,2165029
2021-01-07,15.3,15.3,15.35,15.15,15.15,607201
2021-01-08,15.15,15.15,15.4,15.1,15.3,794428
2021-01-11,14.9,14.9,15.15,14.9,15.1,1389130
2021-01-12,14.6,14.6,14.95,14.55,14.9,1518512
2021-01-13,14.7,14.7,14.8,14.55,14.55,800367
2021-01-14,14.6,14.6,14.7,14.55,14.7,645264
2021-01-15,14.35,14.35,14.6,14.35,14.6,1188888
2021-01-18,14.45,14.45,14.5,14.1,14.4,908957
2021-01-19,14.55,14.55,14.65,14.45,14.5,363704
2021-01-20,14.2,14.2,14.55,14.15,14.5,1083896
2021-01-21,14.05,14.05,14.4,14.05,14.2,812748
2021-01-22,14.1,14.1,14.25,14.1,14.2,634530
2021-01-25,14.35,14.35,14.45,14.1,14.1,604420
2021-01-26,14.15,14.15,14.4,14.1,14.35,551693
2021-01-27,14.15,14.15,14.3,14.1,14.2,274919
2021-01-28,14.15,14.15,14.15,14.05,14.05,363930
2021-01-29,14.0,14.0,14.15,13.95,14.1,735588
2021-02-01,14.0,14.0,14.0,13.85,14.0,528257
2021-02-02,14.15,14.15,14.3,13.95,13.95,377215
2021-02-03,14.15,14.15,14.35,14.05,14.35,186822
2021-02-04,14.1,14.1,14.15,14.05,14.1,262473
2021-02-05,14.15,14.15,14.25,14.1,14.15,172177
2021-02-17,14.3,14.3,14.35,14.25,14.25,452692
2021-02-18,14.45,14.45,14.55,14.3,14.3,570808
2021-02-19,14.55,14.55,14.6,14.4,14.45,493580
2021-02-22,14.65,14.65,14.7,14.55,14.6,946740
2021-02-23,14.7,14.7,14.8,14.6,14.7,1059989
2021-02-24,14.6,14.6,14.8,14.55,14.8,750965
2021-02-25,14.65,14.65,14.7,14.6,14.7,653732
2021-02-26,14.55,14.55,14.7,14.5,14.7,599993
2021-03-02,14.45,14.45,14.65,14.45,14.65,533929
2021-03-03,14.6,14.6,14.7,14.45,14.45,532559
2021-03-04,14.55,14.55,14.75,14.55,14.6,557493
2021-03-05,14.5,14.5,14.65,14.5,14.55,396300
2021-03-08,14.7,14.7,14.85,14.6,14.65,1000303
2021-03-09,14.8,14.8,14.85,14.7,14.75,835156
2021-03-10,14.65,14.65,14.8,14.65,14.75,711984
2021-03-11,14.85,14.85,14.95,14.7,14.75,994864
2021-03-12,14.85,14.85,14.9,14.75,14.9,525938
2021-03-15,14.9,14.9,14.95,14.8,14.85,473225
2021-03-16,15.05,15.05,15.05,14.9,15.0,949485
2021-03-17,15.0,15.0,15.1,14.95,15.05,607099
2021-03-18,15.05,15.05,15.1,14.95,15.0,438920
2021-03-19,15.2,15.2,15.2,15.05,15.05,1109358
2021-03-22,16.2,16.2,16.4,15.95,16.2,5964013
2021-03-23,16.15,16.15,16.3,16.05,16.3,3172610
2021-03-24,16.25,16.25,16.35,16.05,16.1,1721389
2021-03-25,16.5,16.5,16.6,16.3,16.4,1973426
2021-03-26,16.65,16.65,16.75,16.55,16.6,2140706
2021-03-29,16.8,16.8,17.0,16.75,16.9,1654320
2021-03-30,16.75,16.75,16.9,16.65,16.85,1405979
2021-03-31,16.8,16.8,16.85,16.7,16.8,1896174
2021-04-01,16.75,16.75,16.85,16.65,16.85,961055
2021-04-06,16.8,16.8,16.85,16.7,16.8,1267480
2021-04-07,17.05,17.05,17.1,16.75,16.85,2265271
2021-04-08,17.2,17.2,17.25,17.1,17.2,1916737
2021-04-09,17.35,17.35,17.5,17.2,17.5,1660451
2021-04-12,17.8,17.8,17.85,17.55,17.65,2720054
2021-04-13,18.3,18.3,18.75,17.8,17.9,8283059
2021-04-14,17.4,17.4,18.25,17.15,18.25,7231704
2021-04-15,17.7,17.7,17.85,17.4,17.4,2453162
2021-04-16,18.05,18.05,18.1,17.65,17.75,2796330
2021-04-19,18.55,18.55,18.7,18.15,18.2,5303514
2021-04-20,18.5,18.5,18.6,18.3,18.55,2484377
2021-04-21,18.7,18.7,18.75,18.3,18.45,2809862
2021-04-22,18.45,18.45,19.1,18.2,18.85,4640882
2021-04-23,18.35,18.35,18.6,18.2,18.45,2079400
2021-04-26,18.45,18.45,18.6,18.3,18.4,1952639
2021-04-27,18.55,18.55,18.8,18.45,18.5,2367104
2021-04-28,19.1,19.1,19.1,18.65,18.7,5169549
2021-04-29,18.95,18.95,19.7,18.75,19.55,4818814
2021-05-03,18.95,18.95,19.1,18.55,18.95,2674159
2021-05-04,18.05,18.05,19.15,17.7,19.1,3731251
2021-05-05,18.3,18.3,18.8,17.75,18.15,2912130
2021-05-06,18.65,18.65,18.85,18.1,18.55,2038180
2021-05-07,18.55,18.55,18.9,18.15,18.7,1556507
2021-05-10,18.8,18.8,18.9,18.5,18.6,2326432
2021-05-11,18.25,18.25,18.95,18.1,18.7,2605625
2021-05-12,17.1,17.1,18.1,16.75,18.0,4554264
2021-05-13,16.9,16.9,17.3,16.5,17.1,3016876
2021-05-14,16.8,16.8,17.25,16.6,17.2,2139076
2021-05-17,16.4,16.4,16.85,16.05,16.4,3195431
2021-05-18,17.25,17.25,17.3,16.45,16.65,2866598
2021-05-19,17.5,17.5,17.5,16.95,17.15,1143598
2021-05-20,17.45,17.45,17.55,17.2,17.5,793482
2021-05-21,17.5,17.5,17.75,17.4,17.55,1311300
2021-05-24,17.55,17.55,17.8,17.35,17.45,1080265
2021-05-25,17.75,17.75,18.15,17.65,17.65,2285993
2021-05-26,17.75,17.75,17.8,17.45,17.6,979097
2021-05-27,17.65,17.65,17.75,17.5,17.65,538911
2021-05-28,17.8,17.8,18.2,17.8,18.2,1258451
2021-05-31,18.9,18.9,19.1,18.0,18.1,10197191
2021-06-01,19.2,19.2,19.3,18.8,19.1,8166642
2021-06-02,19.25,19.25,19.5,19.1,19.4,5955766
2021-06-03,19.55,19.55,19.6,19.25,19.35,5009203
2021-06-04,21.5,21.5,21.5,19.6,19.6,25415117
2021-06-07,22.7,22.7,23.65,22.05,23.65,69029672
2021-06-08,21.65,21.65,22.5,21.5,21.9,18572555
2021-06-09,20.55,20.55,21.5,20.35,21.45,13766909
2021-06-10,20.6,20.6,20.75,20.0,20.75,6034677
2021-06-11,20.75,20.75,21.3,20.7,21.0,9403032
2021-06-15,20.8,20.8,21.2,20.55,21.2,4495054
2021-06-16,20.3,20.3,20.85,20.25,20.85,4272245
2021-06-17,20.8,20.8,20.8,19.85,19.9,4014144
2021-06-18,20.25,20.25,20.8,20.25,20.8,4033402
2021-06-21,20.15,20.15,20.35,19.8,20.2,2948744
2021-06-22,20.95,20.95,21.15,20.3,20.45,5311019
2021-06-23,20.5,20.5,21.1,20.35,21.1,4731323
2021-06-24,20.6,20.6,20.75,20.4,20.6,1961919
2021-06-25,21.0,21.0,21.25,20.7,20.8,5251901
2021-06-28,21.0,21.0,21.3,20.85,21.3,3744947
2021-06-29,20.6,20.6,21.1,20.45,21.05,3742002
2021-06-30,20.9,20.9,21.1,20.5,20.6,3648889
2021-07-01,21.6,21.6,22.1,20.95,21.1,15712345
2021-07-02,21.15,21.15,21.8,21.1,21.4,5488135
2021-07-05,21.0,21.0,21.45,20.85,21.45,3055993
2021-07-06,21.85,21.85,21.95,20.95,21.15,7116117
2021-07-07,21.35,21.35,21.8,21.2,21.75,5425424
2021-07-08,21.5,21.5,21.75,21.25,21.5,3284564
2021-07-09,21.65,21.65,22.0,21.3,21.4,6357927
2021-07-12,21.35,21.35,21.8,21.3,21.8,4437827
2021-07-13,20.6,20.6,21.4,20.6,21.35,4995536
2021-07-14,20.75,20.75,20.95,20.25,20.6,2423259
2021-07-15,21.25,21.25,21.35,20.7,20.8,2367256
2021-07-16,21.4,21.4,21.5,21.0,21.0,2165987
2021-07-19,21.45,21.45,21.75,21.25,21.4,2553079
2021-07-20,21.2,21.2,21.45,21.15,21.25,1899822
2021-07-21,20.9,20.9,21.45,20.8,21.2,1909064
2021-07-22,20.7,20.7,21.1,20.65,20.95,1656204
2021-07-23,21.35,21.35,21.6,20.75,20.75,3437342
2021-07-26,21.3,21.3,21.65,21.2,21.65,1908069
2021-07-27,21.0,21.0,21.5,21.0,21.35,1132662
2021-07-28,20.65,20.65,21.2,20.4,21.0,2137276
2021-07-29,21.05,21.05,21.1,20.65,20.65,720117
2021-07-30,20.85,20.85,21.15,20.8,21.0,842595
2021-08-02,21.2,21.2,21.35,20.8,20.95,1156136
2021-08-03,21.2,21.2,21.25,21.1,21.1,571501
2021-08-04,21.15,21.15,21.4,21.1,21.2,854101
2021-08-05,21.0,21.0,21.4,21.0,21.4,1293264
2021-08-06,20.9,20.9,21.1,20.8,21.05,1210868
2021-08-09,21.0,21.0,21.1,20.8,20.9,806378
2021-08-10,20.8,20.8,21.0,20.7,20.9,1100419
2021-08-11,19.75,19.75,20.1,19.6,19.65,4845464
2021-08-12,20.25,20.25,20.3,19.9,19.95,1342751
2021-08-13,20.1,20.1,20.55,20.0,20.3,1021327
2021-08-16,20.1,20.1,20.35,19.9,20.1,1660437
2021-08-17,19.9,19.9,20.25,19.9,20.0,1103159
2021-08-18,20.1,20.1,20.15,19.55,19.85,1599442
2021-08-19,19.9,19.9,20.3,19.8,20.05,1601657
2021-08-20,19.9,19.9,20.0,19.7,19.85,1740563
2021-08-23,20.3,20.3,20.4,20.1,20.1,1818737
2021-08-24,20.6,20.6,20.6,20.35,20.5,2796903
2021-08-25,19.3,19.3,19.55,19.2,19.4,3655656
2021-08-26,19.15,19.15,19.5,19.1,19.5,806422
2021-08-27,19.15,19.15,19.25,19.05,19.05,715027
2021-08-30,19.15,19.15,19.25,19.1,19.25,355396
2021-08-31,19.4,19.4,19.45,19.05,19.2,863668
2021-09-01,19.35,19.35,19.45,19.25,19.35,435327
2021-09-02,19.1,19.1,19.3,19.05,19.3,965628
2021-09-03,19.1,19.1,19.25,19.05,19.1,756351
2021-09-06,18.9,18.9,19.1,18.8,19.1,1011240
2021-09-07,18.9,18.9,19.05,18.75,18.85,787257
2021-09-08,18.8,18.8,19.05,18.75,18.8,562572
2021-09-09,18.9,18.9,18.9,18.65,18.75,594301
2021-09-10,19.15,19.15,19.2,19.0,19.0,598965
2021-09-13,19.7,19.7,20.2,19.1,19.15,3671949
2021-09-14,20.65,20.65,20.9,19.6,19.65,7786882
2021-09-15,20.6,20.6,22.0,20.3,21.0,33995561
2021-09-16,20.8,20.8,21.15,20.0,20.35,8529952
2021-09-17,20.1,20.1,20.75,20.05,20.5,3588387
2021-09-22,20.15,20.15,21.2,19.3,19.5,43074998
2021-09-23,19.95,19.95,20.3,19.7,20.15,5465124
2021-09-24,19.7,19.7,20.1,19.7,19.85,2561005
2021-09-27,19.95,19.95,20.1,19.75,19.75,1714521
2021-09-28,19.95,19.95,20.25,19.9,20.0,1423379
2021-09-29,20.0,20.0,20.3,19.75,19.85,2548090
2021-09-30,20.45,20.45,20.8,20.1,20.2,3627483
2021-10-01,19.9,19.9,20.4,19.8,20.3,2605925
2021-10-04,19.75,19.75,20.15,19.7,20.05,1474392
2021-10-05,19.75,19.75,19.9,19.25,19.7,1589606
2021-10-06,19.95,19.95,20.4,19.85,19.95,1693405
2021-10-07,20.0,20.0,20.2,19.95,20.2,1243329
2021-10-08,20.1,20.1,20.6,20.05,20.3,1347445
2021-10-12,20.1,20.1,20.3,20.0,20.0,1071368
2021-10-13,20.9,20.9,21.15,20.15,20.25,13770988
2021-10-14,20.3,20.3,22.95,20.15,21.4,54729605
2021-10-15,20.4,20.4,20.9,20.0,20.5,14123117
2021-10-18,20.7,20.7,20.85,20.1,20.35,7388293
2021-10-19,21.75,21.75,22.15,20.55,20.7,27315941
2021-10-20,21.85,21.85,22.8,21.45,22.0,21471457
2021-10-21,21.5,21.5,21.8,21.05,21.55,9510776
2021-10-22,20.5,20.5,21.45,20.5,21.35,7621413
2021-10-25,21.1,21.1,21.5,20.5,20.7,9641888
2021-10-26,20.75,20.75,21.25,20.65,21.1,4969513
2021-10-27,20.7,20.7,20.85,20.55,20.75,2610507
2021-10-28,20.55,20.55,20.7,20.5,20.7,2729870
2021-10-29,20.4,20.4,20.7,20.35,20.5,3973408
2021-11-01,20.75,20.75,20.8,20.15,20.5,7964041
2021-11-02,20.3,20.3,20.75,20.2,20.75,4006470
2021-11-03,20.35,20.35,20.5,20.25,20.5,2219219
2021-11-04,20.4,20.4,20.85,20.35,20.5,3139807
2021-11-05,20.85,20.85,21.2,20.3,20.5,5902255
2021-11-08,20.8,20.8,21.25,20.75,21.1,4541738
2021-11-09,21.2,21.2,21.3,20.8,21.0,5188082
2021-11-10,21.8,21.8,22.15,21.3,21.55,11514587
2021-11-11,22.15,22.15,22.65,21.7,21.8,9403992
2021-11-12,22.9,22.9,23.15,22.3,22.4,11564127
2021-11-15,22.8,22.8,23.65,22.5,23.5,7080027
2021-11-16,22.8,22.8,23.25,22.65,23.0,6106536
2021-11-17,24.0,24.0,24.3,22.95,23.0,13405078
2021-11-18,24.25,24.25,24.35,23.55,24.0,6508434
2021-11-19,23.6,23.6,24.4,23.25,24.3,4865573
2021-11-22,23.95,23.95,24.15,23.6,23.7,2701101
2021-11-23,23.4,23.4,24.5,23.25,23.85,6267597
2021-11-24,24.15,24.15,24.45,23.6,23.6,5850111
2021-11-25,24.15,24.15,25.45,23.8,24.5,9767396
2021-11-26,23.35,23.35,24.0,23.3,24.0,3747703
2021-11-29,23.7,23.7,23.85,22.95,23.2,3192461
2021-11-30,23.35,23.35,24.25,23.35,24.0,4067135
2021-12-01,23.5,23.5,23.75,23.0,23.25,1727527
2021-12-02,22.6,22.6,23.5,22.6,23.4,3697536
2021-12-03,22.65,22.65,23.05,22.4,22.65,1749256
2021-12-06,22.4,22.4,22.85,22.25,22.7,1746984
2021-12-07,22.15,22.15,22.5,22.05,22.35,2961027
2021-12-08,22.1,22.1,22.5,22.05,22.3,1679581
2021-12-09,21.85,21.85,22.3,21.8,22.1,2297516
2021-12-10,22.15,22.15,22.25,21.9,21.9,1652207
2021-12-13,22.05,22.05,22.4,22.0,22.15,1614412
2021-12-14,21.6,21.6,22.1,21.55,22.0,2444820
2021-12-15,21.75,21.75,21.9,21.5,21.5,816902
2021-12-16,21.95,21.95,22.15,21.7,21.85,1994635
2021-12-17,21.75,21.75,22.0,21.55,21.95,1774839
2021-12-20,21.9,21.9,22.05,21.8,21.8,881318
2021-12-21,22.7,22.7,22.8,21.85,21.85,12336748
2021-12-22,22.45,22.45,22.75,22.3,22.65,4612428
2021-12-23,22.3,22.3,23.4,22.2,23.4,10772530
2021-12-24,22.55,22.55,22.6,22.25,22.35,1675232
2021-12-27,22.45,22.45,22.8,22.45,22.55,2376223
2021-12-28,22.95,22.95,23.15,22.5,22.55,6124943
2021-12-29,23.0,23.0,23.35,22.65,23.3,3259396
2021-12-30,23.1,23.1,23.3,23.0,23.1,2677770
2022-01-03,24.4,24.4,24.95,23.1,23.3,12503327
2022-01-04,23.85,23.85,24.45,23.6,24.4,8400211
2022-01-05,24.6,24.6,25.0,23.95,23.95,11668566
2022-01-06,25.6,25.6,26.75,24.3,24.55,30582781
2022-01-07,26.3,26.3,26.75,25.0,25.95,29567722
2022-01-10,25.4,25.4,26.2,25.15,25.7,11454146
2022-01-11,23.95,23.95,25.2,23.85,25.0,9686501
2022-01-12,24.5,24.5,24.8,24.1,24.1,4407764
2022-01-13,24.2,24.2,25.15,24.1,24.5,7476525
2022-01-14,24.4,24.4,24.6,24.05,24.6,2840786
2022-01-17,24.5,24.5,25.0,24.3,24.4,1634451
2022-01-18,24.55,24.55,24.8,24.35,24.65,1674530
2022-01-19,24.15,24.15,25.0,24.1,24.55,7000435
2022-01-20,23.95,23.95,24.45,23.8,24.2,2104460
2022-01-21,23.15,23.15,24.15,23.1,23.75,3352555
2022-01-24,23.0,23.0,23.1,22.55,23.0,1701866
2022-01-25,22.25,22.25,22.95,22.2,22.75,2948295
2022-01-26,22.35,22.35,22.55,22.1,22.2,1842249
2022-02-07,22.85,22.85,22.85,22.5,22.6,1298223
2022-02-08,23.55,23.55,23.6,22.75,22.85,3603330
2022-02-09,23.95,23.95,24.4,23.75,23.95,6757701
2022-02-10,24.3,24.3,24.35,23.9,24.25,2706214
2022-02-11,25.1,25.1,25.4,24.1,24.1,13393321
2022-02-14,26.3,26.3,27.1,25.05,25.35,46553124
2022-02-15,28.9,28.9,28.9,26.2,26.35,45744800
2022-02-16,30.4,30.4,31.3,29.05,30.0,94072459
2022-02-17,32.15,32.15,32.3,30.15,30.3,51977115
2022-02-18,30.65,30.65,31.95,30.3,31.65,34963110
2022-02-21,29.5,29.5,30.35,29.0,30.05,21560714
2022-02-22,29.0,29.0,30.3,28.85,29.55,21040671
2022-02-23,29.9,29.9,30.25,28.85,29.4,14170139
2022-02-24,27.7,27.7,29.35,27.45,29.25,19579157
2022-02-25,27.95,27.95,28.7,27.95,28.35,7582374
2022-03-01,27.9,27.9,28.45,27.9,28.35,5190973
2022-03-02,28.0,28.0,28.6,27.7,28.0,15030499
2022-03-03,27.8,27.8,28.9,27.8,28.65,14580714
2022-03-04,27.8,27.8,28.55,27.65,27.7,14517956
2022-03-07,26.3,26.3,27.5,26.0,27.5,9055344
2022-03-08,25.95,25.95,27.1,25.9,26.6,7410902
2022-03-09,26.4,26.4,26.8,26.2,26.45,5604025
2022-03-10,26.9,26.9,27.25,26.6,26.65,6326799
2022-03-11,27.1,27.1,28.1,27.0,27.4,17239815
2022-03-14,28.75,28.75,29.5,26.95,27.35,32387313
2022-03-15,26.55,26.55,28.45,26.2,28.25,25007851
2022-03-16,26.3,26.3,27.0,25.8,26.65,11372371
2022-03-17,27.0,27.0,27.1,26.5,26.9,6402896
2022-03-18,29.0,29.0,29.4,26.8,26.95,33715160
2022-03-21,27.9,27.9,29.7,27.7,29.4,39745766
2022-03-22,28.8,28.8,29.15,27.6,28.0,24675707
2022-03-23,28.5,28.5,29.0,28.1,28.7,13074292
2022-03-24,28.15,28.15,29.1,28.15,28.15,25804621
2022-03-25,28.35,28.35,28.85,28.15,28.4,14809368
2022-03-28,29.4,29.4,29.5,28.2,28.45,38740148
2022-03-29,28.9,28.9,29.8,28.85,29.6,24051883
2022-03-30,28.05,28.05,29.0,28.0,29.0,15131393
2022-03-31,27.7,27.7,28.4,27.65,28.1,9106975
2022-04-01,27.85,27.85,28.0,27.35,27.4,5566738
2022-04-06,28.3,28.3,28.55,27.7,27.75,10785013
2022-04-07,27.3,27.3,28.2,27.3,28.1,8234563
2022-04-08,28.25,28.25,28.8,27.5,27.6,15941409
2022-04-11,28.4,28.4,29.3,28.35,28.7,25643053
2022-04-12,27.55,27.55,28.6,27.3,28.4,8613011
2022-04-13,27.75,27.75,28.0,27.6,27.85,3486278
2022-04-14,28.8,28.8,28.95,27.45,27.85,14333234
2022-04-15,28.9,28.9,29.1,28.6,29.0,23518878
2022-04-18,28.9,28.9,29.85,28.9,29.15,33570166
2022-04-19,28.0,28.0,29.15,28.0,29.1,13787814
2022-04-20,27.75,27.75,28.15,27.6,28.0,7270288
2022-04-21,27.7,27.7,28.35,27.7,27.95,4894732
2022-04-22,27.65,27.65,28.05,27.55,27.55,3855441
2022-04-25,26.55,26.55,27.35,26.5,27.25,6727689
2022-04-26,26.4,26.4,26.9,26.0,26.8,4408554
2022-04-27,25.9,25.9,26.2,25.55,25.6,6053544
2022-04-28,26.25,26.25,27.1,26.1,26.1,6025971
2022-04-29,26.15,26.15,26.75,26.0,26.65,2563110
2022-05-03,26.35,26.35,26.35,25.75,25.9,2443715
2022-05-04,26.3,26.3,26.7,26.3,26.5,1789040
2022-05-05,26.6,26.6,26.9,26.5,26.6,2877969
2022-05-06,26.45,26.45,26.6,25.9,26.0,2830999
2022-05-09,25.9,25.9,26.75,25.85,26.5,3655913
2022-05-10,25.3,25.3,25.65,25.15,25.4,4300611
2022-05-11,24.6,24.6,25.4,24.5,25.2,3872938
2022-05-12,23.85,23.85,24.8,23.8,24.6,3196808
2022-05-13,24.6,24.6,24.75,24.15,24.15,2416840
2022-05-16,25.0,25.0,25.15,24.75,24.8,2306531
2022-05-17,25.35,25.35,25.4,25.05,25.1,1292203
2022-05-18,25.9,25.9,26.1,25.55,25.7,2406550
2022-05-19,25.9,25.9,26.0,25.25,25.3,1850111
2022-05-20,26.0,26.0,26.2,25.9,26.0,1736014
2022-05-23,26.1,26.1,26.3,25.9,26.2,1810756
2022-05-24,25.8,25.8,26.5,25.8,26.4,2513742
2022-05-25,25.8,25.8,26.0,25.6,25.8,1148146
2022-05-26,25.6,25.6,26.15,25.45,26.0,1273178
2022-05-27,25.55,25.55,25.8,25.5,25.7,1003564
2022-05-30,26.0,26.0,26.2,25.6,25.7,1965924
2022-05-31,25.75,25.75,26.1,25.75,26.0,1283853
2022-06-01,25.7,25.7,26.0,25.6,25.7,1106471
2022-06-02,25.75,25.75,26.15,25.65,25.85,1740080
2022-06-06,25.35,25.35,25.8,25.25,25.7,1558583
2022-06-07,25.25,25.25,25.4,25.05,25.3,1375784
2022-06-08,25.25,25.25,25.4,25.25,25.35,665804
2022-06-09,25.45,25.45,25.5,25.2,25.25,637362
2022-06-10,25.9,25.9,25.95,25.15,25.2,2360984
2022-06-13,25.4,25.4,25.8,25.4,25.5,1488996
2022-06-14,25.15,25.15,25.3,24.8,25.2,1752570
2022-06-15,25.35,25.35,25.75,25.2,25.3,1062883
2022-06-16,24.95,24.95,25.65,24.85,25.65,1493860
2022-06-17,24.6,24.6,24.9,24.3,24.8,2588023
2022-06-20,23.5,23.5,24.6,23.5,24.6,3129592
2022-06-21,24.4,24.4,24.4,23.6,23.65,1687193
2022-06-22,23.85,23.85,24.45,23.75,24.4,1073130
2022-06-23,23.85,23.85,24.45,23.5,24.05,1520976
2022-06-24,24.2,24.2,24.35,23.95,23.95,886161
2022-06-27,24.65,24.65,24.75,24.5,24.5,1136752
2022-06-28,24.55,24.55,24.75,24.25,24.75,804916
2022-06-29,24.35,24.35,24.35,24.05,24.35,666848
2022-06-30,23.7,23.7,24.25,23.6,24.25,1263561
2022-07-01,22.7,22.7,23.75,22.7,23.7,2714100
2022-07-04,22.65,22.65,23.0,22.5,22.7,1567093
2022-07-05,23.05,23.05,23.2,22.75,22.9,1404933
2022-07-06,22.15,22.15,23.15,22.15,23.15,1705962
2022-07-07,22.45,22.45,22.5,21.9,22.25,2232820
2022-07-08,22.95,22.95,23.0,22.6,22.7,2402247
2022-07-11,22.15,22.15,22.95,22.1,22.5,2080380
2022-07-12,21.05,21.05,22.0,21.0,22.0,3015365
2022-07-13,22.3,22.3,22.45,21.4,21.5,3688088
2022-07-14,22.3,22.3,22.5,21.9,22.05,763990
2022-07-15,22.35,22.35,22.6,22.15,22.4,1069666
2022-07-18,22.7,22.7,22.8,22.3,22.35,1039449
2022-07-19,23.1,23.1,23.2,22.55,22.6,1338390
2022-07-20,23.1,23.1,23.45,23.1,23.35,1172370
2022-07-21,23.2,23.2,23.35,22.95,23.3,1293710
2022-07-22,23.6,23.6,23.8,23.1,23.25,1945159
2022-07-25,23.65,23.65,23.75,23.25,23.55,1050138
2022-07-26,23.95,23.95,24.15,23.6,23.7,2136370
2022-07-27,23.95,23.95,24.1,23.8,23.9,851156
2022-07-28,24.0,24.0,24.2,23.85,24.15,1093646
2022-07-29,24.2,24.2,24.3,24.05,24.2,1011470
2022-08-01,24.5,24.5,24.6,24.25,24.25,1290494
2022-08-02,24.05,24.05,24.35,24.0,24.25,1795256
2022-08-03,23.85,23.85,24.25,23.7,24.05,1137597
2022-08-04,23.65,23.65,23.8,23.3,23.65,861644
2022-08-05,24.05,24.05,24.05,23.85,23.85,1164496
2022-08-08,24.05,24.05,24.1,23.7,23.95,622630
2022-08-09,24.25,24.25,24.45,24.1,24.2,942616
2022-08-10,24.9,24.9,24.95,24.25,24.25,2260578
2022-08-11,25.05,25.05,25.2,24.85,25.1,1671577
2022-08-12,25.5,25.5,25.65,25.3,25.3,2111232
2022-08-15,25.9,25.9,26.15,25.8,25.85,2312476
2022-08-16,25.85,25.85,26.15,25.75,26.15,1452409
2022-08-17,25.9,25.9,26.25,25.85,25.85,1634325
2022-08-18,26.05,26.05,26.15,25.9,26.0,1385206
2022-08-19,26.0,26.0,26.25,26.0,26.2,2137895
2022-08-22,26.05,26.05,26.15,25.8,26.0,2565306
2022-08-23,26.1,26.1,26.1,25.85,25.85,3721176
2022-08-24,24.15,24.15,24.9,24.15,24.6,5104812
2022-08-25,23.95,23.95,24.3,23.9,24.3,1959548
2022-08-26,24.5,24.5,24.6,24.15,24.15,1768596
2022-08-29,24.2,24.2,24.35,23.9,24.0,910544
2022-08-30,25.15,25.15,25.15,24.2,24.3,2714895
2022-08-31,24.8,24.8,25.15,24.7,25.0,3475359
2022-09-01,25.15,25.15,25.5,24.65,24.9,3383391
2022-09-02,24.55,24.55,25.5,24.55,25.5,2365401
2022-09-05,24.25,24.25,24.6,24.2,24.6,1022143
2022-09-06,23.75,23.75,24.5,23.7,24.5,1596058
2022-09-07,23.95,23.95,24.0,23.7,23.7,729127
2022-09-08,24.75,24.75,24.85,24.0,24.1,1602678
2022-09-12,25.15,25.15,25.2,24.8,25.0,2096310
2022-09-13,25.05,25.05,25.35,25.05,25.2,1543625
2022-09-14,24.55,24.55,24.7,24.4,24.65,837192
2022-09-15,24.55,24.55,24.8,24.55,24.8,647319
2022-09-16,24.4,24.4,24.65,24.35,24.5,992318
2022-09-19,24.05,24.05,24.45,23.85,24.45,1131545
2022-09-20,24.05,24.05,24.2,23.95,24.15,493133
2022-09-21,23.9,23.9,24.15,23.8,24.1,548558
2022-09-22,23.8,23.8,23.8,23.5,23.8,802385
2022-09-23,23.55,23.55,24.1,23.5,23.75,623229
2022-09-26,22.5,22.5,23.4,22.5,23.35,1845532
2022-09-27,22.95,22.95,22.95,22.35,22.4,873369
2022-09-28,21.9,21.9,22.85,21.9,22.8,1442077
2022-09-29,22.4,22.4,22.6,22.15,22.35,766118
2022-09-30,22.5,22.5,22.5,21.95,22.4,743415
2022-10-03,22.55,22.55,22.7,22.2,22.7,793480
2022-10-04,23.25,23.25,23.35,22.8,22.85,1201492
2022-10-05,23.4,23.4,23.6,23.25,23.3,985218
2022-10-06,23.2,23.2,23.5,23.15,23.5,345974
2022-10-07,22.5,22.5,23.0,22.5,23.0,1388745
2022-10-11,21.6,21.6,22.1,21.5,22.1,1438326
2022-10-12,21.75,21.75,21.8,21.35,21.6,789632
2022-10-13,20.65,20.65,21.6,20.55,21.55,1790644
2022-10-14,21.15,21.15,21.45,21.05,21.1,886895
2022-10-17,20.65,20.65,20.85,20.25,20.85,974075
2022-10-18,20.85,20.85,20.95,20.75,20.85,399121
2022-10-19,20.5,20.5,21.0,20.5,20.9,648988
2022-10-20,20.45,20.45,20.5,20.0,20.5,947438
2022-10-21,20.3,20.3,20.55,20.2,20.5,483528
2022-10-24,20.4,20.4,20.75,20.3,20.6,885986
2022-10-25,20.2,20.2,21.2,20.2,20.5,1124696
2022-10-26,20.1,20.1,20.3,20.0,20.25,789613
2022-10-27,20.55,20.55,20.55,20.15,20.15,534704
2022-10-28,20.25,20.25,20.6,20.2,20.45,573779
2022-10-31,20.35,20.35,20.5,20.35,20.5,548787
2022-11-01,20.75,20.75,20.8,20.4,20.45,821215
2022-11-02,20.95,20.95,21.1,20.8,20.9,553715
2022-11-03,20.85,20.85,20.85,20.6,20.85,296272
2022-11-04,20.95,20.95,20.95,20.65,20.9,273190
2022-11-07,21.25,21.25,21.3,21.05,21.05,635031
2022-11-08,21.3,21.3,21.55,21.25,21.4,629575
2022-11-09,21.55,21.55,21.6,21.35,21.5,693741
2022-11-10,21.35,21.35,21.55,21.35,21.35,314451
2022-11-11,21.95,21.95,22.3,21.9,21.95,1653128
2022-11-14,22.85,22.85,23.0,22.0,22.0,2162815
2022-11-15,22.9,22.9,22.95,22.5,22.75,1760842
2022-11-16,22.5,22.5,22.95,22.45,22.95,1123665
2022-11-17,22.75,22.75,22.85,22.5,22.5,655057
2022-11-18,22.45,22.45,22.85,22.45,22.75,623582
2022-11-21,22.55,22.55,22.6,22.35,22.6,463019
2022-11-22,22.55,22.55,22.6,22.4,22.6,376989
2022-11-23,22.6,22.6,22.75,22.55,22.7,441274
2022-11-24,22.6,22.6,22.85,22.6,22.75,745204
2022-11-25,22.6,22.6,22.95,22.6,22.7,960876
2022-11-28,22.65,22.65,22.7,22.4,22.6,418970
2022-11-29,22.7,22.7,22.7,22.45,22.6,488795
2022-11-30,23.15,23.15,23.65,22.7,22.7,3408410
2022-12-01,23.25,23.25,23.4,23.05,23.25,1556844
2022-12-02,23.15,23.15,23.3,23.1,23.15,662278
2022-12-05,23.4,23.4,23.5,23.25,23.3,967571
2022-12-06,22.8,22.8,23.5,22.8,23.5,1226987
2022-12-07,22.55,22.55,22.9,22.5,22.85,696570
2022-12-08,22.7,22.7,22.8,22.5,22.55,478828
2022-12-09,22.85,22.85,23.0,22.65,22.75,1090499
2022-12-12,22.5,22.5,22.75,22.45,22.75,862308
2022-12-13,22.45,22.45,22.65,22.4,22.65,664715
2022-12-14,22.95,22.95,22.95,22.45,22.6,1125345
2022-12-15,22.95,22.95,23.15,22.9,23.0,644932
2022-12-16,22.55,22.55,22.75,22.55,22.7,843558
2022-12-19,22.5,22.5,22.6,22.4,22.5,282820
2022-12-20,22.15,22.15,22.55,22.05,22.5,990889
2022-12-21,22.2,22.2,22.35,22.15,22.2,378844
2022-12-22,22.45,22.45,22.6,22.35,22.35,516576
2022-12-23,22.45,22.45,22.45,22.25,22.35,296999
2022-12-26,22.45,22.45,22.65,22.45,22.45,404251
2022-12-27,22.65,22.65,22.65,22.45,22.65,384398
2022-12-28,22.5,22.5,22.65,22.45,22.6,310162
2022-12-29,22.3,22.3,22.4,22.15,22.4,344587
2022-12-30,22.25,22.25,22.45,22.25,22.4,381313
2023-01-03,22.35,22.35,22.4,22.05,22.25,641520
2023-01-04,22.4,22.4,22.5,22.35,22.35,219385
2023-01-05,22.5,22.5,22.55,22.4,22.45,348630
2023-01-06,22.6,22.6,22.65,22.4,22.45,423911
2023-01-09,22.7,22.7,22.85,22.65,22.7,527217
2023-01-10,22.7,22.7,22.8,22.55,22.8,235296
2023-01-11,22.55,22.55,22.6,22.5,22.6,378965
2023-01-12,22.5,22.5,22.65,22.45,22.55,374002
2023-01-13,22.5,22.5,22.7,22.45,22.7,276592
2023-01-16,22.6,22.6,22.65,22.5,22.55,384386
2023-01-17,22.55,22.55,22.65,22.5,22.55,253738
2023-01-30,22.65,22.65,22.8,22.6,22.7,375671
2023-01-31,22.9,22.9,22.95,22.75,22.75,772140
2023-02-01,23.3,23.3,23.4,22.9,22.9,1523278
2023-02-02,23.2,23.2,23.35,23.1,23.35,742970
2023-02-03,23.15,23.15,23.25,23.05,23.15,488219
2023-02-06,23.1,23.1,23.2,23.05,23.05,383500
2023-02-07,23.2,23.2,23.25,23.1,23.2,285564
2023-02-08,23.05,23.05,23.2,23.05,23.15,451112
2023-02-09,23.05,23.05,23.1,23.0,23.05,382940
2023-02-10,22.85,22.85,23.1,22.8,23.1,470689
2023-02-13,22.75,22.75,22.85,22.6,22.85,512201
2023-02-14,22.85,22.85,23.0,22.75,22.85,479418
2023-02-15,22.95,22.95,23.2,22.85,22.9,580138
2023-02-16,23.05,23.05,23.35,23.0,23.05,528013
2023-02-17,23.45,23.45,23.5,22.9,23.0,1327875
2023-02-20,24.15,24.15,24.5,23.55,23.6,5558336
2023-02-21,23.85,23.85,24.0,23.7,24.0,1853967
2023-02-22,24.45,24.45,24.5,23.5,23.6,2265231
2023-02-23,24.45,24.45,24.7,24.25,24.5,3302920
2023-02-24,24.3,24.3,24.7,24.3,24.6,2677676
2023-03-01,24.8,24.8,24.85,24.0,24.3,5033501
2023-03-02,24.8,24.8,24.9,24.6,24.8,2194852
2023-03-03,24.75,24.75,24.8,24.6,24.7,1809805
2023-03-06,24.7,24.7,24.9,24.65,24.85,1592581
2023-03-07,25.3,25.3,25.35,24.65,24.8,3398544
2023-03-08,25.4,25.4,25.65,25.25,25.3,6421665
2023-03-09,24.9,24.9,25.4,24.8,25.35,3381279
2023-03-10,24.4,24.4,24.9,24.25,24.9,2180899
2023-03-13,25.1,25.1,25.15,24.55,24.8,6048028
2023-03-14,24.25,24.25,25.2,24.15,24.75,5625080
2023-03-15,24.5,24.5,24.8,24.5,24.75,1835618
2023-03-16,24.3,24.3,24.5,24.25,24.5,1581811
2023-03-17,24.8,24.8,24.95,24.45,24.45,1652333
2023-03-20,25.05,25.05,25.25,24.8,24.95,2167685
2023-03-21,25.15,25.15,25.6,25.1,25.2,4135088
2023-03-22,25.3,25.3,25.55,25.25,25.3,2630257
2023-03-23,25.25,25.25,25.4,25.2,25.35,1361759
2023-03-24,25.4,25.4,25.5,25.25,25.45,1445931
2023-03-27,25.1,25.1,25.45,25.1,25.4,1337311
2023-03-28,25.2,25.2,25.3,25.0,25.1,1170297
2023-03-29,25.15,25.15,25.4,25.15,25.25,722920
2023-03-30,25.25,25.25,25.3,25.05,25.3,932494
2023-03-31,25.2,25.2,25.4,25.2,25.4,657171
2023-04-06,25.35,25.35,25.45,25.1,25.2,1018687
2023-04-07,25.35,25.35,25.5,25.3,25.4,975210
2023-04-10,25.5,25.5,25.6,25.35,25.35,1330160
2023-04-11,25.45,25.45,25.7,25.45,25.5,1501033
2023-04-12,25.6,25.6,25.7,25.45,25.45,1601923
2023-04-13,25.95,25.95,26.1,25.7,25.75,2736711
2023-04-14,25.85,25.85,26.15,25.8,26.1,1577076
2023-04-17,26.0,26.0,26.15,25.85,25.85,1497374
2023-04-18,26.1,26.1,26.35,26.0,26.15,2168899
2023-04-19,25.75,25.75,26.25,25.7,26.15,1940668
2023-04-20,25.5,25.5,25.95,25.5,25.95,1252787
2023-04-21,25.25,25.25,25.7,25.15,25.5,1365750
2023-04-24,26.8,26.8,27.05,25.25,25.25,13925028
2023-04-25,26.15,26.15,27.3,25.85,26.95,7866782
2023-04-26,26.6,26.6,27.7,25.55,26.3,8616921
2023-04-27,26.7,26.7,27.35,26.3,26.3,14855326
2023-04-28,26.6,26.6,26.95,26.6,26.8,4263299
2023-05-02,27.15,27.15,27.2,26.9,26.9,5154888
2023-05-03,26.95,26.95,27.35,26.9,27.2,3265625
2023-05-04,27.15,27.15,27.2,26.8,27.15,2317540
2023-05-05,26.7,26.7,27.25,26.65,27.2,2383712
2023-05-08,26.4,26.4,27.0,26.35,27.0,2277015
2023-05-09,26.0,26.0,26.4,25.9,26.35,2405589
2023-05-10,26.7,26.7,26.85,26.2,26.2,2411033
2023-05-11,26.35,26.35,26.9,26.25,26.55,1632436
2023-05-12,26.55,26.55,26.55,26.15,26.35,764042
2023-05-15,26.15,26.15,26.55,25.95,26.55,1446460
2023-05-16,25.25,25.25,25.9,25.2,25.9,5800643
2023-05-17,25.3,25.3,25.5,25.3,25.3,1564301
2023-05-18,25.25,25.25,25.45,25.25,25.45,1242760
2023-05-19,25.35,25.35,25.45,25.3,25.4,1001859
2023-05-22,25.4,25.4,25.55,25.35,25.4,838710
2023-05-23,25.45,25.45,25.5,25.3,25.5,600037
2023-05-24,25.6,25.6,25.7,25.45,25.5,995928
2023-05-25,25.45,25.45,25.5,25.35,25.5,981820
2023-05-26,25.2,25.2,25.45,25.2,25.45,1373650
2023-05-29,25.2,25.2,25.35,25.15,25.25,1440415
2023-05-30,24.9,24.9,25.15,24.8,25.15,2111307
2023-05-31,25.1,25.1,25.1,24.75,24.8,930521
2023-06-01,25.35,25.35,25.4,25.05,25.2,1005566
2023-06-02,25.4,25.4,25.45,25.3,25.45,746885
2023-06-05,25.55,25.55,25.7,25.4,25.4,1075752
2023-06-06,25.55,25.55,25.7,25.45,25.65,571592
2023-06-07,25.65,25.65,25.7,25.55,25.65,721984
2023-06-08,25.55,25.55,25.7,25.45,25.65,788673
2023-06-09,25.0,25.0,25.25,24.75,25.2,3223861
2023-06-12,24.6,24.6,25.1,24.55,25.1,1507087
2023-06-13,24.6,24.6,24.7,24.5,24.7,822856
2023-06-14,24.6,24.6,24.7,24.5,24.7,1100714
2023-06-15,24.6,24.6,24.65,24.55,24.55,565252
2023-06-16,24.7,24.7,24.85,24.6,24.65,884422
2023-06-19,24.55,24.55,24.7,24.55,24.7,581461
2023-06-20,24.55,24.55,24.65,24.5,24.6,625041
2023-06-21,24.65,24.65,24.7,24.55,24.55,547602
2023-06-26,24.65,24.65,24.7,24.5,24.7,396981
2023-06-27,24.6,24.6,24.75,24.55,24.7,499539
2023-06-28,24.7,24.7,24.7,24.6,24.6,303516
2023-06-29,24.65,24.65,24.75,24.55,24.7,428044
2023-06-30,24.65,24.65,24.7,24.55,24.65,410590
2023-07-03,24.75,24.75,24.75,24.55,24.75,602548
2023-07-04,24.7,24.7,24.8,24.6,24.75,539235
2023-07-05,24.85,24.85,24.95,24.7,24.7,737299
2023-07-06,24.7,24.7,24.9,24.7,24.85,550361
2023-07-07,24.6,24.6,24.6,24.5,24.6,608637
2023-07-10,24.6,24.6,24.75,24.55,24.7,513425
2023-07-11,24.7,24.7,24.7,24.6,24.7,346449
2023-07-12,24.55,24.55,24.75,24.5,24.65,513943
2023-07-13,24.55,24.55,24.65,24.55,24.6,308252
2023-07-14,24.7,24.7,24.7,24.5,24.55,409924
2023-07-17,24.9,24.9,24.95,24.65,24.65,799948
2023-07-18,25.0,25.0,25.15,24.9,24.9,943189
2023-07-19,24.95,24.95,25.15,24.85,25.1,961485
2023-07-20,25.1,25.1,25.15,24.8,24.9,831352
2023-07-21,25.0,25.0,25.25,25.0,25.0,741149
2023-07-24,24.9,24.9,25.1,24.9,25.0,478338
2023-07-25,25.2,25.2,25.2,24.9,24.9,715580
2023-07-26,25.1,25.1,25.3,25.1,25.2,952480
2023-07-27,25.4,25.4,25.5,25.15,25.15,1015336
2023-07-28,25.45,25.45,25.5,25.3,25.4,653786
2023-07-31,25.35,25.35,25.6,25.3,25.5,925233
2023-08-01,25.35,25.35,25.5,25.3,25.5,349445
2023-08-02,25.05,25.05,25.45,25.05,25.35,1006167
2023-08-04,25.2,25.2,25.3,24.95,25.1,796953
2023-08-07,25.4,25.4,25.45,25.2,25.2,610371
2023-08-08,25.25,25.25,25.5,25.15,25.5,956059
2023-08-09,25.1,25.1,25.3,25.05,25.3,659571
2023-08-10,24.7,24.7,25.05,24.65,25.05,1753930
2023-08-11,24.5,24.5,24.75,24.5,24.7,1436428
2023-08-14,23.9,23.9,24.5,23.85,24.5,1626030
2023-08-15,24.05,24.05,24.2,23.85,24.0,1001904
2023-08-16,23.95,23.95,24.15,23.85,24.15,791858
2023-08-17,23.9,23.9,24.0,23.65,23.95,1010577
2023-08-18,24.0,24.0,24.1,23.7,23.9,1177700
2023-08-21,24.1,24.1,24.2,23.95,24.2,1117997
2023-08-22,24.05,24.05,24.3,23.95,24.1,1367636
2023-08-23,23.9,23.9,24.1,23.9,24.1,2214912
2023-08-24,21.9,21.9,22.2,21.75,22.15,4210969
2023-08-25,21.95,21.95,22.05,21.9,21.9,516655
2023-08-28,21.25,21.25,21.95,21.2,21.95,1193785
2023-08-29,20.75,20.75,21.25,20.7,21.25,1379187
2023-08-30,21.15,21.15,21.15,20.8,20.9,746471
2023-08-31,21.1,21.1,21.15,21.0,21.15,434538
2023-09-01,21.15,21.15,21.4,20.9,21.15,722791
2023-09-04,21.4,21.4,21.45,21.1,21.15,419810
2023-09-05,21.3,21.3,21.45,21.25,21.4,388623
2023-09-06,21.0,21.0,21.3,21.0,21.3,696747
2023-09-07,21.0,21.0,21.1,20.9,21.0,375715
2023-09-08,21.05,21.05,21.2,20.95,21.2,357172
2023-09-11,20.95,20.95,21.2,20.95,21.2,356531
2023-09-12,20.95,20.95,21.05,20.9,21.0,359313
2023-09-13,21.35,21.35,21.45,21.05,21.05,460902
2023-09-14,21.35,21.35,21.6,21.25,21.4,389444
2023-09-15,21.15,21.15,21.35,21.15,21.35,280773
2023-09-18,21.25,21.25,21.35,21.05,21.15,368028
2023-09-19,21.35,21.35,21.4,21.25,21.25,312739
2023-09-20,21.35,21.35,21.4,21.25,21.3,249945
2023-09-21,21.1,21.1,21.3,21.05,21.3,264525
2023-09-22,21.1,21.1,21.3,21.05,21.1,261102
2023-09-25,21.15,21.15,21.3,21.1,21.1,268456
2023-09-26,21.05,21.05,21.15,21.0,21.15,248008
2023-09-27,21.1,21.1,21.1,21.0,21.0,206960
2023-09-28,21.15,21.15,21.2,21.05,21.1,285088
2023-10-02,21.15,21.15,21.25,21.1,21.15,495339
2023-10-03,21.1,21.1,21.25,21.1,21.2,267748
2023-10-04,21.05,21.05,21.1,20.9,21.05,298033
2023-10-05,21.2,21.2,21.2,21.1,21.1,196415
2023-10-06,21.3,21.3,21.3,21.1,21.15,271453
2023-10-11,21.1,21.1,21.3,21.05,21.15,434713
2023-10-12,21.25,21.25,21.25,21.05,21.05,255915
2023-10-13,21.35,21.35,21.35,21.15,21.15,336137
2023-10-16,21.4,21.4,21.6,21.35,21.35,439350
2023-10-17,21.2,21.2,21.5,21.2,21.5,263421
2023-10-18,20.15,20.15,21.2,20.15,21.1,2469505
2023-10-19,20.55,20.55,20.55,20.2,20.2,450904
2023-10-20,20.35,20.35,20.55,20.15,20.5,461951
2023-10-23,20.5,20.5,20.85,20.4,20.5,379613
2023-10-24,20.5,20.5,20.6,20.4,20.5,250866
2023-10-25,20.7,20.7,20.75,20.5,20.6,328900
2023-10-26,20.5,20.5,20.7,20.5,20.6,267196
2023-10-27,20.75,20.75,20.75,20.5,20.5,148308
2023-10-30,20.55,20.55,20.7,20.45,20.7,230971
2023-10-31,20.5,20.5,20.7,20.4,20.7,203655
2023-11-01,20.55,20.55,20.6,20.45,20.5,175179
2023-11-02,20.65,20.65,20.75,20.55,20.7,148506
2023-11-03,20.65,20.65,20.85,20.65,20.65,249827
2023-11-06,20.8,20.8,20.9,20.7,20.7,266390
2023-11-07,20.8,20.8,20.85,20.7,20.8,137594
2023-11-08,20.85,20.85,20.85,20.7,20.8,124949
2023-11-09,20.9,20.9,20.9,20.8,20.9,185596
2023-11-10,20.45,20.45,20.7,20.45,20.7,490305
2023-11-13,20.05,20.05,20.45,20.0,20.45,906519
2023-11-14,20.0,20.0,20.1,19.9,20.0,954934
2023-11-15,20.05,20.05,20.2,19.9,20.2,892618
2023-11-16,20.25,20.25,20.35,20.05,20.15,673328
2023-11-17,20.3,20.3,20.4,20.2,20.25,213798
2023-11-20,20.4,20.4,20.5,20.25,20.3,361583
2023-11-21,20.6,20.6,20.65,20.35,20.4,418569
2023-11-22,20.5,20.5,20.7,20.45,20.7,320099
2023-11-23,20.55,20.55,20.6,20.45,20.5,336440
2023-11-24,20.55,20.55,20.65,20.55,20.55,314381
2023-11-27,20.6,20.6,20.7,20.5,20.55,460483
2023-11-28,20.8,20.8,20.85,20.65,20.65,369163
2023-11-29,20.8,20.8,20.9,20.7,20.8,332573
2023-11-30,20.85,20.85,20.85,20.75,20.85,349126
2023-12-01,21.1,21.1,21.15,20.8,20.8,511152
2023-12-04,21.3,21.3,21.35,21.05,21.15,588441
2023-12-05,21.25,21.25,21.3,21.2,21.2,274624
2023-12-06,21.2,21.2,21.3,21.1,21.2,318308
2023-12-07,21.05,21.05,21.2,21.0,21.2,265478
2023-12-08,20.95,20.95,21.1,20.95,21.1,389513
2023-12-11,20.9,20.9,21.0,20.9,21.0,208324
2023-12-12,20.95,20.95,21.0,20.8,20.9,351744
2023-12-13,20.9,20.9,21.0,20.8,20.95,330741
2023-12-14,21.0,21.0,21.1,20.9,21.1,459301
2023-12-15,21.05,21.05,21.1,20.9,21.1,436739
2023-12-18,21.25,21.25,21.25,21.05,21.05,578307
2023-12-19,20.9,20.9,21.2,20.8,21.15,547859
2023-12-20,21.1,21.1,21.1,20.85,20.95,289086
2023-12-21,20.9,20.9,21.05,20.9,21.0,268185
2023-12-22,20.9,20.9,20.9,20.8,20.85,170398
2023-12-25,20.8,20.8,20.9,20.8,20.9,175389
2023-12-26,20.85,20.85,20.95,20.75,20.8,286300
2023-12-27,20.95,20.95,20.95,20.8,20.85,243142
2023-12-28,20.95,20.95,21.0,20.8,20.9,240044
2023-12-29,20.9,20.9,21.0,20.85,21.0,179821
2024-01-02,20.85,20.85,20.9,20.8,20.9,157357
2024-01-03,20.85,20.85,20.85,20.75,20.85,351342
2024-01-04,20.8,20.8,20.85,20.75,20.8,180685
2024-01-05,20.8,20.8,20.85,20.8,20.8,212179
2024-01-08,20.85,20.85,20.95,20.8,20.8,174536
2024-01-09,20.75,20.75,20.9,20.75,20.85,259436
2024-01-10,20.45,20.45,20.75,20.45,20.75,622594
2024-01-11,20.6,20.6,20.8,20.5,20.8,199320
2024-01-12,20.75,20.75,20.8,20.6,20.6,196797
2024-01-15,20.65,20.65,20.9,20.65,20.9,222271
2024-01-16,20.25,20.25,20.55,20.15,20.55,729341
2024-01-17,20.1,20.1,20.2,20.0,20.15,536893
2024-01-18,20.15,20.15,20.15,20.05,20.15,199104
2024-01-19,20.25,20.25,20.3,20.1,20.15,175023
2024-01-22,20.3,20.3,20.5,20.2,20.25,266718
2024-01-23,20.4,20.4,20.45,20.35,20.45,124891
2024-01-24,20.45,20.45,20.5,20.35,20.5,201412
2024-01-25,20.45,20.45,20.5,20.35,20.4,169743
2024-01-26,20.65,20.65,20.7,20.4,20.4,336897
2024-01-29,20.8,20.8,20.85,20.55,20.55,290797
2024-01-30,20.7,20.7,20.8,20.6,20.8,147641
2024-01-31,20.65,20.65,20.7,20.55,20.7,129041
2024-02-01,20.55,20.55,20.65,20.55,20.65,283129
2024-02-02,20.6,20.6,20.65,20.55,20.55,167805
2024-02-05,20.55,20.55,20.6,20.5,20.55,178469
2024-02-15,20.5,20.5,20.55,20.35,20.5,327451
2024-02-16,20.5,20.5,20.6,20.45,20.5,329174
2024-02-19,20.9,20.9,21.0,20.6,20.6,832477
2024-02-20,20.7,20.7,21.0,20.65,21.0,508033
2024-02-21,20.7,20.7,20.8,20.65,20.65,280422
2024-02-22,20.75,20.75,20.8,20.7,20.7,216778
2024-02-23,20.65,20.65,20.8,20.65,20.7,365274
2024-02-26,20.85,20.85,21.1,20.6,20.6,1212676
2024-02-27,21.0,21.0,21.3,20.85,20.9,1046273
2024-02-29,20.95,20.95,21.0,20.85,20.85,354323
2024-03-01,20.85,20.85,20.95,20.8,20.95,252508
2024-03-04,20.75,20.75,20.9,20.75,20.8,504445
2024-03-05,20.7,20.7,20.85,20.7,20.75,228412
2024-03-06,20.65,20.65,20.8,20.65,20.75,560508
2024-03-07,20.55,20.55,20.65,20.4,20.65,723844
2024-03-08,20.55,20.55,20.7,20.45,20.7,681692
2024-03-11,20.8,20.8,20.85,20.6,20.6,542580
2024-03-12,21.1,21.1,21.15,20.8,20.9,1209956
2024-03-13,20.95,20.95,21.3,20.85,21.25,697424
2024-03-14,20.45,20.45,20.8,20.45,20.8,1068708
2024-03-15,20.2,20.2,20.5,20.2,20.5,835379
2024-03-18,19.95,19.95,20.2,19.8,20.2,1050502
2024-03-19,19.9,19.9,19.95,19.8,19.95,637406
2024-03-20,19.55,19.55,19.9,19.5,19.9,1274766
2024-03-21,19.65,19.65,19.65,19.5,19.55,733991
2024-03-22,19.45,19.45,19.6,19.35,19.6,810059
2024-03-25,19.6,19.6,19.65,19.35,19.45,434640
2024-03-26,19.5,19.5,19.65,19.4,19.6,475739
2024-03-27,19.55,19.55,19.6,19.45,19.45,341065
2024-03-28,19.45,19.45,19.6,19.4,19.55,465732
2024-03-29,19.5,19.5,19.55,19.45,19.5,289406
2024-04-01,19.65,19.65,19.7,19.5,19.5,309601
2024-04-02,19.6,19.6,19.7,19.6,19.7,257009
2024-04-03,19.55,19.55,19.6,19.5,19.6,185820
2024-04-08,19.6,19.6,19.7,19.4,19.55,878369
2024-04-09,19.75,19.75,19.85,19.55,19.6,424907
2024-04-10,20.0,20.0,20.0,19.7,19.75,686823
2024-04-11,19.65,19.65,20.0,19.65,20.0,457279
2024-04-12,19.6,19.6,19.7,19.55,19.65,237857
2024-04-15,19.6,19.6,19.75,19.5,19.55,230094
2024-04-16,19.2,19.2,19.6,19.15,19.6,825513
2024-04-17,19.3,19.3,19.4,19.2,19.2,315819
2024-04-18,19.4,19.4,19.4,19.15,19.3,283857
2024-04-19,19.1,19.1,19.35,19.05,19.15,837048
2024-04-22,19.35,19.35,19.4,19.1,19.3,731288
2024-04-23,19.25,19.25,19.4,19.15,19.35,265028
2024-04-24,19.3,19.3,19.4,19.3,19.3,215281
2024-04-25,19.4,19.4,19.5,19.3,19.3,255474
2024-04-26,19.4,19.4,19.45,19.35,19.35,240305
2024-04-29,19.55,19.55,19.65,19.45,19.45,513250
2024-04-30,19.55,19.55,19.6,19.5,19.55,208412
2024-05-02,19.5,19.5,19.55,19.4,19.55,439090
2024-05-03,19.5,19.5,19.65,19.45,19.55,335663
2024-05-06,19.45,19.45,19.55,19.4,19.5,258594
2024-05-07,19.4,19.4,19.55,19.35,19.45,432100
2024-05-08,19.7,19.7,19.75,19.4,19.5,616211
2024-05-09,19.75,19.75,19.85,19.7,19.8,417504
2024-05-10,20.0,20.0,20.05,19.85,19.85,743247
2024-05-13,20.0,20.0,20.15,19.95,20.05,692245
2024-05-14,20.05,20.05,20.15,20.0,20.15,628455
2024-05-15,20.0,20.0,20.15,20.0,20.1,585046
2024-05-16,20.35,20.35,20.35,20.0,20.1,1226495
2024-05-17,20.3,20.3,20.4,20.2,20.4,461313
2024-05-20,20.35,20.35,20.45,20.25,20.45,516323
2024-05-21,20.15,20.15,20.35,20.05,20.35,466724
2024-05-22,20.3,20.3,20.4,20.05,20.2,563300
2024-05-23,20.0,20.0,20.2,20.0,20.2,408378
2024-05-24,20.1,20.1,20.2,20.0,20.05,263002
2024-05-27,20.5,20.5,20.5,20.0,20.15,1112587
2024-05-28,20.6,20.6,20.65,20.5,20.55,764737
2024-05-29,20.45,20.45,20.65,20.4,20.65,514360
2024-05-30,20.4,20.4,20.65,20.35,20.4,724852
2024-05-31,20.65,20.65,20.7,20.55,20.55,732427
2024-06-03,20.65,20.65,20.75,20.5,20.55,716359
2024-06-04,20.6,20.6,20.65,20.5,20.65,357684
2024-06-05,20.45,20.45,20.65,20.3,20.65,473842
2024-06-06,20.2,20.2,20.5,20.2,20.5,556169
2024-06-07,20.4,20.4,20.45,20.2,20.2,276811
2024-06-11,20.7,20.7,20.9,20.5,20.5,879497
2024-06-12,20.9,20.9,20.9,20.7,20.9,730819
2024-06-13,20.65,20.65,20.95,20.6,20.9,515682
2024-06-14,20.55,20.55,20.85,20.45,20.85,898566
2024-06-17,20.8,20.8,20.85,20.5,20.75,750930
2024-06-18,20.75,20.75,20.85,20.6,20.75,342346
2024-06-19,20.7,20.7,20.85,20.65,20.8,532721
2024-06-20,20.9,20.9,20.9,20.7,20.75,754654
2024-06-21,21.45,21.45,21.45,20.9,20.9,2368676
2024-06-24,21.35,21.35,21.8,21.35,21.5,2034514
2024-06-25,21.4,21.4,21.8,21.35,21.45,3217742
2024-06-26,23.5,23.5,23.5,21.4,21.4,18556041
2024-06-27,23.95,23.95,25.1,23.5,23.6,32300718
2024-06-28,23.5,23.5,23.9,23.1,23.9,5289501
2024-07-01,23.6,23.6,24.1,23.35,23.5,4720566
2024-07-02,23.75,23.75,24.5,23.3,23.65,5810016
2024-07-03,23.55,23.55,23.95,23.4,23.8,2931271
2024-07-04,23.9,23.9,24.1,23.6,23.7,2798566
2024-07-05,24.05,24.05,24.35,24.0,24.15,3931065
2024-07-08,23.9,23.9,24.6,23.85,24.45,3293968
2024-07-09,22.55,22.55,23.5,22.35,23.5,4652200
2024-07-10,22.8,22.8,22.95,22.55,22.55,1066795
2024-07-11,22.8,22.8,23.15,22.55,22.6,1407739
2024-07-12,23.1,23.1,23.2,22.75,22.75,954239
2024-07-15,23.15,23.15,23.45,23.1,23.1,1256958
2024-07-16,23.0,23.0,23.3,22.9,23.1,931126
2024-07-17,25.3,25.3,25.3,23.15,23.2,20420214
2024-07-18,25.75,25.75,26.0,24.0,25.0,27154125
2024-07-19,26.55,26.55,27.5,25.75,25.75,44357084
2024-07-22,25.0,25.0,27.55,25.0,26.6,16813523
2024-07-23,24.55,24.55,26.0,24.25,25.55,7356492
2024-07-26,24.2,24.2,24.3,23.75,24.1,2432537
2024-07-29,23.8,23.8,24.75,23.7,24.55,2766253
2024-07-30,24.25,24.25,24.3,23.7,24.0,1521964
2024-07-31,24.15,24.15,24.65,24.1,24.55,1852701
2024-08-01,24.3,24.3,24.5,24.15,24.5,1793324
2024-08-02,23.75,23.75,24.25,23.7,24.2,1880269
2024-08-05,21.55,21.55,23.1,21.4,23.1,4576241
2024-08-06,22.05,22.05,22.6,20.85,21.9,2563180
2024-08-07,23.25,23.25,23.5,22.05,22.05,2170906
2024-08-08,23.2,23.2,23.35,22.85,23.05,1651797
2024-08-09,22.85,22.85,23.5,22.8,22.95,3755130
2024-08-12,22.9,22.9,23.5,22.85,23.0,1426799
2024-08-13,22.9,22.9,23.05,22.6,22.9,972284
2024-08-14,23.0,23.0,23.3,22.85,23.15,1287061
2024-08-15,23.2,23.2,23.5,23.1,23.3,1257067
2024-08-16,23.05,23.05,23.45,23.0,23.4,1465553
2024-08-19,22.95,22.95,23.2,22.85,23.05,760856
2024-08-20,23.2,23.2,23.5,23.0,23.0,1213879
2024-08-21,23.55,23.55,23.85,23.25,23.3,1949640
2024-08-22,24.05,24.05,24.9,23.5,23.8,5406007
2024-08-23,24.0,24.0,24.25,23.6,23.9,1996864
2024-08-26,24.0,24.0,24.35,23.95,24.2,1943525
2024-08-27,23.25,23.25,23.7,23.2,23.55,1452658
2024-08-28,23.35,23.35,23.4,23.25,23.25,1021819
2024-08-29,23.6,23.6,23.9,23.15,23.15,1417787
2024-08-30,23.5,23.5,23.8,23.45,23.8,864591
2024-09-02,23.65,23.65,23.9,23.3,23.65,1056643
2024-09-03,23.25,23.25,23.65,23.25,23.65,696101
2024-09-04,22.35,22.35,22.8,21.95,22.8,1760287
2024-09-05,22.85,22.85,23.15,22.6,22.9,1077207
2024-09-06,23.2,23.2,23.45,22.7,23.0,953162
2024-09-09,22.85,22.85,23.15,22.5,22.7,862302
2024-09-10,22.5,22.5,23.1,22.45,22.85,725633
2024-09-11,24.05,24.05,24.3,23.1,23.2,7213726
2024-09-12,23.85,23.85,24.3,23.7,24.3,2393287
2024-09-13,23.75,23.75,24.25,23.7,23.95,1466624
2024-09-16,24.3,24.3,24.6,23.9,24.05,3128257
2024-09-18,24.15,24.15,24.9,24.15,24.45,3583428
2024-09-19,24.25,24.25,24.55,23.95,24.25,2085097
2024-09-20,24.95,24.95,25.45,24.3,24.45,8487105
2024-09-23,24.8,24.8,25.6,24.6,25.4,5631361
2024-09-24,24.6,24.6,25.1,24.3,25.0,2736705
2024-09-25,24.75,24.75,25.2,24.7,25.1,3257011
2024-09-26,24.25,24.25,25.1,24.25,25.0,2446154
2024-09-27,25.2,25.2,25.3,24.5,24.5,4166024
2024-09-30,24.65,24.65,25.3,24.5,25.3,2402085
2024-10-01,24.6,24.6,24.8,24.4,24.6,1236975
2024-10-04,24.1,24.1,24.7,24.05,24.55,1546584
2024-10-07,24.0,24.0,24.25,23.9,24.2,1363455
2024-10-08,24.0,24.0,24.1,23.75,24.05,1058112
2024-10-09,23.65,23.65,24.2,23.65,24.2,1223325
2024-10-11,22.95,22.95,23.5,22.9,23.5,1967005
2024-10-14,22.8,22.8,23.0,22.8,22.9,830571
2024-10-15,22.85,22.85,23.1,22.85,23.0,818800
2024-10-16,22.85,22.85,23.0,22.7,22.75,2483220
2024-10-17,23.15,23.15,23.3,22.9,22.95,704500
2024-10-18,23.0,23.0,23.25,22.9,23.15,575844
2024-10-21,22.95,22.95,23.15,22.9,23.15,401674
2024-10-22,23.0,23.0,23.1,22.85,22.95,482346
2024-10-23,23.1,23.1,23.35,23.0,23.0,709374
2024-10-24,22.9,22.9,23.1,22.85,23.05,604764
2024-10-25,23.05,23.05,23.05,22.85,22.95,577595
2024-10-28,22.9,22.9,23.05,22.85,23.05,482912
2024-10-29,22.6,22.6,22.95,22.6,22.9,904202
2024-10-30,22.6,22.6,22.75,22.5,22.65,489364
2024-11-01,22.7,22.7,22.8,22.35,22.5,563152
2024-11-04,22.65,22.65,22.8,22.65,22.7,394669
2024-11-05,22.8,22.8,22.95,22.65,22.65,346998
2024-11-06,22.75,22.75,22.9,22.7,22.8,390200
2024-11-07,23.15,23.15,23.2,22.7,22.7,559817
2024-11-08,22.95,22.95,23.25,22.8,23.15,525707
2024-11-11,22.15,22.15,22.8,22.05,22.75,2543628
2024-11-12,22.0,22.0,22.2,21.75,22.0,961246
2024-11-13,21.75,21.75,22.1,21.7,22.0,1022149
2024-11-14,21.8,21.8,21.9,21.65,21.85,626856
2024-11-15,21.85,21.85,22.05,21.75,21.8,1098486
2024-11-18,21.95,21.95,22.15,21.8,21.9,586360
2024-11-19,22.15,22.15,22.2,21.95,22.0,330951
2024-11-20,21.9,21.9,22.15,21.9,22.15,283657
2024-11-21,21.8,21.8,21.95,21.75,21.9,464692
2024-11-22,21.85,21.85,22.1,21.85,21.9,196045
2024-11-25,22.0,22.0,22.15,21.9,21.9,403245
2024-11-26,22.05,22.05,22.3,22.0,22.05,408853
2024-11-27,21.75,21.75,22.15,21.7,22.05,490477
2024-11-28,21.5,21.5,21.8,21.3,21.75,769979
2024-11-29,21.45,21.45,21.5,21.3,21.45,402149
2024-12-02,21.35,21.35,21.6,21.35,21.5,341503
2024-12-03,21.5,21.5,21.6,21.4,21.45,297387
2024-12-04,21.65,21.65,21.8,21.5,21.5,483507
2024-12-05,21.55,21.55,21.85,21.5,21.55,392650
2024-12-06,21.7,21.7,21.75,21.55,21.55,172171
2024-12-09,21.65,21.65,21.7,21.5,21.7,270042
2024-12-10,21.6,21.6,21.9,21.6,21.65,312601
2024-12-11,21.6,21.6,21.7,21.55,21.65,335224
2024-12-12,21.6,21.6,21.95,21.6,21.65,353178
2024-12-13,21.05,21.05,21.6,21.05,21.6,811793
2024-12-16,20.75,20.75,21.2,20.75,21.05,479142
2024-12-17,20.8,20.8,20.85,20.7,20.75,231962
2024-12-18,20.8,20.8,20.85,20.6,20.65,259582
2024-12-19,20.6,20.6,20.75,20.55,20.75,446781
2024-12-20,20.4,20.4,20.65,20.35,20.6,576027
2024-12-23,20.7,20.7,20.9,20.5,20.5,198371
2024-12-24,20.5,20.5,21.0,20.5,20.8,561527
2024-12-25,20.7,20.7,20.7,20.5,20.7,266934
2024-12-26,20.7,20.7,20.85,20.6,20.6,143469
2024-12-27,20.65,20.65,20.7,20.55,20.65,184516
2024-12-30,20.4,20.4,20.65,20.4,20.65,285343
2024-12-31,20.35,20.35,20.5,20.3,20.5,330319
2025-01-02,20.45,20.45,20.6,20.35,20.4,311873
2025-01-03,20.3,20.3,20.55,20.3,20.5,354266
2025-01-06,20.6,20.6,20.75,20.3,20.35,281822
2025-01-07,20.35,20.35,20.75,20.35,20.6,336220
2025-01-08,20.45,20.45,20.5,20.3,20.35,166254
2025-01-09,20.05,20.05,20.5,20.05,20.35,643407
2025-01-10,20.15,20.15,20.15,20.0,20.0,329145
2025-01-13,19.95,19.95,20.05,19.7,20.0,672820
2025-01-14,20.05,20.05,20.2,19.95,19.95,235554
2025-01-15,20.15,20.15,20.3,20.05,20.05,204602
2025-01-16,20.05,20.05,20.35,20.0,20.2,281840
2025-01-17,20.2,20.2,20.3,20.05,20.05,247059
2025-01-20,20.25,20.25,20.3,20.15,20.25,169113
2025-01-21,20.5,20.5,20.9,20.25,20.25,869302
2025-01-22,20.5,20.5,20.6,20.4,20.6,175971
2025-02-03,20.2,20.2,20.5,20.05,20.5,346280
2025-02-04,20.1,20.1,20.25,20.1,20.25,203457
2025-02-05,20.1,20.1,20.35,20.1,20.25,183286
2025-02-06,20.3,20.3,20.35,20.15,20.2,259301
2025-02-07,20.2,20.2,20.35,20.2,20.35,116317
2025-02-10,20.75,20.75,20.8,20.3,20.3,650649
2025-02-11,20.7,20.7,20.85,20.7,20.85,456187
2025-02-12,20.8,20.8,20.9,20.65,20.85,517580
2025-02-13,21.25,21.25,21.4,20.8,20.8,649531
2025-02-14,21.35,21.35,21.5,21.3,21.45,418075
2025-02-17,21.35,21.35,21.55,21.3,21.5,554625
2025-02-18,21.25,21.25,21.4,21.2,21.4,232591
2025-02-19,21.3,21.3,21.4,21.25,21.25,238000
2025-02-20,21.85,21.85,22.05,21.35,21.35,1430608
2025-02-21,21.8,21.8,21.9,21.65,21.8,455285
2025-02-24,21.85,21.85,21.95,21.65,21.7,374008
2025-02-25,21.75,21.75,21.8,21.65,21.7,277724
2025-02-26,21.75,21.75,21.8,21.7,21.7,316087
2025-02-27,21.65,21.65,21.9,21.65,21.75,528460
2025-03-03,21.6,21.6,21.75,21.55,21.65,299646
2025-03-04,21.65,21.65,21.65,21.4,21.6,358067
2025-03-05,21.95,21.95,22.0,21.6,21.6,335571
2025-03-06,21.95,21.95,22.1,21.75,22.0,362626
2025-03-07,21.8,21.8,21.95,21.8,21.9,178077
2025-03-10,21.7,21.7,21.8,21.65,21.8,268042
2025-03-11,21.5,21.5,21.6,21.05,21.4,641379
2025-03-12,21.2,21.2,21.5,21.2,21.5,556505
2025-03-13,20.9,20.9,21.35,20.9,21.25,964983
2025-03-14,20.55,20.55,20.7,20.3,20.55,988093
2025-03-17,20.55,20.55,20.7,20.45,20.7,333116
2025-03-18,20.45,20.45,20.75,20.4,20.6,381585
2025-03-19,20.4,20.4,20.6,20.35,20.6,444094
2025-03-20,20.5,20.5,20.6,20.4,20.5,267862
2025-03-21,20.3,20.3,20.5,20.3,20.45,410628
2025-03-24,20.25,20.25,20.3,20.2,20.3,348702
2025-03-25,20.0,20.0,20.35,19.95,20.25,656351
2025-03-26,20.15,20.15,20.2,20.0,20.05,230725
2025-03-27,20.05,20.05,20.2,20.0,20.05,331146
2025-03-28,19.75,19.75,20.0,19.6,20.0,808607
2025-03-31,19.1,19.1,19.6,19.0,19.6,1093228
2025-04-01,19.4,19.4,19.45,19.2,19.2,506883
2025-04-02,19.55,19.55,19.6,19.25,19.4,224607
2025-04-07,17.6,17.6,17.65,17.6,17.6,1018032
2025-04-08,16.85,16.85,17.25,16.05,16.05,1838039
2025-04-09,16.05,16.05,16.85,15.8,16.75,1682850
2025-04-10,17.65,17.65,17.65,17.2,17.2,457813
2025-04-11,17.55,17.55,18.05,16.9,16.95,594878
2025-04-14,17.2,17.2,17.95,17.2,17.85,742677
2025-04-15,17.7,17.7,17.8,17.3,17.4,500608
2025-04-16,17.2,17.2,17.7,17.2,17.7,335662
2025-04-17,17.05,17.05,17.1,16.9,17.0,377384
2025-04-18,17.15,17.15,17.2,17.0,17.0,141722
2025-04-21,16.8,16.8,17.2,16.8,17.2,274551
2025-04-22,16.7,16.7,17.0,16.55,17.0,254566
2025-04-23,17.0,17.0,17.15,16.95,17.05,293510
2025-04-24,16.9,16.9,17.1,16.85,17.05,289859
2025-04-25,17.05,17.05,17.15,16.95,17.15,216341
2025-04-28,17.3,17.3,17.3,17.1,17.1,355662
2025-04-29,17.5,17.5,17.55,17.2,17.2,401850
2025-04-30,17.3,17.3,17.6,17.3,17.4,246513
2025-05-02,17.65,17.65,17.7,17.35,17.35,295786
2025-05-05,17.7,17.7,17.9,17.4,17.85,419768
2025-05-06,17.85,17.85,17.9,17.6,17.75,309920
2025-05-07,17.85,17.85,17.95,17.8,17.95,194645
2025-05-08,17.9,17.9,18.05,17.85,18.0,245306
2025-05-09,17.95,17.95,18.1,17.85,17.85,247104
2025-05-12,17.65,17.65,18.0,17.6,17.95,525259
2025-05-13,17.85,17.85,18.0,17.55,17.95,561955
2025-05-14,17.9,17.9,17.95,17.75,17.9,282576
2025-05-15,17.95,17.95,18.15,17.95,17.95,367840
2025-05-16,18.4,18.4,18.8,18.0,18.0,989984
2025-05-19,18.25,18.25,18.55,18.2,18.4,459717
2025-05-20,18.3,18.3,18.3,18.2,18.3,116730
2025-05-21,18.45,18.45,18.45,18.25,18.3,251775
2025-05-22,18.3,18.3,18.4,18.25,18.4,180806
2025-05-23,18.35,18.35,18.45,18.25,18.3,91470
2025-05-26,18.45,18.45,18.5,18.35,18.4,178057
2025-05-27,18.6,18.6,19.25,18.6,18.6,837805
2025-05-28,18.55,18.55,18.85,18.45,18.75,301884
2025-05-29,18.2,18.2,18.65,18.2,18.65,436599
2025-06-02,17.9,17.9,18.15,17.7,18.15,321461
2025-06-03,17.8,17.8,18.0,17.75,17.9,176709
2025-06-04,18.05,18.05,18.2,17.9,17.9,211515
2025-06-05,18.0,18.0,18.1,17.95,18.0,110016
2025-06-06,18.0,18.0,18.1,17.85,17.9,135273
2025-06-09,17.8,17.8,18.1,17.65,18.1,258649
2025-06-10,17.8,17.8,18.05,17.75,17.8,231906
2025-06-11,17.9,17.9,17.9,17.7,17.85,146334
2025-06-12,17.9,17.9,18.05,17.8,17.85,174099
2025-06-13,17.65,17.65,18.0,17.6,17.8,363027
2025-06-16,17.75,17.75,17.85,17.45,17.65,190956
2025-06-17,17.8,17.8,17.85,17.6,17.85,198107
2025-06-18,17.75,17.75,17.85,17.7,17.75,165505
2025-06-19,17.65,17.65,17.75,17.6,17.65,295824
2025-06-20,17.5,17.5,17.65,17.45,17.65,257370
2025-06-23,17.5,17.5,17.55,17.25,17.5,261209
2025-06-24,17.85,17.85,17.85,17.5,17.5,126263
2025-06-25,18.0,18.0,18.0,17.85,17.85,187386
2025-06-26,18.25,18.25,18.3,17.9,18.0,342351
2025-06-27,18.2,18.2,18.35,18.05,18.3,141539
2025-06-30,17.95,17.95,18.25,17.95,18.25,86439
2025-07-01,18.1,18.1,18.3,18.05,18.1,237136
2025-07-02,18.1,18.1,18.2,18.0,18.1,56703
2025-07-03,18.1,18.1,18.25,18.05,18.1,137108
2025-07-04,17.9,17.9,18.15,17.9,18.15,108608
2025-07-07,17.95,17.95,18.0,17.6,17.9,103516
2025-07-08,17.75,17.75,17.95,17.65,17.95,157820
2025-07-09,17.65,17.65,17.75,17.65,17.7,64751
2025-07-10,17.55,17.55,17.8,17.55,17.65,188138
2025-07-11,17.6,17.6,17.65,17.45,17.5,186276
2025-07-14,17.55,17.55,17.65,17.45,17.5,100232
2025-07-15,17.55,17.55,17.75,17.45,17.55,187054
2025-07-16,17.5,17.5,17.7,17.5,17.55,129944
2025-07-17,17.5,17.5,17.65,17.45,17.6,221843
2025-07-18,17.6,17.6,17.6,17.5,17.5,118987
2025-07-21,17.65,17.65,17.8,17.6,17.6,150030
2025-07-22,17.35,17.35,17.8,17.35,17.7,289571
2025-07-23,17.55,17.55,17.6,17.35,17.35,134666
2025-07-24,17.55,17.55,17.6,17.5,17.55,112719
2025-07-25,17.5,17.5,17.65,17.45,17.6,226017
2025-07-28,17.6,17.6,17.65,17.5,17.5,165920
2025-07-29,17.5,17.5,17.7,17.45,17.7,145342
2025-07-30,17.8,17.8,17.8,17.5,17.5,253698
2025-07-31,17.7,17.7,17.85,17.55,17.85,142366
2025-08-01,17.5,17.5,17.6,17.4,17.45,111853
2025-08-04,17.65,17.65,17.7,17.35,17.45,179702
2025-08-05,17.75,17.75,17.85,17.6,17.85,236705
2025-08-06,17.75,17.75,17.85,17.65,17.7,151905
2025-08-07,17.85,17.85,17.9,17.75,17.75,285114
2025-08-08,18.4,18.4,18.7,17.9,17.9,951190
2025-08-11,18.45,18.45,18.5,18.2,18.35,263524
2025-08-12,18.55,18.55,18.7,18.4,18.45,315173
2025-08-13,18.55,18.55,18.9,18.4,18.65,351244
2025-08-14,18.6,18.6,18.75,18.5,18.65,299379
2025-08-15,18.25,18.25,18.5,18.25,18.5,486337
2025-08-18,18.5,18.5,18.5,18.25,18.25,315005
2025-08-19,18.7,18.7,18.75,18.5,18.65,402508
2025-08-20,18.65,18.65,18.85,18.65,18.7,518152
2025-08-21,18.55,18.55,18.8,18.55,18.65,366480
2025-08-22,18.35,18.35,18.6,18.3,18.6,502253
2025-08-25,18.4,18.4,18.6,18.3,18.6,569970
2025-08-26,18.35,18.35,18.5,18.35,18.45,539767
2025-08-27,17.35,17.35,17.5,17.3,17.45,951154
2025-08-28,17.1,17.1,17.4,17.0,17.4,457351
2025-08-29,16.95,16.95,17.2,16.9,17.2,465431
2025-09-01,16.7,16.7,17.1,16.7,17.0,409690
2025-09-02,16.7,16.7,16.75,16.6,16.7,307837
2025-09-03,16.6,16.6,16.8,16.55,16.7,392493
2025-09-04,16.65,16.65,16.75,16.6,16.7,398883
2025-09-05,16.7,16.7,16.75,16.6,16.7,256589
2025-09-08,16.6,16.6,16.8,16.6,16.7,253293
2025-09-09,16.65,16.65,16.7,16.6,16.6,215934
2025-09-10,16.5,16.5,16.65,16.4,16.65,702856
2025-09-11,16.2,16.2,16.45,16.1,16.45,833552
2025-09-12,16.25,16.25,16.3,16.1,16.25,422034
2025-09-15,16.2,16.2,16.25,16.15,16.2,142771
2025-09-16,16.2,16.2,16.3,16.15,16.2,317138
2025-09-17,16.2,16.2,16.4,16.2,16.2,289837
2025-09-18,16.25,16.25,16.4,16.2,16.25,524296
2025-09-19,16.2,16.2,16.3,16.2,16.25,241690
2025-09-22,16.25,16.25,16.45,16.2,16.2,242183
2025-09-23,16.2,16.2,16.3,16.15,16.25,361856
2025-09-24,16.3,16.3,16.3,16.15,16.25,219792
2025-09-25,16.4,16.4,16.5,16.3,16.3,277355
2025-09-26,16.25,16.25,16.45,16.2,16.45,216513
2025-09-30,16.4,16.4,16.4,16.2,16.3,201415
2025-10-01,16.3,16.3,16.35,16.3,16.35,104127
2025-10-02,16.4,16.4,16.6,16.35,16.35,251171
2025-10-03,16.4,16.4,16.55,16.25,16.4,183500
2025-10-07,16.5,16.5,16.65,16.25,16.4,227176
2025-10-08,16.5,16.5,16.55,16.35,16.5,161831
2025-10-09,16.5,16.5,16.6,16.4,16.5,204224
2025-10-13,16.75,16.75,16.8,16.2,16.4,519852
2025-10-14,16.75,16.75,16.95,16.65,16.75,585058
2025-10-15,16.8,16.8,16.9,16.65,16.65,166656
2025-10-16,16.8,16.8,17.0,16.7,16.85,183959
2025-10-17,16.9,16.9,17.35,16.85,16.95,678422
2025-10-20,16.85,16.85,17.05,16.75,16.9,259552
2025-10-21,16.85,16.85,17.0,16.8,17.0,134255
2025-10-22,17.1,17.1,17.2,16.9,16.95,437552
2025-10-23,17.0,17.0,17.15,16.95,17.1,125294
2025-10-27,16.95,16.95,17.1,16.9,17.05,177509
2025-10-28,16.75,16.75,17.1,16.7,16.95,305268
2025-10-29,16.8,16.8,16.9,16.75,16.8,301928
2025-10-30,16.8,16.8,16.8,16.6,16.8,209991
2025-10-31,16.65,16.65,16.8,16.6,16.8,224653
2025-11-03,16.6,16.6,16.7,16.5,16.65,274056
2025-11-04,16.5,16.5,16.65,16.5,16.6,218822
2025-11-05,16.4,16.4,16.45,16.25,16.35,213097
2025-11-06,16.85,16.85,16.85,16.4,16.4,309006
2025-11-07,16.65,16.65,16.75,16.6,16.75,113590
2025-11-10,16.65,16.65,16.8,16.55,16.65,135181
2025-11-11,16.7,16.7,16.8,16.6,16.8,132497
2025-11-12,16.85,16.85,16.9,16.65,16.7,302305
2025-11-13,16.85,16.85,16.95,16.75,16.85,317400
2025-11-14,16.85,16.85,17.0,16.75,16.8,295928
2025-11-17,16.75,16.75,17.0,16.65,16.9,267888
2025-11-18,16.6,16.6,16.8,16.5,16.75,231548
2025-11-19,16.6,16.6,16.75,16.5,16.75,226448
2025-11-20,16.6,16.6,16.75,16.55,16.6,228767
2025-11-21,16.4,16.4,16.75,16.35,16.7,371361
2025-11-24,16.5,16.5,16.55,16.35,16.55,218258
2025-11-25,16.6,16.6,16.8,16.3,16.55,323531
2025-11-26,16.7,16.7,16.75,16.6,16.6,103187
2025-11-27,16.75,16.75,16.85,16.6,16.65,146038
2025-11-28,16.75,16.75,16.8,16.65,16.7,80437
2025-12-01,16.7,16.7,16.75,16.65,16.7,178895
2025-12-02,16.9,16.9,16.95,16.65,16.65,502847
2025-12-03,16.95,16.95,16.95,16.85,16.95,213120
2025-12-04,16.95,16.95,17.1,16.85,16.95,246434
2025-12-05,16.95,16.95,16.95,16.75,16.85,121553
2025-12-08,16.8,16.8,17.5,16.7,17.5,413316
2025-12-09,16.7,16.7,16.85,16.65,16.8,205659
2025-12-10,16.65,16.65,16.75,16.6,16.75,151175
2025-12-11,16.7,16.7,16.75,16.55,16.6,377645
2025-12-12,16.75,16.75,16.85,16.65,16.85,175037
2025-12-15,16.75,16.75,16.8,16.65,16.75,139139
2025-12-16,16.75,16.75,16.75,16.6,16.65,189431
2025-12-17,16.7,16.7,16.8,16.7,16.8,164904
2025-12-18,16.75,16.75,16.75,16.7,16.7,104010
2025-12-19,16.75,16.75,16.8,16.7,16.75,179864
2025-12-22,16.7,16.7,16.85,16.7,16.8,132110
2025-12-23,16.7,16.7,16.8,16.7,16.7,208945
2025-12-24,16.65,16.65,16.7,16.6,16.7,144232
2025-12-26,16.65,16.65,16.7,16.6,16.65,144328
2025-12-29,16.8,16.8,16.8,16.6,16.65,241658
2025-12-30,16.7,16.7,16.8,16.65,16.8,169048
2025-12-31,16.65,16.65,16.75,16.65,16.75,160452
2026-01-02,16.6,16.6,16.7,16.5,16.65,353771
2026-01-05,16.6,16.6,16.75,16.4,16.6,783792
2026-01-06,16.65,16.65,16.75,16.55,16.7,395368
2026-01-07,16.9,16.9,17.1,16.7,16.75,775317
2026-01-08,16.9,16.9,17.1,16.85,16.95,426632
2026-01-09,16.9,16.9,17.1,16.8,17.1,229153
2026-01-12,16.9,16.9,17.0,16.85,16.9,276070
2026-01-13,16.9,16.9,16.95,16.8,16.9,243540
2026-01-14,17.05,17.05,17.15,16.95,16.95,479666
2026-01-15,17.15,17.15,17.2,16.9,17.05,512258
2026-01-16,17.25,17.25,17.35,17.05,17.15,827693
2026-01-19,17.2,17.2,17.35,17.2,17.2,516798
2026-01-20,17.0,17.0,17.2,17.0,17.2,598420
2026-01-21,16.9,16.9,16.95,16.85,16.9,264135
2026-01-22,16.9,16.9,17.05,16.9,17.05,346106
2026-01-23,17.15,17.15,17.15,16.95,16.95,258145
2026-01-26,17.3,17.3,17.4,17.15,17.2,545792
2026-01-27,17.2,17.2,17.45,17.1,17.3,354497
2026-01-28,17.25,17.25,17.3,17.0,17.2,343442
2026-01-29,17.25,17.25,17.25,17.15,17.2,214182
2026-01-30,17.0,17.0,17.25,17.0,17.25,337249
2026-02-02,16.75,16.75,17.0,16.75,17.0,313925
2026-02-03,16.75,16.75,16.95,16.7,16.85,353326
2026-02-04,16.9,16.9,17.0,16.75,16.75,253734
2026-02-05,17.0,17.0,17.05,16.85,16.85,360702
2026-02-06,16.8,16.8,16.95,16.65,16.9,376201
2026-02-09,16.75,16.75,16.85,16.7,16.85,214921
2026-02-10,16.65,16.65,16.8,16.6,16.8,315458
2026-02-11,16.65,16.65,16.8,16.65,16.65,279834
2026-02-23,16.65,16.65,16.8,16.6,16.6,729954
2026-02-24,16.75,16.75,16.85,16.7,16.7,581568
2026-02-25,16.8,16.8,16.85,16.7,16.8,531316
2026-02-26,16.7,16.7,16.85,16.6,16.8,641727
2026-03-02,17.15,17.15,17.25,16.7,16.7,1064815
2026-03-03,16.85,16.85,17.25,16.85,17.2,310488
2026-03-04,16.4,16.4,16.7,16.4,16.7,878132
2026-03-05,16.65,16.65,16.7,16.5,16.7,287498
2026-03-06,17.15,17.15,17.3,16.55,16.55,951241
2026-03-09,17.0,17.0,17.95,16.8,17.25,1007536
2026-03-10,16.85,16.85,17.05,16.8,17.05,444982
2026-03-11,16.9,16.9,17.05,16.85,17.05,249713
2026-03-12,17.4,17.4,17.6,17.1,17.1,1655957
2026-03-13,17.1,17.1,17.6,17.1,17.5,1052317
2026-03-16,18.3,18.3,18.65,17.2,17.2,5025013
2026-03-17,18.05,18.05,18.3,17.95,18.25,1990702
2026-03-18,18.3,18.3,18.3,18.05,18.3,829995
2026-03-19,18.75,18.75,18.9,18.1,18.3,2296313
2026-03-20,18.2,18.2,18.7,18.05,18.7,1795726
2026-03-23,18.2,18.2,18.35,17.9,17.95,1036766
2026-03-24,18.1,18.1,18.3,18.05,18.2,644490
2026-03-25,17.9,17.9,18.15,17.9,18.1,658588
2026-03-26,18.05,18.05,18.25,18.0,18.0,526954
2026-03-27,18.2,18.2,18.55,18.0,18.1,791856
2026-03-30,18.25,18.25,18.55,18.15,18.2,756485
2026-03-31,17.8,17.8,18.35,17.8,18.25,914411
2026-04-01,18.1,18.1,18.35,17.9,18.0,310334
2026-04-02,17.8,17.8,18.3,17.8,18.3,433090
2026-04-07,18.0,18.0,18.1,17.9,17.9,295713
2026-04-08,17.95,17.95,18.05,17.9,17.9,416025
2026-04-09,18.3,18.3,18.35,17.95,18.1,451213
2026-04-10,18.4,18.4,18.5,18.15,18.4,754899
2026-04-13,19.2,19.2,19.45,18.6,18.65,3301581
2026-04-14,19.35,19.35,19.9,18.9,19.2,1954089
2026-04-15,19.1,19.1,19.35,19.05,19.35,930005
2026-04-16,19.1,19.1,19.25,18.95,19.25,618987
2026-04-17,18.95,18.95,19.25,18.9,19.2,796270
2026-04-20,18.95,18.95,19.2,18.85,19.05,640066
2026-04-21,19.05,19.05,19.1,18.95,19.1,398501
2026-04-22,18.9,18.9,19.15,18.85,19.15,409544
2026-04-23,18.6,18.6,19.0,18.45,19.0,1041592
2026-04-24,18.65,18.65,18.8,18.5,18.65,453995
2026-04-27,19.1,19.1,19.1,18.45,18.75,766990
2026-04-28,19.1,19.1,19.4,18.95,19.4,514246
2026-04-29,18.9,18.9,19.1,18.85,19.1,306997
2026-04-30,18.65,18.65,19.0,18.65,19.0,390771
2026-05-04,18.6,18.6,18.7,18.55,18.65,378660
2026-05-05,18.5,18.5,18.65,18.4,18.6,575020
2026-05-06,18.55,18.55,18.75,18.5,18.5,427758
2026-05-07,18.5,18.5,18.55,18.45,18.5,498747
2026-05-08,18.65,18.65,18.8,18.5,18.5,476966
2026-05-11,18.5,18.5,18.9,18.4,18.7,781397
2026-05-12,18.2,18.2,18.5,18.15,18.5,465279
2026-05-13,18.45,18.45,18.65,18.45,18.6,553955
2026-05-14,18.4,18.4,18.6,18.35,18.55,465171
2026-05-15,18.2,18.2,18.4,18.0,18.4,1121773
2026-05-18,18.0,18.0,18.25,17.85,18.1,1067723
2026-05-19,18.25,18.25,18.35,17.95,17.95,469363
2026-05-20,18.15,18.15,18.3,18.05,18.3,521988
2026-05-21,18.4,18.4,18.5,18.25,18.35,434675
2026-05-22,18.4,18.4,18.5,18.3,18.4,575156
2026-05-25,19.15,19.15,19.15,18.25,18.4,1670828
2026-05-26,19.25,19.25,19.3,18.85,19.15,985208
2026-05-27,19.2,19.2,19.7,19.15,19.25,2091120
2026-05-28,19.6,19.6,19.75,19.1,19.3,1363298
2026-05-29,19.4,19.4,19.8,19.25,19.8,739828
2026-06-01,19.5,19.5,19.7,19.15,19.25,1029105
2026-06-02,19.75,19.75,20.0,19.5,19.8,1622169
2026-06-03,20.15,20.15,20.45,19.7,19.95,2369498
2026-06-04,20.7,20.7,21.25,20.2,20.2,4146964
2026-06-05,20.2,20.2,20.5,20.0,20.45,1375732
2026-06-08,20.0,20.0,20.2,19.3,19.4,1409054
2026-06-09,20.25,20.25,20.5,20.1,20.15,1132333
2026-06-10,21.15,21.15,21.7,20.5,20.6,5010546
2026-06-11,20.85,20.85,21.15,20.55,21.15,1837445
2026-06-12,21.35,21.35,21.7,21.2,21.2,1715895
2026-06-15,21.15,21.15,21.55,21.0,21.5,1553034
2026-06-16,20.8,20.8,21.5,20.7,21.15,1423644
2026-06-17,20.95,20.95,20.95,20.65,20.8,972606
2026-06-18,21.25,21.25,21.55,20.95,21.2,1572279
2026-06-22,21.5,21.5,22.15,21.25,22.15,1581613
2026-06-23,21.15,21.15,21.5,20.9,21.5,841153
2026-06-24,21.3,21.3,21.45,20.85,20.85,669586
2026-06-25,21.4,21.4,21.7,21.2,21.2,1389364
2026-06-26,21.05,21.05,21.5,21.0,21.2,1229515
2026-06-29,21.3,21.3,21.4,21.1,21.1,704484
2026-06-30,21.95,21.95,22.0,21.35,21.55,2100472
2026-07-01,23.2,23.2,23.9,22.1,22.25,7415448
2026-07-02,23.4,23.4,23.4,22.6,22.65,2892983
2026-07-03,23.7,23.7,24.45,23.4,23.5,4690710
2026-07-06,24.85,24.85,25.45,24.1,24.45,5991950
2026-07-07,24.5,24.5,25.15,24.05,24.3,5214689
2026-07-08,23.95,23.95,24.75,23.4,24.55,2832241
2026-07-09,24.4,24.4,25.0,23.5,23.95,3856734
2026-07-13,26.8,26.8,26.8,25.7,26.3,18769827
2026-07-14,28.05,28.05,28.3,26.8,28.3,16896206
2026-07-15,27.35,27.35,28.1,25.85,28.05,11058591
2026-07-16,27.2,27.2,27.85,26.7,27.5,4905069
2026-07-17,26.05,26.05,27.9,25.95,26.7,5891152
2026-07-20,26.2,26.2,27.0,25.55,25.8,4381044
2026-07-21,28.1,28.1,28.6,26.3,26.4,8793226
2026-07-22,27.9,27.9,28.3,27.25,27.55,5226738
2026-07-23,27.2,27.2,28.5,27.1,28.1,4659277
2026-07-24,26.25,26.25,28.3,26.15,27.2,5146809
2026-07-27,25.95,25.95,27.0,25.75,26.55,2492999
2026-07-28,24.55,24.55,25.4,24.3,24.6,4787316
2026-07-29,24.0,24.0,24.8,23.55,24.45,3787408
2026-07-30,22.55,22.55,24.0,22.55,23.9,3087218
2026-07-31,23.1,23.1,23.65,22.7,23.5,2532792
2026-08-03,22.95,22.95,23.55,22.7,23.2,1375403
2026-08-04,25.2,25.2,25.2,22.65,22.95,3901124
2026-08-05,26.2,26.2,26.8,25.2,25.45,5363182
2026-08-06,27.65,27.65,28.3,25.8,26.2,7615066
2026-08-07,27.8,27.8,28.45,27.35,27.8,4767636
2026-08-10,27.3,27.3,28.55,27.0,28.3,5150246
2026-08-11,27.4,27.4,27.7,26.2,26.75,4292157
2026-08-12,28.0,28.0,28.3,27.05,27.45,5162239
2026-08-13,30.65,30.65,30.8,28.15,28.5,24724371
2026-08-14,30.35,30.35,32.2,29.5,29.9,13482409
2026-08-17,32.75,32.75,33.35,30.55,30.9,13746538
2026-08-18,32.7,32.7,33.25,30.95,32.55,7855737
2026-08-19,32.55,32.55,33.85,31.85,32.0,6445461
2026-08-20,30.3,30.3,32.6,30.1,32.55,8530475
2026-08-21,33.3,33.3,33.3,30.6,30.8,15257404
2026-08-24,34.65,34.65,36.3,33.55,34.25,20640510
2026-08-25,33.75,33.75,35.0,32.8,34.4,8311982
2026-08-26,37.1,37.1,37.1,33.15,35.0,19572536
2026-08-27,34.15,34.15,37.7,33.8,37.35,26503787
