Date,Adj Close,Close,High,Low,Open,Volume
2016-08-12,1.74,1.74,1.74,1.72,1.73,61268
2016-08-15,1.79,1.79,1.85,1.74,1.74,353776
2016-08-16,1.72,1.72,1.79,1.71,1.79,124350
2016-08-17,1.71,1.71,1.71,1.71,1.71,16554
2016-08-18,1.72,1.72,1.73,1.72,1.72,34719
2016-08-19,1.73,1.73,1.74,1.69,1.69,58582
2016-08-22,1.66,1.66,1.67,1.66,1.67,88327
2016-08-23,1.68,1.68,1.68,1.65,1.66,43863
2016-08-24,1.66,1.66,1.7,1.66,1.66,19522
2016-08-25,1.68,1.68,1.69,1.61,1.61,53864
2016-08-26,1.68,1.68,1.7,1.66,1.7,53755
2016-08-29,1.69,1.69,1.69,1.66,1.69,56572
2016-08-30,1.7,1.7,1.72,1.61,1.72,115398
2016-08-31,1.69,1.69,1.72,1.68,1.7,51459
2016-09-01,1.66,1.66,1.69,1.65,1.65,143473
2016-09-02,1.65,1.65,1.68,1.65,1.65,78123
2016-09-05,1.67,1.67,1.68,1.65,1.65,65597
2016-09-06,1.7,1.7,1.73,1.68,1.68,201058
2016-09-07,1.68,1.68,1.73,1.63,1.73,91451
2016-09-08,1.7,1.7,1.72,1.65,1.69,133077
2016-09-09,1.71,1.71,1.72,1.64,1.64,117618
2016-09-12,1.6,1.6,1.63,1.6,1.63,441047
2016-09-13,1.51,1.51,1.57,1.51,1.57,456040
2016-09-14,1.5,1.5,1.57,1.42,1.42,346597
2016-09-19,1.5,1.5,1.55,1.5,1.5,265739
2016-09-20,1.5,1.5,1.53,1.5,1.5,245975
2016-09-21,1.5,1.5,1.5,1.4,1.4,568334
2016-09-22,1.55,1.55,1.55,1.5,1.5,478122
2016-10-07,2.97,2.97,3.43,2.87,3.43,155845
2016-10-11,2.82,2.82,2.91,2.82,2.91,142652
2016-10-12,2.73,2.73,2.73,2.68,2.68,175038
2016-10-13,2.74,2.74,2.75,2.71,2.73,163881
2016-10-14,2.79,2.79,2.79,2.75,2.75,91772
2016-10-17,2.81,2.81,2.81,2.79,2.79,61345
2016-10-18,2.82,2.82,2.82,2.81,2.81,25970
2016-10-19,2.8,2.8,2.8,2.76,2.76,66568
2016-10-20,2.8,2.8,2.82,2.8,2.8,96713
2016-10-21,2.8,2.8,2.8,2.74,2.8,43743
2016-10-24,2.79,2.79,2.8,2.71,2.8,45452
2016-10-25,2.78,2.78,2.78,2.71,2.71,66437
2016-10-26,2.89,2.89,2.89,2.78,2.78,56171
2016-10-27,2.97,2.97,2.99,2.81,2.81,99640
2016-10-28,2.9,2.9,3.0,2.84,2.91,77918
2016-10-31,2.92,2.92,2.92,2.91,2.91,35551
2016-11-01,2.9,2.9,2.95,2.9,2.9,71847
2016-11-02,2.9,2.9,3.06,2.9,3.06,46610
2016-11-03,2.86,2.86,2.99,2.85,2.99,12500
2016-11-04,2.92,2.92,2.92,2.87,2.87,25300
2016-11-07,3.0,3.0,3.04,2.81,2.81,31484
2016-11-08,2.97,2.97,2.97,2.88,2.88,15022
2016-11-09,2.94,2.94,3.0,2.81,3.0,30664
2016-11-10,2.86,2.86,2.86,2.77,2.78,64783
2016-11-11,2.76,2.76,2.8,2.75,2.8,34104
2016-11-14,2.75,2.75,2.77,2.71,2.77,28590
2016-11-15,2.8,2.8,2.8,2.74,2.74,32597
2016-11-16,2.75,2.75,2.79,2.75,2.75,162449
2016-11-17,2.79,2.79,2.79,2.73,2.75,48972
2016-11-18,2.75,2.75,2.81,2.72,2.75,165431
2016-11-21,2.72,2.72,2.76,2.71,2.74,67654
2016-11-22,2.73,2.73,2.82,2.73,2.73,165835
2016-11-23,2.76,2.76,2.84,2.74,2.75,108742
2016-11-24,2.78,2.78,2.84,2.76,2.76,108424
2016-11-25,2.88,2.88,2.88,2.78,2.78,117295
2016-11-28,2.85,2.85,2.89,2.85,2.88,122939
2016-11-29,2.64,2.64,2.9,2.57,2.82,451418
2016-11-30,2.68,2.68,2.68,2.52,2.52,98244
2016-12-01,2.72,2.72,2.75,2.64,2.7,8804
2016-12-02,2.65,2.65,2.7,2.62,2.63,75972
2016-12-05,2.5,2.5,2.65,2.4,2.65,444956
2016-12-06,2.36,2.36,2.45,2.3,2.41,153953
2016-12-07,2.4,2.4,2.45,2.36,2.36,41391
2016-12-08,2.45,2.45,2.45,2.39,2.39,14902
2016-12-09,2.5,2.5,2.5,2.42,2.42,86589
2016-12-12,2.57,2.57,2.57,2.49,2.5,104924
2016-12-13,2.53,2.53,2.58,2.53,2.56,17010
2016-12-14,2.65,2.65,2.65,2.47,2.53,281209
2016-12-15,2.75,2.75,2.75,2.51,2.6,145582
2016-12-16,2.58,2.58,2.66,2.51,2.61,214450
2016-12-19,2.56,2.56,2.56,2.48,2.51,95022
2016-12-20,2.54,2.54,2.56,2.5,2.51,58107
2016-12-21,2.51,2.51,2.54,2.5,2.54,96522
2016-12-22,2.5,2.5,2.62,2.5,2.51,31264
2016-12-23,2.52,2.52,2.53,2.5,2.5,42063
2016-12-26,2.46,2.46,2.58,2.45,2.51,40615
2016-12-27,2.5,2.5,2.5,2.46,2.46,66807
2016-12-28,2.6,2.6,2.75,2.57,2.75,149684
2016-12-29,2.55,2.55,2.58,2.49,2.51,78601
2016-12-30,2.5,2.5,2.52,2.31,2.31,168840
2017-01-03,2.49,2.49,2.49,2.43,2.45,103589
2017-01-04,2.45,2.45,2.46,2.43,2.46,86508
2017-01-05,2.45,2.45,2.45,2.43,2.43,71255
2017-01-06,2.52,2.52,2.52,2.43,2.44,97994
2017-01-09,2.45,2.45,2.49,2.45,2.49,31525
2017-01-10,2.54,2.54,2.54,2.45,2.46,51060
2017-01-11,2.53,2.53,2.53,2.45,2.5,31726
2017-01-12,2.52,2.52,2.52,2.46,2.47,7559
2017-01-13,2.47,2.47,2.47,2.47,2.47,9844
2017-01-16,2.53,2.53,2.53,2.48,2.48,7696
2017-01-17,2.51,2.51,2.54,2.41,2.48,45055
2017-01-18,2.46,2.46,2.51,2.46,2.51,72512
2017-01-19,2.51,2.51,2.51,2.46,2.5,25367
2017-01-20,2.51,2.51,2.53,2.47,2.47,65170
2017-01-23,2.52,2.52,2.52,2.45,2.5,30301
2017-01-24,2.54,2.54,2.54,2.5,2.5,19103
2017-02-02,2.53,2.53,2.64,2.52,2.59,72054
2017-02-03,2.67,2.67,2.73,2.53,2.55,182065
2017-02-06,2.7,2.7,2.7,2.62,2.62,57529
2017-02-07,2.7,2.7,2.75,2.65,2.7,74689
2017-02-08,2.75,2.75,2.75,2.7,2.75,105750
2017-02-09,2.72,2.72,2.75,2.64,2.68,243857
2017-02-10,2.68,2.68,2.7,2.65,2.7,57657
2017-02-13,2.7,2.7,2.71,2.62,2.68,133565
2017-02-14,2.68,2.68,2.71,2.63,2.7,140695
2017-02-15,2.63,2.63,2.67,2.63,2.65,144533
2017-02-16,2.8,2.8,2.89,2.61,2.61,718110
2017-02-17,2.69,2.69,2.79,2.68,2.75,415016
2017-02-20,2.82,2.82,2.82,2.75,2.78,131313
2017-02-21,2.76,2.76,2.81,2.76,2.8,45645
2017-02-22,2.83,2.83,2.85,2.75,2.75,48021
2017-02-23,2.76,2.76,2.83,2.75,2.76,50503
2017-02-24,2.83,2.83,2.83,2.76,2.76,18695
2017-03-01,2.76,2.76,2.8,2.68,2.8,60465
2017-03-02,2.71,2.71,2.78,2.71,2.78,42805
2017-03-03,2.76,2.76,2.77,2.7,2.7,70423
2017-03-06,2.74,2.74,2.76,2.7,2.76,30172
2017-03-07,2.7,2.7,2.71,2.63,2.63,150895
2017-03-08,2.66,2.66,2.69,2.63,2.68,133521
2017-03-09,2.68,2.68,2.68,2.61,2.61,78852
2017-03-10,2.65,2.65,2.68,2.57,2.62,112322
2017-03-13,2.65,2.65,2.66,2.58,2.6,46359
2017-03-14,2.65,2.65,2.65,2.65,2.65,4144
2017-03-15,2.64,2.64,2.65,2.57,2.61,50154
2017-03-16,2.67,2.67,2.68,2.61,2.64,56658
2017-03-17,2.64,2.64,2.66,2.62,2.66,67181
2017-03-20,2.65,2.65,2.68,2.62,2.64,83447
2017-03-21,2.61,2.61,2.65,2.61,2.65,83014
2017-03-22,2.65,2.65,2.65,2.59,2.6,34623
2017-03-23,2.64,2.64,2.64,2.56,2.63,68001
2017-03-24,2.64,2.64,2.64,2.6,2.6,48379
2017-03-27,2.64,2.64,2.67,2.64,2.65,106525
2017-03-28,2.69,2.69,2.69,2.64,2.64,165463
2017-03-29,2.75,2.75,2.75,2.67,2.7,175799
2017-03-30,2.96,2.96,2.98,2.75,2.75,160452
2017-03-31,2.83,2.83,2.93,2.81,2.92,91499
2017-04-05,2.82,2.82,2.87,2.82,2.83,43219
2017-04-06,2.84,2.84,2.89,2.82,2.83,132066
2017-04-07,2.95,2.95,3.09,2.84,2.84,118154
2017-04-10,2.93,2.93,2.95,2.89,2.91,65422
2017-04-11,2.87,2.87,2.93,2.77,2.93,125984
2017-04-12,2.79,2.79,2.89,2.72,2.79,118799
2017-04-13,2.79,2.79,2.82,2.71,2.74,147456
2017-04-14,2.72,2.72,2.8,2.72,2.72,47483
2017-04-17,2.78,2.78,2.79,2.7,2.72,32454
2017-04-18,2.8,2.8,2.8,2.74,2.8,18724
2017-04-19,2.73,2.73,2.8,2.71,2.8,43735
2017-04-21,2.76,2.76,2.76,2.64,2.68,46515
2017-04-24,2.65,2.65,2.7,2.61,2.65,83296
2017-04-25,2.65,2.65,2.65,2.6,2.62,51415
2017-04-26,2.65,2.65,2.65,2.62,2.62,43647
2017-04-27,2.68,2.68,2.68,2.58,2.6,38522
2017-04-28,2.65,2.65,2.68,2.59,2.6,38211
2017-05-02,2.6,2.6,2.68,2.6,2.63,69852
2017-05-03,2.6,2.6,2.67,2.6,2.67,38904
2017-05-04,2.6,2.6,2.65,2.6,2.65,17832
2017-05-05,2.59,2.59,2.6,2.58,2.6,20758
2017-05-08,2.54,2.54,2.59,2.51,2.59,83774
2017-05-09,2.5,2.5,2.56,2.5,2.52,52442
2017-05-10,2.57,2.57,2.57,2.5,2.5,18229
2017-05-11,2.59,2.59,2.66,2.47,2.55,60812
2017-05-12,2.69,2.69,2.83,2.57,2.7,289127
2017-05-15,2.6,2.6,2.68,2.53,2.68,117161
2017-05-16,2.6,2.6,2.61,2.56,2.56,47575
2017-05-17,2.6,2.6,2.61,2.57,2.61,118617
2017-05-18,2.6,2.6,2.6,2.56,2.58,36524
2017-05-19,2.58,2.58,2.69,2.56,2.69,41627
2017-05-22,2.52,2.52,2.66,2.52,2.66,26582
2017-05-23,2.54,2.54,2.57,2.54,2.56,34345
2017-05-24,2.6,2.6,2.67,2.57,2.67,31763
2017-05-25,2.55,2.55,2.61,2.54,2.55,45176
2017-05-26,2.58,2.58,2.58,2.55,2.58,18750
2017-05-31,2.6,2.6,2.62,2.55,2.58,42809
2017-06-01,2.64,2.64,2.65,2.6,2.6,39944
2017-06-02,2.66,2.66,2.68,2.6,2.63,125509
2017-06-05,2.66,2.66,2.7,2.62,2.62,247547
2017-06-06,2.65,2.65,2.74,2.63,2.68,169187
2017-06-07,2.68,2.68,2.79,2.64,2.65,88526
2017-06-08,2.68,2.68,2.68,2.65,2.66,93899
2017-06-09,2.62,2.62,2.66,2.53,2.66,113436
2017-06-12,2.64,2.64,2.64,2.58,2.58,129011
2017-06-13,2.6,2.6,2.69,2.54,2.69,102959
2017-06-14,2.62,2.62,2.62,2.59,2.59,131698
2017-06-15,2.6,2.6,2.62,2.6,2.62,108005
2017-06-16,2.58,2.58,2.65,2.58,2.65,71664
2017-06-19,2.63,2.63,2.63,2.58,2.58,141990
2017-06-20,2.62,2.62,2.72,2.6,2.72,67901
2017-06-21,2.59,2.59,2.64,2.56,2.6,127022
2017-06-22,2.53,2.53,2.63,2.53,2.56,294923
2017-06-23,2.46,2.46,2.6,2.45,2.6,134271
2017-06-26,2.45,2.45,2.5,2.38,2.47,228641
2017-06-27,2.53,2.53,2.57,2.44,2.57,94796
2017-06-28,2.44,2.44,2.5,2.43,2.43,98236
2017-06-29,2.45,2.45,2.45,2.44,2.44,26490
2017-06-30,2.52,2.52,2.53,2.45,2.53,19086
2017-07-03,2.46,2.46,2.46,2.45,2.46,22588
2017-07-04,2.45,2.45,2.53,2.45,2.46,42239
2017-07-05,2.51,2.51,2.51,2.45,2.45,12316
2017-07-06,2.48,2.48,2.52,2.47,2.47,9585
2017-07-07,2.55,2.55,2.55,2.48,2.48,9743
2017-07-10,2.57,2.57,2.6,2.56,2.58,154453
2017-07-11,2.56,2.56,2.56,2.45,2.53,53243
2017-07-12,2.56,2.56,2.57,2.48,2.5,87537
2017-07-13,2.5,2.5,2.5,2.5,2.5,8179
2017-07-14,2.56,2.56,2.56,2.5,2.5,26820
2017-07-17,2.49,2.49,2.55,2.46,2.46,50118
2017-07-18,2.49,2.49,2.49,2.48,2.48,6167
2017-07-19,2.5,2.5,2.52,2.48,2.48,28361
2017-07-20,2.52,2.52,2.52,2.49,2.49,21679
2017-07-21,2.52,2.52,2.52,2.45,2.45,70423
2017-07-24,2.48,2.48,2.49,2.46,2.46,55630
2017-07-25,2.48,2.48,2.48,2.47,2.47,14999
2017-07-26,2.5,2.5,2.5,2.46,2.5,106623
2017-07-27,2.5,2.5,2.5,2.45,2.47,74910
2017-07-28,2.46,2.46,2.46,2.45,2.45,15342
2017-07-31,2.48,2.48,2.49,2.38,2.38,8404
2017-08-01,2.61,2.61,2.61,2.42,2.42,101765
2017-08-02,2.5,2.5,2.57,2.46,2.5,93700
2017-08-03,2.52,2.52,2.56,2.46,2.49,39079
2017-08-04,2.46,2.46,2.5,2.46,2.48,28049
2017-08-07,2.46,2.46,2.49,2.45,2.46,34456
2017-08-08,2.48,2.48,2.49,2.46,2.46,34501
2017-08-09,2.46,2.46,2.48,2.41,2.46,50573
2017-08-10,2.46,2.46,2.49,2.42,2.43,13474
2017-08-11,2.46,2.46,2.53,2.43,2.53,35243
2017-08-14,2.45,2.45,2.45,2.4,2.4,27536
2017-08-15,2.41,2.41,2.44,2.39,2.39,32500
2017-08-16,2.42,2.42,2.51,2.42,2.48,54536
2017-08-17,2.4,2.4,2.42,2.4,2.41,39159
2017-08-18,2.38,2.38,2.39,2.38,2.39,96274
2017-08-21,2.37,2.37,2.37,2.36,2.36,58235
2017-08-22,2.4,2.4,2.4,2.36,2.37,76679
2017-08-23,2.48,2.48,2.48,2.38,2.39,172643
2017-08-24,2.63,2.63,2.63,2.48,2.48,263298
2017-08-25,2.69,2.69,2.7,2.67,2.7,467550
2017-08-28,2.67,2.67,2.7,2.67,2.68,59584
2017-08-29,2.66,2.66,2.67,2.6,2.67,171715
2017-08-30,2.69,2.69,2.69,2.63,2.66,98364
2017-08-31,2.5,2.5,2.69,2.5,2.69,289896
2017-09-01,2.57,2.57,2.57,2.5,2.5,84446
2017-09-04,2.57,2.57,2.6,2.57,2.57,75826
2017-09-05,2.6,2.6,2.61,2.56,2.56,67824
2017-09-06,2.65,2.65,2.75,2.57,2.57,139677
2017-09-07,2.62,2.62,2.65,2.6,2.65,59650
2017-09-08,2.6,2.6,2.6,2.57,2.6,49868
2017-09-11,2.5,2.5,2.54,2.5,2.53,179083
2017-09-12,2.51,2.51,2.55,2.5,2.5,128998
2017-09-13,2.52,2.52,2.58,2.51,2.51,132976
2017-09-14,2.49,2.49,2.51,2.49,2.5,107972
2017-09-15,2.44,2.44,2.51,2.44,2.47,133796
2017-09-18,2.53,2.53,2.53,2.44,2.45,278698
2017-09-19,2.43,2.43,2.53,2.43,2.53,222674
2017-09-20,2.44,2.44,2.5,2.4,2.42,53009
2017-09-21,2.46,2.46,2.49,2.45,2.49,58048
2017-09-22,2.44,2.44,2.48,2.44,2.48,64148
2017-09-25,2.48,2.48,2.48,2.44,2.44,44000
2017-09-26,2.49,2.49,2.49,2.46,2.46,29338
2017-09-27,2.49,2.49,2.49,2.49,2.49,30863
2017-09-28,2.49,2.49,2.53,2.49,2.5,64435
2017-09-29,2.62,2.62,2.62,2.51,2.51,453094
2017-10-02,2.64,2.64,2.67,2.61,2.65,122514
2017-10-03,2.65,2.65,2.65,2.63,2.64,163605
2017-10-05,2.69,2.69,2.69,2.58,2.58,161298
2017-10-06,2.67,2.67,2.67,2.66,2.66,269271
2017-10-11,2.65,2.65,2.67,2.65,2.65,114015
2017-10-12,2.69,2.69,2.69,2.66,2.66,116320
2017-10-13,2.73,2.73,2.73,2.67,2.67,191651
2017-10-16,2.84,2.84,3.0,2.78,3.0,200432
2017-10-17,2.81,2.81,2.9,2.71,2.9,153773
2017-10-18,2.79,2.79,2.81,2.75,2.81,45268
2017-10-19,2.74,2.74,2.75,2.73,2.74,75572
2017-10-20,2.63,2.63,2.72,2.63,2.72,108176
2017-10-23,2.66,2.66,2.72,2.61,2.72,111411
2017-10-24,2.61,2.61,2.66,2.61,2.66,169921
2017-10-25,2.64,2.64,2.66,2.62,2.64,55718
2017-10-26,2.64,2.64,2.64,2.62,2.63,28322
2017-10-27,2.6,2.6,2.63,2.5,2.6,207901
2017-10-30,2.58,2.58,2.6,2.58,2.6,70733
2017-10-31,2.62,2.62,2.62,2.55,2.55,72901
2017-11-01,2.61,2.61,2.62,2.6,2.6,41163
2017-11-02,2.64,2.64,2.69,2.6,2.6,137235
2017-11-03,2.64,2.64,2.72,2.61,2.61,71188
2017-11-06,2.62,2.62,2.62,2.58,2.62,50767
2017-11-07,2.63,2.63,2.7,2.58,2.7,51680
2017-11-08,2.63,2.63,2.66,2.58,2.6,60032
2017-11-09,2.62,2.62,2.63,2.55,2.58,36419
2017-11-10,2.6,2.6,2.6,2.56,2.6,28010
2017-11-13,2.53,2.53,2.6,2.53,2.6,114584
2017-11-14,2.57,2.57,2.57,2.53,2.53,57550
2017-11-15,2.52,2.52,2.58,2.52,2.58,59080
2017-11-16,2.5,2.5,2.51,2.5,2.51,71964
2017-11-17,2.48,2.48,2.62,2.48,2.5,99307
2017-11-20,2.57,2.57,2.57,2.51,2.51,23118
2017-11-21,2.56,2.56,2.56,2.45,2.45,41272
2017-11-22,2.53,2.53,2.59,2.51,2.59,37963
2017-11-23,2.56,2.56,2.56,2.52,2.52,37733
2017-11-24,2.55,2.55,2.59,2.5,2.59,64817
2017-11-27,2.55,2.55,2.59,2.55,2.56,90138
2017-11-28,2.5,2.5,2.54,2.5,2.54,94408
2017-11-29,2.5,2.5,2.5,2.45,2.5,66663
2017-11-30,2.5,2.5,2.52,2.48,2.5,64617
2017-12-01,2.49,2.49,2.55,2.49,2.51,63645
2017-12-04,2.51,2.51,2.53,2.5,2.53,150014
2017-12-05,2.5,2.5,2.52,2.49,2.49,113034
2017-12-06,2.47,2.47,2.5,2.47,2.5,83640
2017-12-07,2.41,2.41,2.45,2.4,2.45,235831
2017-12-08,2.47,2.47,2.47,2.44,2.44,84957
2017-12-11,2.47,2.47,2.51,2.47,2.47,105419
2017-12-12,2.41,2.41,2.45,2.41,2.44,29957
2017-12-13,2.49,2.49,2.49,2.4,2.47,66305
2017-12-14,2.44,2.44,2.46,2.4,2.46,173654
2017-12-15,2.43,2.43,2.43,2.31,2.31,66647
2017-12-18,2.4,2.4,2.43,2.39,2.43,94587
2017-12-19,2.42,2.42,2.42,2.4,2.4,47917
2017-12-20,2.41,2.41,2.41,2.4,2.41,27187
2017-12-21,2.47,2.47,2.52,2.42,2.52,100860
2017-12-22,2.45,2.45,2.5,2.42,2.5,76454
2017-12-25,2.43,2.43,2.48,2.43,2.47,81509
2017-12-26,2.42,2.42,2.42,2.39,2.42,85995
2017-12-27,2.35,2.35,2.43,2.35,2.43,290565
2017-12-28,2.38,2.38,2.4,2.35,2.35,33331
2017-12-29,2.4,2.4,2.4,2.4,2.4,238631
2018-01-02,2.36,2.36,2.4,2.32,2.4,106199
2018-01-03,2.44,2.44,2.44,2.4,2.4,17051
2018-01-04,2.38,2.38,2.4,2.38,2.4,35573
2018-01-05,2.38,2.38,2.44,2.35,2.44,109234
2018-01-08,2.35,2.35,2.35,2.27,2.27,142126
2018-01-09,2.37,2.37,2.43,2.36,2.43,24023
2018-01-10,2.36,2.36,2.36,2.35,2.35,22501
2018-01-11,2.4,2.4,2.4,2.38,2.39,36195
2018-01-12,2.45,2.45,2.46,2.39,2.39,155950
2018-01-15,2.4,2.4,2.47,2.4,2.45,118707
2018-01-16,2.43,2.43,2.45,2.39,2.4,47246
2018-01-17,2.42,2.42,2.43,2.41,2.41,47318
2018-01-18,2.4,2.4,2.44,2.4,2.44,103844
2018-01-19,2.4,2.4,2.4,2.38,2.38,40359
2018-01-22,2.4,2.4,2.4,2.39,2.39,18471
2018-01-23,2.43,2.43,2.43,2.4,2.43,36623
2018-01-24,2.44,2.44,2.44,2.4,2.44,58904
2018-01-25,2.43,2.43,2.44,2.4,2.4,47320
2018-01-26,2.38,2.38,2.42,2.38,2.4,114606
2018-01-29,2.4,2.4,2.4,2.38,2.38,43279
2018-01-30,2.4,2.4,2.4,2.37,2.37,31967
2018-01-31,2.42,2.42,2.48,2.39,2.48,34312
2018-02-01,2.4,2.4,2.42,2.4,2.42,54941
2018-02-02,2.41,2.41,2.42,2.38,2.42,77125
2018-02-05,2.47,2.47,2.48,2.39,2.41,45801
2018-02-06,2.37,2.37,2.39,2.37,2.39,136406
2018-02-07,2.37,2.37,2.4,2.37,2.37,37503
2018-02-08,2.38,2.38,2.39,2.35,2.35,99651
2018-02-09,2.36,2.36,2.38,2.35,2.35,109831
2018-02-12,2.34,2.34,2.46,2.34,2.46,71644
2018-02-21,2.38,2.38,2.38,2.35,2.38,32024
2018-02-22,2.4,2.4,2.4,2.36,2.36,13525
2018-02-23,2.41,2.41,2.43,2.4,2.4,41785
2018-02-26,2.41,2.41,2.41,2.3,2.41,76516
2018-02-27,2.43,2.43,2.43,2.4,2.41,98136
2018-03-01,2.41,2.41,2.43,2.38,2.43,86188
2018-03-02,2.45,2.45,2.45,2.41,2.41,116444
2018-03-05,2.44,2.44,2.45,2.44,2.44,91913
2018-03-06,2.44,2.44,2.44,2.4,2.4,25849
2018-03-07,2.45,2.45,2.45,2.4,2.44,92540
2018-03-08,2.45,2.45,2.45,2.45,2.45,68757
2018-03-09,2.69,2.69,2.69,2.47,2.47,324265
2018-03-12,2.66,2.66,2.8,2.66,2.8,508292
2018-03-13,2.73,2.73,2.73,2.58,2.6,217343
2018-03-14,2.69,2.69,2.74,2.69,2.73,265586
2018-03-15,2.71,2.71,2.71,2.69,2.69,168015
2018-03-16,2.65,2.65,2.83,2.63,2.83,198779
2018-03-19,2.72,2.72,2.73,2.65,2.65,220170
2018-03-20,2.73,2.73,2.73,2.71,2.71,76558
2018-03-21,2.7,2.7,2.73,2.68,2.73,117617
2018-03-22,2.72,2.72,2.76,2.72,2.76,120835
2018-03-23,2.72,2.72,2.73,2.71,2.73,97525
2018-03-26,2.7,2.7,2.73,2.69,2.73,109809
2018-03-27,2.75,2.75,2.79,2.69,2.72,135941
2018-03-28,2.78,2.78,2.78,2.73,2.78,103111
2018-03-29,2.76,2.76,2.78,2.73,2.78,303450
2018-03-30,2.77,2.77,2.86,2.75,2.75,142135
2018-04-02,2.89,2.89,2.95,2.85,2.85,228645
2018-04-03,2.89,2.89,2.92,2.89,2.89,257793
2018-04-09,2.79,2.79,2.88,2.75,2.88,360766
2018-04-10,2.76,2.76,2.79,2.76,2.79,69959
2018-04-11,3.03,3.03,3.03,2.89,2.93,792668
2018-04-12,3.19,3.19,3.28,3.1,3.28,696631
2018-04-13,2.93,2.93,3.19,2.93,3.19,593183
2018-04-16,2.93,2.93,2.95,2.88,2.93,181305
2018-04-17,2.94,2.94,3.0,2.88,2.88,206591
2018-04-18,3.22,3.22,3.23,3.0,3.0,649199
2018-04-19,3.54,3.54,3.54,3.22,3.22,621378
2018-04-20,3.89,3.89,3.89,3.6,3.89,1806776
2018-04-23,4.27,4.27,4.27,4.15,4.27,1796240
2018-04-24,4.3,4.3,4.47,3.85,4.47,894690
2018-04-25,4.44,4.44,4.5,4.0,4.5,457712
2018-04-26,4.0,4.0,4.3,4.0,4.3,419421
2018-04-27,3.97,3.97,4.19,3.68,4.19,457553
2018-04-30,3.97,3.97,3.97,3.9,3.9,258641
2018-05-02,4.2,4.2,4.36,4.0,4.0,229087
2018-05-03,4.0,4.0,4.1,4.0,4.1,166103
2018-05-04,4.1,4.1,4.1,3.99,3.99,126123
2018-05-07,4.03,4.03,4.1,3.95,3.95,219444
2018-05-08,4.0,4.0,4.07,3.95,3.95,100984
2018-05-09,4.1,4.1,4.1,3.96,3.96,222649
2018-05-10,4.0,4.0,4.1,4.0,4.1,148230
2018-05-11,3.99,3.99,4.0,3.9,3.9,113203
2018-05-14,4.18,4.18,4.2,3.9,3.9,186261
2018-05-15,3.9,3.9,4.18,3.85,4.18,227857
2018-05-16,3.99,3.99,3.99,3.86,3.91,163477
2018-05-17,4.0,4.0,4.01,3.9,3.9,282782
2018-05-18,4.0,4.0,4.2,3.91,3.91,174893
2018-05-21,3.96,3.96,4.0,3.96,4.0,202138
2018-05-22,3.95,3.95,3.95,3.92,3.95,74756
2018-05-23,4.0,4.0,4.3,4.0,4.05,337732
2018-05-24,4.0,4.0,4.05,4.0,4.0,273961
2018-05-25,4.0,4.0,4.05,3.97,4.05,123757
2018-05-28,3.95,3.95,4.0,3.95,4.0,180579
2018-05-29,3.95,3.95,4.0,3.95,4.0,89426
2018-05-30,3.9,3.9,4.0,3.9,3.95,50897
2018-05-31,3.86,3.86,3.95,3.85,3.9,149038
2018-06-01,4.04,4.04,4.04,3.87,3.87,129024
2018-06-04,4.04,4.04,4.04,4.0,4.0,191384
2018-06-05,3.98,3.98,4.04,3.98,4.04,89089
2018-06-06,3.98,3.98,4.03,3.98,4.03,124854
2018-06-07,3.89,3.89,3.98,3.88,3.98,185791
2018-06-08,4.0,4.0,4.08,3.83,3.83,128365
2018-06-11,4.2,4.2,4.38,4.0,4.0,169999
2018-06-12,4.09,4.09,4.2,4.02,4.2,182559
2018-06-13,3.85,3.85,4.08,3.69,4.08,231534
2018-06-14,3.87,3.87,4.04,3.85,3.85,76233
2018-06-15,4.02,4.02,4.03,3.99,4.03,149993
2018-06-19,4.15,4.15,4.2,3.98,4.1,235399
2018-06-20,4.03,4.03,4.05,4.03,4.05,159600
2018-06-21,3.9,3.9,4.05,3.9,4.02,98507
2018-06-22,3.96,3.96,4.03,3.91,3.91,111785
2018-06-25,3.97,3.97,4.05,3.96,3.98,170094
2018-06-26,3.9,3.9,3.93,3.9,3.93,119947
2018-06-27,3.94,3.94,3.98,3.94,3.97,106434
2018-06-28,3.92,3.92,3.94,3.92,3.94,166281
2018-06-29,3.9,3.9,3.9,3.88,3.9,73551
2018-07-02,3.96,3.96,3.96,3.9,3.9,34135
2018-07-03,3.89,3.89,3.9,3.89,3.9,32189
2018-07-04,3.82,3.82,3.95,3.82,3.89,154072
2018-07-05,3.82,3.82,3.85,3.75,3.8,237459
2018-07-06,3.6,3.6,3.8,3.6,3.8,90160
2018-07-09,3.76,3.76,3.84,3.62,3.62,67163
2018-07-10,3.5,3.5,3.7,3.5,3.7,168362
2018-07-11,3.5,3.5,3.51,3.49,3.51,62971
2018-07-12,3.4,3.4,3.5,3.38,3.5,67509
2018-07-13,3.35,3.35,3.41,3.35,3.41,173724
2018-07-16,3.2,3.2,3.36,3.2,3.36,201352
2018-07-17,3.15,3.15,3.15,3.11,3.11,29184
2018-07-18,3.12,3.12,3.15,3.11,3.15,94836
2018-07-19,3.15,3.15,3.15,3.15,3.15,58651
2018-07-20,3.44,3.44,3.44,3.15,3.15,79930
2018-07-23,3.32,3.32,3.44,3.31,3.44,74039
2018-07-24,3.39,3.39,3.39,3.31,3.31,48439
2018-07-25,3.39,3.39,3.39,3.38,3.38,68380
2018-07-26,3.38,3.38,3.4,3.33,3.4,60839
2018-07-27,3.4,3.4,3.4,3.38,3.38,163540
2018-07-30,3.39,3.39,3.46,3.39,3.39,137821
2018-07-31,3.57,3.57,3.57,3.39,3.39,142364
2018-08-01,3.92,3.92,3.92,3.65,3.65,318398
2018-08-02,3.99,3.99,4.0,3.92,4.0,180405
2018-08-03,4.0,4.0,4.0,3.81,3.99,142162
2018-08-06,4.02,4.02,4.05,3.88,3.88,191706
2018-08-07,4.09,4.09,4.09,4.01,4.01,247169
2018-08-08,4.14,4.14,4.14,4.04,4.09,356538
2018-08-09,4.26,4.26,4.3,4.14,4.14,294828
2018-08-10,4.26,4.26,4.3,3.95,4.3,223331
2018-08-13,3.9,3.9,4.06,3.9,4.06,213161
2018-08-14,3.92,3.92,3.99,3.85,3.85,151171
2018-08-15,3.99,3.99,3.99,3.9,3.9,89167
2018-08-16,3.95,3.95,4.0,3.95,3.95,64475
2018-08-17,3.92,3.92,3.98,3.92,3.95,113812
2018-08-20,3.88,3.88,3.92,3.88,3.92,49531
2018-08-21,3.87,3.87,3.87,3.8,3.8,78956
2018-08-22,3.82,3.82,3.86,3.8,3.86,46140
2018-08-23,3.8,3.8,3.86,3.76,3.76,101034
2018-08-24,3.82,3.82,3.82,3.8,3.8,49500
2018-08-27,3.9,3.9,3.93,3.8,3.8,54460
2018-08-28,3.9,3.9,3.9,3.85,3.85,196156
2018-08-29,3.71,3.71,3.9,3.71,3.9,157952
2018-08-30,3.83,3.83,3.83,3.72,3.72,54761
2018-08-31,3.87,3.87,3.87,3.83,3.83,16548
2018-09-03,3.79,3.79,3.9,3.79,3.9,80845
2018-09-04,3.74,3.74,3.75,3.74,3.75,37433
2018-09-05,3.61,3.61,3.7,3.61,3.69,66250
2018-09-06,3.53,3.53,3.62,3.53,3.62,116473
2018-09-07,3.4,3.4,3.4,3.32,3.32,44134
2018-09-10,3.56,3.56,3.58,3.36,3.58,53528
2018-09-11,3.56,3.56,3.56,3.4,3.56,95646
2018-09-12,3.51,3.51,3.56,3.42,3.56,88266
2018-09-13,3.57,3.57,3.57,3.5,3.57,99114
2018-09-14,3.51,3.51,3.57,3.51,3.57,36630
2018-09-17,3.66,3.66,3.66,3.48,3.48,54463
2018-09-18,3.64,3.64,3.64,3.51,3.53,28959
2018-09-19,3.65,3.65,3.65,3.6,3.64,32535
2018-09-20,3.66,3.66,3.66,3.54,3.64,24714
2018-09-21,3.63,3.63,3.63,3.52,3.54,77530
2018-09-25,3.76,3.76,3.88,3.63,3.88,96588
2018-09-26,3.77,3.77,3.8,3.68,3.8,64420
2018-09-27,3.7,3.7,3.77,3.7,3.77,29798
2018-09-28,3.68,3.68,3.7,3.68,3.7,21055
2018-10-01,3.68,3.68,3.7,3.68,3.69,18008
2018-10-02,3.66,3.66,3.73,3.66,3.73,21001
2018-10-03,3.59,3.59,3.7,3.5,3.7,73052
2018-10-04,3.64,3.64,3.69,3.55,3.69,127098
2018-10-08,3.53,3.53,3.68,3.5,3.68,75009
2018-10-09,3.57,3.57,3.6,3.5,3.6,73897
2018-10-11,3.22,3.22,3.6,3.22,3.6,227656
2018-10-12,3.3,3.3,3.53,2.9,2.9,45617
2018-10-15,3.4,3.4,3.4,3.3,3.4,36047
2018-10-16,3.4,3.4,3.4,3.31,3.4,68125
2018-10-17,3.48,3.48,3.5,3.33,3.4,45598
2018-10-18,3.46,3.46,3.48,3.33,3.48,29174
2018-10-19,3.47,3.47,3.47,3.35,3.35,48531
2018-10-22,3.42,3.42,3.42,3.36,3.36,47807
2018-10-23,3.37,3.37,3.41,3.33,3.41,63012
2018-10-24,3.36,3.36,3.36,3.26,3.26,23001
2018-10-25,3.29,3.29,3.29,3.15,3.15,52201
2018-10-26,3.21,3.21,3.29,3.21,3.29,32007
2018-10-29,3.3,3.3,3.45,3.25,3.45,53807
2018-10-30,3.25,3.25,3.3,3.2,3.3,75991
2018-10-31,3.46,3.46,3.51,3.2,3.51,83000
2018-11-01,3.4,3.4,3.4,3.3,3.3,33470
2018-11-02,3.33,3.33,3.48,3.3,3.3,63054
2018-11-05,3.35,3.35,3.39,3.28,3.35,49936
2018-11-06,3.33,3.33,3.6,3.33,3.6,79000
2018-11-07,3.31,3.31,3.39,3.25,3.39,100887
2018-11-08,3.31,3.31,3.31,3.31,3.31,11362
2018-11-09,3.28,3.28,3.4,3.28,3.35,82949
2018-11-12,3.3,3.3,3.3,3.3,3.3,36001
2018-11-13,3.27,3.27,3.39,3.25,3.39,36631
2018-11-14,3.24,3.24,3.25,3.2,3.25,42499
2018-11-15,3.45,3.45,3.45,3.21,3.25,75495
2018-11-16,3.24,3.24,3.39,3.24,3.39,61594
2018-11-19,3.13,3.13,3.22,3.11,3.11,89632
2018-11-20,3.16,3.16,3.23,3.13,3.13,40577
2018-11-21,3.1,3.1,3.1,3.1,3.1,107344
2018-11-22,3.1,3.1,3.15,3.05,3.15,144431
2018-11-23,3.08,3.08,3.08,3.06,3.07,99254
2018-11-26,3.38,3.38,3.38,3.15,3.15,319960
2018-11-27,3.69,3.69,3.7,3.55,3.7,900675
2018-11-28,3.61,3.61,3.72,3.6,3.72,383665
2018-11-29,3.6,3.6,3.65,3.6,3.61,89836
2018-11-30,3.55,3.55,3.6,3.55,3.6,37744
2018-12-03,3.6,3.6,3.69,3.6,3.6,216708
2018-12-04,3.55,3.55,3.62,3.55,3.62,43409
2018-12-05,3.51,3.51,3.55,3.51,3.55,81594
2018-12-06,3.53,3.53,3.64,3.52,3.52,146504
2018-12-07,3.52,3.52,3.53,3.5,3.53,148147
2018-12-10,3.51,3.51,3.59,3.5,3.5,83529
2018-12-11,3.67,3.67,3.67,3.5,3.5,37217
2018-12-12,3.7,3.7,3.7,3.67,3.69,161137
2018-12-13,3.98,3.98,4.0,3.75,3.75,421852
2018-12-14,3.89,3.89,4.05,3.8,4.05,155770
2018-12-17,3.95,3.95,3.95,3.89,3.89,198676
2018-12-18,4.0,4.0,4.0,3.95,3.95,456775
2018-12-19,3.99,3.99,4.04,3.99,4.0,311777
2018-12-20,3.9,3.9,3.97,3.9,3.95,110532
2018-12-21,3.93,3.93,3.95,3.72,3.95,134130
2018-12-24,3.98,3.98,4.0,3.98,4.0,255002
2018-12-25,4.0,4.0,4.0,3.98,3.98,312911
2018-12-26,4.4,4.4,4.4,4.0,4.0,1383077
2018-12-27,4.1,4.1,4.67,4.1,4.67,860873
2018-12-28,4.33,4.33,4.39,3.9,3.9,212356
2019-01-02,4.45,4.45,4.5,4.35,4.35,281816
2019-01-03,4.79,4.79,4.89,4.79,4.89,273507
2019-01-04,4.79,4.79,4.88,4.5,4.5,316320
2019-01-07,4.9,4.9,4.96,4.8,4.8,214591
2019-01-08,4.71,4.71,4.81,4.71,4.81,168008
2019-01-09,4.71,4.71,4.71,4.71,4.71,69083
2019-01-10,4.54,4.54,4.72,4.51,4.71,93402
2019-01-11,4.45,4.45,4.55,4.45,4.55,235857
2019-01-14,4.46,4.46,4.46,4.21,4.29,206380
2019-01-15,4.38,4.38,4.5,4.38,4.5,77543
2019-01-16,4.37,4.37,4.49,4.32,4.32,49723
2019-01-17,4.36,4.36,4.42,4.3,4.3,101200
2019-01-18,4.47,4.47,4.47,4.36,4.36,46427
2019-01-21,4.47,4.47,4.55,4.31,4.31,104341
2019-01-22,4.33,4.33,4.35,4.33,4.35,73512
2019-01-23,4.3,4.3,4.3,4.27,4.27,105055
2019-01-24,4.3,4.3,4.36,4.3,4.3,81276
2019-01-25,4.28,4.28,4.29,4.27,4.29,47050
2019-01-28,4.3,4.3,4.3,4.2,4.2,142023
2019-01-29,4.22,4.22,4.22,4.2,4.2,39013
2019-01-30,4.21,4.21,4.25,4.21,4.25,107337
2019-02-11,4.2,4.2,4.22,4.2,4.21,59367
2019-02-12,4.1,4.1,4.2,4.1,4.2,39040
2019-02-13,4.1,4.1,4.21,4.1,4.21,103008
2019-02-14,4.1,4.1,4.1,4.1,4.1,87919
2019-02-15,4.1,4.1,4.1,4.07,4.1,19798
2019-02-18,3.7,3.7,4.0,3.7,4.0,218646
2019-02-19,3.7,3.7,3.7,3.51,3.51,64476
2019-02-20,3.75,3.75,3.75,3.7,3.7,75628
2019-02-21,3.7,3.7,3.7,3.63,3.7,87442
2019-02-22,3.64,3.64,3.65,3.63,3.63,90145
2019-02-25,3.65,3.65,3.67,3.65,3.66,70145
2019-02-26,3.65,3.65,3.75,3.65,3.67,105703
2019-02-27,3.7,3.7,3.73,3.65,3.65,31598
2019-03-04,3.56,3.56,3.7,3.55,3.69,117377
2019-03-05,3.68,3.68,3.68,3.55,3.55,101669
2019-03-06,3.75,3.75,3.76,3.63,3.63,96548
2019-03-07,3.68,3.68,3.68,3.68,3.68,166109
2019-03-08,3.7,3.7,3.7,3.65,3.68,101199
2019-03-11,3.84,3.84,3.86,3.69,3.69,72875
2019-03-12,3.99,3.99,4.2,3.7,3.7,234304
2019-03-13,3.8,3.8,4.02,3.8,3.99,151297
2019-03-14,3.8,3.8,3.88,3.8,3.8,112607
2019-03-15,3.8,3.8,3.8,3.8,3.8,37427
2019-03-18,3.61,3.61,3.75,3.6,3.74,236138
2019-03-19,3.59,3.59,3.7,3.53,3.53,210457
2019-03-20,3.58,3.58,3.7,3.58,3.7,136045
2019-03-21,3.64,3.64,3.65,3.58,3.58,98039
2019-03-22,3.65,3.65,3.68,3.62,3.68,95428
2019-03-25,3.58,3.58,3.64,3.58,3.64,84241
2019-03-26,3.58,3.58,3.59,3.58,3.58,105089
2019-03-27,3.56,3.56,3.58,3.56,3.57,33816
2019-03-28,3.44,3.44,3.55,3.42,3.55,103903
2019-03-29,3.22,3.22,3.4,3.19,3.4,191903
2019-04-01,3.37,3.37,3.45,3.22,3.22,107919
2019-04-02,3.41,3.41,3.5,3.3,3.3,60746
2019-04-03,3.33,3.33,3.4,3.3,3.4,49077
2019-04-08,3.31,3.31,3.32,3.3,3.32,56115
2019-04-09,3.34,3.34,3.34,3.16,3.34,65692
2019-04-10,3.26,3.26,3.33,3.2,3.2,19269
2019-04-11,3.22,3.22,3.26,3.2,3.22,89615
2019-04-12,3.19,3.19,3.19,3.11,3.11,18029
2019-04-15,3.02,3.02,3.04,3.0,3.03,199783
2019-04-16,3.09,3.09,3.09,3.0,3.0,114279
2019-04-17,3.04,3.04,3.04,3.02,3.02,61150
2019-04-18,2.74,2.74,2.85,2.74,2.84,404128
2019-04-19,2.47,2.47,2.52,2.47,2.52,607602
2019-04-22,2.48,2.48,2.49,2.28,2.28,346984
2019-04-23,2.69,2.69,2.69,2.38,2.38,141158
2019-04-24,2.62,2.62,2.65,2.61,2.65,47984
2019-04-25,2.62,2.62,2.62,2.61,2.62,146411
2019-04-26,2.62,2.62,2.62,2.51,2.6,137762
2019-04-29,2.75,2.75,2.75,2.62,2.62,55488
2019-04-30,2.85,2.85,2.85,2.68,2.68,133356
2019-05-02,3.0,3.0,3.0,2.87,2.87,147277
2019-05-03,3.03,3.03,3.14,3.0,3.0,226727
2019-05-06,2.93,2.93,3.02,2.93,3.02,77347
2019-05-07,2.93,2.93,2.93,2.86,2.86,44250
2019-05-08,2.92,2.92,2.92,2.87,2.9,25560
2019-05-09,2.82,2.82,2.9,2.76,2.9,28349
2019-05-10,2.83,2.83,2.84,2.77,2.84,29129
2019-05-13,2.83,2.83,2.83,2.79,2.83,110793
2019-05-14,2.81,2.81,2.81,2.75,2.81,77261
2019-05-15,2.78,2.78,2.92,2.78,2.85,42365
2019-05-16,2.88,2.88,2.88,2.78,2.78,15845
2019-05-17,2.83,2.83,2.88,2.83,2.88,8036
2019-05-20,2.78,2.78,2.85,2.78,2.85,29736
2019-05-21,2.78,2.78,2.78,2.78,2.78,10009
2019-05-22,2.82,2.82,2.84,2.82,2.84,12737
2019-05-23,2.71,2.71,2.71,2.63,2.63,19934
2019-05-24,2.87,2.87,2.88,2.75,2.75,26571
2019-05-27,3.0,3.0,3.0,2.71,2.75,21705
2019-05-28,2.86,2.86,2.86,2.81,2.81,23835
2019-05-29,2.78,2.78,2.78,2.78,2.78,31370
2019-05-30,2.83,2.83,2.83,2.8,2.8,15093
2019-05-31,2.8,2.8,2.87,2.79,2.79,31550
2019-06-03,2.62,2.62,2.62,2.54,2.54,23839
2019-06-04,2.6,2.6,2.72,2.6,2.72,18402
2019-06-05,2.55,2.55,2.65,2.53,2.6,31541
2019-06-06,2.67,2.67,2.67,2.5,2.5,33941
2019-06-10,2.59,2.59,2.6,2.54,2.54,20011
2019-06-11,2.56,2.56,2.56,2.52,2.52,23481
2019-06-12,2.55,2.55,2.55,2.52,2.52,42042
2019-06-13,2.57,2.57,2.6,2.5,2.5,54008
2019-06-14,2.56,2.56,2.6,2.56,2.6,25470
2019-06-17,2.52,2.52,2.6,2.5,2.5,44924
2019-06-18,2.5,2.5,2.5,2.5,2.5,111551
2019-06-19,2.45,2.45,2.57,2.45,2.57,55999
2019-06-20,2.46,2.46,2.56,2.45,2.56,33796
2019-06-21,2.51,2.51,2.54,2.43,2.54,38587
2019-06-24,2.55,2.55,2.55,2.55,2.55,7588
2019-06-25,2.5,2.5,2.5,2.5,2.5,11001
2019-06-26,2.5,2.5,2.5,2.5,2.5,44721
2019-06-27,2.5,2.5,2.5,2.47,2.47,31316
2019-06-28,2.5,2.5,2.5,2.47,2.47,31652
2019-07-01,2.4,2.4,2.41,2.4,2.41,60583
2019-07-02,2.4,2.4,2.4,2.4,2.4,26762
2019-07-03,2.3,2.3,2.39,2.3,2.35,48495
2019-07-04,2.32,2.32,2.33,2.32,2.33,51004
2019-07-05,2.42,2.42,2.42,2.31,2.31,47694
2019-07-08,2.33,2.33,2.56,2.31,2.56,17590
2019-07-09,2.36,2.36,2.36,2.36,2.36,22571
2019-07-10,2.35,2.35,2.35,2.35,2.35,14429
2019-07-11,2.3,2.3,2.3,2.28,2.28,12278
2019-07-12,2.33,2.33,2.33,2.33,2.33,20552
2019-07-15,2.32,2.32,2.42,2.22,2.42,56541
2019-07-16,2.33,2.33,2.41,2.26,2.26,122398
2019-07-17,2.31,2.31,2.31,2.27,2.27,32571
2019-07-18,2.31,2.31,2.32,2.31,2.32,12040
2019-07-19,2.28,2.28,2.38,2.28,2.38,36034
2019-07-22,2.29,2.29,2.29,2.27,2.27,36601
2019-07-23,2.3,2.3,2.3,2.3,2.3,15320
2019-07-24,2.31,2.31,2.31,2.27,2.27,11289
2019-07-25,2.34,2.34,2.34,2.32,2.32,52775
2019-07-26,2.34,2.34,2.34,2.34,2.34,32183
2019-07-29,2.48,2.48,2.5,2.48,2.48,88899
2019-07-30,2.4,2.4,2.41,2.3,2.3,97851
2019-07-31,2.31,2.31,2.48,2.31,2.39,43313
2019-08-01,2.32,2.32,2.45,2.32,2.45,7626
2019-08-02,2.39,2.39,2.39,2.26,2.32,14312
2019-08-06,2.31,2.31,2.31,2.31,2.31,11162
2019-08-07,2.24,2.24,2.38,2.24,2.38,8719
2019-08-08,2.26,2.26,2.26,2.24,2.24,36063
2019-08-12,2.29,2.29,2.29,2.29,2.29,6164
2019-08-13,2.35,2.35,2.35,2.29,2.29,61065
2019-08-14,2.35,2.35,2.35,2.35,2.35,70009
2019-08-15,2.45,2.45,2.45,2.36,2.36,12001
2019-08-16,2.33,2.33,2.39,2.33,2.34,61181
2019-08-19,2.32,2.32,2.32,2.32,2.32,36442
2019-08-20,2.32,2.32,2.32,2.26,2.26,27348
2019-08-21,2.27,2.27,2.32,2.26,2.26,41850
2019-08-22,2.28,2.28,2.29,2.28,2.29,4005
2019-08-23,2.33,2.33,2.33,2.26,2.26,25073
2019-08-26,2.42,2.42,2.44,2.42,2.44,15802
2019-08-27,2.31,2.31,2.37,2.31,2.32,46847
2019-08-28,2.33,2.33,2.33,2.33,2.33,3010
2019-08-29,2.33,2.33,2.33,2.25,2.25,14618
2019-08-30,2.35,2.35,2.35,2.34,2.34,48704
2019-09-02,2.37,2.37,2.37,2.28,2.28,15909
2019-09-03,2.36,2.36,2.41,2.32,2.32,45030
2019-09-04,2.59,2.59,2.59,2.45,2.45,174780
2019-09-05,2.84,2.84,2.84,2.81,2.83,297247
2019-09-06,3.12,3.12,3.12,2.98,2.98,385360
2019-09-09,3.43,3.43,3.43,3.26,3.26,759964
2019-09-10,3.3,3.3,3.77,3.09,3.77,896870
2019-09-11,3.16,3.16,3.18,3.16,3.17,157674
2019-09-12,3.16,3.16,3.18,3.16,3.16,117492
2019-09-16,2.86,2.86,3.03,2.85,3.03,160555
2019-09-17,3.1,3.1,3.14,3.09,3.14,101566
2019-09-18,3.01,3.01,3.18,3.01,3.18,45745
2019-09-19,3.07,3.07,3.07,2.91,3.0,27710
2019-09-20,2.95,2.95,3.1,2.95,3.1,45455
2019-09-23,3.1,3.1,3.1,2.97,2.97,47128
2019-09-24,3.0,3.0,3.0,2.97,3.0,17439
2019-09-25,3.01,3.01,3.01,2.97,2.97,7321
2019-09-26,3.01,3.01,3.04,3.01,3.04,12883
2019-09-27,3.06,3.06,3.06,2.9,2.9,33806
2019-10-01,2.97,2.97,2.97,2.83,2.83,14214
2019-10-02,3.0,3.0,3.0,3.0,3.0,21176
2019-10-03,2.81,2.81,2.96,2.79,2.79,25021
2019-10-04,2.77,2.77,2.8,2.76,2.76,55036
2019-10-07,2.76,2.76,2.76,2.74,2.76,100290
2019-10-08,2.7,2.7,2.7,2.63,2.7,48794
2019-10-09,2.7,2.7,2.7,2.68,2.7,50209
2019-10-14,2.62,2.62,2.7,2.6,2.7,23691
2019-10-15,2.6,2.6,2.67,2.6,2.6,43405
2019-10-16,2.75,2.75,2.75,2.59,2.59,52144
2019-10-17,2.7,2.7,2.78,2.7,2.75,93379
2019-10-18,2.7,2.7,2.74,2.7,2.7,14936
2019-10-21,2.7,2.7,2.7,2.6,2.6,26057
2019-10-22,2.67,2.67,2.75,2.67,2.7,41030
2019-10-23,2.7,2.7,2.7,2.67,2.67,43971
2019-10-24,2.66,2.66,2.7,2.45,2.7,54912
2019-10-25,2.62,2.62,2.63,2.6,2.63,61401
2019-10-28,2.65,2.65,2.65,2.65,2.65,32633
2019-10-29,2.6,2.6,2.61,2.6,2.61,49502
2019-10-30,2.6,2.6,2.61,2.59,2.59,70971
2019-10-31,2.6,2.6,2.6,2.6,2.6,58268
2019-11-01,2.59,2.59,2.6,2.51,2.6,26536
2019-11-04,2.66,2.66,2.78,2.6,2.6,149135
2019-11-05,2.65,2.65,2.65,2.6,2.6,101407
2019-11-06,2.6,2.6,2.64,2.6,2.6,120577
2019-11-07,2.6,2.6,2.6,2.56,2.6,70411
2019-11-08,2.6,2.6,2.6,2.55,2.57,61964
2019-11-11,2.57,2.57,2.59,2.51,2.51,41599
2019-11-12,2.59,2.59,2.6,2.57,2.6,23016
2019-11-13,2.6,2.6,2.6,2.58,2.58,52018
2019-11-14,2.59,2.59,2.6,2.59,2.6,27111
2019-11-20,2.83,2.83,2.83,2.72,2.83,540034
2019-11-21,2.7,2.7,2.7,2.55,2.55,143551
2019-11-22,2.69,2.69,2.7,2.62,2.7,32652
2019-11-25,2.79,2.79,2.79,2.65,2.65,12321
2019-11-26,2.52,2.52,2.54,2.52,2.52,349909
2019-11-27,2.27,2.27,2.32,2.27,2.31,420909
2019-11-28,2.05,2.05,2.05,2.05,2.05,727021
2019-11-29,2.1,2.1,2.1,1.91,1.91,541672
2019-12-02,2.31,2.31,2.31,2.1,2.1,219861
2019-12-03,2.3,2.3,2.3,2.3,2.3,92845
2019-12-04,2.29,2.29,2.29,2.18,2.18,53128
2019-12-05,2.3,2.3,2.3,2.21,2.21,70588
2019-12-06,2.3,2.3,2.3,2.25,2.25,70577
2019-12-09,2.49,2.49,2.53,2.35,2.35,251228
2019-12-10,2.35,2.35,2.45,2.35,2.45,131152
2019-12-11,2.39,2.39,2.39,2.3,2.3,129700
2019-12-12,2.2,2.2,2.31,2.2,2.31,169699
2019-12-13,2.11,2.11,2.22,2.11,2.2,162097
2019-12-16,2.32,2.32,2.32,2.19,2.19,326508
2019-12-17,2.32,2.32,2.32,2.23,2.23,52250
2019-12-18,2.16,2.16,2.35,2.16,2.35,110115
2019-12-19,2.25,2.25,2.3,2.25,2.25,78627
2019-12-20,2.3,2.3,2.3,2.22,2.22,90076
2019-12-23,2.25,2.25,2.26,2.25,2.26,19638
2019-12-24,2.25,2.25,2.26,2.18,2.18,40987
2019-12-25,2.25,2.25,2.28,2.23,2.23,61421
2019-12-26,2.22,2.22,2.25,2.22,2.25,25835
2019-12-27,2.18,2.18,2.19,2.18,2.18,64531
2019-12-30,2.13,2.13,2.2,2.13,2.18,109202
2019-12-31,2.15,2.15,2.19,2.15,2.19,130250
2020-01-02,2.16,2.16,2.19,2.16,2.16,182925
2020-01-03,2.1,2.1,2.17,2.1,2.16,99565
2020-01-06,2.01,2.01,2.15,2.01,2.15,124127
2020-01-07,2.0,2.0,2.03,2.0,2.03,140728
2020-01-08,2.2,2.2,2.2,2.03,2.03,312735
2020-01-09,2.3,2.3,2.37,2.22,2.22,389379
2020-01-10,2.3,2.3,2.35,2.28,2.35,240903
2020-01-13,2.13,2.13,2.15,2.07,2.07,986022
2020-01-14,2.25,2.25,2.34,2.13,2.13,1365913
2020-01-15,2.25,2.25,2.25,2.18,2.18,85500
2020-01-16,2.28,2.28,2.29,2.25,2.25,211202
2020-01-17,2.15,2.15,2.3,2.15,2.3,108494
2020-01-20,2.15,2.15,2.2,2.1,2.1,65178
2020-01-30,2.0,2.0,2.02,1.94,2.0,130013
2020-01-31,2.1,2.1,2.1,2.02,2.02,193484
2020-02-03,2.1,2.1,2.18,2.1,2.1,160673
2020-02-04,2.1,2.1,2.1,2.02,2.1,48377
2020-02-05,2.02,2.02,2.02,2.02,2.02,5010
2020-02-06,2.02,2.02,2.02,2.02,2.02,115006
2020-02-07,2.07,2.07,2.07,2.0,2.02,107025
2020-02-10,2.0,2.0,2.01,2.0,2.0,85605
2020-02-11,2.01,2.01,2.02,2.0,2.02,151669
2020-02-12,2.1,2.1,2.1,2.02,2.02,82301
2020-02-13,2.01,2.01,2.04,2.01,2.04,215237
2020-02-14,2.05,2.05,2.07,2.0,2.0,144918
2020-02-17,2.03,2.03,2.03,2.01,2.01,12702
2020-02-18,2.14,2.14,2.14,2.01,2.03,111462
2020-02-19,2.03,2.03,2.03,2.03,2.03,6802
2020-02-20,2.05,2.05,2.05,2.0,2.05,38317
2020-02-21,2.05,2.05,2.05,2.01,2.01,30650
2020-02-24,2.05,2.05,2.05,2.05,2.05,15430
2020-02-25,1.99,1.99,1.99,1.98,1.98,24298
2020-02-26,2.04,2.04,2.04,1.98,1.98,19048
2020-02-27,2.0,2.0,2.0,1.97,1.97,40332
2020-03-02,2.0,2.0,2.0,2.0,2.0,60746
2020-03-03,2.0,2.0,2.0,1.97,1.97,53619
2020-03-04,2.01,2.01,2.01,2.01,2.01,2180
2020-03-05,1.96,1.96,2.0,1.81,1.81,77962
2020-03-06,2.0,2.0,2.0,1.82,1.82,87513
2020-03-09,1.92,1.92,2.01,1.92,2.01,25783
2020-03-10,1.9,1.9,1.97,1.9,1.9,161762
2020-03-11,1.87,1.87,1.9,1.71,1.9,193646
2020-03-12,1.69,1.69,1.78,1.69,1.76,359550
2020-03-13,1.6,1.6,1.6,1.53,1.54,469850
2020-03-16,1.51,1.51,1.53,1.51,1.53,62524
2020-03-17,1.46,1.46,1.47,1.37,1.37,197301
2020-03-18,1.55,1.55,1.6,1.53,1.58,168123
2020-03-19,1.4,1.4,1.47,1.4,1.47,141002
2020-03-20,1.54,1.54,1.54,1.3,1.3,88428
2020-03-23,1.44,1.44,1.44,1.44,1.44,1867
2020-03-24,1.58,1.58,1.58,1.44,1.44,64704
2020-03-25,1.7,1.7,1.73,1.7,1.71,99721
2020-03-26,1.85,1.85,1.86,1.69,1.69,164251
2020-03-27,1.89,1.89,1.9,1.8,1.8,295588
2020-03-30,2.0,2.0,2.01,1.99,2.01,280209
2020-03-31,2.2,2.2,2.2,2.08,2.08,270032
2020-04-01,2.3,2.3,2.33,2.01,2.33,290178
2020-04-07,2.38,2.38,2.43,2.38,2.41,88524
2020-04-08,2.3,2.3,2.4,2.21,2.4,142808
2020-04-09,2.1,2.1,2.44,2.1,2.16,133693
2020-04-10,2.18,2.18,2.19,2.0,2.0,66223
2020-04-14,2.18,2.18,2.18,2.16,2.18,22145
2020-04-16,2.24,2.24,2.24,2.02,2.02,37016
2020-04-17,2.24,2.24,2.24,2.16,2.24,39101
2020-04-20,2.22,2.22,2.24,2.22,2.24,90121
2020-04-21,2.2,2.2,2.2,2.2,2.2,45666
2020-04-22,2.15,2.15,2.2,2.15,2.2,34201
2020-04-23,2.12,2.12,2.12,2.11,2.11,15132
2020-04-24,2.1,2.1,2.1,2.1,2.1,61262
2020-04-27,2.1,2.1,2.25,2.03,2.03,44086
2020-04-28,2.2,2.2,2.2,2.18,2.18,18093
2020-04-29,2.1,2.1,2.22,2.1,2.2,135042
2020-05-04,2.15,2.15,2.22,2.12,2.22,106694
2020-05-05,2.15,2.15,2.2,2.15,2.15,25221
2020-05-06,2.07,2.07,2.15,2.07,2.14,80455
2020-05-07,2.22,2.22,2.22,2.13,2.13,39588
2020-05-08,2.22,2.22,2.22,2.17,2.2,86486
2020-05-11,2.22,2.22,2.22,2.12,2.22,70898
2020-05-12,2.22,2.22,2.22,2.11,2.11,39160
2020-05-13,2.19,2.19,2.2,2.0,2.18,149367
2020-05-14,2.11,2.11,2.11,2.1,2.1,63999
2020-05-15,2.11,2.11,2.11,2.11,2.11,64025
2020-05-18,2.12,2.12,2.12,2.02,2.03,39961
2020-05-19,2.1,2.1,2.1,2.04,2.04,52365
2020-05-20,2.1,2.1,2.1,2.1,2.1,54644
2020-05-21,2.05,2.05,2.05,2.03,2.03,76475
2020-05-22,2.05,2.05,2.05,2.02,2.02,57004
2020-05-25,2.0,2.0,2.02,2.0,2.0,61141
2020-05-26,2.0,2.0,2.0,2.0,2.0,74667
2020-05-27,1.97,1.97,1.97,1.97,1.97,69987
2020-05-29,2.04,2.04,2.04,1.97,1.97,44520
2020-06-01,1.95,1.95,2.07,1.95,2.07,9103
2020-06-02,2.0,2.0,2.05,2.0,2.05,34713
2020-06-03,2.03,2.03,2.03,2.0,2.0,12594
2020-06-04,2.08,2.08,2.08,2.03,2.03,40287
2020-06-05,2.03,2.03,2.03,2.03,2.03,10366
2020-06-08,2.03,2.03,2.03,1.99,2.03,111195
2020-06-09,2.16,2.16,2.18,2.06,2.06,216025
2020-06-10,2.0,2.0,2.07,2.0,2.07,129248
2020-06-11,2.0,2.0,2.06,2.0,2.02,128763
2020-06-12,2.01,2.01,2.04,2.0,2.0,30856
2020-06-15,1.9,1.9,2.08,1.9,2.08,310102
2020-06-16,1.94,1.94,1.95,1.87,1.9,676050
2020-06-17,2.0,2.0,2.0,1.93,1.93,96909
2020-06-18,2.0,2.0,2.0,1.93,2.0,124098
2020-06-19,1.99,1.99,1.99,1.99,1.99,128109
2020-06-22,2.02,2.02,2.02,1.99,2.0,92000
2020-06-23,2.0,2.0,2.02,2.0,2.02,83933
2020-06-24,2.0,2.0,2.0,1.95,1.97,161000
2020-06-29,2.0,2.0,2.08,1.86,1.86,51673
2020-06-30,2.03,2.03,2.03,1.95,1.95,48839
2020-07-01,2.0,2.0,2.0,2.0,2.0,48502
2020-07-02,1.96,1.96,1.96,1.95,1.96,110878
2020-07-03,1.93,1.93,1.93,1.93,1.93,45305
2020-07-06,1.98,1.98,1.98,1.9,1.9,36880
2020-07-07,2.0,2.0,2.0,1.95,1.95,18421
2020-07-08,2.01,2.01,2.01,2.0,2.0,123411
2020-07-09,2.0,2.0,2.01,2.0,2.01,97246
2020-07-10,2.0,2.0,2.0,2.0,2.0,8316
2020-07-13,1.95,1.95,2.0,1.95,2.0,80619
2020-07-14,2.14,2.14,2.14,1.97,1.97,132997
2020-07-15,2.11,2.11,2.3,2.08,2.3,164803
2020-07-16,2.11,2.11,2.11,2.01,2.01,91948
2020-07-17,2.06,2.06,2.11,2.03,2.11,113693
2020-07-20,2.09,2.09,2.11,2.06,2.1,130236
2020-07-21,2.06,2.06,2.1,2.06,2.1,65820
2020-07-22,2.1,2.1,2.1,2.05,2.1,177238
2020-07-23,2.26,2.26,2.31,2.1,2.1,1033028
2020-07-24,2.2,2.2,2.22,2.05,2.16,414799
2020-07-27,2.09,2.09,2.18,2.09,2.18,107458
2020-07-28,2.08,2.08,2.08,2.01,2.06,144928
2020-07-29,2.12,2.12,2.12,2.02,2.06,322447
2020-07-30,2.16,2.16,2.16,2.1,2.12,114000
2020-07-31,2.19,2.19,2.27,2.19,2.22,356392
2020-08-03,2.18,2.18,2.2,2.18,2.19,116052
2020-08-04,2.35,2.35,2.39,2.12,2.12,276216
2020-08-05,2.29,2.29,2.39,2.29,2.29,266331
2020-08-06,2.25,2.25,2.28,2.21,2.28,58234
2020-08-07,2.28,2.28,2.4,2.28,2.31,32787
2020-08-10,2.3,2.3,2.4,2.3,2.4,141098
2020-08-11,2.26,2.26,2.3,2.26,2.3,114942
2020-08-12,2.15,2.15,2.25,2.15,2.22,157694
2020-08-13,2.15,2.15,2.17,2.15,2.17,127700
2020-08-14,2.15,2.15,2.15,2.1,2.1,160074
2020-08-17,2.15,2.15,2.15,2.15,2.15,184401
2020-08-18,2.15,2.15,2.15,2.14,2.15,52596
2020-08-19,2.13,2.13,2.15,2.13,2.15,81474
2020-08-20,2.02,2.02,2.1,2.02,2.1,63770
2020-08-21,2.1,2.1,2.1,2.0,2.0,90055
2020-08-24,2.25,2.25,2.25,2.14,2.14,221902
2020-08-25,2.28,2.28,2.28,2.25,2.25,188323
2020-08-26,2.4,2.4,2.4,2.28,2.28,379306
2020-08-27,2.4,2.4,2.42,2.4,2.4,202339
2020-08-28,2.33,2.33,2.35,2.33,2.35,102957
2020-08-31,2.33,2.33,2.38,2.33,2.33,178307
2020-09-01,2.28,2.28,2.3,2.26,2.27,79065
2020-09-02,2.26,2.26,2.27,2.26,2.26,115982
2020-09-03,2.35,2.35,2.35,2.25,2.31,203351
2020-09-04,2.37,2.37,2.38,2.35,2.35,45062
2020-09-07,2.6,2.6,2.6,2.5,2.55,1038263
2020-09-08,2.86,2.86,2.86,2.79,2.79,1517400
2020-09-09,2.75,2.75,2.84,2.58,2.72,891206
2020-09-10,2.56,2.56,2.82,2.56,2.82,717233
2020-09-11,2.81,2.81,2.81,2.76,2.81,2280647
2020-09-14,3.09,3.09,3.09,3.09,3.09,541400
2020-09-15,3.39,3.39,3.39,3.39,3.39,345404
2020-09-16,3.5,3.5,3.72,3.5,3.72,6427844
2020-09-17,3.85,3.85,3.85,3.5,3.5,1916742
2020-09-18,4.23,4.23,4.23,4.23,4.23,1507274
2020-09-21,4.65,4.65,4.65,4.65,4.65,575585
2020-09-22,5.11,5.11,5.11,5.11,5.11,1512424
2020-09-23,5.62,5.62,5.62,5.62,5.62,685337
2020-09-24,6.18,6.18,6.18,5.31,6.18,8808589
2020-09-25,5.57,5.57,6.18,5.57,6.18,2278047
2020-09-28,5.02,5.02,5.02,5.02,5.02,836302
2020-09-29,4.52,4.52,4.52,4.52,4.52,622046
2020-09-30,4.97,4.97,4.97,4.07,4.07,3770498
2020-10-05,4.5,4.5,5.0,4.48,4.48,2586510
2020-10-06,4.8,4.8,4.95,4.5,4.5,1987310
2020-10-07,5.28,5.28,5.28,4.85,4.85,1787424
2020-10-08,5.28,5.28,5.8,4.76,5.8,1946503
2020-10-12,5.0,5.0,5.68,5.0,5.68,715706
2020-10-13,4.7,4.7,5.0,4.5,5.0,1064112
2020-10-14,5.15,5.15,5.17,4.88,4.88,1115940
2020-10-15,4.86,4.86,5.07,4.71,5.07,767798
2020-10-16,4.66,4.66,4.97,4.66,4.86,538022
2020-10-19,4.5,4.5,4.99,4.21,4.99,1111166
2020-10-20,4.11,4.11,4.39,4.11,4.39,701415
2020-10-21,3.85,3.85,4.07,3.85,4.07,1135236
2020-10-22,3.59,3.59,3.69,3.47,3.69,1545418
2020-10-23,3.49,3.49,3.59,3.31,3.59,547359
2020-10-26,3.8,3.8,3.8,3.37,3.47,377457
2020-10-27,4.17,4.17,4.18,4.04,4.04,851402
2020-10-28,4.1,4.1,4.5,4.1,4.2,628006
2020-10-29,3.99,3.99,4.14,3.78,3.78,363164
2020-10-30,3.97,3.97,4.0,3.85,3.99,121313
2020-11-02,3.86,3.86,4.0,3.82,4.0,87318
2020-11-03,3.86,3.86,3.97,3.86,3.86,90204
2020-11-04,3.82,3.82,3.83,3.71,3.71,137954
2020-11-05,3.87,3.87,3.87,3.75,3.75,138429
2020-11-06,3.85,3.85,3.99,3.85,3.99,166404
2020-11-09,3.71,3.71,3.85,3.7,3.85,339729
2020-11-10,3.78,3.78,3.86,3.71,3.86,116046
2020-11-11,3.6,3.6,3.78,3.6,3.78,524075
2020-11-12,3.61,3.61,3.61,3.6,3.61,200441
2020-11-13,3.66,3.66,3.66,3.5,3.61,111684
2020-11-16,3.84,3.84,3.85,3.66,3.66,258514
2020-11-17,3.75,3.75,3.82,3.75,3.81,102679
2020-11-18,3.75,3.75,3.8,3.75,3.8,160927
2020-11-19,3.95,3.95,4.0,3.75,3.75,400773
2020-11-20,3.95,3.95,4.0,3.9,4.0,245674
2020-11-23,3.88,3.88,3.95,3.86,3.95,113674
2020-11-24,3.72,3.72,3.88,3.72,3.88,237792
2020-11-25,3.76,3.76,3.78,3.72,3.72,202053
2020-11-26,3.69,3.69,3.75,3.69,3.75,130791
2020-11-27,3.61,3.61,3.61,3.61,3.61,259286
2020-11-30,3.53,3.53,3.61,3.52,3.61,286639
2020-12-01,3.6,3.6,3.6,3.41,3.5,127700
2020-12-02,3.84,3.84,3.88,3.62,3.62,338649
2020-12-04,3.7,3.7,3.71,3.7,3.71,222129
2020-12-07,3.5,3.5,3.61,3.5,3.61,254072
2020-12-08,3.57,3.57,3.57,3.5,3.5,244940
2020-12-09,3.61,3.61,3.79,3.6,3.79,148464
2020-12-10,3.51,3.51,3.55,3.5,3.5,122234
2020-12-11,3.5,3.5,3.53,3.5,3.5,264323
2020-12-14,3.5,3.5,3.52,3.5,3.5,138592
2020-12-15,3.52,3.52,3.59,3.5,3.5,100180
2020-12-16,3.52,3.52,3.53,3.51,3.52,178468
2020-12-17,3.45,3.45,3.52,3.45,3.5,78698
2020-12-18,3.43,3.43,3.5,3.4,3.4,331750
2020-12-21,3.36,3.36,3.36,3.32,3.35,180370
2020-12-22,3.32,3.32,3.36,3.32,3.36,192415
2020-12-23,3.39,3.39,3.39,3.33,3.39,107007
2020-12-24,3.45,3.45,3.48,3.42,3.42,110456
2020-12-25,3.5,3.5,3.52,3.5,3.52,157588
2020-12-28,3.36,3.36,3.52,3.36,3.52,162112
2020-12-29,3.4,3.4,3.41,3.4,3.4,126093
2020-12-30,3.35,3.35,3.38,3.3,3.38,100151
2020-12-31,3.45,3.45,3.45,3.35,3.35,199894
2021-01-04,3.39,3.39,3.5,3.37,3.5,106650
2021-01-05,3.43,3.43,3.43,3.39,3.39,69068
2021-01-06,3.39,3.39,3.4,3.37,3.4,137366
2021-01-07,3.35,3.35,3.35,3.31,3.31,64504
2021-01-08,3.27,3.27,3.34,3.16,3.16,110045
2021-01-11,3.24,3.24,3.26,3.23,3.26,133207
2021-01-12,3.05,3.05,3.22,3.05,3.05,171403
2021-01-13,3.15,3.15,3.2,3.15,3.2,152610
2021-01-14,3.12,3.12,3.15,3.12,3.15,117848
2021-01-15,3.2,3.2,3.2,3.12,3.12,193511
2021-01-18,3.15,3.15,3.15,3.12,3.15,39297
2021-01-19,3.2,3.2,3.2,3.12,3.15,82679
2021-01-20,3.0,3.0,3.2,3.0,3.18,242804
2021-01-21,3.06,3.06,3.07,3.0,3.0,174394
2021-01-22,3.12,3.12,3.12,3.01,3.01,63918
2021-01-25,3.12,3.12,3.2,2.81,2.81,110480
2021-01-26,3.06,3.06,3.06,3.05,3.05,73120
2021-01-27,2.92,2.92,3.08,2.91,3.05,98057
2021-01-28,2.98,2.98,2.98,2.91,2.92,108877
2021-01-29,3.12,3.12,3.17,3.0,3.0,288634
2021-02-01,3.05,3.05,3.11,3.01,3.11,83265
2021-02-02,3.01,3.01,3.11,3.01,3.1,87066
2021-02-03,3.01,3.01,3.02,3.0,3.01,99504
2021-02-04,3.02,3.02,3.07,3.02,3.07,110211
2021-02-05,3.0,3.0,3.07,3.0,3.07,136726
2021-02-17,2.98,2.98,3.07,2.88,3.07,183399
2021-02-18,3.05,3.05,3.06,3.05,3.05,81108
2021-02-19,3.1,3.1,3.1,3.05,3.05,136773
2021-02-22,3.07,3.07,3.1,3.05,3.1,137380
2021-02-23,3.01,3.01,3.2,3.0,3.2,116615
2021-02-24,3.0,3.0,3.02,3.0,3.02,228204
2021-02-25,3.0,3.0,3.0,3.0,3.0,126121
2021-02-26,3.01,3.01,3.01,3.0,3.0,118733
2021-03-02,2.99,2.99,3.01,2.97,3.01,135118
2021-03-03,2.98,2.98,3.0,2.98,3.0,101794
2021-03-04,2.98,2.98,3.0,2.98,3.0,156820
2021-03-05,2.92,2.92,2.99,2.9,2.99,47315
2021-03-08,2.95,2.95,2.95,2.92,2.95,234343
2021-03-09,2.95,2.95,2.95,2.95,2.95,55828
2021-03-10,3.0,3.0,3.0,2.95,2.95,153085
2021-03-11,3.0,3.0,3.07,3.0,3.05,315751
2021-03-12,3.07,3.07,3.07,3.06,3.06,245289
2021-03-15,3.1,3.1,3.1,3.08,3.08,233027
2021-03-16,3.41,3.41,3.41,3.1,3.1,507118
2021-03-17,3.75,3.75,3.75,3.75,3.75,553944
2021-03-18,3.7,3.7,4.12,3.7,4.12,1907247
2021-03-19,3.35,3.35,3.6,3.35,3.6,604499
2021-03-22,3.68,3.68,3.68,3.41,3.41,522701
2021-03-23,3.7,3.7,3.8,3.7,3.79,586294
2021-03-24,3.85,3.85,4.05,3.7,4.05,319411
2021-03-25,3.61,3.61,3.8,3.61,3.8,209825
2021-03-26,3.7,3.7,3.7,3.5,3.7,119874
2021-03-29,3.6,3.6,3.7,3.6,3.7,193502
2021-03-30,3.56,3.56,3.61,3.56,3.61,106037
2021-03-31,3.54,3.54,3.55,3.5,3.55,165188
2021-04-01,3.6,3.6,3.66,3.5,3.51,187065
2021-04-06,3.57,3.57,3.6,3.51,3.6,120968
2021-04-07,3.47,3.47,3.51,3.45,3.51,147614
2021-04-08,3.54,3.54,3.55,3.51,3.51,169320
2021-04-09,3.6,3.6,3.6,3.5,3.5,101284
2021-04-12,3.85,3.85,3.85,3.6,3.6,569543
2021-04-13,3.75,3.75,3.86,3.75,3.85,391264
2021-04-14,3.65,3.65,3.75,3.53,3.75,163556
2021-04-15,3.8,3.8,3.8,3.6,3.64,160725
2021-04-16,3.79,3.79,3.85,3.79,3.85,306268
2021-04-19,3.95,3.95,3.95,3.79,3.79,330210
2021-04-20,4.0,4.0,4.0,3.95,4.0,865910
2021-04-21,3.95,3.95,4.0,3.71,4.0,549840
2021-04-22,3.56,3.56,3.56,3.56,3.56,1101756
2021-04-23,3.21,3.21,3.21,3.21,3.21,635621
2021-04-26,3.3,3.3,3.4,2.89,2.89,4587133
2021-04-27,3.06,3.06,3.21,2.98,2.98,1348866
2021-04-28,3.24,3.24,3.24,3.06,3.06,1077431
2021-04-29,3.26,3.26,3.3,3.24,3.24,735634
2021-05-03,3.58,3.58,3.58,3.56,3.56,1245148
2021-05-04,3.8,3.8,3.93,3.58,3.93,2129055
2021-05-05,3.61,3.61,3.98,3.6,3.98,755983
2021-05-06,3.55,3.55,3.75,3.55,3.61,366870
2021-05-07,3.65,3.65,3.76,3.55,3.76,410258
2021-05-10,3.52,3.52,3.6,3.5,3.6,723480
2021-05-11,3.5,3.5,3.51,3.5,3.5,514583
2021-05-12,3.15,3.15,3.43,3.15,3.43,286029
2021-05-13,3.3,3.3,3.39,2.98,2.98,297560
2021-05-14,3.37,3.37,3.39,3.3,3.3,506068
2021-05-17,3.12,3.12,3.35,3.12,3.35,186964
2021-05-18,3.22,3.22,3.22,3.14,3.2,69025
2021-05-19,3.14,3.14,3.2,3.11,3.15,132853
2021-05-20,3.3,3.3,3.35,3.2,3.2,123643
2021-05-21,3.29,3.29,3.31,3.2,3.2,138002
2021-05-24,3.29,3.29,3.3,3.25,3.29,88199
2021-05-25,3.27,3.27,3.3,3.26,3.3,113795
2021-05-26,3.3,3.3,3.3,3.26,3.27,83092
2021-05-27,3.3,3.3,3.3,3.2,3.3,88975
2021-05-28,3.29,3.29,3.3,3.21,3.3,214507
2021-05-31,3.23,3.23,3.28,3.03,3.03,243455
2021-06-01,3.17,3.17,3.22,3.16,3.16,168021
2021-06-02,3.16,3.16,3.18,3.16,3.17,216983
2021-06-03,3.15,3.15,3.18,3.15,3.18,216358
2021-06-04,3.14,3.14,3.14,3.11,3.12,153823
2021-06-07,3.11,3.11,3.18,3.1,3.1,59648
2021-06-08,3.12,3.12,3.12,3.1,3.11,146620
2021-06-09,3.16,3.16,3.16,3.13,3.16,120688
2021-06-10,3.2,3.2,3.2,3.16,3.16,188367
2021-06-11,3.33,3.33,3.38,3.25,3.25,216000
2021-06-15,3.21,3.21,3.33,3.21,3.33,66938
2021-06-16,3.16,3.16,3.28,3.16,3.28,65854
2021-06-17,3.07,3.07,3.15,3.07,3.13,123157
2021-06-18,3.11,3.11,3.14,3.11,3.14,109626
2021-06-21,3.15,3.15,3.18,3.11,3.11,74547
2021-06-22,3.17,3.17,3.17,3.15,3.15,81381
2021-06-23,3.13,3.13,3.15,3.13,3.15,105930
2021-06-24,3.13,3.13,3.13,3.07,3.13,91112
2021-06-25,3.21,3.21,3.25,3.15,3.15,97182
2021-06-28,3.16,3.16,3.25,3.16,3.25,89014
2021-06-29,3.12,3.12,3.2,3.12,3.2,106681
2021-06-30,3.16,3.16,3.16,3.08,3.08,126149
2021-07-01,3.22,3.22,3.22,3.2,3.2,310213
2021-07-02,3.18,3.18,3.23,3.17,3.21,100389
2021-07-05,3.3,3.3,3.3,3.23,3.25,235298
2021-07-06,3.24,3.24,3.28,3.13,3.28,102960
2021-07-07,3.49,3.49,3.49,3.29,3.3,474935
2021-07-08,3.55,3.55,3.78,3.48,3.78,970166
2021-07-09,3.61,3.61,3.64,3.49,3.49,407797
2021-07-12,3.41,3.41,3.67,3.41,3.47,329821
2021-07-13,3.28,3.28,3.42,3.28,3.36,108524
2021-07-14,3.37,3.37,3.37,3.29,3.29,178934
2021-07-15,3.37,3.37,3.48,3.3,3.48,111683
2021-07-16,3.27,3.27,3.37,3.27,3.37,121728
2021-07-19,3.24,3.24,3.27,3.21,3.27,108556
2021-07-20,3.15,3.15,3.3,3.15,3.3,125149
2021-07-21,3.21,3.21,3.24,3.18,3.18,149752
2021-07-22,3.18,3.18,3.21,3.16,3.2,85422
2021-07-23,3.2,3.2,3.2,3.15,3.17,106781
2021-07-26,3.34,3.34,3.39,3.21,3.39,167891
2021-07-27,3.35,3.35,3.35,3.31,3.31,142001
2021-07-28,3.23,3.23,3.39,3.2,3.39,104400
2021-07-29,3.27,3.27,3.27,3.23,3.25,59901
2021-07-30,3.24,3.24,3.27,3.21,3.27,37021
2021-08-02,3.56,3.56,3.56,3.26,3.26,941413
2021-08-03,3.5,3.5,3.7,3.5,3.7,1226795
2021-08-04,3.41,3.41,3.44,3.33,3.34,425632
2021-08-05,3.3,3.3,3.38,3.3,3.38,170317
2021-08-06,3.3,3.3,3.3,3.25,3.25,132673
2021-08-09,3.27,3.27,3.3,3.25,3.25,71709
2021-08-10,3.27,3.27,3.29,3.24,3.27,108110
2021-08-11,3.19,3.19,3.27,3.19,3.27,132865
2021-08-12,3.15,3.15,3.15,3.14,3.15,185603
2021-08-13,3.16,3.16,3.19,3.15,3.15,121126
2021-08-16,3.18,3.18,3.29,3.17,3.29,176221
2021-08-17,3.21,3.21,3.21,3.18,3.18,132228
2021-08-18,3.2,3.2,3.27,3.11,3.27,150495
2021-08-19,3.2,3.2,3.25,3.16,3.25,147769
2021-08-20,3.2,3.2,3.2,3.19,3.19,73365
2021-08-23,3.14,3.14,3.19,3.12,3.12,118177
2021-08-24,3.14,3.14,3.16,3.14,3.16,26858
2021-08-25,3.16,3.16,3.16,3.14,3.14,73472
2021-08-26,3.11,3.11,3.16,3.11,3.16,92462
2021-08-27,3.12,3.12,3.12,3.11,3.11,78581
2021-08-30,3.25,3.25,3.25,3.12,3.12,208384
2021-08-31,3.24,3.24,3.25,3.2,3.2,158010
2021-09-01,3.25,3.25,3.29,3.23,3.23,78321
2021-09-02,3.24,3.24,3.28,3.24,3.28,78807
2021-09-03,3.26,3.26,3.29,3.25,3.25,258120
2021-09-06,3.34,3.34,3.36,3.28,3.28,225004
2021-09-07,3.3,3.3,3.34,3.28,3.33,120128
2021-09-08,3.26,3.26,3.29,3.26,3.28,71158
2021-09-09,3.25,3.25,3.26,3.17,3.17,38535
2021-09-10,3.18,3.18,3.25,3.18,3.25,54675
2021-09-13,3.15,3.15,3.16,3.13,3.16,304977
2021-09-14,3.03,3.03,3.14,3.0,3.11,260081
2021-09-15,2.97,2.97,3.03,2.95,3.03,298799
2021-09-16,3.05,3.05,3.05,2.97,2.97,224771
2021-09-17,3.0,3.0,3.05,3.0,3.05,257470
2021-09-22,3.0,3.0,3.0,3.0,3.0,152547
2021-09-23,3.12,3.12,3.12,3.0,3.0,385063
2021-09-24,3.38,3.38,3.43,3.16,3.16,1139379
2021-09-27,3.4,3.4,3.7,3.4,3.7,1686682
2021-09-28,3.18,3.18,3.34,3.06,3.06,509902
2021-09-29,3.04,3.04,3.1,3.03,3.1,476852
2021-10-08,21.65,21.65,24.15,21.65,24.15,80736
2021-10-12,21.0,21.0,21.65,20.2,20.2,50020
2021-10-13,20.05,20.05,20.95,20.05,20.95,46322
2021-10-14,19.85,19.85,20.0,19.85,20.0,33318
2021-10-15,20.2,20.2,20.8,20.0,20.0,38460
2021-10-18,20.15,20.15,20.15,20.1,20.15,16587
2021-10-19,20.95,20.95,21.0,20.15,20.15,62850
2021-10-20,20.4,20.4,20.95,20.4,20.95,26240
2021-10-21,20.45,20.45,20.65,20.45,20.65,18616
2021-10-22,20.2,20.2,20.45,20.15,20.45,22956
2021-10-25,20.55,20.55,20.55,20.3,20.45,9022
2021-10-26,20.55,20.55,20.55,20.55,20.55,15128
2021-10-27,20.55,20.55,20.55,20.25,20.55,13020
2021-10-28,20.2,20.2,20.2,20.05,20.05,17644
2021-10-29,19.8,19.8,20.05,19.8,20.05,37155
2021-11-01,20.15,20.15,20.15,19.9,19.9,49626
2021-11-02,20.15,20.15,20.15,20.15,20.15,2871
2021-11-03,20.1,20.1,20.1,20.1,20.1,7308
2021-11-04,20.3,20.3,20.3,20.1,20.1,29749
2021-11-05,20.3,20.3,20.3,20.25,20.3,7944
2021-11-08,20.1,20.1,20.2,20.1,20.2,20050
2021-11-09,20.2,20.2,20.2,20.2,20.2,4047
2021-11-10,20.2,20.2,20.25,20.0,20.25,39395
2021-11-11,19.95,19.95,20.15,19.95,20.15,21448
2021-11-12,19.95,19.95,20.15,19.95,20.15,12964
2021-11-15,19.9,19.9,20.05,19.9,20.05,15414
2021-11-16,19.9,19.9,20.75,19.9,20.0,14014
2021-11-17,20.0,20.0,20.0,19.9,19.9,29227
2021-11-18,22.0,22.0,22.0,20.3,20.3,122558
2021-11-19,21.05,21.05,21.75,20.5,21.75,45008
2021-11-22,20.5,20.5,20.9,20.05,20.75,25296
2021-11-23,20.0,20.0,20.5,20.0,20.5,23988
2021-11-24,20.6,20.6,20.6,20.0,20.05,7662
2021-11-25,20.15,20.15,20.6,19.85,20.1,33515
2021-11-26,20.2,20.2,20.7,20.05,20.05,29196
2021-11-29,20.0,20.0,20.2,19.95,19.95,6748
2021-11-30,20.05,20.05,20.05,20.0,20.05,11051
2021-12-01,20.3,20.3,20.4,20.3,20.4,3140
2021-12-02,20.45,20.45,20.45,20.1,20.1,5027
2021-12-03,20.1,20.1,20.1,20.0,20.1,10299
2021-12-06,20.0,20.0,20.0,19.95,20.0,16775
2021-12-07,20.0,20.0,20.0,19.95,20.0,8242
2021-12-08,19.7,19.7,19.95,19.5,19.9,96822
2021-12-09,19.9,19.9,19.9,19.6,19.6,7810
2021-12-10,19.2,19.2,19.45,19.0,19.35,31314
2021-12-13,19.25,19.25,19.7,19.25,19.3,15353
2021-12-14,19.8,19.8,19.8,19.3,19.45,20744
2021-12-15,19.5,19.5,19.9,19.5,19.8,4465
2021-12-16,19.35,19.35,19.5,19.25,19.5,4748
2021-12-17,19.15,19.15,19.3,19.15,19.3,7334
2021-12-20,19.1,19.1,19.4,19.0,19.1,17654
2021-12-21,19.0,19.0,19.1,19.0,19.0,15659
2021-12-22,18.95,18.95,18.95,18.55,18.9,20871
2021-12-23,18.7,18.7,18.95,18.55,18.55,6607
2021-12-24,18.8,18.8,19.6,18.75,19.6,11647
2021-12-27,18.8,18.8,18.9,18.8,18.8,4782
2021-12-28,18.95,18.95,18.95,18.7,18.75,9451
2021-12-29,18.7,18.7,18.7,18.7,18.7,5296
2021-12-30,18.7,18.7,18.75,18.7,18.75,5484
2022-01-03,18.8,18.8,18.85,18.3,18.6,25325
2022-01-04,19.1,19.1,19.15,18.85,18.85,28816
2022-01-05,18.85,18.85,19.0,18.85,19.0,5539
2022-01-06,18.85,18.85,18.85,18.8,18.8,4700
2022-01-07,18.95,18.95,18.95,18.8,18.85,6956
2022-01-10,19.2,19.2,19.25,18.85,18.85,13828
2022-01-11,18.75,18.75,18.85,18.7,18.85,6183
2022-01-12,18.75,18.75,18.75,18.7,18.75,5182
2022-01-14,18.3,18.3,18.6,18.1,18.55,30743
2022-01-17,18.35,18.35,18.35,18.3,18.3,10879
2022-01-18,18.35,18.35,18.35,18.35,18.35,2572
2022-01-19,18.3,18.3,18.35,18.3,18.35,7566
2022-01-20,17.75,17.75,18.15,17.75,18.15,30847
2022-01-21,16.3,16.3,17.6,16.05,17.6,88271
2022-01-24,16.7,16.7,16.7,16.3,16.3,10569
2022-01-25,16.5,16.5,16.5,15.8,16.05,28272
2022-01-26,15.95,15.95,16.5,15.95,16.4,9476
2022-02-07,16.3,16.3,16.55,15.85,15.85,9389
2022-02-09,16.7,16.7,16.7,16.3,16.3,13544
2022-02-10,16.55,16.55,17.05,16.55,17.0,6963
2022-02-11,16.55,16.55,16.55,16.15,16.15,10723
2022-02-14,16.65,16.65,16.9,16.05,16.9,6581
2022-02-17,16.6,16.6,16.75,16.6,16.6,9125
2022-02-18,16.3,16.3,16.6,16.1,16.1,16646
2022-02-21,17.9,17.9,17.9,16.3,16.3,85555
2022-02-22,17.65,17.65,19.5,17.65,19.5,60763
2022-02-23,18.2,18.2,18.5,18.05,18.5,20777
2022-02-24,18.1,18.1,18.1,17.05,18.1,21716
2022-02-25,18.05,18.05,18.05,17.8,17.9,15603
2022-03-01,18.0,18.0,18.15,18.0,18.05,5249
2022-03-02,19.8,19.8,19.8,17.05,18.0,104403
2022-03-03,21.5,21.5,21.7,19.15,19.15,74641
2022-03-04,21.0,21.0,23.0,21.0,23.0,36733
2022-03-07,19.65,19.65,20.0,19.6,19.6,15781
2022-03-08,19.65,19.65,19.85,19.65,19.85,6461
2022-03-09,20.5,20.5,20.5,19.35,19.65,16179
2022-03-10,20.4,20.4,20.5,19.6,20.5,8145
2022-03-11,20.1,20.1,20.1,20.1,20.1,2322
2022-03-14,20.4,20.4,20.4,19.9,19.9,7970
2022-03-16,19.9,19.9,21.65,19.9,21.65,15848
2022-03-17,19.6,19.6,20.1,19.6,20.1,6737
2022-03-21,19.1,19.1,19.35,19.0,19.35,12849
2022-03-22,21.0,21.0,21.0,21.0,21.0,38076
2022-03-23,22.2,22.2,23.05,22.0,23.05,117324
2022-03-24,22.45,22.45,22.45,21.45,21.7,48534
2022-03-25,22.65,22.65,23.5,22.0,22.0,49223
2022-03-28,23.05,23.05,23.7,22.65,23.7,72854
2022-03-29,23.05,23.05,23.3,22.5,23.05,40434
2022-03-30,23.15,23.15,23.15,22.3,23.0,37465
2022-03-31,23.0,23.0,23.25,23.0,23.25,48982
2022-04-01,22.95,22.95,23.5,22.4,23.0,20138
2022-04-06,23.15,23.15,24.0,22.95,24.0,17103
2022-04-07,23.35,23.35,23.45,23.05,23.05,11246
2022-04-08,23.4,23.4,23.4,22.6,22.6,14507
2022-04-11,23.0,23.0,23.0,23.0,23.0,5026
2022-04-12,22.8,22.8,22.95,22.8,22.95,5853
2022-04-13,22.65,22.65,22.75,21.75,22.75,19121
2022-04-14,22.3,22.3,22.7,22.3,22.7,7273
2022-04-15,22.1,22.1,22.1,22.1,22.1,2643
2022-04-18,20.4,20.4,21.15,20.4,21.1,14854
2022-04-19,21.7,21.7,21.8,20.3,20.4,22048
2022-04-20,21.4,21.4,21.4,20.9,20.95,9639
2022-04-21,21.5,21.5,21.5,21.4,21.4,3177
2022-04-22,20.15,20.15,20.15,20.1,20.1,11666
2022-04-25,19.6,19.6,20.5,19.6,20.0,15352
2022-04-27,19.75,19.75,19.75,18.95,18.95,3706
2022-04-28,19.6,19.6,19.6,19.5,19.5,26842
2022-04-29,19.45,19.45,19.45,19.35,19.35,3632
2022-05-03,19.3,19.3,19.3,19.2,19.2,9214
2022-05-04,19.7,19.7,19.8,19.55,19.8,16420
2022-05-05,20.15,20.15,20.15,19.25,19.25,5991
2022-05-06,19.5,19.5,19.5,19.5,19.5,23001
2022-05-09,19.7,19.7,20.0,19.5,19.5,37159
2022-05-10,19.4,19.4,19.4,19.3,19.35,5522
2022-05-11,19.05,19.05,19.5,19.05,19.5,14819
2022-05-12,20.95,20.95,20.95,20.0,20.0,133105
2022-05-13,23.0,23.0,23.0,21.3,21.3,375491
2022-05-16,21.95,21.95,22.85,21.45,22.85,128970
2022-05-17,22.85,22.85,22.85,21.8,21.85,46135
2022-05-18,25.1,25.1,25.1,23.5,24.35,236003
2022-05-19,23.25,23.25,24.9,23.05,24.55,457150
2022-05-20,23.0,23.0,23.6,23.0,23.6,114006
2022-05-23,23.65,23.65,23.8,23.05,23.7,63922
2022-05-24,22.65,22.65,24.0,22.2,23.95,91337
2022-05-25,23.0,23.0,24.0,22.1,22.85,97258
2022-05-26,25.3,25.3,25.3,23.7,23.75,1036743
2022-05-27,27.8,27.8,27.8,27.0,27.7,418497
2022-05-30,30.55,30.55,30.55,29.85,30.5,399102
2022-05-31,29.0,29.0,32.55,28.45,32.55,1073975
2022-06-01,31.9,31.9,31.9,29.6,29.95,1497729
2022-06-02,35.05,35.05,35.05,32.9,32.9,1570164
2022-06-06,36.2,36.2,38.5,35.25,37.1,3259689
2022-06-07,36.3,36.3,37.55,35.25,37.55,504600
2022-06-08,35.1,35.1,37.0,34.7,37.0,372210
2022-06-09,34.85,34.85,35.6,34.5,35.6,159876
2022-06-10,35.4,35.4,36.05,34.0,34.25,336791
2022-06-13,34.0,34.0,34.9,33.65,33.65,325848
2022-06-14,31.45,31.45,33.4,31.1,32.7,345048
2022-06-15,31.25,31.25,31.95,30.95,31.05,117354
2022-06-16,34.35,34.35,34.35,32.1,32.1,373711
2022-06-17,31.25,31.25,33.55,31.1,33.3,495830
2022-06-20,28.15,28.15,30.85,28.15,29.8,411312
2022-06-21,28.7,28.7,29.95,26.95,29.0,524282
2022-06-22,25.9,25.9,29.2,25.9,29.0,333977
2022-06-23,28.45,28.45,28.45,26.5,26.5,420104
2022-06-24,31.25,31.25,31.25,28.9,29.0,592708
2022-06-27,34.35,34.35,34.35,31.6,33.3,1518768
2022-06-28,33.1,33.1,37.65,33.1,34.35,2747832
2022-06-29,36.4,36.4,36.4,33.15,33.45,1319938
2022-06-30,33.7,33.7,39.85,33.4,38.0,6102742
2022-07-01,35.55,35.55,37.0,34.5,34.5,3868773
2022-07-04,39.1,39.1,39.1,36.35,36.4,4345440
2022-07-05,43.0,43.0,43.0,40.65,40.8,5913066
2022-07-06,47.3,47.3,47.3,44.6,44.8,3642321
2022-07-07,47.9,47.9,50.3,44.95,49.0,18305727
2022-07-08,49.35,49.35,52.6,47.5,48.1,11570688
2022-07-11,44.45,44.45,50.3,44.45,49.2,5754787
2022-07-12,43.9,43.9,44.45,40.9,43.05,3172485
2022-07-13,42.2,42.2,47.5,42.2,45.6,3708770
2022-07-14,41.5,41.5,43.35,40.5,42.55,2576637
2022-07-15,39.3,39.3,42.35,39.25,42.05,1490874
2022-07-18,43.2,43.2,43.2,39.6,39.7,2360782
2022-07-19,47.5,47.5,47.5,46.8,47.3,986736
2022-07-20,48.05,48.05,51.6,48.05,50.6,4985485
2022-07-21,52.8,52.8,52.8,49.1,49.15,2703197
2022-07-22,58.0,58.0,58.0,54.5,55.0,5692264
2022-07-25,63.8,63.8,63.8,63.8,63.8,797464
2022-07-26,57.5,57.5,64.6,57.5,64.5,5464893
2022-07-27,59.6,59.6,62.1,54.5,55.5,9872205
2022-07-28,65.5,65.5,65.5,60.2,60.2,6327718
2022-07-29,68.0,68.0,71.3,65.6,67.3,13231692
2022-08-01,69.9,69.9,71.5,68.0,68.8,7746064
2022-08-02,67.7,67.7,69.1,66.0,68.2,3088941
2022-08-03,68.3,68.3,74.0,67.7,69.5,10189690
2022-08-04,71.1,71.1,71.9,67.5,68.1,8443613
2022-08-05,71.1,71.1,73.5,70.4,70.6,7476413
2022-08-08,68.6,68.6,70.3,68.1,70.0,2720396
2022-08-09,68.5,68.5,69.7,67.0,67.1,1917690
2022-08-10,63.9,63.9,68.1,63.7,67.2,3416918
2022-08-11,70.2,70.2,70.2,66.1,66.4,3784913
2022-08-12,77.2,77.2,77.2,74.5,77.2,7482412
2022-08-15,84.9,84.9,84.9,79.5,80.0,6965548
2022-08-16,93.3,93.3,93.3,93.3,93.3,280286
2022-08-17,102.5,102.5,102.5,95.4,102.5,6913412
2022-08-18,112.5,112.5,112.5,101.0,102.5,4770549
2022-08-19,123.5,123.5,123.5,123.5,123.5,362395
2022-08-22,121.5,121.5,135.5,113.5,128.5,2041485
2022-08-23,111.0,111.0,117.0,111.0,117.0,983290
2022-08-24,122.0,122.0,122.0,113.5,113.5,1068785
2022-08-25,133.0,133.0,134.0,125.0,129.0,1577443
2022-08-26,128.5,128.5,128.5,124.0,128.0,857018
2022-08-29,128.5,128.5,128.5,124.0,125.0,523431
2022-08-30,140.0,140.0,141.0,134.0,136.0,1247699
2022-08-31,152.0,152.0,152.0,136.0,136.0,754485
2022-09-01,149.0,149.0,165.0,142.0,148.5,865790
2022-09-02,134.5,134.5,162.0,134.5,151.0,3273227
2022-09-05,121.5,121.5,134.0,121.5,127.0,1476230
2022-09-06,108.5,108.5,121.5,108.5,114.5,2385889
2022-09-07,99.0,99.0,112.5,98.1,106.0,3591502
2022-09-08,96.1,96.1,105.0,96.1,102.5,4392504
2022-09-12,92.7,92.7,98.6,91.2,98.5,3987577
2022-09-13,90.2,90.2,97.0,90.0,97.0,329539
2022-09-14,81.2,81.2,87.0,81.2,86.0,378632
2022-09-15,86.5,86.5,88.0,78.6,78.6,555244
2022-09-16,80.0,80.0,83.1,80.0,81.5,348359
2022-09-19,72.0,72.0,81.0,72.0,80.5,543145
2022-09-20,77.7,77.7,77.7,73.8,73.8,425704
2022-09-21,82.7,82.7,82.7,77.5,77.5,198399
2022-09-22,78.3,78.3,84.4,78.3,82.7,192184
2022-09-23,77.3,77.3,81.0,75.2,81.0,186973
2022-09-26,76.8,76.8,78.0,74.5,78.0,168901
2022-09-27,71.7,71.7,76.7,69.2,75.2,1865821
2022-09-28,78.8,78.8,78.8,72.3,72.3,4702662
2022-09-29,86.6,86.6,86.6,85.0,86.6,502255
2022-09-30,95.2,95.2,95.2,87.0,93.0,7732988
2022-10-03,104.5,104.5,104.5,96.5,96.5,4900662
2022-10-04,114.5,114.5,114.5,108.0,113.0,10299981
2022-10-05,115.0,115.0,120.5,106.0,117.0,17555506
2022-10-06,103.5,103.5,116.0,103.5,116.0,547137
2022-10-07,101.0,101.0,101.0,95.0,101.0,841448
2022-10-11,90.9,90.9,96.8,90.9,96.8,354521
2022-10-12,81.9,81.9,85.6,81.9,85.6,531632
2022-10-13,74.1,74.1,83.0,74.1,83.0,431120
2022-10-14,66.7,66.7,78.6,66.7,78.6,768946
2022-10-17,73.3,73.3,73.3,66.7,66.7,715454
2022-10-18,77.0,77.0,80.0,74.3,76.0,572162
2022-10-19,72.1,72.1,75.3,71.6,75.3,196313
2022-10-20,79.3,79.3,79.3,71.2,72.0,282652
2022-10-21,82.5,82.5,84.0,82.0,82.6,300641
2022-10-24,79.0,79.0,83.2,77.5,82.9,191892
2022-10-25,86.9,86.9,86.9,83.0,84.3,3107891
2022-10-26,95.5,95.5,95.5,91.3,93.0,1293409
2022-10-27,105.0,105.0,105.0,105.0,105.0,575116
2022-10-28,96.8,96.8,114.5,96.1,107.0,8595811
2022-10-31,106.0,106.0,106.0,101.5,101.5,1530658
2022-11-01,108.5,108.5,116.0,100.0,113.5,9822274
2022-11-02,107.0,107.0,109.5,102.5,108.5,4928537
2022-11-03,106.0,106.0,116.0,103.5,105.5,7258027
2022-11-04,109.5,109.5,110.0,104.0,106.5,4464707
2022-11-07,108.0,108.0,114.0,108.0,113.5,3330743
2022-11-08,102.5,102.5,110.5,102.0,108.0,2517182
2022-11-09,112.5,112.5,112.5,102.0,104.5,2988942
2022-11-10,123.5,123.5,123.5,123.5,123.5,995918
2022-11-11,115.5,115.5,135.5,115.5,135.5,10367981
2022-11-14,122.0,122.0,125.5,116.5,117.0,5514866
2022-11-15,118.0,118.0,124.5,117.0,122.0,3521411
2022-11-16,121.5,121.5,125.0,118.0,121.0,4164750
2022-11-17,121.5,121.5,125.0,119.5,123.0,3110531
2022-11-18,133.5,133.5,133.5,122.0,124.0,3764858
2022-11-21,121.5,121.5,134.5,121.0,134.5,7614217
2022-11-22,119.0,119.0,127.0,119.0,125.0,4779556
2022-11-23,121.5,121.5,124.5,119.0,121.0,3377795
2022-11-24,120.0,120.0,123.0,119.5,122.5,1768000
2022-11-25,121.5,121.5,129.5,121.0,121.0,6945509
2022-11-28,124.5,124.5,130.5,123.0,125.5,8129353
2022-11-29,121.0,121.0,126.5,120.0,125.5,3048203
2022-11-30,124.0,124.0,124.0,119.5,121.5,1929383
2022-12-01,122.0,122.0,126.5,122.0,125.5,1906175
2022-12-02,122.5,122.5,125.0,122.0,122.5,1212073
2022-12-05,123.0,123.0,130.5,123.0,124.5,4604386
2022-12-06,121.0,121.0,123.5,119.0,122.0,1456807
2022-12-07,115.5,115.5,120.5,114.0,120.5,1625844
2022-12-08,117.0,117.0,119.0,111.5,116.0,1093824
2022-12-09,116.0,116.0,121.0,116.0,118.5,1015695
2022-12-12,115.0,115.0,116.0,113.0,115.5,521312
2022-12-13,110.5,110.5,116.5,110.5,116.5,687539
2022-12-14,111.5,111.5,113.0,110.0,111.5,703572
2022-12-15,116.0,116.0,119.0,111.5,111.5,1397233
2022-12-16,111.5,111.5,114.0,109.5,114.0,1006711
2022-12-19,107.0,107.0,111.5,106.5,108.0,590344
2022-12-20,103.0,103.0,109.0,102.0,107.5,849066
2022-12-21,104.0,104.0,111.0,104.0,107.5,998058
2022-12-22,104.0,104.0,108.0,103.0,105.5,617499
2022-12-23,105.0,105.0,105.0,100.0,103.5,463162
2022-12-26,103.0,103.0,106.0,102.5,105.5,296244
2022-12-27,102.5,102.5,104.0,101.0,104.0,239843
2022-12-28,99.7,99.7,102.5,99.1,102.5,293839
2022-12-29,100.5,100.5,103.5,95.5,98.9,826889
2022-12-30,99.1,99.1,102.5,99.0,102.0,411357
2023-01-03,101.5,101.5,104.0,99.3,100.0,783374
2023-01-04,101.0,101.0,103.0,100.5,101.5,215313
2023-01-05,98.5,98.5,103.5,98.5,103.5,391407
2023-01-06,97.7,97.7,100.0,97.7,98.5,126430
2023-01-09,97.3,97.3,100.5,97.2,98.9,264886
2023-01-10,95.0,95.0,98.0,92.0,97.0,687727
2023-01-11,95.2,95.2,97.3,94.2,95.5,444791
2023-01-12,92.0,92.0,96.4,92.0,95.7,329457
2023-01-13,90.2,90.2,93.5,89.8,92.0,463091
2023-01-16,92.5,92.5,92.9,89.5,90.7,477970
2023-01-17,89.9,89.9,92.0,89.9,91.9,275100
2023-01-30,92.3,92.3,94.0,90.2,90.5,371086
2023-01-31,91.2,91.2,92.9,91.1,92.4,246002
2023-02-01,100.0,100.0,100.0,92.0,92.0,823457
2023-02-02,110.0,110.0,110.0,110.0,110.0,343257
2023-02-03,107.0,107.0,114.5,107.0,111.5,4631243
2023-02-06,102.0,102.0,106.5,101.0,106.0,952470
2023-02-07,112.0,112.0,112.0,101.0,101.0,3315218
2023-02-08,113.5,113.5,120.5,113.5,116.0,5986343
2023-02-09,113.0,113.0,116.5,111.0,111.5,1764326
2023-02-10,109.0,109.0,114.5,109.0,112.0,920650
2023-02-13,114.0,114.0,119.0,108.5,110.0,2447525
2023-02-14,113.5,113.5,120.0,113.5,117.0,3241295
2023-02-15,114.5,114.5,116.0,113.0,113.5,1086498
2023-02-16,114.5,114.5,118.0,114.5,116.0,1286478
2023-02-17,114.0,114.0,116.5,114.0,114.0,697710
2023-02-20,115.0,115.0,116.5,113.0,115.5,688434
2023-02-21,113.0,113.0,116.5,113.0,116.0,709991
2023-02-22,111.5,111.5,112.5,108.5,112.5,477866
2023-02-23,112.5,112.5,114.5,111.0,112.0,514740
2023-02-24,110.5,110.5,114.0,109.0,113.0,406907
2023-03-01,110.5,110.5,112.0,109.5,111.0,262907
2023-03-02,110.5,110.5,113.5,110.5,111.5,338168
2023-03-03,108.0,108.0,112.0,108.0,111.5,303158
2023-03-06,109.0,109.0,110.0,108.0,108.0,261541
2023-03-07,108.0,108.0,110.0,107.0,110.0,278273
2023-03-08,108.5,108.5,108.5,105.5,107.5,272119
2023-03-09,106.5,106.5,109.0,106.5,108.5,217091
2023-03-10,100.5,100.5,106.5,100.5,106.0,404072
2023-03-13,99.7,99.7,101.0,97.5,99.5,392476
2023-03-14,96.8,96.8,100.0,96.8,99.0,276003
2023-03-15,95.8,95.8,99.1,95.7,97.6,288994
2023-03-16,93.0,93.0,96.2,92.5,96.2,282161
2023-03-17,102.0,102.0,102.0,94.0,94.0,390087
2023-03-20,107.0,107.0,111.0,103.5,107.0,2936525
2023-03-21,104.0,104.0,108.5,104.0,107.0,761435
2023-03-22,103.5,103.5,106.5,103.5,105.5,300241
2023-03-23,104.0,104.0,105.0,102.0,103.5,289460
2023-03-24,105.0,105.0,106.0,104.0,106.0,250380
2023-03-27,105.0,105.0,106.5,104.0,104.0,303538
2023-03-28,102.5,102.5,106.5,102.5,105.5,252387
2023-03-29,103.5,103.5,104.5,102.5,104.0,220847
2023-03-30,104.0,104.0,105.0,103.5,104.5,223690
2023-03-31,103.5,103.5,105.0,103.5,105.0,191062
2023-04-06,113.5,113.5,113.5,103.5,103.5,1420038
2023-04-07,108.0,108.0,118.0,108.0,114.0,4809788
2023-04-10,108.5,108.5,117.0,108.0,108.0,1543219
2023-04-11,108.5,108.5,112.5,108.5,111.5,435849
2023-04-12,111.5,111.5,116.0,110.5,111.0,1778583
2023-04-13,111.0,111.0,116.0,109.0,111.5,1248016
2023-04-14,111.0,111.0,114.5,111.0,113.5,722714
2023-04-17,113.5,113.5,114.0,111.0,113.0,724736
2023-04-18,110.0,110.0,118.5,110.0,115.0,1617984
2023-04-19,107.5,107.5,112.0,107.0,111.5,536086
2023-04-20,103.0,103.0,107.5,103.0,107.0,493032
2023-04-21,100.5,100.5,104.5,100.0,103.0,505899
2023-04-24,102.5,102.5,103.5,100.5,101.0,264142
2023-04-25,101.5,101.5,104.5,100.0,102.5,416008
2023-04-26,102.0,102.0,102.0,99.0,99.1,233558
2023-04-27,102.0,102.0,103.0,100.5,102.0,159010
2023-04-28,103.5,103.5,111.5,102.5,104.0,1131122
2023-05-02,105.0,105.0,107.0,104.0,104.0,343337
2023-05-03,104.0,104.0,105.0,103.5,103.5,107951
2023-05-04,103.0,103.0,105.5,103.0,103.0,145793
2023-05-05,104.0,104.0,105.5,103.0,103.0,212090
2023-05-08,104.5,104.5,105.5,103.5,105.5,141696
2023-05-09,102.0,102.0,105.0,102.0,104.5,209113
2023-05-10,105.5,105.5,106.0,101.5,102.0,363063
2023-05-11,102.0,102.0,107.5,102.0,106.0,256695
2023-05-12,102.5,102.5,103.0,100.5,101.0,196493
2023-05-15,109.5,109.5,112.5,105.0,105.0,3193696
2023-05-16,106.5,106.5,115.5,106.0,108.5,2525258
2023-05-17,109.5,109.5,114.5,108.5,108.5,1997022
2023-05-18,109.0,109.0,112.0,107.0,111.5,647093
2023-05-19,106.5,106.5,109.5,106.5,109.0,507236
2023-05-22,107.0,107.0,108.0,106.5,107.5,198937
2023-05-23,107.5,107.5,108.0,106.5,107.0,211991
2023-05-24,108.5,108.5,108.5,107.0,108.5,203038
2023-05-25,106.5,106.5,109.0,106.5,109.0,188181
2023-05-26,103.5,103.5,107.5,102.5,107.0,460604
2023-05-29,104.5,104.5,106.0,103.5,104.5,192977
2023-05-30,104.0,104.0,105.0,103.5,104.5,160351
2023-05-31,103.5,103.5,105.0,103.5,104.5,105831
2023-06-01,104.0,104.0,105.5,103.0,103.0,171580
2023-06-02,104.0,104.0,106.5,103.5,105.0,238317
2023-06-05,104.5,104.5,105.5,103.5,105.0,114964
2023-06-06,104.0,104.0,104.5,102.5,104.5,175175
2023-06-07,102.5,102.5,104.0,102.5,103.5,123982
2023-06-08,103.0,103.0,109.0,102.5,103.0,575811
2023-06-09,103.0,103.0,105.5,102.5,105.0,276778
2023-06-12,102.0,102.0,103.5,102.0,103.5,160636
2023-06-13,103.0,103.0,104.5,102.5,103.0,169129
2023-06-14,102.5,102.5,106.0,102.5,105.0,237195
2023-06-15,103.0,103.0,103.5,102.5,103.0,161607
2023-06-16,102.0,102.0,103.0,102.0,103.0,153198
2023-06-19,102.5,102.5,102.5,101.0,101.5,94507
2023-06-20,101.0,101.0,104.0,100.0,103.5,226144
2023-06-21,101.0,101.0,102.0,101.0,101.5,86090
2023-06-26,101.5,101.5,101.5,100.5,101.0,91318
2023-06-27,98.3,98.3,101.5,98.3,101.5,251959
2023-06-28,98.7,98.7,101.0,98.5,98.5,141686
2023-06-29,97.6,97.6,99.8,97.6,97.9,186437
2023-06-30,98.2,98.2,98.5,96.7,96.7,81205
2023-07-03,99.9,99.9,101.0,98.3,98.3,163967
2023-07-04,98.8,98.8,100.5,98.1,100.5,106435
2023-07-05,98.7,98.7,99.9,98.7,98.8,84654
2023-07-06,97.4,97.4,99.2,97.4,98.2,108889
2023-07-07,96.1,96.1,99.0,95.0,97.2,122688
2023-07-10,94.6,94.6,97.0,94.2,95.0,119401
2023-07-11,92.5,92.5,96.1,92.5,94.6,199954
2023-07-12,91.3,91.3,94.9,90.2,93.0,164372
2023-07-13,90.2,90.2,92.7,90.2,91.3,160340
2023-07-14,92.6,92.6,93.0,89.8,90.2,256305
2023-07-17,95.2,95.2,96.9,92.8,92.8,166611
2023-07-18,93.0,93.0,100.0,92.8,95.2,406062
2023-07-19,91.0,91.0,94.2,91.0,93.0,96962
2023-07-20,91.4,91.4,92.0,91.0,91.0,69996
2023-07-21,93.6,93.6,93.6,90.5,90.5,95005
2023-07-24,94.0,94.0,101.0,94.0,98.0,469854
2023-07-25,93.5,93.5,94.9,93.4,94.0,105691
2023-07-26,93.0,93.0,95.5,92.8,92.8,134833
2023-07-27,91.0,91.0,94.3,91.0,92.3,171811
2023-07-28,90.0,90.0,91.6,90.0,91.6,152186
2023-07-31,88.0,88.0,90.5,88.0,90.5,250848
2023-08-01,86.1,86.1,89.2,86.1,89.2,135976
2023-08-02,83.4,83.4,86.5,82.3,86.1,276781
2023-08-04,85.1,85.1,85.1,81.0,83.4,211609
2023-08-07,86.3,86.3,88.0,85.0,85.1,125557
2023-08-08,82.7,82.7,86.3,82.6,86.3,263475
2023-08-09,81.9,81.9,82.7,79.3,81.9,178933
2023-08-10,78.2,78.2,81.3,77.5,81.1,261583
2023-08-11,79.2,79.2,81.9,78.0,78.0,154717
2023-08-14,76.3,76.3,79.2,76.2,78.5,152949
2023-08-15,77.8,77.8,78.5,76.5,76.5,157686
2023-08-16,78.6,78.6,79.0,76.2,77.5,97107
2023-08-17,79.3,79.3,79.6,77.2,77.7,93764
2023-08-18,78.6,78.6,81.4,78.1,78.1,134081
2023-08-21,78.6,78.6,81.8,78.6,80.8,108203
2023-08-22,78.1,78.1,79.6,78.1,78.9,41191
2023-08-23,79.6,79.6,81.2,77.3,77.3,192346
2023-08-24,77.7,77.7,80.2,77.7,79.9,109111
2023-08-25,79.0,79.0,79.2,76.9,77.7,117367
2023-08-28,83.5,83.5,86.5,78.5,81.0,647497
2023-08-29,91.8,91.8,91.8,85.2,86.7,1875163
2023-08-30,99.6,99.6,100.5,94.7,95.0,2910697
2023-08-31,103.0,103.0,106.5,99.1,103.0,4071376
2023-09-01,101.0,101.0,105.5,100.5,104.5,1402139
2023-09-04,101.5,101.5,105.0,99.3,100.0,1269010
2023-09-05,100.0,100.0,101.5,99.5,100.0,742787
2023-09-06,107.5,107.5,110.0,101.0,101.0,3685206
2023-09-07,108.0,108.0,114.0,108.0,109.0,3822780
2023-09-08,111.5,111.5,114.0,108.5,110.0,1993248
2023-09-11,109.5,109.5,113.0,107.5,111.5,1207900
2023-09-12,107.0,107.0,109.5,106.5,109.5,667891
2023-09-13,108.5,108.5,113.5,106.5,107.0,1262137
2023-09-14,109.0,109.0,111.0,107.0,109.5,666361
2023-09-15,110.0,110.0,111.5,107.5,109.5,597950
2023-09-18,112.5,112.5,116.0,109.0,109.0,1549482
2023-09-19,113.0,113.0,115.5,112.5,113.0,1428409
2023-09-20,115.0,115.0,115.0,113.0,114.5,1040889
2023-09-21,115.5,115.5,125.0,115.5,116.0,5886997
2023-09-22,114.5,114.5,118.0,113.0,117.0,2361066
2023-09-25,116.0,116.0,116.0,113.0,114.5,691471
2023-09-26,115.0,115.0,118.5,115.0,116.5,783254
2023-09-27,115.5,115.5,116.0,114.0,114.5,373109
2023-09-28,116.0,116.0,119.0,115.0,115.5,510507
2023-10-02,119.0,119.0,119.0,114.5,116.5,870161
2023-10-03,117.0,117.0,123.5,117.0,119.0,1210088
2023-10-04,119.5,119.5,119.5,115.5,117.0,504207
2023-10-05,122.0,122.0,123.0,119.0,119.5,810374
2023-10-06,125.0,125.0,125.0,120.5,124.0,1052277
2023-10-11,129.0,129.0,131.0,125.0,129.5,1612115
2023-10-12,141.5,141.5,141.5,130.0,130.0,2236938
2023-10-13,155.5,155.5,155.5,140.0,141.5,5190118
2023-10-16,136.5,136.5,136.5,130.0,134.0,758824
2023-10-17,150.0,150.0,150.0,146.0,150.0,2274956
2023-10-18,143.5,143.5,160.5,142.0,155.5,8214906
2023-10-19,135.5,135.5,144.0,130.5,144.0,1381985
2023-10-20,147.5,147.5,148.5,136.5,136.5,988160
2023-10-23,139.0,139.0,145.5,137.0,143.0,443387
2023-10-24,144.0,144.0,144.0,135.5,138.0,474467
2023-10-25,142.0,142.0,144.0,138.0,144.0,380015
2023-10-26,139.5,139.5,140.5,137.5,140.0,219240
2023-10-27,138.0,138.0,142.0,137.5,142.0,191537
2023-10-30,144.0,144.0,148.0,137.0,137.5,666562
2023-10-31,138.5,138.5,143.0,138.5,142.0,431968
2023-11-01,141.0,141.0,146.0,140.5,142.0,830794
2023-11-02,128.5,128.5,148.0,127.5,146.0,4266571
2023-11-03,121.5,121.5,130.5,118.0,130.0,3013665
2023-11-06,120.0,120.0,125.0,119.5,121.5,1475928
2023-11-07,121.5,121.5,127.0,120.0,120.0,1488908
2023-11-08,122.0,122.0,124.0,120.0,122.0,789164
2023-11-09,119.5,119.5,124.0,119.0,122.5,536970
2023-11-10,122.0,122.0,123.0,116.5,117.5,874500
2023-11-13,123.5,123.5,125.5,120.0,122.0,1000396
2023-11-14,129.0,129.0,132.5,120.5,122.5,2498019
2023-11-15,135.5,135.5,139.0,127.5,131.0,5419918
2023-11-16,143.0,143.0,146.0,137.5,140.5,6615334
2023-11-17,138.5,138.5,144.0,138.0,144.0,2165768
2023-11-20,128.0,128.0,132.5,127.5,129.0,2258226
2023-11-21,128.0,128.0,130.5,128.0,129.5,722141
2023-11-22,129.0,129.0,137.0,128.0,129.0,2670717
2023-11-23,126.0,126.0,130.0,122.5,128.5,2540585
2023-11-24,121.0,121.0,126.0,120.5,121.5,2364079
2023-11-27,122.0,122.0,125.0,121.0,123.5,937380
2023-11-28,123.5,123.5,123.5,121.0,121.0,646609
2023-11-29,122.0,122.0,124.5,121.5,123.5,599337
2023-11-30,120.5,120.5,124.0,120.5,124.0,470541
2023-12-01,122.0,122.0,124.0,119.0,121.0,788914
2023-12-04,121.5,121.5,124.0,120.0,123.0,592069
2023-12-05,117.0,117.0,121.5,117.0,121.5,646882
2023-12-06,116.0,116.0,117.5,115.5,117.0,552978
2023-12-07,113.0,113.0,116.0,113.0,116.0,772787
2023-12-08,119.0,119.0,122.5,114.5,114.5,1912974
2023-12-11,125.5,125.5,128.0,120.0,124.5,2537803
2023-12-12,121.5,121.5,129.5,120.5,127.5,2007445
2023-12-13,121.0,121.0,125.0,120.0,122.0,583419
2023-12-14,121.0,121.0,123.5,120.0,122.0,571769
2023-12-15,118.0,118.0,122.0,117.0,121.0,633169
2023-12-18,116.5,116.5,119.0,116.0,118.5,326081
2023-12-19,115.5,115.5,117.0,114.0,116.0,378640
2023-12-20,115.5,115.5,119.0,115.0,116.0,372947
2023-12-21,114.0,114.0,115.5,113.5,114.5,351227
2023-12-22,114.0,114.0,116.5,114.0,114.5,252406
2023-12-25,114.0,114.0,117.5,114.0,114.5,371927
2023-12-26,114.0,114.0,115.5,113.5,114.5,195628
2023-12-27,113.5,113.5,115.0,113.5,114.5,251582
2023-12-28,114.5,114.5,117.0,113.5,114.5,407424
2023-12-29,113.5,113.5,115.0,113.0,114.0,337173
2024-01-02,115.0,115.0,115.0,113.0,114.0,260074
2024-01-03,111.5,111.5,115.0,111.5,114.5,380417
2024-01-04,105.0,105.0,112.5,104.5,111.5,963375
2024-01-05,109.5,109.5,111.5,106.0,106.0,871064
2024-01-08,113.5,113.5,117.5,112.5,112.5,1449526
2024-01-09,106.5,106.5,115.0,106.5,114.5,1163057
2024-01-10,103.0,103.0,105.5,100.5,105.5,1106427
2024-01-11,105.0,105.0,105.0,102.5,103.5,683956
2024-01-12,101.5,101.5,104.5,100.5,102.5,767177
2024-01-15,99.1,99.1,100.5,94.9,98.8,1789401
2024-01-16,94.5,94.5,99.5,94.3,99.5,1359129
2024-01-17,92.7,92.7,96.3,92.0,94.8,976390
2024-01-18,91.3,91.3,93.7,90.5,93.2,699101
2024-01-19,92.9,92.9,93.5,90.6,92.3,504015
2024-01-22,94.3,94.3,95.8,92.9,92.9,352625
2024-01-23,94.5,94.5,95.9,94.3,95.6,267856
2024-01-24,93.7,93.7,95.6,93.7,95.3,243499
2024-01-25,91.5,91.5,93.7,91.5,93.7,305149
2024-01-26,91.1,91.1,92.5,90.5,91.5,281672
2024-01-29,92.9,92.9,93.0,90.5,91.1,250351
2024-01-30,90.8,90.8,94.0,90.7,94.0,244887
2024-01-31,91.4,91.4,92.4,90.8,92.4,232173
2024-02-01,99.0,99.0,99.4,91.0,91.5,1886310
2024-02-02,102.5,102.5,105.0,102.0,102.0,2886203
2024-02-05,100.5,100.5,103.0,99.7,102.5,812815
2024-02-15,102.0,102.0,103.0,100.0,103.0,401671
2024-02-16,104.0,104.0,108.0,102.0,103.0,1243530
2024-02-19,103.5,103.5,104.0,101.5,103.5,396207
2024-02-20,103.5,103.5,103.5,101.5,103.0,300524
2024-02-21,102.5,102.5,108.5,102.5,107.0,847036
2024-02-22,103.0,103.0,104.0,102.0,103.0,279700
2024-02-23,100.5,100.5,104.5,100.5,104.5,289411
2024-02-26,98.2,98.2,104.5,98.0,102.0,749978
2024-02-27,96.0,96.0,99.0,95.5,99.0,410392
2024-02-29,98.6,98.6,98.9,96.5,96.5,242624
2024-03-01,96.8,96.8,98.8,96.8,98.8,152361
2024-03-04,95.5,95.5,97.2,95.5,96.8,180943
2024-03-05,95.9,95.9,96.5,94.1,96.5,203628
2024-03-06,95.0,95.0,95.9,94.1,95.9,186470
2024-03-07,94.0,94.0,95.5,93.5,95.5,245486
2024-03-08,91.0,91.0,97.4,91.0,95.9,516822
2024-03-11,92.0,92.0,92.0,90.1,90.5,280063
2024-03-12,93.1,93.1,94.7,93.1,93.1,178580
2024-03-13,88.6,88.6,93.5,88.6,93.5,354748
2024-03-14,92.0,92.0,95.8,89.0,91.4,515470
2024-03-15,90.0,90.0,92.0,89.5,92.0,236345
2024-03-18,90.6,90.6,92.3,90.1,90.4,82807
2024-03-19,90.5,90.5,90.7,90.0,90.2,128892
2024-03-20,89.6,89.6,91.0,89.2,90.5,157137
2024-03-21,89.4,89.4,90.2,89.2,90.0,148355
2024-03-22,90.3,90.3,91.2,89.1,90.0,222020
2024-03-25,92.2,92.2,92.4,90.5,91.5,229551
2024-03-26,91.3,91.3,93.4,90.7,93.4,207867
2024-03-27,91.6,91.6,92.2,91.0,92.2,109060
2024-03-28,92.3,92.3,92.9,91.5,91.6,150353
2024-03-29,91.0,91.0,92.5,90.5,92.5,160279
2024-04-01,91.1,91.1,91.7,90.6,91.0,115364
2024-04-02,91.6,91.6,92.0,91.0,91.7,83252
2024-04-03,90.5,90.5,92.2,90.2,92.2,87953
2024-04-08,91.3,91.3,91.3,89.8,90.5,110403
2024-04-09,91.7,91.7,92.2,90.5,92.1,104194
2024-04-10,91.8,91.8,92.3,91.1,92.3,111766
2024-04-11,90.2,90.2,92.0,90.1,90.5,108532
2024-04-12,90.1,90.1,90.5,89.9,90.2,100841
2024-04-15,88.5,88.5,90.0,88.5,89.2,152131
2024-04-16,83.2,83.2,88.6,82.7,88.6,318806
2024-04-17,86.1,86.1,86.3,83.9,84.8,165446
2024-04-18,84.9,84.9,86.5,84.9,85.0,114101
2024-04-19,82.5,82.5,85.0,80.7,85.0,248911
2024-04-22,81.5,81.5,83.8,81.5,82.8,171012
2024-04-23,82.9,82.9,83.0,81.7,82.5,97861
2024-04-24,84.4,84.4,84.6,83.5,83.5,87834
2024-04-25,82.8,82.8,85.0,82.7,85.0,110863
2024-04-26,83.5,83.5,84.0,83.0,83.5,116221
2024-04-29,85.9,85.9,85.9,84.2,84.8,148999
2024-04-30,84.2,84.2,86.6,84.2,86.6,108815
2024-05-02,84.0,84.0,85.2,83.5,85.2,55672
2024-05-03,83.3,83.3,84.5,83.2,84.5,161748
2024-05-06,83.3,83.3,84.2,83.1,84.2,62889
2024-05-07,82.8,82.8,83.5,82.0,83.5,90098
2024-05-08,83.5,83.5,83.6,82.2,82.8,59633
2024-05-09,82.9,82.9,83.6,82.9,83.5,36735
2024-05-10,83.0,83.0,83.3,82.4,83.3,47120
2024-05-13,82.2,82.2,82.9,82.0,82.8,83958
2024-05-14,86.6,86.6,86.6,82.3,82.3,263610
2024-05-15,85.1,85.1,88.0,84.0,88.0,204293
2024-05-16,85.1,85.1,86.5,84.9,85.9,146091
2024-05-17,87.5,87.5,87.8,85.6,85.6,300133
2024-05-20,86.3,86.3,89.4,86.2,89.4,145871
2024-05-21,87.6,87.6,87.6,85.8,86.9,109720
2024-05-22,87.6,87.6,88.1,87.0,88.0,77043
2024-05-23,86.1,86.1,89.5,86.1,87.6,243616
2024-05-24,87.8,87.8,87.8,86.1,86.1,98406
2024-05-27,92.4,92.4,92.5,87.4,88.2,470231
2024-05-28,90.4,90.4,93.3,90.4,93.3,321283
2024-05-29,90.8,90.8,91.4,88.8,90.4,154835
2024-05-30,89.4,89.4,90.7,89.1,90.7,93206
2024-05-31,89.1,89.1,91.4,88.8,90.5,112605
2024-06-03,88.0,88.0,90.3,87.8,89.2,106134
2024-06-04,87.3,87.3,88.7,87.2,88.0,103190
2024-06-05,87.3,87.3,89.3,87.3,88.5,107477
2024-06-06,85.0,85.0,88.3,85.0,87.5,207305
2024-06-07,85.8,85.8,86.0,84.7,85.1,49349
2024-06-11,85.6,85.6,86.6,85.2,85.5,77875
2024-06-12,84.8,84.8,85.7,84.8,85.7,47176
2024-06-13,84.4,84.4,85.6,84.2,85.6,78408
2024-06-14,85.3,85.3,86.1,84.5,84.5,101463
2024-06-17,86.2,86.2,86.4,85.3,85.3,48541
2024-06-18,84.1,84.1,86.6,84.1,86.6,154183
2024-06-19,84.3,84.3,85.7,84.2,84.3,77229
2024-06-20,84.8,84.8,85.0,84.1,84.2,60190
2024-06-21,84.9,84.9,85.0,84.2,84.7,92842
2024-06-24,83.2,83.2,84.9,83.1,84.9,106701
2024-06-25,83.1,83.1,83.5,82.3,83.2,101246
2024-06-26,83.1,83.1,83.6,83.1,83.5,32781
2024-06-27,83.2,83.2,83.5,83.0,83.2,31070
2024-06-28,84.1,84.1,84.3,83.1,83.2,49946
2024-07-01,84.4,84.4,85.0,83.6,84.8,57353
2024-07-02,83.0,83.0,84.8,83.0,84.8,71711
2024-07-03,82.9,82.9,83.5,82.9,83.2,34176
2024-07-04,83.1,83.1,84.0,82.6,82.7,68618
2024-07-05,85.6,85.6,86.0,82.6,82.6,167983
2024-07-08,83.8,83.8,86.3,83.7,86.3,97657
2024-07-09,82.8,82.8,83.8,82.6,83.7,57236
2024-07-10,88.5,88.5,89.7,83.9,83.9,509347
2024-07-11,88.4,88.4,89.5,86.3,89.5,241470
2024-07-12,88.4,88.4,88.4,86.7,88.2,81120
2024-07-15,88.6,88.6,90.9,88.4,88.4,228972
2024-07-16,88.6,88.6,88.6,87.7,87.7,88835
2024-07-17,91.1,91.1,92.0,88.6,88.8,343660
2024-07-18,89.2,89.2,90.9,88.8,90.9,97901
2024-07-19,85.4,85.4,91.2,85.2,91.2,168565
2024-07-22,83.6,83.6,85.2,83.5,85.2,90738
2024-07-23,86.1,86.1,86.2,84.5,84.5,44725
2024-07-26,84.1,84.1,85.6,83.2,84.0,67722
2024-07-29,92.5,92.5,92.5,87.6,88.5,623159
2024-07-30,93.8,93.8,98.7,89.0,95.2,3493527
2024-07-31,91.3,91.3,96.0,91.1,94.1,367461
2024-08-01,93.0,93.0,93.4,90.5,91.3,276347
2024-08-02,88.0,88.0,91.2,86.0,91.0,280390
2024-08-05,79.2,79.2,85.6,79.2,85.6,423179
2024-08-06,77.0,77.0,79.3,71.3,78.5,281938
2024-08-07,82.4,82.4,82.4,78.9,80.0,202728
2024-08-08,81.1,81.1,81.6,79.1,81.6,111624
2024-08-09,81.2,81.2,83.7,81.2,83.7,136900
2024-08-12,89.3,89.3,89.3,86.3,86.3,240138
2024-08-13,96.1,96.1,97.0,89.3,93.5,1665658
2024-08-14,105.5,105.5,105.5,97.8,97.8,2731271
2024-08-15,106.5,106.5,110.5,103.5,106.5,4285330
2024-08-16,117.0,117.0,117.0,114.0,114.0,1136524
2024-08-19,113.0,113.0,118.5,112.0,118.0,4139400
2024-08-20,115.5,115.5,117.5,113.0,115.0,1376275
2024-08-21,116.5,116.5,127.0,113.5,117.5,6430674
2024-08-22,128.0,128.0,128.0,117.5,117.5,4300723
2024-08-23,129.5,129.5,133.0,125.5,132.0,6913806
2024-08-26,128.5,128.5,132.5,128.0,132.0,1616300
2024-08-27,127.5,127.5,130.5,126.0,128.0,1461752
2024-08-28,124.5,124.5,129.0,121.5,128.0,1869453
2024-08-29,105.0,105.0,105.0,99.0,99.6,604233
2024-08-30,100.5,100.5,114.0,100.5,108.0,3907218
2024-09-02,95.1,95.1,102.0,94.8,102.0,1588244
2024-09-03,95.0,95.0,99.5,94.6,95.2,1413230
2024-09-04,95.7,95.7,98.5,88.2,88.2,2481377
2024-09-05,95.8,95.8,98.4,94.5,98.2,1115108
2024-09-06,96.0,96.0,97.2,95.4,96.5,449960
2024-09-09,94.0,94.0,96.1,93.3,93.3,334883
2024-09-10,90.1,90.1,95.1,88.5,95.0,621731
2024-09-11,99.1,99.1,99.1,94.0,94.0,2903094
2024-09-12,101.0,101.0,108.0,100.5,101.0,3669424
2024-09-13,100.0,100.0,103.0,98.3,102.5,901396
2024-09-16,97.5,97.5,101.5,97.1,101.0,734846
2024-09-18,97.6,97.6,103.5,96.2,99.0,1280234
2024-09-19,98.2,98.2,99.5,96.0,97.1,484635
2024-09-20,96.4,96.4,100.5,96.4,100.5,466820
2024-09-23,97.2,97.2,97.4,95.8,97.0,369548
2024-09-24,103.5,103.5,106.0,97.1,97.9,2654429
2024-09-25,104.0,104.0,106.0,101.5,105.5,1828224
2024-09-26,99.9,99.9,104.5,99.1,104.0,728463
2024-09-27,99.2,99.2,101.5,98.8,101.0,497970
2024-09-30,99.5,99.5,100.5,98.5,99.5,291501
2024-10-01,101.0,101.0,107.5,100.0,101.0,1887231
2024-10-04,96.3,96.3,101.5,96.3,101.5,421525
2024-10-07,97.7,97.7,99.4,96.5,99.4,238091
2024-10-08,98.8,98.8,99.8,97.0,97.0,296768
2024-10-09,98.0,98.0,100.5,98.0,99.1,286202
2024-10-11,94.0,94.0,101.5,94.0,99.0,660604
2024-10-14,96.5,96.5,97.1,91.0,93.5,464271
2024-10-15,94.5,94.5,98.0,94.5,97.4,251137
2024-10-16,95.0,95.0,99.8,94.6,96.8,434566
2024-10-17,96.4,96.4,97.3,95.3,95.5,366807
2024-10-18,94.0,94.0,98.0,94.0,98.0,846927
2024-10-21,92.9,92.9,94.7,92.5,94.0,531666
2024-10-22,92.2,92.2,93.7,91.3,93.5,462688
2024-10-23,94.6,94.6,96.2,92.6,93.0,597111
2024-10-24,91.6,91.6,95.5,91.5,95.2,500219
2024-10-25,91.9,91.9,92.5,91.0,91.6,256715
2024-10-28,91.3,91.3,92.3,90.1,92.0,308828
2024-10-29,90.6,90.6,91.5,89.7,91.3,310006
2024-10-30,90.3,90.3,91.9,90.2,91.1,227067
2024-11-01,89.9,89.9,90.5,89.0,89.5,214090
2024-11-04,85.0,85.0,89.6,83.9,89.0,1046885
2024-11-05,86.9,86.9,87.0,85.3,86.0,304526
2024-11-06,87.4,87.4,88.1,86.1,87.5,259765
2024-11-07,88.1,88.1,88.5,87.3,87.6,150058
2024-11-08,85.7,85.7,88.1,85.0,87.8,254062
2024-11-11,86.9,86.9,87.8,85.6,87.8,224875
2024-11-12,85.2,85.2,86.7,84.2,86.7,183201
2024-11-13,85.4,85.4,87.5,85.0,85.0,196100
2024-11-14,82.5,82.5,87.4,82.5,87.4,384244
2024-11-15,82.2,82.2,84.0,82.0,82.0,254247
2024-11-18,81.6,81.6,83.8,81.5,83.8,288420
2024-11-19,83.6,83.6,84.3,81.7,82.2,233518
2024-11-20,83.8,83.8,85.4,83.6,83.6,147092
2024-11-21,83.9,83.9,84.8,82.9,84.1,107873
2024-11-22,84.9,84.9,85.0,84.3,84.3,100341
2024-11-25,87.0,87.0,88.0,86.0,86.0,239080
2024-11-26,86.5,86.5,87.9,85.6,87.5,140538
2024-11-27,84.1,84.1,86.7,83.6,85.9,170648
2024-11-28,82.6,82.6,84.1,82.0,82.7,128035
2024-11-29,83.8,83.8,84.3,82.6,82.6,65263
2024-12-02,83.5,83.5,84.6,83.3,83.9,78312
2024-12-03,84.2,84.2,84.5,83.8,83.9,46989
2024-12-04,84.4,84.4,85.6,84.0,85.6,78774
2024-12-05,83.8,83.8,86.0,83.3,84.0,120184
2024-12-06,84.0,84.0,84.9,83.5,83.5,105121
2024-12-09,82.5,82.5,84.0,82.3,84.0,140801
2024-12-10,82.0,82.0,82.7,81.6,82.0,109187
2024-12-11,81.4,81.4,83.6,81.3,83.6,146082
2024-12-12,80.6,80.6,82.6,80.5,81.3,153844
2024-12-13,79.2,79.2,80.4,79.1,80.4,181232
2024-12-16,78.2,78.2,81.3,78.2,80.0,222543
2024-12-17,79.1,79.1,79.4,78.3,79.4,78775
2024-12-18,78.6,78.6,79.7,78.2,79.7,77446
2024-12-19,77.1,77.1,78.0,76.8,77.1,128439
2024-12-20,77.4,77.4,78.1,76.6,77.9,108774
2024-12-23,77.9,77.9,78.8,77.8,77.9,76779
2024-12-24,79.5,79.5,82.0,78.7,79.9,314059
2024-12-25,79.0,79.0,81.9,79.0,81.9,100006
2024-12-26,78.4,78.4,79.3,78.4,79.1,75851
2024-12-27,78.7,78.7,79.3,77.9,77.9,92612
2024-12-30,80.2,80.2,80.5,79.0,79.0,130380
2024-12-31,80.8,80.8,80.8,79.2,80.2,66308
2025-01-02,80.7,80.7,81.2,80.1,80.8,70617
2025-01-03,79.5,79.5,81.8,79.5,81.8,92132
2025-01-06,79.6,79.6,81.0,79.6,80.2,40458
2025-01-07,79.2,79.2,81.2,79.0,79.7,112109
2025-01-08,80.0,80.0,80.8,78.6,79.2,44834
2025-01-09,78.9,78.9,80.7,78.9,79.3,144388
2025-01-10,80.4,80.4,82.1,79.0,79.0,191632
2025-01-13,78.0,78.0,80.4,77.4,80.4,256495
2025-01-14,78.5,78.5,79.2,77.6,78.2,101286
2025-01-15,81.1,81.1,82.4,78.1,79.3,313904
2025-01-16,80.2,80.2,83.8,80.2,83.8,98565
2025-01-17,79.7,79.7,80.3,79.7,80.2,27420
2025-01-20,79.4,79.4,80.4,79.3,80.0,33478
2025-01-21,79.7,79.7,79.7,79.3,79.4,38741
2025-01-22,79.4,79.4,80.2,79.1,79.9,43707
2025-02-03,79.0,79.0,79.4,78.1,79.1,82878
2025-02-04,78.8,78.8,80.0,78.8,79.9,34949
2025-02-05,79.9,79.9,80.5,79.0,79.2,51655
2025-02-06,79.7,79.7,80.9,79.6,79.6,42269
2025-02-07,80.5,80.5,81.8,79.7,79.7,105397
2025-02-10,80.8,80.8,81.1,79.8,81.1,52826
2025-02-11,88.8,88.8,88.8,83.3,84.3,1431579
2025-02-12,92.0,92.0,94.0,90.6,92.0,2159983
2025-02-13,90.5,90.5,95.5,89.4,93.0,1679791
2025-02-14,88.9,88.9,92.2,88.5,91.7,783558
2025-02-17,88.8,88.8,89.5,88.0,89.1,245606
2025-02-18,89.9,89.9,90.3,87.7,88.7,380735
2025-02-19,89.6,89.6,91.7,89.2,91.0,369514
2025-02-20,91.3,91.3,92.7,90.1,90.1,775872
2025-02-21,93.6,93.6,94.1,91.1,91.6,834063
2025-02-24,93.5,93.5,93.5,91.0,93.0,445121
2025-02-25,91.6,91.6,92.9,91.4,92.9,247491
2025-02-26,91.4,91.4,92.3,91.0,91.6,166081
2025-02-27,89.7,89.7,93.0,89.7,92.4,323026
2025-03-03,89.0,89.0,91.0,88.1,89.0,225841
2025-03-04,91.1,91.1,91.4,87.1,89.0,248723
2025-03-05,90.3,90.3,92.1,89.9,92.0,182392
2025-03-06,91.2,91.2,91.6,90.1,90.1,178235
2025-03-07,88.7,88.7,91.8,88.3,91.3,219999
2025-03-10,87.9,87.9,89.2,87.1,89.2,117782
2025-03-11,84.6,84.6,87.5,83.1,86.5,334634
2025-03-12,85.8,85.8,86.3,83.7,84.3,191932
2025-03-13,86.0,86.0,89.0,85.8,85.8,239968
2025-03-14,86.3,86.3,86.8,85.5,86.2,94886
2025-03-17,89.3,89.3,89.4,86.4,86.4,152248
2025-03-18,90.2,90.2,90.9,88.2,88.2,217905
2025-03-19,89.5,89.5,91.0,89.4,91.0,103167
2025-03-20,91.8,91.8,92.2,89.9,89.9,298536
2025-03-21,89.8,89.8,91.8,89.6,91.8,101031
2025-03-24,88.5,88.5,91.6,88.5,91.0,105309
2025-03-25,88.3,88.3,91.0,88.0,91.0,93506
2025-03-26,89.0,89.0,90.2,88.2,88.6,118770
2025-03-27,87.6,87.6,88.5,87.2,88.5,90445
2025-03-28,83.0,83.0,86.7,81.9,86.7,321710
2025-03-31,79.3,79.3,80.3,78.4,80.0,309663
2025-04-01,82.0,82.0,82.7,79.5,79.5,168564
2025-04-02,80.8,80.8,81.4,79.7,81.1,101004
2025-04-07,72.8,72.8,72.8,72.8,72.8,23127
2025-04-08,65.6,65.6,67.6,65.6,65.7,346989
2025-04-09,59.1,59.1,62.1,59.1,59.6,539937
2025-04-10,65.0,65.0,65.0,63.0,64.9,244417
2025-04-11,69.6,69.6,71.3,63.0,65.0,470801
2025-04-14,73.4,73.4,76.3,72.3,72.9,375535
2025-04-15,74.6,74.6,74.9,72.7,73.3,206215
2025-04-16,74.8,74.8,75.6,74.0,74.0,177931
2025-04-17,74.5,74.5,76.0,73.7,75.1,171656
2025-04-18,73.5,73.5,74.9,73.5,74.8,98833
2025-04-21,70.5,70.5,73.7,70.5,73.5,117786
2025-04-22,70.1,70.1,70.6,67.9,67.9,38281
2025-04-23,72.6,72.6,73.2,72.5,73.0,70792
2025-04-24,72.0,72.0,74.7,72.0,74.7,62868
2025-04-25,74.3,74.3,74.5,73.3,74.4,120412
2025-04-28,74.7,74.7,75.1,73.8,75.0,82728
2025-04-29,76.4,76.4,76.6,74.7,74.7,87809
2025-04-30,75.2,75.2,76.7,74.8,76.4,57089
2025-05-02,77.1,77.1,77.8,75.7,75.7,149411
2025-05-05,76.6,76.6,77.6,74.9,77.3,175539
2025-05-06,77.5,77.5,77.7,75.9,76.1,58824
2025-05-07,77.5,77.5,78.2,76.6,77.5,45316
2025-05-08,81.1,81.1,81.9,78.2,78.2,161601
2025-05-09,81.8,81.8,83.5,81.1,81.8,150422
2025-05-12,81.8,81.8,82.1,80.0,80.0,113487
2025-05-13,80.9,80.9,83.1,80.9,81.8,127263
2025-05-14,80.8,80.8,81.7,80.2,81.7,80741
2025-05-15,79.6,79.6,81.3,79.2,81.2,81276
2025-05-16,81.0,81.0,81.8,80.1,80.5,107989
2025-05-19,79.3,79.3,80.9,79.3,80.9,58860
2025-05-20,78.9,78.9,79.4,78.4,79.3,94832
2025-05-21,80.2,80.2,80.4,78.1,78.1,45293
2025-05-22,79.3,79.3,79.7,78.8,79.4,55983
2025-05-23,79.6,79.6,81.9,79.3,81.9,40025
2025-05-26,80.0,80.0,81.1,79.2,79.6,62519
2025-05-27,80.1,80.1,80.6,79.3,79.3,46258
2025-05-28,80.5,80.5,82.0,80.3,81.5,68725
2025-05-29,79.9,79.9,80.6,79.6,80.6,7879
2025-06-02,78.6,78.6,79.2,77.8,79.2,86814
2025-06-03,79.8,79.8,80.6,78.4,80.6,38571
2025-06-04,79.6,79.6,80.8,79.3,79.8,67189
2025-06-05,79.3,79.3,80.3,78.6,80.0,40530
2025-06-06,79.4,79.4,80.7,78.8,79.4,54120
2025-06-09,79.6,79.6,81.2,79.4,79.5,44970
2025-06-10,79.9,79.9,81.2,79.8,80.7,57069
2025-06-11,87.8,87.8,87.8,83.9,83.9,918610
2025-06-12,86.5,86.5,91.7,86.1,90.5,1681775
2025-06-13,89.4,89.4,94.7,85.5,85.5,2877335
2025-06-16,88.2,88.2,91.4,87.6,89.6,1140210
2025-06-17,87.7,87.7,90.2,87.5,88.8,563727
2025-06-18,86.0,86.0,88.3,86.0,88.3,241900
2025-06-19,84.5,84.5,86.0,84.1,85.8,253200
2025-06-20,83.8,83.8,84.0,82.4,83.3,189933
2025-06-23,82.7,82.7,83.0,80.8,81.6,141928
2025-06-24,84.6,84.6,84.6,82.9,82.9,96584
2025-06-25,85.6,85.6,86.0,84.1,85.9,112049
2025-06-26,86.9,86.9,87.3,85.7,85.9,118684
2025-06-27,87.1,87.1,87.8,86.8,86.8,120181
2025-06-30,86.9,86.9,87.8,86.3,87.8,140146
2025-07-01,87.5,87.5,87.7,86.8,87.4,78268
2025-07-02,88.5,88.5,88.5,87.0,87.1,129055
2025-07-03,90.8,90.8,90.9,87.8,87.8,346017
2025-07-04,91.8,91.8,93.8,90.6,91.6,654713
2025-07-07,93.9,93.9,95.5,91.9,93.0,708934
2025-07-08,103.0,103.0,103.0,92.1,93.9,2372366
2025-07-09,100.5,100.5,106.0,100.5,104.5,4983510
2025-07-10,92.3,92.3,100.5,91.3,98.1,2124753
2025-07-11,93.0,93.0,96.0,92.0,94.0,1130617
2025-07-14,91.3,91.3,93.0,90.9,93.0,408401
2025-07-15,92.7,92.7,93.6,91.5,92.7,324037
2025-07-16,95.6,95.6,97.5,93.0,93.0,927059
2025-07-17,96.2,96.2,101.0,96.2,97.4,1526678
2025-07-18,95.8,95.8,97.9,95.5,97.7,353985
2025-07-21,96.6,96.6,98.0,95.5,95.7,318253
2025-07-22,93.8,93.8,98.5,93.4,96.6,486835
2025-07-23,94.8,94.8,96.0,94.2,94.9,164098
2025-07-24,96.4,96.4,96.8,94.1,96.3,231594
2025-07-25,95.3,95.3,97.4,94.9,97.0,263113
2025-07-28,100.5,100.5,103.5,99.0,101.0,2726214
2025-07-29,101.0,101.0,103.5,99.9,101.0,972201
2025-07-30,101.0,101.0,103.0,99.4,101.5,589519
2025-07-31,101.0,101.0,101.5,99.4,101.5,380680
2025-08-01,101.5,101.5,102.5,97.1,99.4,512911
2025-08-04,104.5,104.5,106.5,100.5,101.5,1220265
2025-08-05,106.5,106.5,109.5,105.5,106.5,1199728
2025-08-06,110.5,110.5,113.0,107.0,107.5,1104499
2025-08-07,114.5,114.5,114.5,110.5,112.0,1045770
2025-08-08,116.5,116.5,119.0,113.5,115.0,776766
2025-08-11,118.0,118.0,119.0,116.0,118.5,562247
2025-08-12,111.0,111.0,118.0,108.0,118.0,1393568
2025-08-13,109.5,109.5,112.5,105.0,105.0,1179889
2025-08-14,110.0,110.0,111.0,108.5,110.0,398910
2025-08-15,111.5,111.5,116.0,111.0,112.0,760265
2025-08-18,109.5,109.5,114.0,109.0,114.0,430694
2025-08-19,102.0,102.0,110.5,102.0,110.5,944688
2025-08-20,99.8,99.8,102.0,99.0,101.5,449339
2025-08-21,106.0,106.0,109.0,100.5,101.5,859937
2025-08-22,104.0,104.0,109.5,103.5,108.5,547179
2025-08-25,96.0,96.0,107.0,96.0,106.5,1677191
2025-08-26,95.1,95.1,96.6,94.7,96.0,646474
2025-08-27,99.3,99.3,100.0,95.6,97.4,1407707
2025-08-28,77.5,77.5,81.1,77.5,78.2,1681340
2025-08-29,77.5,77.5,78.8,77.0,78.6,623335
2025-09-01,74.3,74.3,78.1,73.2,78.0,770535
2025-09-02,72.9,72.9,75.9,72.1,75.9,470604
2025-09-03,73.8,73.8,74.0,72.4,72.9,288764
2025-09-04,75.3,75.3,77.1,73.8,74.9,712251
2025-09-05,76.8,76.8,77.4,75.3,76.3,374416
2025-09-08,79.8,79.8,81.8,77.5,78.2,1100412
2025-09-09,85.5,85.5,87.0,80.0,80.1,1577215
2025-09-10,84.5,84.5,86.8,84.0,86.1,939458
2025-09-11,81.3,81.3,85.4,81.1,85.4,790249
2025-09-12,82.1,82.1,83.3,81.0,82.8,352915
2025-09-15,81.7,81.7,82.1,80.5,82.1,227914
2025-09-16,81.0,81.0,81.7,80.4,81.7,171355
2025-09-17,80.0,80.0,81.2,79.8,80.9,218007
2025-09-18,79.0,79.0,80.6,78.9,79.9,233739
2025-09-19,78.2,78.2,78.8,77.2,78.8,381587
2025-09-22,78.9,78.9,80.2,78.5,78.6,170134
2025-09-23,78.1,78.1,79.5,78.1,79.1,173898
2025-09-24,78.5,78.5,79.5,77.6,78.5,126846
2025-09-25,77.5,77.5,79.3,77.5,79.3,177376
2025-09-26,75.1,75.1,77.8,75.0,77.8,241417
2025-09-30,76.3,76.3,76.3,75.0,75.8,159147
2025-10-01,74.0,74.0,76.8,74.0,76.8,259929
2025-10-02,73.6,73.6,74.5,73.6,74.5,170538
2025-10-03,73.5,73.5,74.0,72.6,73.9,218706
2025-10-07,73.0,73.0,73.9,72.5,73.7,220372
2025-10-08,72.3,72.3,73.0,72.0,72.6,206749
2025-10-09,71.7,71.7,73.2,71.6,72.9,237674
2025-10-13,71.1,71.1,71.2,68.2,69.3,229250
2025-10-14,70.0,70.0,71.9,70.0,71.9,176205
2025-10-15,71.6,71.6,71.9,70.1,70.5,104631
2025-10-16,71.8,71.8,72.5,71.0,72.0,92591
2025-10-17,70.6,70.6,71.5,70.5,70.8,142000
2025-10-20,70.0,70.0,71.0,69.5,70.8,175723
2025-10-21,70.3,70.3,71.7,70.2,70.2,188485
2025-10-22,70.5,70.5,71.0,69.3,70.3,113928
2025-10-23,70.2,70.2,70.9,70.1,70.9,64147
2025-10-27,71.7,71.7,71.8,70.3,70.5,186620
2025-10-28,70.3,70.3,71.7,69.7,71.7,222367
2025-10-29,69.4,69.4,70.8,69.4,70.6,177219
2025-10-30,69.3,69.3,69.5,68.7,69.4,126803
2025-10-31,69.4,69.4,70.0,69.0,69.8,91347
2025-11-03,70.0,70.0,70.2,69.4,70.0,61250
2025-11-04,68.5,68.5,70.0,68.4,70.0,139540
2025-11-05,67.6,67.6,68.0,66.3,66.8,190410
2025-11-06,68.0,68.0,68.9,67.6,67.8,115574
2025-11-07,67.2,67.2,67.7,66.8,67.0,99689
2025-11-10,66.4,66.4,66.6,66.2,66.6,92254
2025-11-11,65.8,65.8,68.4,65.8,68.2,144300
2025-11-12,67.4,67.4,67.6,65.8,65.8,92148
2025-11-13,69.0,69.0,70.0,68.0,70.0,150464
2025-11-14,75.9,75.9,75.9,71.1,71.2,1568559
2025-11-17,76.8,76.8,82.3,76.0,80.4,3338023
2025-11-18,72.1,72.1,75.9,72.1,75.9,832097
2025-11-19,69.5,69.5,73.8,69.3,72.2,530552
2025-11-20,69.9,69.9,71.4,69.0,70.9,312147
2025-11-21,68.8,68.8,74.2,68.0,68.6,928347
2025-11-24,66.8,66.8,69.4,66.8,69.2,593071
2025-11-25,68.2,68.2,68.2,67.0,67.3,229986
2025-11-26,68.2,68.2,69.8,68.2,69.2,302748
2025-11-27,69.1,69.1,70.5,68.6,69.1,258853
2025-11-28,69.7,69.7,69.8,68.8,69.7,124008
2025-12-01,70.0,70.0,70.5,69.1,69.7,152311
2025-12-02,68.8,68.8,70.7,68.7,70.4,166796
2025-12-03,68.9,68.9,69.6,68.7,69.2,115498
2025-12-04,68.9,68.9,69.4,68.4,69.4,82513
2025-12-05,68.5,68.5,70.4,68.0,68.9,152846
2025-12-08,67.7,67.7,68.5,67.5,68.5,227495
2025-12-09,67.2,67.2,67.6,66.9,67.3,220320
2025-12-10,66.5,66.5,67.4,66.5,67.2,274975
2025-12-11,66.9,66.9,67.4,66.6,66.6,165193
2025-12-12,67.3,67.3,67.9,66.8,67.2,182509
2025-12-15,67.1,67.1,67.5,66.0,67.2,173263
2025-12-16,66.6,66.6,67.0,65.8,67.0,295853
2025-12-17,67.3,67.3,67.6,66.6,66.6,187921
2025-12-18,67.8,67.8,69.5,67.2,67.2,232872
2025-12-19,68.5,68.5,70.1,67.9,68.4,390086
2025-12-22,68.6,68.6,69.6,68.1,69.6,146298
2025-12-23,68.4,68.4,68.9,68.0,68.9,101423
2025-12-24,68.0,68.0,69.9,67.8,68.4,199848
2025-12-26,67.2,67.2,68.7,66.8,68.7,175334
2025-12-29,67.6,67.6,67.8,67.3,67.3,63111
2025-12-30,66.8,66.8,67.5,66.5,67.5,165258
2025-12-31,66.5,66.5,66.9,66.2,66.8,111019
2026-01-02,67.7,67.7,68.1,66.5,66.5,187040
2026-01-05,66.5,66.5,68.5,65.9,68.5,353496
2026-01-06,66.8,66.8,67.8,66.2,66.2,176729
2026-01-07,67.3,67.3,68.0,66.5,67.0,198812
2026-01-08,66.7,66.7,67.5,66.6,67.5,79656
2026-01-09,67.4,67.4,67.5,66.4,67.2,151175
2026-01-12,66.1,66.1,67.0,66.0,66.6,457061
2026-01-13,65.1,65.1,66.0,65.0,66.0,388262
2026-01-14,66.0,66.0,66.2,65.2,65.2,102634
2026-01-15,65.4,65.4,65.9,65.2,65.9,154731
2026-01-16,65.3,65.3,66.0,65.1,66.0,123096
2026-01-19,65.8,65.8,67.0,65.0,65.2,297041
2026-01-20,66.0,66.0,66.7,65.8,65.8,138971
2026-01-21,64.9,64.9,65.4,64.5,65.4,373151
2026-01-22,66.0,66.0,66.6,65.1,65.1,245524
2026-01-23,65.6,65.6,66.8,65.5,65.9,110046
2026-01-26,65.8,65.8,65.9,65.2,65.2,83059
2026-01-27,64.6,64.6,66.5,64.5,65.8,208314
2026-01-28,64.0,64.0,64.9,63.7,64.7,206084
2026-01-29,63.5,63.5,64.3,63.5,64.2,153662
2026-01-30,62.8,62.8,63.5,62.0,63.5,190130
2026-02-02,61.5,61.5,62.4,61.5,62.4,118903
2026-02-03,61.6,61.6,62.6,61.1,61.7,102714
2026-02-04,62.6,62.6,63.0,61.6,61.6,90602
2026-02-05,63.3,63.3,64.2,62.7,62.7,150438
2026-02-06,62.5,62.5,63.5,60.2,63.2,140571
2026-02-09,61.6,61.6,62.8,61.6,62.8,100484
2026-02-10,61.5,61.5,62.1,61.0,61.7,96777
2026-02-11,61.8,61.8,63.6,60.7,63.6,153523
2026-02-23,62.5,62.5,63.2,60.9,61.9,126365
2026-02-24,62.3,62.3,63.1,62.0,62.5,114720
2026-02-25,63.1,63.1,63.3,62.1,62.5,137840
2026-02-26,63.7,63.7,64.5,63.0,64.0,132235
2026-03-02,63.1,63.1,64.2,62.7,63.6,128073
2026-03-03,63.1,63.1,64.6,62.5,64.0,140396
2026-03-04,60.9,60.9,62.0,60.2,62.0,117203
2026-03-05,62.3,62.3,62.3,61.1,61.1,80917
2026-03-06,62.3,62.3,62.4,61.3,62.3,50753
2026-03-09,60.6,60.6,61.1,59.6,61.1,109859
2026-03-10,61.3,61.3,61.8,61.1,61.8,71228
2026-03-11,63.0,63.0,63.0,61.2,62.9,123471
2026-03-12,63.8,63.8,64.5,62.6,62.6,129261
2026-03-13,62.9,62.9,63.4,62.5,62.5,56308
2026-03-16,64.4,64.4,64.8,63.7,64.8,200625
2026-03-17,64.5,64.5,66.6,64.4,64.8,319742
2026-03-18,64.5,64.5,64.8,63.1,64.6,168734
2026-03-19,63.7,63.7,64.0,63.5,64.0,43379
2026-03-20,62.9,62.9,64.5,62.9,64.5,90259
2026-03-23,61.0,61.0,62.0,61.0,62.0,99640
2026-03-24,61.3,61.3,61.8,60.0,61.8,87912
2026-03-25,61.8,61.8,61.8,61.0,61.4,46890
2026-03-26,61.0,61.0,62.8,61.0,61.0,83420
2026-03-27,61.0,61.0,61.5,60.4,60.5,70540
2026-03-30,60.1,60.1,60.7,60.1,60.4,49183
2026-03-31,59.5,59.5,60.4,59.5,60.0,131439
2026-04-01,60.2,60.2,60.9,59.8,60.4,47356
2026-04-02,66.2,66.2,66.2,62.0,62.0,873961
2026-04-07,62.9,62.9,68.6,62.5,68.4,891191
2026-04-08,63.8,63.8,64.6,63.2,63.2,107333
2026-04-09,64.0,64.0,65.5,63.3,65.5,60675
2026-04-10,63.8,63.8,64.7,63.8,64.3,98797
2026-04-13,62.8,62.8,64.0,62.0,63.8,151545
2026-04-14,63.1,63.1,63.9,62.8,63.8,113939
2026-04-15,63.4,63.4,63.7,63.2,63.6,175756
2026-04-16,63.8,63.8,63.8,63.2,63.8,97756
2026-04-17,64.9,64.9,65.7,63.5,64.0,228279
2026-04-20,63.7,63.7,65.7,63.7,64.9,232170
2026-04-21,63.3,63.3,64.1,63.1,63.7,129701
2026-04-22,65.2,65.2,65.2,63.5,63.9,198909
2026-04-23,65.1,65.1,66.2,63.8,66.0,265779
2026-04-24,63.7,63.7,66.3,63.7,65.1,241568
2026-04-27,64.1,64.1,64.9,63.1,64.9,141597
2026-04-28,63.9,63.9,64.7,63.5,64.7,71440
2026-04-29,64.1,64.1,64.6,63.6,63.9,68963
2026-04-30,63.0,63.0,65.1,63.0,65.1,76164
2026-05-04,63.7,63.7,64.2,63.1,63.3,60829
2026-05-05,63.8,63.8,64.2,63.5,63.5,140552
2026-05-06,65.1,65.1,65.4,64.1,64.3,231183
2026-05-07,65.3,65.3,65.9,64.5,65.6,170694
2026-05-08,63.9,63.9,65.2,63.7,65.0,116438
2026-05-11,70.2,70.2,70.2,66.6,66.6,1052931
2026-05-12,70.9,70.9,72.0,68.3,70.9,1832357
2026-05-13,71.1,71.1,72.0,69.2,70.2,609355
2026-05-14,69.0,69.0,72.6,69.0,72.1,516557
2026-05-15,66.9,66.9,71.0,66.8,69.4,342663
2026-05-18,66.3,66.3,67.3,65.5,66.9,173225
2026-05-19,65.6,65.6,67.3,65.1,66.6,193407
2026-05-20,66.0,66.0,66.2,65.6,65.8,103921
2026-05-21,67.4,67.4,68.0,66.7,67.0,229181
2026-05-22,69.7,69.7,70.0,67.8,68.4,342965
2026-05-25,69.1,69.1,70.8,68.6,70.5,375061
2026-05-26,68.6,68.6,70.5,68.0,69.9,239473
2026-05-27,67.3,67.3,68.6,67.3,68.6,226155
2026-05-28,67.3,67.3,68.8,66.9,67.4,207288
2026-05-29,68.4,68.4,69.0,67.8,69.0,224631
2026-06-01,71.6,71.6,71.8,69.1,69.8,550867
2026-06-02,70.9,70.9,72.5,69.6,72.5,319671
2026-06-03,77.9,77.9,77.9,72.3,73.2,1793843
2026-06-04,80.6,80.6,83.6,78.1,83.3,4460458
2026-06-05,76.1,76.1,80.8,74.6,80.8,1062163
2026-06-08,70.8,70.8,70.8,68.5,68.5,749151
2026-06-09,70.9,70.9,72.1,70.2,70.9,360296
2026-06-10,68.6,68.6,71.4,68.4,70.9,552590
2026-06-11,68.0,68.0,68.6,67.3,68.6,414447
2026-06-12,69.0,69.0,69.9,68.7,68.9,310306
2026-06-15,68.6,68.6,69.8,68.5,69.8,244137
2026-06-16,67.6,67.6,68.9,67.0,68.9,271206
2026-06-17,67.6,67.6,67.9,67.0,67.0,171277
2026-06-18,67.9,67.9,69.0,67.8,68.5,194114
2026-06-22,68.4,68.4,69.7,68.1,68.1,235345
2026-06-23,67.2,67.2,69.3,67.0,69.3,247686
2026-06-24,67.3,67.3,67.6,66.5,66.5,118830
2026-06-25,67.0,67.0,68.5,66.8,67.7,190721
2026-06-26,64.6,64.6,67.7,64.6,67.7,397783
2026-06-29,65.7,65.7,66.9,64.7,64.7,151829
2026-06-30,67.0,67.0,67.6,66.0,67.6,103746
2026-07-01,67.6,67.6,69.1,66.7,67.2,220330
2026-07-02,67.7,67.7,68.6,66.6,66.6,68927
2026-07-03,68.1,68.1,68.5,67.1,67.1,138916
2026-07-06,71.6,71.6,72.0,69.2,69.5,470823
2026-07-07,69.1,69.1,71.7,69.1,71.6,295386
2026-07-08,68.4,68.4,69.9,67.9,69.9,154118
2026-07-09,68.0,68.0,69.1,68.0,69.1,113084
2026-07-13,69.3,69.3,71.2,67.0,71.2,224544
2026-07-14,69.0,69.0,69.2,66.5,69.2,266182
2026-07-15,70.0,70.0,70.2,68.8,69.1,163952
2026-07-16,70.8,70.8,71.2,69.0,70.4,160266
2026-07-17,67.1,67.1,70.2,66.8,69.1,271606
2026-07-20,68.2,68.2,68.5,66.1,68.5,129871
2026-07-21,70.8,70.8,72.5,68.4,68.4,307442
2026-07-22,71.4,71.4,72.0,70.7,71.3,224071
2026-07-23,70.9,70.9,72.3,70.7,71.6,136238
2026-07-24,71.2,71.2,71.9,70.1,70.8,155398
2026-07-27,70.7,70.7,71.5,70.2,71.2,103515
2026-07-28,68.4,68.4,70.4,68.1,70.2,160110
2026-07-29,67.9,67.9,69.7,65.3,69.1,342698
2026-07-30,67.7,67.7,68.1,66.6,67.9,119784
2026-07-31,70.3,70.3,70.8,69.2,69.2,269123
2026-08-03,70.7,70.7,71.0,70.0,70.9,127052
2026-08-04,70.9,70.9,71.7,70.3,71.5,118344
2026-08-05,70.6,70.6,72.4,70.4,71.0,126803
2026-08-06,71.8,71.8,71.9,70.0,70.3,162015
2026-08-07,72.0,72.0,74.8,70.9,71.8,419145
2026-08-10,76.1,76.1,76.5,73.3,74.4,726487
2026-08-11,76.0,76.0,76.0,74.1,76.0,235545
2026-08-12,78.5,78.5,81.4,77.9,79.8,1033839
2026-08-13,81.3,81.3,82.3,78.6,78.6,899264
2026-08-14,81.0,81.0,82.0,80.2,82.0,553914
2026-08-17,88.1,88.1,89.1,81.2,81.2,2044895
2026-08-18,84.8,84.8,89.8,83.6,87.7,1194049
2026-08-19,82.6,82.6,83.4,81.3,83.1,544443
2026-08-20,82.1,82.1,85.3,81.6,83.4,470893
2026-08-21,80.8,80.8,83.1,80.0,83.1,470389
2026-08-24,74.6,74.6,81.2,74.4,81.2,1241349
2026-08-25,75.1,75.1,75.1,72.2,74.8,611275
2026-08-26,75.0,75.0,76.2,74.5,75.2,595841
2026-08-27,76.8,76.8,78.0,75.1,76.0,1254025
2026-08-28,67.6,67.6,70.2,67.0,69.8,1823497
2026-08-31,66.0,66.0,67.1,65.0,65.6,481805
2026-09-01,66.9,66.9,67.8,65.6,65.6,435131
