Date,Adj Close,Close,High,Low,Open,Volume
2016-08-12,20.7,20.7,20.9,20.5,20.9,32060
2016-08-15,20.7,20.7,20.9,20.5,20.9,32060
2016-08-16,20.7,20.7,20.9,20.5,20.9,32060
2016-08-17,20.7,20.7,20.9,20.5,20.9,32060
2016-08-18,20.7,20.7,20.9,20.5,20.9,32060
2016-08-19,20.7,20.7,20.9,20.5,20.9,32060
2016-08-22,20.7,20.7,20.9,20.5,20.9,32060
2016-08-23,20.7,20.7,20.9,20.5,20.9,32060
2016-08-24,20.7,20.7,20.9,20.5,20.9,32060
2016-08-25,20.7,20.7,20.9,20.5,20.9,32060
2016-08-26,20.7,20.7,20.9,20.5,20.9,32060
2016-08-29,20.7,20.7,20.9,20.5,20.9,32060
2016-08-30,20.7,20.7,20.9,20.5,20.9,32060
2016-08-31,20.7,20.7,20.9,20.5,20.9,32060
2016-09-01,20.7,20.7,20.9,20.5,20.9,32060
2016-09-02,20.7,20.7,20.9,20.5,20.9,32060
2016-09-05,20.7,20.7,20.9,20.5,20.9,32060
2016-09-06,20.7,20.7,20.9,20.5,20.9,32060
2016-09-07,20.7,20.7,20.9,20.5,20.9,32060
2016-09-08,20.7,20.7,20.9,20.5,20.9,32060
2016-09-09,20.7,20.7,20.9,20.5,20.9,32060
2016-09-12,20.7,20.7,20.9,20.5,20.9,32060
2016-09-13,20.7,20.7,20.9,20.5,20.9,32060
2016-09-14,20.7,20.7,20.9,20.5,20.9,32060
2016-09-19,20.7,20.7,20.9,20.5,20.9,32060
2016-09-20,20.7,20.7,20.9,20.5,20.9,32060
2016-09-21,20.7,20.7,20.9,20.5,20.9,32060
2016-09-22,20.7,20.7,20.9,20.5,20.9,32060
2016-09-23,20.7,20.7,20.9,20.5,20.9,32060
2016-09-26,20.7,20.7,20.9,20.5,20.9,32060
2016-09-29,20.7,20.7,20.9,20.5,20.9,32060
2016-09-30,20.7,20.7,20.9,20.5,20.9,32060
2016-10-03,20.7,20.7,20.9,20.5,20.9,32060
2016-10-04,20.7,20.7,20.9,20.5,20.9,32060
2016-10-05,20.7,20.7,20.9,20.5,20.9,32060
2016-10-06,20.7,20.7,20.9,20.5,20.9,32060
2016-10-07,20.7,20.7,20.9,20.5,20.9,32060
2016-10-11,20.7,20.7,20.9,20.5,20.9,32060
2016-10-12,20.7,20.7,20.9,20.5,20.9,32060
2016-10-13,20.7,20.7,20.9,20.5,20.9,32060
2016-10-14,20.7,20.7,20.9,20.5,20.9,32060
2016-10-17,20.7,20.7,20.9,20.5,20.9,32060
2016-10-18,20.7,20.7,20.9,20.5,20.9,32060
2016-10-19,20.7,20.7,20.9,20.5,20.9,32060
2016-10-20,20.7,20.7,20.9,20.5,20.9,32060
2016-10-21,20.7,20.7,20.9,20.5,20.9,32060
2016-10-24,20.7,20.7,20.9,20.5,20.9,32060
2016-10-25,20.7,20.7,20.9,20.5,20.9,32060
2016-10-26,20.7,20.7,20.9,20.5,20.9,32060
2016-10-27,20.7,20.7,20.9,20.5,20.9,32060
2016-10-28,20.7,20.7,20.9,20.5,20.9,32060
2016-10-31,20.7,20.7,20.9,20.5,20.9,32060
2016-11-01,20.7,20.7,20.9,20.5,20.9,32060
2016-11-02,20.7,20.7,20.9,20.5,20.9,32060
2016-11-03,20.7,20.7,20.9,20.5,20.9,32060
2016-11-04,20.7,20.7,20.9,20.5,20.9,32060
2016-11-07,20.7,20.7,20.9,20.5,20.9,32060
2016-11-08,20.7,20.7,20.9,20.5,20.9,32060
2016-11-09,20.7,20.7,20.9,20.5,20.9,32060
2016-11-10,20.7,20.7,20.9,20.5,20.9,32060
2016-11-11,20.7,20.7,20.9,20.5,20.9,32060
2016-11-14,20.7,20.7,20.9,20.5,20.9,32060
2016-11-15,20.7,20.7,20.9,20.5,20.9,32060
2016-11-16,20.7,20.7,20.9,20.5,20.9,32060
2016-11-17,20.7,20.7,20.9,20.5,20.9,32060
2016-11-18,20.7,20.7,20.9,20.5,20.9,32060
2016-11-21,20.7,20.7,20.9,20.5,20.9,32060
2016-11-22,20.7,20.7,20.9,20.5,20.9,32060
2016-11-23,20.7,20.7,20.9,20.5,20.9,32060
2016-11-24,20.7,20.7,20.9,20.5,20.9,32060
2016-11-25,20.7,20.7,20.9,20.5,20.9,32060
2016-11-28,20.7,20.7,20.9,20.5,20.9,32060
2016-11-29,20.7,20.7,20.9,20.5,20.9,32060
2016-11-30,20.7,20.7,20.9,20.5,20.9,32060
2016-12-01,20.7,20.7,20.9,20.5,20.9,32060
2016-12-02,20.7,20.7,20.9,20.5,20.9,32060
2016-12-05,20.7,20.7,20.9,20.5,20.9,32060
2016-12-06,20.7,20.7,20.9,20.5,20.9,32060
2016-12-07,20.7,20.7,20.9,20.5,20.9,32060
2016-12-08,20.7,20.7,20.9,20.5,20.9,32060
2016-12-09,20.7,20.7,20.9,20.5,20.9,32060
2016-12-12,20.7,20.7,20.9,20.5,20.9,32060
2016-12-13,20.7,20.7,20.9,20.5,20.9,32060
2016-12-14,20.7,20.7,20.9,20.5,20.9,32060
2016-12-15,20.7,20.7,20.9,20.5,20.9,32060
2016-12-16,20.7,20.7,20.9,20.5,20.9,32060
2016-12-19,20.7,20.7,20.9,20.5,20.9,32060
2016-12-20,20.7,20.7,20.9,20.5,20.9,32060
2016-12-21,20.7,20.7,20.9,20.5,20.9,32060
2016-12-22,20.7,20.7,20.9,20.5,20.9,32060
2016-12-23,20.7,20.7,20.9,20.5,20.9,32060
2016-12-26,20.7,20.7,20.9,20.5,20.9,32060
2016-12-27,20.7,20.7,20.9,20.5,20.9,32060
2016-12-28,20.7,20.7,20.9,20.5,20.9,32060
2016-12-29,20.7,20.7,20.9,20.5,20.9,32060
2016-12-30,20.7,20.7,20.9,20.5,20.9,32060
2017-01-03,20.7,20.7,20.9,20.5,20.9,32060
2017-01-04,20.7,20.7,20.9,20.5,20.9,32060
2017-01-05,20.7,20.7,20.9,20.5,20.9,32060
2017-01-06,20.7,20.7,20.9,20.5,20.9,32060
2017-01-09,20.7,20.7,20.9,20.5,20.9,32060
2017-01-10,20.7,20.7,20.9,20.5,20.9,32060
2017-01-11,20.7,20.7,20.9,20.5,20.9,32060
2017-01-12,20.7,20.7,20.9,20.5,20.9,32060
2017-01-13,20.7,20.7,20.9,20.5,20.9,32060
2017-01-16,20.7,20.7,20.9,20.5,20.9,32060
2017-01-17,20.7,20.7,20.9,20.5,20.9,32060
2017-01-18,20.7,20.7,20.9,20.5,20.9,32060
2017-01-19,20.7,20.7,20.9,20.5,20.9,32060
2017-01-20,20.7,20.7,20.9,20.5,20.9,32060
2017-01-23,20.7,20.7,20.9,20.5,20.9,32060
2017-01-24,20.7,20.7,20.9,20.5,20.9,32060
2017-02-02,20.7,20.7,20.9,20.5,20.9,32060
2017-02-03,20.7,20.7,20.9,20.5,20.9,32060
2017-02-06,20.7,20.7,20.9,20.5,20.9,32060
2017-02-07,20.7,20.7,20.9,20.5,20.9,32060
2017-02-08,20.7,20.7,20.9,20.5,20.9,32060
2017-02-09,20.7,20.7,20.9,20.5,20.9,32060
2017-02-10,20.7,20.7,20.9,20.5,20.9,32060
2017-02-13,20.7,20.7,20.9,20.5,20.9,32060
2017-02-14,20.7,20.7,20.9,20.5,20.9,32060
2017-02-15,20.7,20.7,20.9,20.5,20.9,32060
2017-02-16,20.7,20.7,20.9,20.5,20.9,32060
2017-02-17,20.7,20.7,20.9,20.5,20.9,32060
2017-02-20,20.7,20.7,20.9,20.5,20.9,32060
2017-02-21,20.7,20.7,20.9,20.5,20.9,32060
2017-02-22,20.7,20.7,20.9,20.5,20.9,32060
2017-02-23,20.7,20.7,20.9,20.5,20.9,32060
2017-02-24,20.7,20.7,20.9,20.5,20.9,32060
2017-03-01,20.7,20.7,20.9,20.5,20.9,32060
2017-03-02,20.7,20.7,20.9,20.5,20.9,32060
2017-03-03,20.7,20.7,20.9,20.5,20.9,32060
2017-03-06,20.7,20.7,20.9,20.5,20.9,32060
2017-03-07,20.7,20.7,20.9,20.5,20.9,32060
2017-03-08,20.7,20.7,20.9,20.5,20.9,32060
2017-03-09,20.7,20.7,20.9,20.5,20.9,32060
2017-03-10,20.7,20.7,20.9,20.5,20.9,32060
2017-03-13,20.7,20.7,20.9,20.5,20.9,32060
2017-03-14,20.7,20.7,20.9,20.5,20.9,32060
2017-03-15,20.7,20.7,20.9,20.5,20.9,32060
2017-03-16,20.7,20.7,20.9,20.5,20.9,32060
2017-03-17,20.7,20.7,20.9,20.5,20.9,32060
2017-03-20,20.7,20.7,20.9,20.5,20.9,32060
2017-03-21,20.7,20.7,20.9,20.5,20.9,32060
2017-03-22,20.7,20.7,20.9,20.5,20.9,32060
2017-03-23,20.7,20.7,20.9,20.5,20.9,32060
2017-03-24,20.7,20.7,20.9,20.5,20.9,32060
2017-03-27,20.7,20.7,20.9,20.5,20.9,32060
2017-03-28,20.7,20.7,20.9,20.5,20.9,32060
2017-03-29,20.7,20.7,20.9,20.5,20.9,32060
2017-03-30,20.7,20.7,20.9,20.5,20.9,32060
2017-03-31,20.7,20.7,20.9,20.5,20.9,32060
2017-04-05,20.7,20.7,20.9,20.5,20.9,32060
2017-04-06,20.7,20.7,20.9,20.5,20.9,32060
2017-04-07,20.7,20.7,20.9,20.5,20.9,32060
2017-04-10,20.7,20.7,20.9,20.5,20.9,32060
2017-04-11,20.7,20.7,20.9,20.5,20.9,32060
2017-04-12,20.7,20.7,20.9,20.5,20.9,32060
2017-04-13,20.7,20.7,20.9,20.5,20.9,32060
2017-04-14,20.7,20.7,20.9,20.5,20.9,32060
2017-04-17,20.7,20.7,20.9,20.5,20.9,32060
2017-04-18,20.7,20.7,20.9,20.5,20.9,32060
2017-04-19,20.7,20.7,20.9,20.5,20.9,32060
2017-04-21,20.7,20.7,20.9,20.5,20.9,32060
2017-04-24,20.7,20.7,20.9,20.5,20.9,32060
2017-04-25,20.7,20.7,20.9,20.5,20.9,32060
2017-04-26,20.7,20.7,20.9,20.5,20.9,32060
2017-04-27,20.7,20.7,20.9,20.5,20.9,32060
2017-04-28,20.7,20.7,20.9,20.5,20.9,32060
2017-05-02,20.7,20.7,20.9,20.5,20.9,32060
2017-05-03,20.7,20.7,20.9,20.5,20.9,32060
2017-05-04,20.7,20.7,20.9,20.5,20.9,32060
2017-05-05,20.7,20.7,20.9,20.5,20.9,32060
2017-05-08,20.7,20.7,20.9,20.5,20.9,32060
2017-05-09,20.7,20.7,20.9,20.5,20.9,32060
2017-05-10,20.7,20.7,20.9,20.5,20.9,32060
2017-05-11,20.7,20.7,20.9,20.5,20.9,32060
2017-05-12,20.7,20.7,20.9,20.5,20.9,32060
2017-05-15,20.7,20.7,20.9,20.5,20.9,32060
2017-05-16,20.7,20.7,20.9,20.5,20.9,32060
2017-05-17,20.7,20.7,20.9,20.5,20.9,32060
2017-05-18,20.7,20.7,20.9,20.5,20.9,32060
2017-05-19,20.7,20.7,20.9,20.5,20.9,32060
2017-05-22,20.7,20.7,20.9,20.5,20.9,32060
2017-05-23,20.7,20.7,20.9,20.5,20.9,32060
2017-05-24,20.7,20.7,20.9,20.5,20.9,32060
2017-05-25,20.7,20.7,20.9,20.5,20.9,32060
2017-05-26,20.7,20.7,20.9,20.5,20.9,32060
2017-05-31,20.7,20.7,20.9,20.5,20.9,32060
2017-06-01,20.7,20.7,20.9,20.5,20.9,32060
2017-06-02,20.7,20.7,20.9,20.5,20.9,32060
2017-06-05,20.7,20.7,20.9,20.5,20.9,32060
2017-06-06,20.7,20.7,20.9,20.5,20.9,32060
2017-06-07,20.7,20.7,20.9,20.5,20.9,32060
2017-06-08,20.7,20.7,20.9,20.5,20.9,32060
2017-06-09,20.7,20.7,20.9,20.5,20.9,32060
2017-06-12,20.7,20.7,20.9,20.5,20.9,32060
2017-06-13,20.7,20.7,20.9,20.5,20.9,32060
2017-06-14,20.7,20.7,20.9,20.5,20.9,32060
2017-06-15,20.7,20.7,20.9,20.5,20.9,32060
2017-06-16,20.7,20.7,20.9,20.5,20.9,32060
2017-06-19,20.7,20.7,20.9,20.5,20.9,32060
2017-06-20,20.7,20.7,20.9,20.5,20.9,32060
2017-06-21,20.7,20.7,20.9,20.5,20.9,32060
2017-06-22,20.7,20.7,20.9,20.5,20.9,32060
2017-06-23,20.7,20.7,20.9,20.5,20.9,32060
2017-06-26,20.7,20.7,20.9,20.5,20.9,32060
2017-06-27,20.7,20.7,20.9,20.5,20.9,32060
2017-06-28,20.7,20.7,20.9,20.5,20.9,32060
2017-06-29,20.7,20.7,20.9,20.5,20.9,32060
2017-06-30,20.7,20.7,20.9,20.5,20.9,32060
2017-07-03,20.7,20.7,20.9,20.5,20.9,32060
2017-07-04,20.7,20.7,20.9,20.5,20.9,32060
2017-07-05,20.7,20.7,20.9,20.5,20.9,32060
2017-07-06,20.7,20.7,20.9,20.5,20.9,32060
2017-07-07,20.7,20.7,20.9,20.5,20.9,32060
2017-07-10,20.7,20.7,20.9,20.5,20.9,32060
2017-07-11,20.7,20.7,20.9,20.5,20.9,32060
2017-07-12,20.7,20.7,20.9,20.5,20.9,32060
2017-07-13,20.7,20.7,20.9,20.5,20.9,32060
2017-07-14,20.7,20.7,20.9,20.5,20.9,32060
2017-07-17,20.7,20.7,20.9,20.5,20.9,32060
2017-07-18,20.7,20.7,20.9,20.5,20.9,32060
2017-07-19,20.7,20.7,20.9,20.5,20.9,32060
2017-07-20,20.7,20.7,20.9,20.5,20.9,32060
2017-07-21,20.7,20.7,20.9,20.5,20.9,32060
2017-07-24,20.7,20.7,20.9,20.5,20.9,32060
2017-07-25,20.7,20.7,20.9,20.5,20.9,32060
2017-07-26,20.7,20.7,20.9,20.5,20.9,32060
2017-07-27,20.7,20.7,20.9,20.5,20.9,32060
2017-07-28,20.7,20.7,20.9,20.5,20.9,32060
2017-07-31,20.7,20.7,20.9,20.5,20.9,32060
2017-08-01,20.7,20.7,20.9,20.5,20.9,32060
2017-08-02,20.7,20.7,20.9,20.5,20.9,32060
2017-08-03,20.7,20.7,20.9,20.5,20.9,32060
2017-08-04,20.7,20.7,20.9,20.5,20.9,32060
2017-08-07,20.7,20.7,20.9,20.5,20.9,32060
2017-08-08,20.7,20.7,20.9,20.5,20.9,32060
2017-08-09,20.7,20.7,20.9,20.5,20.9,32060
2017-08-10,20.7,20.7,20.9,20.5,20.9,32060
2017-08-11,20.7,20.7,20.9,20.5,20.9,32060
2017-08-14,20.7,20.7,20.9,20.5,20.9,32060
2017-08-15,20.7,20.7,20.9,20.5,20.9,32060
2017-08-16,20.7,20.7,20.9,20.5,20.9,32060
2017-08-17,20.7,20.7,20.9,20.5,20.9,32060
2017-08-18,20.7,20.7,20.9,20.5,20.9,32060
2017-08-21,20.7,20.7,20.9,20.5,20.9,32060
2017-08-22,20.7,20.7,20.9,20.5,20.9,32060
2017-08-23,20.7,20.7,20.9,20.5,20.9,32060
2017-08-24,20.7,20.7,20.9,20.5,20.9,32060
2017-08-25,20.7,20.7,20.9,20.5,20.9,32060
2017-08-28,20.7,20.7,20.9,20.5,20.9,32060
2017-08-29,20.7,20.7,20.9,20.5,20.9,32060
2017-08-30,20.7,20.7,20.9,20.5,20.9,32060
2017-08-31,20.7,20.7,20.9,20.5,20.9,32060
2017-09-01,20.7,20.7,20.9,20.5,20.9,32060
2017-09-04,20.7,20.7,20.9,20.5,20.9,32060
2017-09-05,20.7,20.7,20.9,20.5,20.9,32060
2017-09-06,20.7,20.7,20.9,20.5,20.9,32060
2017-09-07,20.7,20.7,20.9,20.5,20.9,32060
2017-09-08,20.7,20.7,20.9,20.5,20.9,32060
2017-09-11,20.7,20.7,20.9,20.5,20.9,32060
2017-09-12,20.7,20.7,20.9,20.5,20.9,32060
2017-09-13,20.7,20.7,20.9,20.5,20.9,32060
2017-09-14,20.7,20.7,20.9,20.5,20.9,32060
2017-09-15,20.7,20.7,20.9,20.5,20.9,32060
2017-09-18,20.7,20.7,20.9,20.5,20.9,32060
2017-09-19,20.7,20.7,20.9,20.5,20.9,32060
2017-09-20,20.7,20.7,20.9,20.5,20.9,32060
2017-09-21,20.7,20.7,20.9,20.5,20.9,32060
2017-09-22,20.7,20.7,20.9,20.5,20.9,32060
2017-09-25,20.7,20.7,20.9,20.5,20.9,32060
2017-09-26,20.7,20.7,20.9,20.5,20.9,32060
2017-09-27,20.7,20.7,20.9,20.5,20.9,32060
2017-09-28,20.7,20.7,20.9,20.5,20.9,32060
2017-09-29,20.7,20.7,20.9,20.5,20.9,32060
2017-10-02,20.7,20.7,20.9,20.5,20.9,32060
2017-10-03,20.7,20.7,20.9,20.5,20.9,32060
2017-10-05,20.7,20.7,20.9,20.5,20.9,32060
2017-10-06,20.7,20.7,20.9,20.5,20.9,32060
2017-10-11,20.7,20.7,20.9,20.5,20.9,32060
2017-10-12,20.7,20.7,20.9,20.5,20.9,32060
2017-10-13,20.7,20.7,20.9,20.5,20.9,32060
2017-10-16,20.7,20.7,20.9,20.5,20.9,32060
2017-10-17,20.7,20.7,20.9,20.5,20.9,32060
2017-10-18,20.7,20.7,20.9,20.5,20.9,32060
2017-10-19,20.7,20.7,20.9,20.5,20.9,32060
2017-10-20,20.7,20.7,20.9,20.5,20.9,32060
2017-10-23,20.7,20.7,20.9,20.5,20.9,32060
2017-10-24,20.7,20.7,20.9,20.5,20.9,32060
2017-10-25,20.7,20.7,20.9,20.5,20.9,32060
2017-10-26,20.7,20.7,20.9,20.5,20.9,32060
2017-10-27,20.7,20.7,20.9,20.5,20.9,32060
2017-10-30,20.7,20.7,20.9,20.5,20.9,32060
2017-10-31,20.7,20.7,20.9,20.5,20.9,32060
2017-11-01,20.7,20.7,20.9,20.5,20.9,32060
2017-11-02,20.7,20.7,20.9,20.5,20.9,32060
2017-11-03,20.7,20.7,20.9,20.5,20.9,32060
2017-11-06,20.7,20.7,20.9,20.5,20.9,32060
2017-11-07,20.7,20.7,20.9,20.5,20.9,32060
2017-11-08,20.7,20.7,20.9,20.5,20.9,32060
2017-11-09,20.7,20.7,20.9,20.5,20.9,32060
2017-11-10,20.7,20.7,20.9,20.5,20.9,32060
2017-11-13,20.7,20.7,20.9,20.5,20.9,32060
2017-11-14,20.7,20.7,20.9,20.5,20.9,32060
2017-11-15,20.7,20.7,20.9,20.5,20.9,32060
2017-11-16,20.7,20.7,20.9,20.5,20.9,32060
2017-11-17,20.7,20.7,20.9,20.5,20.9,32060
2017-11-20,20.7,20.7,20.9,20.5,20.9,32060
2017-11-21,20.7,20.7,20.9,20.5,20.9,32060
2017-11-22,20.7,20.7,20.9,20.5,20.9,32060
2017-11-23,20.7,20.7,20.9,20.5,20.9,32060
2017-11-24,20.7,20.7,20.9,20.5,20.9,32060
2017-11-27,20.7,20.7,20.9,20.5,20.9,32060
2017-11-28,20.7,20.7,20.9,20.5,20.9,32060
2017-11-29,20.7,20.7,20.9,20.5,20.9,32060
2017-11-30,20.7,20.7,20.9,20.5,20.9,32060
2017-12-01,20.7,20.7,20.9,20.5,20.9,32060
2017-12-04,20.7,20.7,20.9,20.5,20.9,32060
2017-12-05,20.7,20.7,20.9,20.5,20.9,32060
2017-12-06,20.7,20.7,20.9,20.5,20.9,32060
2017-12-07,20.7,20.7,20.9,20.5,20.9,32060
2017-12-08,20.7,20.7,20.9,20.5,20.9,32060
2017-12-11,20.7,20.7,20.9,20.5,20.9,32060
2017-12-12,20.7,20.7,20.9,20.5,20.9,32060
2017-12-13,20.7,20.7,20.9,20.5,20.9,32060
2017-12-14,20.7,20.7,20.9,20.5,20.9,32060
2017-12-15,20.7,20.7,20.9,20.5,20.9,32060
2017-12-18,20.7,20.7,20.9,20.5,20.9,32060
2017-12-19,20.7,20.7,20.9,20.5,20.9,32060
2017-12-20,20.7,20.7,20.9,20.5,20.9,32060
2017-12-21,20.7,20.7,20.9,20.5,20.9,32060
2017-12-22,20.7,20.7,20.9,20.5,20.9,32060
2017-12-25,20.7,20.7,20.9,20.5,20.9,32060
2017-12-26,20.7,20.7,20.9,20.5,20.9,32060
2017-12-27,20.7,20.7,20.9,20.5,20.9,32060
2017-12-28,20.7,20.7,20.9,20.5,20.9,32060
2017-12-29,20.7,20.7,20.9,20.5,20.9,32060
2018-01-02,20.7,20.7,20.9,20.5,20.9,32060
2018-01-03,20.7,20.7,20.9,20.5,20.9,32060
2018-01-04,20.7,20.7,20.9,20.5,20.9,32060
2018-01-05,20.7,20.7,20.9,20.5,20.9,32060
2018-01-08,20.7,20.7,20.9,20.5,20.9,32060
2018-01-09,20.7,20.7,20.9,20.5,20.9,32060
2018-01-10,20.7,20.7,20.9,20.5,20.9,32060
2018-01-11,20.7,20.7,20.9,20.5,20.9,32060
2018-01-12,20.7,20.7,20.9,20.5,20.9,32060
2018-01-15,20.7,20.7,20.9,20.5,20.9,32060
2018-01-16,20.7,20.7,20.9,20.5,20.9,32060
2018-01-17,20.7,20.7,20.9,20.5,20.9,32060
2018-01-18,20.7,20.7,20.9,20.5,20.9,32060
2018-01-19,20.7,20.7,20.9,20.5,20.9,32060
2018-01-22,20.7,20.7,20.9,20.5,20.9,32060
2018-01-23,20.7,20.7,20.9,20.5,20.9,32060
2018-01-24,20.7,20.7,20.9,20.5,20.9,32060
2018-01-25,20.7,20.7,20.9,20.5,20.9,32060
2018-01-26,20.7,20.7,20.9,20.5,20.9,32060
2018-01-29,20.7,20.7,20.9,20.5,20.9,32060
2018-01-30,20.7,20.7,20.9,20.5,20.9,32060
2018-01-31,20.7,20.7,20.9,20.5,20.9,32060
2018-02-01,20.7,20.7,20.9,20.5,20.9,32060
2018-02-02,20.7,20.7,20.9,20.5,20.9,32060
2018-02-05,20.7,20.7,20.9,20.5,20.9,32060
2018-02-06,20.7,20.7,20.9,20.5,20.9,32060
2018-02-07,20.7,20.7,20.9,20.5,20.9,32060
2018-02-08,20.7,20.7,20.9,20.5,20.9,32060
2018-02-09,20.7,20.7,20.9,20.5,20.9,32060
2018-02-12,20.7,20.7,20.9,20.5,20.9,32060
2018-02-21,20.7,20.7,20.9,20.5,20.9,32060
2018-02-22,20.7,20.7,20.9,20.5,20.9,32060
2018-02-23,20.7,20.7,20.9,20.5,20.9,32060
2018-02-26,20.7,20.7,20.9,20.5,20.9,32060
2018-02-27,20.7,20.7,20.9,20.5,20.9,32060
2018-03-01,20.7,20.7,20.9,20.5,20.9,32060
2018-03-02,20.7,20.7,20.9,20.5,20.9,32060
2018-03-05,20.7,20.7,20.9,20.5,20.9,32060
2018-03-06,20.7,20.7,20.9,20.5,20.9,32060
2018-03-07,20.7,20.7,20.9,20.5,20.9,32060
2018-03-08,20.7,20.7,20.9,20.5,20.9,32060
2018-03-09,20.7,20.7,20.9,20.5,20.9,32060
2018-03-12,20.7,20.7,20.9,20.5,20.9,32060
2018-03-13,20.7,20.7,20.9,20.5,20.9,32060
2018-03-14,20.7,20.7,20.9,20.5,20.9,32060
2018-03-15,20.7,20.7,20.9,20.5,20.9,32060
2018-03-16,20.7,20.7,20.9,20.5,20.9,32060
2018-03-19,20.7,20.7,20.9,20.5,20.9,32060
2018-03-20,20.7,20.7,20.9,20.5,20.9,32060
2018-03-21,20.7,20.7,20.9,20.5,20.9,32060
2018-03-22,20.7,20.7,20.9,20.5,20.9,32060
2018-03-23,20.7,20.7,20.9,20.5,20.9,32060
2018-03-26,20.7,20.7,20.9,20.5,20.9,32060
2018-03-27,20.7,20.7,20.9,20.5,20.9,32060
2018-03-28,20.7,20.7,20.9,20.5,20.9,32060
2018-03-29,20.7,20.7,20.9,20.5,20.9,32060
2018-03-30,20.7,20.7,20.9,20.5,20.9,32060
2018-04-02,20.7,20.7,20.9,20.5,20.9,32060
2018-04-03,20.7,20.7,20.9,20.5,20.9,32060
2018-04-09,20.7,20.7,20.9,20.5,20.9,32060
2018-04-10,20.7,20.7,20.9,20.5,20.9,32060
2018-04-11,20.7,20.7,20.9,20.5,20.9,32060
2018-04-12,20.7,20.7,20.9,20.5,20.9,32060
2018-04-13,20.7,20.7,20.9,20.5,20.9,32060
2018-04-16,20.7,20.7,20.9,20.5,20.9,32060
2018-04-17,20.7,20.7,20.9,20.5,20.9,32060
2018-04-18,20.7,20.7,20.9,20.5,20.9,32060
2018-04-19,20.7,20.7,20.9,20.5,20.9,32060
2018-04-20,20.7,20.7,20.9,20.5,20.9,32060
2018-04-23,20.7,20.7,20.9,20.5,20.9,32060
2018-04-24,20.7,20.7,20.9,20.5,20.9,32060
2018-04-25,20.7,20.7,20.9,20.5,20.9,32060
2018-04-26,20.7,20.7,20.9,20.5,20.9,32060
2018-04-27,20.7,20.7,20.9,20.5,20.9,32060
2018-04-30,20.7,20.7,20.9,20.5,20.9,32060
2018-05-02,20.7,20.7,20.9,20.5,20.9,32060
2018-05-03,20.7,20.7,20.9,20.5,20.9,32060
2018-05-04,20.7,20.7,20.9,20.5,20.9,32060
2018-05-07,20.7,20.7,20.9,20.5,20.9,32060
2018-05-08,20.7,20.7,20.9,20.5,20.9,32060
2018-05-09,20.7,20.7,20.9,20.5,20.9,32060
2018-05-10,20.7,20.7,20.9,20.5,20.9,32060
2018-05-11,20.7,20.7,20.9,20.5,20.9,32060
2018-05-14,20.7,20.7,20.9,20.5,20.9,32060
2018-05-15,20.7,20.7,20.9,20.5,20.9,32060
2018-05-16,20.7,20.7,20.9,20.5,20.9,32060
2018-05-17,20.7,20.7,20.9,20.5,20.9,32060
2018-05-18,20.7,20.7,20.9,20.5,20.9,32060
2018-05-21,20.7,20.7,20.9,20.5,20.9,32060
2018-05-22,20.7,20.7,20.9,20.5,20.9,32060
2018-05-23,20.7,20.7,20.9,20.5,20.9,32060
2018-05-24,20.7,20.7,20.9,20.5,20.9,32060
2018-05-25,20.7,20.7,20.9,20.5,20.9,32060
2018-05-28,20.7,20.7,20.9,20.5,20.9,32060
2018-05-29,20.7,20.7,20.9,20.5,20.9,32060
2018-05-30,20.7,20.7,20.9,20.5,20.9,32060
2018-05-31,20.7,20.7,20.9,20.5,20.9,32060
2018-06-01,20.7,20.7,20.9,20.5,20.9,32060
2018-06-04,20.7,20.7,20.9,20.5,20.9,32060
2018-06-05,20.7,20.7,20.9,20.5,20.9,32060
2018-06-06,20.7,20.7,20.9,20.5,20.9,32060
2018-06-07,20.7,20.7,20.9,20.5,20.9,32060
2018-06-08,20.7,20.7,20.9,20.5,20.9,32060
2018-06-11,20.7,20.7,20.9,20.5,20.9,32060
2018-06-12,20.7,20.7,20.9,20.5,20.9,32060
2018-06-13,20.7,20.7,20.9,20.5,20.9,32060
2018-06-14,20.7,20.7,20.9,20.5,20.9,32060
2018-06-15,20.7,20.7,20.9,20.5,20.9,32060
2018-06-19,20.7,20.7,20.9,20.5,20.9,32060
2018-06-20,20.7,20.7,20.9,20.5,20.9,32060
2018-06-21,20.7,20.7,20.9,20.5,20.9,32060
2018-06-22,20.7,20.7,20.9,20.5,20.9,32060
2018-06-25,20.7,20.7,20.9,20.5,20.9,32060
2018-06-26,20.7,20.7,20.9,20.5,20.9,32060
2018-06-27,20.7,20.7,20.9,20.5,20.9,32060
2018-06-28,20.7,20.7,20.9,20.5,20.9,32060
2018-06-29,20.7,20.7,20.9,20.5,20.9,32060
2018-07-02,20.7,20.7,20.9,20.5,20.9,32060
2018-07-03,20.7,20.7,20.9,20.5,20.9,32060
2018-07-04,20.7,20.7,20.9,20.5,20.9,32060
2018-07-05,20.7,20.7,20.9,20.5,20.9,32060
2018-07-06,20.7,20.7,20.9,20.5,20.9,32060
2018-07-09,20.7,20.7,20.9,20.5,20.9,32060
2018-07-10,20.7,20.7,20.9,20.5,20.9,32060
2018-07-11,20.7,20.7,20.9,20.5,20.9,32060
2018-07-12,20.7,20.7,20.9,20.5,20.9,32060
2018-07-13,20.7,20.7,20.9,20.5,20.9,32060
2018-07-16,20.7,20.7,20.9,20.5,20.9,32060
2018-07-17,20.7,20.7,20.9,20.5,20.9,32060
2018-07-18,20.7,20.7,20.9,20.5,20.9,32060
2018-07-19,20.7,20.7,20.9,20.5,20.9,32060
2018-07-20,20.7,20.7,20.9,20.5,20.9,32060
2018-07-23,20.7,20.7,20.9,20.5,20.9,32060
2018-07-24,20.7,20.7,20.9,20.5,20.9,32060
2018-07-25,20.7,20.7,20.9,20.5,20.9,32060
2018-07-26,20.7,20.7,20.9,20.5,20.9,32060
2018-07-27,20.7,20.7,20.9,20.5,20.9,32060
2018-07-30,20.7,20.7,20.9,20.5,20.9,32060
2018-07-31,20.7,20.7,20.9,20.5,20.9,32060
2018-08-01,20.7,20.7,20.9,20.5,20.9,32060
2018-08-02,20.7,20.7,20.9,20.5,20.9,32060
2018-08-03,20.7,20.7,20.9,20.5,20.9,32060
2018-08-06,20.7,20.7,20.9,20.5,20.9,32060
2018-08-07,20.7,20.7,20.9,20.5,20.9,32060
2018-08-08,20.7,20.7,20.9,20.5,20.9,32060
2018-08-09,20.7,20.7,20.9,20.5,20.9,32060
2018-08-10,20.7,20.7,20.9,20.5,20.9,32060
2018-08-13,20.7,20.7,20.9,20.5,20.9,32060
2018-08-14,20.7,20.7,20.9,20.5,20.9,32060
2018-08-15,20.7,20.7,20.9,20.5,20.9,32060
2018-08-16,20.7,20.7,20.9,20.5,20.9,32060
2018-08-17,20.7,20.7,20.9,20.5,20.9,32060
2018-08-20,20.7,20.7,20.9,20.5,20.9,32060
2018-08-21,20.7,20.7,20.9,20.5,20.9,32060
2018-08-22,20.7,20.7,20.9,20.5,20.9,32060
2018-08-23,20.7,20.7,20.9,20.5,20.9,32060
2018-08-24,20.7,20.7,20.9,20.5,20.9,32060
2018-08-27,20.7,20.7,20.9,20.5,20.9,32060
2018-08-28,20.7,20.7,20.9,20.5,20.9,32060
2018-08-29,20.7,20.7,20.9,20.5,20.9,32060
2018-08-30,20.7,20.7,20.9,20.5,20.9,32060
2018-08-31,20.7,20.7,20.9,20.5,20.9,32060
2018-09-03,20.7,20.7,20.9,20.5,20.9,32060
2018-09-04,20.7,20.7,20.9,20.5,20.9,32060
2018-09-05,20.7,20.7,20.9,20.5,20.9,32060
2018-09-06,20.7,20.7,20.9,20.5,20.9,32060
2018-09-07,20.7,20.7,20.9,20.5,20.9,32060
2018-09-10,20.7,20.7,20.9,20.5,20.9,32060
2018-09-11,20.7,20.7,20.9,20.5,20.9,32060
2018-09-12,20.7,20.7,20.9,20.5,20.9,32060
2018-09-13,20.7,20.7,20.9,20.5,20.9,32060
2018-09-14,20.7,20.7,20.9,20.5,20.9,32060
2018-09-17,20.7,20.7,20.9,20.5,20.9,32060
2018-09-18,20.7,20.7,20.9,20.5,20.9,32060
2018-09-19,20.7,20.7,20.9,20.5,20.9,32060
2018-09-20,20.7,20.7,20.9,20.5,20.9,32060
2018-09-21,20.7,20.7,20.9,20.5,20.9,32060
2018-09-25,20.7,20.7,20.9,20.5,20.9,32060
2018-09-26,20.7,20.7,20.9,20.5,20.9,32060
2018-09-27,20.7,20.7,20.9,20.5,20.9,32060
2018-09-28,20.7,20.7,20.9,20.5,20.9,32060
2018-10-01,20.7,20.7,20.9,20.5,20.9,32060
2018-10-02,20.7,20.7,20.9,20.5,20.9,32060
2018-10-03,20.7,20.7,20.9,20.5,20.9,32060
2018-10-04,20.7,20.7,20.9,20.5,20.9,32060
2018-10-05,20.7,20.7,20.9,20.5,20.9,32060
2018-10-08,20.7,20.7,20.9,20.5,20.9,32060
2018-10-09,20.7,20.7,20.9,20.5,20.9,32060
2018-10-11,20.7,20.7,20.9,20.5,20.9,32060
2018-10-12,20.7,20.7,20.9,20.5,20.9,32060
2018-10-15,20.7,20.7,20.9,20.5,20.9,32060
2018-10-16,20.7,20.7,20.9,20.5,20.9,32060
2018-10-17,20.7,20.7,20.9,20.5,20.9,32060
2018-10-18,20.7,20.7,20.9,20.5,20.9,32060
2018-10-19,20.7,20.7,20.9,20.5,20.9,32060
2018-10-22,20.7,20.7,20.9,20.5,20.9,32060
2018-10-23,20.7,20.7,20.9,20.5,20.9,32060
2018-10-24,20.7,20.7,20.9,20.5,20.9,32060
2018-10-25,20.7,20.7,20.9,20.5,20.9,32060
2018-10-26,20.7,20.7,20.9,20.5,20.9,32060
2018-10-29,20.7,20.7,20.9,20.5,20.9,32060
2018-10-30,20.7,20.7,20.9,20.5,20.9,32060
2018-10-31,20.7,20.7,20.9,20.5,20.9,32060
2018-11-01,20.7,20.7,20.9,20.5,20.9,32060
2018-11-02,20.7,20.7,20.9,20.5,20.9,32060
2018-11-05,20.7,20.7,20.9,20.5,20.9,32060
2018-11-06,20.7,20.7,20.9,20.5,20.9,32060
2018-11-07,20.7,20.7,20.9,20.5,20.9,32060
2018-11-08,20.7,20.7,20.9,20.5,20.9,32060
2018-11-09,20.7,20.7,20.9,20.5,20.9,32060
2018-11-12,20.7,20.7,20.9,20.5,20.9,32060
2018-11-13,20.7,20.7,20.9,20.5,20.9,32060
2018-11-14,20.7,20.7,20.9,20.5,20.9,32060
2018-11-15,20.7,20.7,20.9,20.5,20.9,32060
2018-11-16,20.7,20.7,20.9,20.5,20.9,32060
2018-11-19,20.7,20.7,20.9,20.5,20.9,32060
2018-11-20,20.7,20.7,20.9,20.5,20.9,32060
2018-11-21,20.7,20.7,20.9,20.5,20.9,32060
2018-11-22,20.7,20.7,20.9,20.5,20.9,32060
2018-11-23,20.7,20.7,20.9,20.5,20.9,32060
2018-11-26,20.7,20.7,20.9,20.5,20.9,32060
2018-11-27,20.7,20.7,20.9,20.5,20.9,32060
2018-11-28,20.7,20.7,20.9,20.5,20.9,32060
2018-11-29,20.7,20.7,20.9,20.5,20.9,32060
2018-11-30,20.7,20.7,20.9,20.5,20.9,32060
2018-12-03,20.7,20.7,20.9,20.5,20.9,32060
2018-12-04,20.7,20.7,20.9,20.5,20.9,32060
2018-12-05,20.7,20.7,20.9,20.5,20.9,32060
2018-12-06,20.7,20.7,20.9,20.5,20.9,32060
2018-12-07,20.7,20.7,20.9,20.5,20.9,32060
2018-12-10,20.7,20.7,20.9,20.5,20.9,32060
2018-12-11,20.7,20.7,20.9,20.5,20.9,32060
2018-12-12,20.7,20.7,20.9,20.5,20.9,32060
2018-12-13,20.7,20.7,20.9,20.5,20.9,32060
2018-12-14,20.7,20.7,20.9,20.5,20.9,32060
2018-12-17,20.7,20.7,20.9,20.5,20.9,32060
2018-12-18,20.7,20.7,20.9,20.5,20.9,32060
2018-12-19,20.7,20.7,20.9,20.5,20.9,32060
2018-12-20,20.7,20.7,20.9,20.5,20.9,32060
2018-12-21,20.7,20.7,20.9,20.5,20.9,32060
2018-12-24,20.7,20.7,20.9,20.5,20.9,32060
2018-12-25,20.7,20.7,20.9,20.5,20.9,32060
2018-12-26,20.7,20.7,20.9,20.5,20.9,32060
2018-12-27,20.7,20.7,20.9,20.5,20.9,32060
2018-12-28,20.7,20.7,20.9,20.5,20.9,32060
2019-01-02,20.7,20.7,20.9,20.5,20.9,32060
2019-01-03,20.7,20.7,20.9,20.5,20.9,32060
2019-01-04,20.7,20.7,20.9,20.5,20.9,32060
2019-01-07,20.7,20.7,20.9,20.5,20.9,32060
2019-01-08,20.7,20.7,20.9,20.5,20.9,32060
2019-01-09,20.7,20.7,20.9,20.5,20.9,32060
2019-01-10,20.7,20.7,20.9,20.5,20.9,32060
2019-01-11,20.7,20.7,20.9,20.5,20.9,32060
2019-01-14,20.7,20.7,20.9,20.5,20.9,32060
2019-01-15,20.7,20.7,20.9,20.5,20.9,32060
2019-01-16,20.7,20.7,20.9,20.5,20.9,32060
2019-01-17,20.7,20.7,20.9,20.5,20.9,32060
2019-01-18,20.7,20.7,20.9,20.5,20.9,32060
2019-01-21,20.7,20.7,20.9,20.5,20.9,32060
2019-01-22,20.7,20.7,20.9,20.5,20.9,32060
2019-01-23,20.7,20.7,20.9,20.5,20.9,32060
2019-01-24,20.7,20.7,20.9,20.5,20.9,32060
2019-01-25,20.7,20.7,20.9,20.5,20.9,32060
2019-01-28,20.7,20.7,20.9,20.5,20.9,32060
2019-01-29,20.7,20.7,20.9,20.5,20.9,32060
2019-01-30,20.7,20.7,20.9,20.5,20.9,32060
2019-02-11,20.7,20.7,20.9,20.5,20.9,32060
2019-02-12,20.7,20.7,20.9,20.5,20.9,32060
2019-02-13,20.7,20.7,20.9,20.5,20.9,32060
2019-02-14,20.7,20.7,20.9,20.5,20.9,32060
2019-02-15,20.7,20.7,20.9,20.5,20.9,32060
2019-02-18,20.7,20.7,20.9,20.5,20.9,32060
2019-02-19,20.7,20.7,20.9,20.5,20.9,32060
2019-02-20,20.7,20.7,20.9,20.5,20.9,32060
2019-02-21,20.7,20.7,20.9,20.5,20.9,32060
2019-02-22,20.7,20.7,20.9,20.5,20.9,32060
2019-02-25,20.7,20.7,20.9,20.5,20.9,32060
2019-02-26,20.7,20.7,20.9,20.5,20.9,32060
2019-02-27,20.7,20.7,20.9,20.5,20.9,32060
2019-03-04,20.7,20.7,20.9,20.5,20.9,32060
2019-03-05,20.7,20.7,20.9,20.5,20.9,32060
2019-03-06,20.7,20.7,20.9,20.5,20.9,32060
2019-03-07,20.7,20.7,20.9,20.5,20.9,32060
2019-03-08,20.7,20.7,20.9,20.5,20.9,32060
2019-03-11,20.7,20.7,20.9,20.5,20.9,32060
2019-03-12,20.7,20.7,20.9,20.5,20.9,32060
2019-03-13,20.7,20.7,20.9,20.5,20.9,32060
2019-03-14,20.7,20.7,20.9,20.5,20.9,32060
2019-03-15,20.7,20.7,20.9,20.5,20.9,32060
2019-03-18,20.7,20.7,20.9,20.5,20.9,32060
2019-03-19,20.7,20.7,20.9,20.5,20.9,32060
2019-03-20,20.7,20.7,20.9,20.5,20.9,32060
2019-03-21,20.7,20.7,20.9,20.5,20.9,32060
2019-03-22,20.7,20.7,20.9,20.5,20.9,32060
2019-03-25,20.7,20.7,20.9,20.5,20.9,32060
2019-03-26,20.7,20.7,20.9,20.5,20.9,32060
2019-03-27,20.7,20.7,20.9,20.5,20.9,32060
2019-03-28,20.7,20.7,20.9,20.5,20.9,32060
2019-03-29,20.7,20.7,20.9,20.5,20.9,32060
2019-04-01,20.7,20.7,20.9,20.5,20.9,32060
2019-04-02,20.7,20.7,20.9,20.5,20.9,32060
2019-04-03,20.7,20.7,20.9,20.5,20.9,32060
2019-04-08,20.7,20.7,20.9,20.5,20.9,32060
2019-04-09,20.7,20.7,20.9,20.5,20.9,32060
2019-04-10,20.7,20.7,20.9,20.5,20.9,32060
2019-04-11,20.7,20.7,20.9,20.5,20.9,32060
2019-04-12,20.7,20.7,20.9,20.5,20.9,32060
2019-04-15,20.7,20.7,20.9,20.5,20.9,32060
2019-04-16,20.7,20.7,20.9,20.5,20.9,32060
2019-04-17,20.7,20.7,20.9,20.5,20.9,32060
2019-04-18,20.7,20.7,20.9,20.5,20.9,32060
2019-04-19,20.7,20.7,20.9,20.5,20.9,32060
2019-04-22,20.7,20.7,20.9,20.5,20.9,32060
2019-04-23,20.7,20.7,20.9,20.5,20.9,32060
2019-04-24,20.7,20.7,20.9,20.5,20.9,32060
2019-04-25,20.7,20.7,20.9,20.5,20.9,32060
2019-04-26,20.7,20.7,20.9,20.5,20.9,32060
2019-04-29,20.7,20.7,20.9,20.5,20.9,32060
2019-04-30,20.7,20.7,20.9,20.5,20.9,32060
2019-05-02,20.7,20.7,20.9,20.5,20.9,32060
2019-05-03,20.7,20.7,20.9,20.5,20.9,32060
2019-05-06,20.7,20.7,20.9,20.5,20.9,32060
2019-05-07,20.7,20.7,20.9,20.5,20.9,32060
2019-05-08,20.7,20.7,20.9,20.5,20.9,32060
2019-05-09,20.7,20.7,20.9,20.5,20.9,32060
2019-05-10,20.7,20.7,20.9,20.5,20.9,32060
2019-05-13,20.7,20.7,20.9,20.5,20.9,32060
2019-05-14,20.7,20.7,20.9,20.5,20.9,32060
2019-05-15,20.7,20.7,20.9,20.5,20.9,32060
2019-05-16,20.7,20.7,20.9,20.5,20.9,32060
2019-05-17,20.7,20.7,20.9,20.5,20.9,32060
2019-05-20,20.7,20.7,20.9,20.5,20.9,32060
2019-05-21,20.7,20.7,20.9,20.5,20.9,32060
2019-05-22,20.7,20.7,20.9,20.5,20.9,32060
2019-05-23,20.7,20.7,20.9,20.5,20.9,32060
2019-05-24,20.7,20.7,20.9,20.5,20.9,32060
2019-05-27,20.7,20.7,20.9,20.5,20.9,32060
2019-05-28,20.7,20.7,20.9,20.5,20.9,32060
2019-05-29,20.7,20.7,20.9,20.5,20.9,32060
2019-05-30,20.7,20.7,20.9,20.5,20.9,32060
2019-05-31,20.7,20.7,20.9,20.5,20.9,32060
2019-06-03,20.7,20.7,20.9,20.5,20.9,32060
2019-06-04,20.7,20.7,20.9,20.5,20.9,32060
2019-06-05,20.7,20.7,20.9,20.5,20.9,32060
2019-06-06,20.7,20.7,20.9,20.5,20.9,32060
2019-06-10,20.7,20.7,20.9,20.5,20.9,32060
2019-06-11,20.7,20.7,20.9,20.5,20.9,32060
2019-06-12,20.7,20.7,20.9,20.5,20.9,32060
2019-06-13,20.7,20.7,20.9,20.5,20.9,32060
2019-06-14,20.7,20.7,20.9,20.5,20.9,32060
2019-06-17,20.7,20.7,20.9,20.5,20.9,32060
2019-06-18,20.7,20.7,20.9,20.5,20.9,32060
2019-06-19,20.7,20.7,20.9,20.5,20.9,32060
2019-06-20,20.7,20.7,20.9,20.5,20.9,32060
2019-06-21,20.7,20.7,20.9,20.5,20.9,32060
2019-06-24,20.7,20.7,20.9,20.5,20.9,32060
2019-06-25,20.7,20.7,20.9,20.5,20.9,32060
2019-06-26,20.7,20.7,20.9,20.5,20.9,32060
2019-06-27,20.7,20.7,20.9,20.5,20.9,32060
2019-06-28,20.7,20.7,20.9,20.5,20.9,32060
2019-07-01,20.7,20.7,20.9,20.5,20.9,32060
2019-07-02,20.7,20.7,20.9,20.5,20.9,32060
2019-07-03,20.7,20.7,20.9,20.5,20.9,32060
2019-07-04,20.7,20.7,20.9,20.5,20.9,32060
2019-07-05,20.7,20.7,20.9,20.5,20.9,32060
2019-07-08,20.7,20.7,20.9,20.5,20.9,32060
2019-07-09,20.7,20.7,20.9,20.5,20.9,32060
2019-07-10,20.7,20.7,20.9,20.5,20.9,32060
2019-07-11,20.7,20.7,20.9,20.5,20.9,32060
2019-07-12,20.7,20.7,20.9,20.5,20.9,32060
2019-07-15,20.7,20.7,20.9,20.5,20.9,32060
2019-07-16,20.7,20.7,20.9,20.5,20.9,32060
2019-07-17,20.7,20.7,20.9,20.5,20.9,32060
2019-07-18,20.7,20.7,20.9,20.5,20.9,32060
2019-07-19,20.7,20.7,20.9,20.5,20.9,32060
2019-07-22,20.7,20.7,20.9,20.5,20.9,32060
2019-07-23,20.7,20.7,20.9,20.5,20.9,32060
2019-07-24,20.7,20.7,20.9,20.5,20.9,32060
2019-07-25,20.7,20.7,20.9,20.5,20.9,32060
2019-07-26,20.7,20.7,20.9,20.5,20.9,32060
2019-07-29,20.7,20.7,20.9,20.5,20.9,32060
2019-07-30,20.7,20.7,20.9,20.5,20.9,32060
2019-07-31,20.7,20.7,20.9,20.5,20.9,32060
2019-08-01,20.7,20.7,20.9,20.5,20.9,32060
2019-08-02,20.7,20.7,20.9,20.5,20.9,32060
2019-08-05,20.7,20.7,20.9,20.5,20.9,32060
2019-08-06,20.7,20.7,20.9,20.5,20.9,32060
2019-08-07,20.7,20.7,20.9,20.5,20.9,32060
2019-08-08,20.7,20.7,20.9,20.5,20.9,32060
2019-08-12,20.7,20.7,20.9,20.5,20.9,32060
2019-08-13,20.7,20.7,20.9,20.5,20.9,32060
2019-08-14,20.7,20.7,20.9,20.5,20.9,32060
2019-08-15,20.7,20.7,20.9,20.5,20.9,32060
2019-08-16,20.7,20.7,20.9,20.5,20.9,32060
2019-08-19,20.7,20.7,20.9,20.5,20.9,32060
2019-08-20,20.7,20.7,20.9,20.5,20.9,32060
2019-08-21,20.7,20.7,20.9,20.5,20.9,32060
2019-08-22,20.7,20.7,20.9,20.5,20.9,32060
2019-08-23,20.7,20.7,20.9,20.5,20.9,32060
2019-08-26,20.7,20.7,20.9,20.5,20.9,32060
2019-08-27,20.7,20.7,20.9,20.5,20.9,32060
2019-08-28,20.7,20.7,20.9,20.5,20.9,32060
2019-08-29,20.7,20.7,20.9,20.5,20.9,32060
2019-08-30,20.7,20.7,20.9,20.5,20.9,32060
2019-09-02,20.7,20.7,20.9,20.5,20.9,32060
2019-09-03,20.7,20.7,20.9,20.5,20.9,32060
2019-09-04,20.7,20.7,20.9,20.5,20.9,32060
2019-09-05,20.7,20.7,20.9,20.5,20.9,32060
2019-09-06,20.7,20.7,20.9,20.5,20.9,32060
2019-09-09,20.7,20.7,20.9,20.5,20.9,32060
2019-09-10,20.7,20.7,20.9,20.5,20.9,32060
2019-09-11,20.7,20.7,20.9,20.5,20.9,32060
2019-09-12,20.7,20.7,20.9,20.5,20.9,32060
2019-09-16,20.7,20.7,20.9,20.5,20.9,32060
2019-09-17,20.7,20.7,20.9,20.5,20.9,32060
2019-09-18,20.7,20.7,20.9,20.5,20.9,32060
2019-09-19,20.7,20.7,20.9,20.5,20.9,32060
2019-09-20,20.7,20.7,20.9,20.5,20.9,32060
2019-09-23,20.7,20.7,20.9,20.5,20.9,32060
2019-09-24,20.7,20.7,20.9,20.5,20.9,32060
2019-09-25,20.7,20.7,20.9,20.5,20.9,32060
2019-09-26,20.7,20.7,20.9,20.5,20.9,32060
2019-09-27,20.7,20.7,20.9,20.5,20.9,32060
2019-10-01,20.7,20.7,20.9,20.5,20.9,32060
2019-10-02,20.7,20.7,20.9,20.5,20.9,32060
2019-10-03,20.7,20.7,20.9,20.5,20.9,32060
2019-10-04,20.7,20.7,20.9,20.5,20.9,32060
2019-10-07,20.7,20.7,20.9,20.5,20.9,32060
2019-10-08,20.7,20.7,20.9,20.5,20.9,32060
2019-10-09,20.7,20.7,20.9,20.5,20.9,32060
2019-10-14,20.7,20.7,20.9,20.5,20.9,32060
2019-10-15,20.7,20.7,20.9,20.5,20.9,32060
2019-10-16,20.7,20.7,20.9,20.5,20.9,32060
2019-10-17,20.7,20.7,20.9,20.5,20.9,32060
2019-10-18,20.7,20.7,20.9,20.5,20.9,32060
2019-10-21,20.7,20.7,20.9,20.5,20.9,32060
2019-10-22,20.7,20.7,20.9,20.5,20.9,32060
2019-10-23,20.7,20.7,20.9,20.5,20.9,32060
2019-10-24,20.7,20.7,20.9,20.5,20.9,32060
2019-10-25,20.7,20.7,20.9,20.5,20.9,32060
2019-10-28,20.7,20.7,20.9,20.5,20.9,32060
2019-10-29,20.7,20.7,20.9,20.5,20.9,32060
2019-10-30,20.7,20.7,20.9,20.5,20.9,32060
2019-10-31,20.7,20.7,20.9,20.5,20.9,32060
2019-11-01,20.7,20.7,20.9,20.5,20.9,32060
2019-11-04,20.7,20.7,20.9,20.5,20.9,32060
2019-11-05,20.7,20.7,20.9,20.5,20.9,32060
2019-11-06,20.7,20.7,20.9,20.5,20.9,32060
2019-11-07,20.7,20.7,20.9,20.5,20.9,32060
2019-11-08,20.7,20.7,20.9,20.5,20.9,32060
2019-11-11,20.7,20.7,20.9,20.5,20.9,32060
2019-11-12,20.7,20.7,20.9,20.5,20.9,32060
2019-11-13,20.7,20.7,20.9,20.5,20.9,32060
2019-11-14,20.7,20.7,20.9,20.5,20.9,32060
2019-11-20,20.7,20.7,20.9,20.5,20.9,32060
2019-11-21,20.7,20.7,20.9,20.5,20.9,32060
2019-11-22,20.7,20.7,20.9,20.5,20.9,32060
2019-11-25,20.7,20.7,20.9,20.5,20.9,32060
2019-11-26,20.7,20.7,20.9,20.5,20.9,32060
2019-11-27,20.7,20.7,20.9,20.5,20.9,32060
2019-11-28,20.7,20.7,20.9,20.5,20.9,32060
2019-11-29,20.7,20.7,20.9,20.5,20.9,32060
2019-12-02,20.7,20.7,20.9,20.5,20.9,32060
2019-12-03,20.7,20.7,20.9,20.5,20.9,32060
2019-12-04,20.7,20.7,20.9,20.5,20.9,32060
2019-12-05,20.7,20.7,20.9,20.5,20.9,32060
2019-12-06,20.7,20.7,20.9,20.5,20.9,32060
2019-12-09,20.7,20.7,20.9,20.5,20.9,32060
2019-12-10,20.7,20.7,20.9,20.5,20.9,32060
2019-12-11,20.7,20.7,20.9,20.5,20.9,32060
2019-12-12,20.7,20.7,20.9,20.5,20.9,32060
2019-12-13,20.7,20.7,20.9,20.5,20.9,32060
2019-12-16,20.7,20.7,20.9,20.5,20.9,32060
2019-12-17,20.7,20.7,20.9,20.5,20.9,32060
2019-12-18,20.7,20.7,20.9,20.5,20.9,32060
2019-12-19,20.7,20.7,20.9,20.5,20.9,32060
2019-12-20,20.7,20.7,20.9,20.5,20.9,32060
2019-12-23,20.7,20.7,20.9,20.5,20.9,32060
2019-12-24,20.7,20.7,20.9,20.5,20.9,32060
2019-12-25,20.7,20.7,20.9,20.5,20.9,32060
2019-12-26,20.7,20.7,20.9,20.5,20.9,32060
2019-12-27,20.7,20.7,20.9,20.5,20.9,32060
2019-12-30,20.7,20.7,20.9,20.5,20.9,32060
2019-12-31,20.7,20.7,20.9,20.5,20.9,32060
2020-01-02,20.7,20.7,20.9,20.5,20.9,32060
2020-01-03,20.7,20.7,20.9,20.5,20.9,32060
2020-01-06,20.7,20.7,20.9,20.5,20.9,32060
2020-01-07,20.7,20.7,20.9,20.5,20.9,32060
2020-01-08,20.7,20.7,20.9,20.5,20.9,32060
2020-01-09,20.7,20.7,20.9,20.5,20.9,32060
2020-01-10,20.7,20.7,20.9,20.5,20.9,32060
2020-01-13,20.7,20.7,20.9,20.5,20.9,32060
2020-01-14,20.7,20.7,20.9,20.5,20.9,32060
2020-01-15,20.7,20.7,20.9,20.5,20.9,32060
2020-01-16,20.7,20.7,20.9,20.5,20.9,32060
2020-01-17,20.7,20.7,20.9,20.5,20.9,32060
2020-01-20,20.7,20.7,20.9,20.5,20.9,32060
2020-01-30,20.7,20.7,20.9,20.5,20.9,32060
2020-01-31,20.7,20.7,20.9,20.5,20.9,32060
2020-02-03,20.7,20.7,20.9,20.5,20.9,32060
2020-02-04,20.7,20.7,20.9,20.5,20.9,32060
2020-02-05,20.7,20.7,20.9,20.5,20.9,32060
2020-02-06,20.7,20.7,20.9,20.5,20.9,32060
2020-02-07,20.7,20.7,20.9,20.5,20.9,32060
2020-02-10,20.7,20.7,20.9,20.5,20.9,32060
2020-02-11,20.7,20.7,20.9,20.5,20.9,32060
2020-02-12,20.7,20.7,20.9,20.5,20.9,32060
2020-02-13,20.7,20.7,20.9,20.5,20.9,32060
2020-02-14,20.7,20.7,20.9,20.5,20.9,32060
2020-02-17,20.7,20.7,20.9,20.5,20.9,32060
2020-02-18,20.7,20.7,20.9,20.5,20.9,32060
2020-02-19,20.7,20.7,20.9,20.5,20.9,32060
2020-02-20,20.7,20.7,20.9,20.5,20.9,32060
2020-02-21,20.7,20.7,20.9,20.5,20.9,32060
2020-02-24,20.7,20.7,20.9,20.5,20.9,32060
2020-02-25,20.7,20.7,20.9,20.5,20.9,32060
2020-02-26,20.7,20.7,20.9,20.5,20.9,32060
2020-02-27,20.7,20.7,20.9,20.5,20.9,32060
2020-03-02,20.7,20.7,20.9,20.5,20.9,32060
2020-03-03,20.7,20.7,20.9,20.5,20.9,32060
2020-03-04,20.7,20.7,20.9,20.5,20.9,32060
2020-03-05,20.7,20.7,20.9,20.5,20.9,32060
2020-03-06,20.7,20.7,20.9,20.5,20.9,32060
2020-03-09,20.7,20.7,20.9,20.5,20.9,32060
2020-03-10,20.7,20.7,20.9,20.5,20.9,32060
2020-03-11,20.7,20.7,20.9,20.5,20.9,32060
2020-03-12,20.7,20.7,20.9,20.5,20.9,32060
2020-03-13,20.7,20.7,20.9,20.5,20.9,32060
2020-03-16,20.7,20.7,20.9,20.5,20.9,32060
2020-03-17,20.7,20.7,20.9,20.5,20.9,32060
2020-03-18,20.7,20.7,20.9,20.5,20.9,32060
2020-03-19,20.7,20.7,20.9,20.5,20.9,32060
2020-03-20,20.7,20.7,20.9,20.5,20.9,32060
2020-03-23,20.7,20.7,20.9,20.5,20.9,32060
2020-03-24,20.7,20.7,20.9,20.5,20.9,32060
2020-03-25,20.7,20.7,20.9,20.5,20.9,32060
2020-03-26,20.7,20.7,20.9,20.5,20.9,32060
2020-03-27,20.7,20.7,20.9,20.5,20.9,32060
2020-03-30,20.7,20.7,20.9,20.5,20.9,32060
2020-03-31,20.7,20.7,20.9,20.5,20.9,32060
2020-04-01,20.7,20.7,20.9,20.5,20.9,32060
2020-04-07,20.7,20.7,20.9,20.5,20.9,32060
2020-04-08,20.7,20.7,20.9,20.5,20.9,32060
2020-04-09,20.7,20.7,20.9,20.5,20.9,32060
2020-04-10,20.7,20.7,20.9,20.5,20.9,32060
2020-04-13,20.7,20.7,20.9,20.5,20.9,32060
2020-04-14,20.7,20.7,20.9,20.5,20.9,32060
2020-04-15,20.7,20.7,20.9,20.5,20.9,32060
2020-04-16,20.7,20.7,20.9,20.5,20.9,32060
2020-04-17,20.7,20.7,20.9,20.5,20.9,32060
2020-04-20,20.7,20.7,20.9,20.5,20.9,32060
2020-04-21,20.7,20.7,20.9,20.5,20.9,32060
2020-04-22,20.7,20.7,20.9,20.5,20.9,32060
2020-04-23,20.7,20.7,20.9,20.5,20.9,32060
2020-04-24,20.7,20.7,20.9,20.5,20.9,32060
2020-04-27,20.7,20.7,20.9,20.5,20.9,32060
2020-04-28,20.7,20.7,20.9,20.5,20.9,32060
2020-04-29,20.7,20.7,20.9,20.5,20.9,32060
2020-05-04,20.7,20.7,20.9,20.5,20.9,32060
2020-05-05,20.7,20.7,20.9,20.5,20.9,32060
2020-05-06,20.7,20.7,20.9,20.5,20.9,32060
2020-05-07,20.7,20.7,20.9,20.5,20.9,32060
2020-05-08,20.7,20.7,20.9,20.5,20.9,32060
2020-05-11,20.7,20.7,20.9,20.5,20.9,32060
2020-05-12,20.7,20.7,20.9,20.5,20.9,32060
2020-05-13,20.7,20.7,20.9,20.5,20.9,32060
2020-05-14,20.7,20.7,20.9,20.5,20.9,32060
2020-05-15,20.7,20.7,20.9,20.5,20.9,32060
2020-05-18,20.7,20.7,20.9,20.5,20.9,32060
2020-05-19,20.7,20.7,20.9,20.5,20.9,32060
2020-05-20,20.7,20.7,20.9,20.5,20.9,32060
2020-05-21,20.7,20.7,20.9,20.5,20.9,32060
2020-05-22,20.7,20.7,20.9,20.5,20.9,32060
2020-05-25,20.7,20.7,20.9,20.5,20.9,32060
2020-05-26,20.7,20.7,20.9,20.5,20.9,32060
2020-05-27,20.7,20.7,20.9,20.5,20.9,32060
2020-05-28,20.7,20.7,20.9,20.5,20.9,32060
2020-05-29,20.7,20.7,20.9,20.5,20.9,32060
2020-06-01,20.7,20.7,20.9,20.5,20.9,32060
2020-06-02,20.7,20.7,20.9,20.5,20.9,32060
2020-06-03,20.7,20.7,20.9,20.5,20.9,32060
2020-06-04,20.7,20.7,20.9,20.5,20.9,32060
2020-06-05,20.7,20.7,20.9,20.5,20.9,32060
2020-06-08,20.7,20.7,20.9,20.5,20.9,32060
2020-06-09,20.7,20.7,20.9,20.5,20.9,32060
2020-06-10,20.7,20.7,20.9,20.5,20.9,32060
2020-06-11,20.7,20.7,20.9,20.5,20.9,32060
2020-06-12,20.7,20.7,20.9,20.5,20.9,32060
2020-06-15,20.7,20.7,20.9,20.5,20.9,32060
2020-06-16,20.7,20.7,20.9,20.5,20.9,32060
2020-06-17,20.7,20.7,20.9,20.5,20.9,32060
2020-06-18,20.7,20.7,20.9,20.5,20.9,32060
2020-06-19,20.7,20.7,20.9,20.5,20.9,32060
2020-06-22,20.7,20.7,20.9,20.5,20.9,32060
2020-06-23,20.7,20.7,20.9,20.5,20.9,32060
2020-06-24,20.7,20.7,20.9,20.5,20.9,32060
2020-06-29,20.7,20.7,20.9,20.5,20.9,32060
2020-06-30,20.7,20.7,20.9,20.5,20.9,32060
2020-07-01,20.7,20.7,20.9,20.5,20.9,32060
2020-07-02,20.7,20.7,20.9,20.5,20.9,32060
2020-07-03,20.7,20.7,20.9,20.5,20.9,32060
2020-07-06,20.7,20.7,20.9,20.5,20.9,32060
2020-07-07,20.7,20.7,20.9,20.5,20.9,32060
2020-07-08,20.7,20.7,20.9,20.5,20.9,32060
2020-07-09,20.7,20.7,20.9,20.5,20.9,32060
2020-07-10,20.7,20.7,20.9,20.5,20.9,32060
2020-07-13,20.7,20.7,20.9,20.5,20.9,32060
2020-07-14,20.7,20.7,20.9,20.5,20.9,32060
2020-07-15,20.7,20.7,20.9,20.5,20.9,32060
2020-07-16,20.7,20.7,20.9,20.5,20.9,32060
2020-07-17,20.7,20.7,20.9,20.5,20.9,32060
2020-07-20,20.7,20.7,20.9,20.5,20.9,32060
2020-07-21,20.7,20.7,20.9,20.5,20.9,32060
2020-07-22,20.7,20.7,20.9,20.5,20.9,32060
2020-07-23,20.7,20.7,20.9,20.5,20.9,32060
2020-07-24,20.7,20.7,20.9,20.5,20.9,32060
2020-07-27,20.7,20.7,20.9,20.5,20.9,32060
2020-07-28,20.7,20.7,20.9,20.5,20.9,32060
2020-07-29,20.7,20.7,20.9,20.5,20.9,32060
2020-07-30,20.7,20.7,20.9,20.5,20.9,32060
2020-07-31,20.7,20.7,20.9,20.5,20.9,32060
2020-08-03,20.7,20.7,20.9,20.5,20.9,32060
2020-08-04,20.7,20.7,20.9,20.5,20.9,32060
2020-08-05,20.7,20.7,20.9,20.5,20.9,32060
2020-08-06,20.7,20.7,20.9,20.5,20.9,32060
2020-08-07,20.7,20.7,20.9,20.5,20.9,32060
2020-08-10,20.7,20.7,20.9,20.5,20.9,32060
2020-08-11,20.7,20.7,20.9,20.5,20.9,32060
2020-08-12,20.7,20.7,20.9,20.5,20.9,32060
2020-08-13,20.7,20.7,20.9,20.5,20.9,32060
2020-08-14,20.7,20.7,20.9,20.5,20.9,32060
2020-08-17,20.7,20.7,20.9,20.5,20.9,32060
2020-08-18,20.7,20.7,20.9,20.5,20.9,32060
2020-08-19,20.7,20.7,20.9,20.5,20.9,32060
2020-08-20,20.7,20.7,20.9,20.5,20.9,32060
2020-08-21,20.7,20.7,20.9,20.5,20.9,32060
2020-08-24,20.7,20.7,20.9,20.5,20.9,32060
2020-08-25,20.7,20.7,20.9,20.5,20.9,32060
2020-08-26,20.7,20.7,20.9,20.5,20.9,32060
2020-08-27,20.7,20.7,20.9,20.5,20.9,32060
2020-08-28,20.7,20.7,20.9,20.5,20.9,32060
2020-08-31,20.7,20.7,20.9,20.5,20.9,32060
2020-09-01,20.7,20.7,20.9,20.5,20.9,32060
2020-09-02,20.7,20.7,20.9,20.5,20.9,32060
2020-09-03,20.7,20.7,20.9,20.5,20.9,32060
2020-09-04,20.7,20.7,20.9,20.5,20.9,32060
2020-09-07,20.7,20.7,20.9,20.5,20.9,32060
2020-09-08,20.7,20.7,20.9,20.5,20.9,32060
2020-09-09,20.7,20.7,20.9,20.5,20.9,32060
2020-09-10,20.7,20.7,20.9,20.5,20.9,32060
2020-09-11,20.7,20.7,20.9,20.5,20.9,32060
2020-09-14,20.7,20.7,20.9,20.5,20.9,32060
2020-09-15,20.7,20.7,20.9,20.5,20.9,32060
2020-09-16,20.7,20.7,20.9,20.5,20.9,32060
2020-09-17,20.7,20.7,20.9,20.5,20.9,32060
2020-09-18,20.7,20.7,20.9,20.5,20.9,32060
2020-09-21,20.7,20.7,20.9,20.5,20.9,32060
2020-09-22,20.7,20.7,20.9,20.5,20.9,32060
2020-09-23,20.7,20.7,20.9,20.5,20.9,32060
2020-09-24,20.7,20.7,20.9,20.5,20.9,32060
2020-09-25,20.7,20.7,20.9,20.5,20.9,32060
2020-09-28,20.7,20.7,20.9,20.5,20.9,32060
2020-09-29,20.7,20.7,20.9,20.5,20.9,32060
2020-09-30,20.7,20.7,20.9,20.5,20.9,32060
2020-10-05,20.7,20.7,20.9,20.5,20.9,32060
2020-10-06,20.7,20.7,20.9,20.5,20.9,32060
2020-10-07,20.7,20.7,20.9,20.5,20.9,32060
2020-10-08,20.7,20.7,20.9,20.5,20.9,32060
2020-10-12,20.7,20.7,20.9,20.5,20.9,32060
2020-10-13,20.7,20.7,20.9,20.5,20.9,32060
2020-10-14,20.7,20.7,20.9,20.5,20.9,32060
2020-10-15,20.7,20.7,20.9,20.5,20.9,32060
2020-10-16,20.7,20.7,20.9,20.5,20.9,32060
2020-10-19,20.7,20.7,20.9,20.5,20.9,32060
2020-10-20,20.7,20.7,20.9,20.5,20.9,32060
2020-10-21,20.7,20.7,20.9,20.5,20.9,32060
2020-10-22,20.7,20.7,20.9,20.5,20.9,32060
2020-10-23,20.7,20.7,20.9,20.5,20.9,32060
2020-10-26,20.7,20.7,20.9,20.5,20.9,32060
2020-10-27,20.7,20.7,20.9,20.5,20.9,32060
2020-10-28,20.7,20.7,20.9,20.5,20.9,32060
2020-10-29,20.7,20.7,20.9,20.5,20.9,32060
2020-10-30,20.7,20.7,20.9,20.5,20.9,32060
2020-11-02,20.7,20.7,20.9,20.5,20.9,32060
2020-11-03,20.7,20.7,20.9,20.5,20.9,32060
2020-11-04,20.7,20.7,20.9,20.5,20.9,32060
2020-11-05,20.7,20.7,20.9,20.5,20.9,32060
2020-11-06,20.7,20.7,20.9,20.5,20.9,32060
2020-11-09,20.7,20.7,20.9,20.5,20.9,32060
2020-11-10,20.7,20.7,20.9,20.5,20.9,32060
2020-11-11,20.7,20.7,20.9,20.5,20.9,32060
2020-11-12,20.7,20.7,20.9,20.5,20.9,32060
2020-11-13,20.7,20.7,20.9,20.5,20.9,32060
2020-11-16,20.7,20.7,20.9,20.5,20.9,32060
2020-11-17,20.7,20.7,20.9,20.5,20.9,32060
2020-11-18,20.7,20.7,20.9,20.5,20.9,32060
2020-11-19,20.7,20.7,20.9,20.5,20.9,32060
2020-11-20,20.7,20.7,20.9,20.5,20.9,32060
2020-11-23,20.7,20.7,20.9,20.5,20.9,32060
2020-11-24,20.7,20.7,20.9,20.5,20.9,32060
2020-11-25,20.7,20.7,20.9,20.5,20.9,32060
2020-11-26,20.7,20.7,20.9,20.5,20.9,32060
2020-11-27,20.7,20.7,20.9,20.5,20.9,32060
2020-11-30,20.7,20.7,20.9,20.5,20.9,32060
2020-12-01,20.7,20.7,20.9,20.5,20.9,32060
2020-12-02,20.7,20.7,20.9,20.5,20.9,32060
2020-12-04,20.7,20.7,20.9,20.5,20.9,32060
2020-12-07,20.7,20.7,20.9,20.5,20.9,32060
2020-12-08,20.7,20.7,20.9,20.5,20.9,32060
2020-12-09,20.7,20.7,20.9,20.5,20.9,32060
2020-12-10,20.7,20.7,20.9,20.5,20.9,32060
2020-12-11,20.7,20.7,20.9,20.5,20.9,32060
2020-12-14,20.7,20.7,20.9,20.5,20.9,32060
2020-12-15,20.7,20.7,20.9,20.5,20.9,32060
2020-12-16,20.7,20.7,20.9,20.5,20.9,32060
2020-12-17,20.7,20.7,20.9,20.5,20.9,32060
2020-12-18,20.7,20.7,20.9,20.5,20.9,32060
2020-12-21,20.7,20.7,20.9,20.5,20.9,32060
2020-12-22,20.7,20.7,20.9,20.5,20.9,32060
2020-12-23,20.7,20.7,20.9,20.5,20.9,32060
2020-12-24,20.7,20.7,20.9,20.5,20.9,32060
2020-12-25,20.7,20.7,20.9,20.5,20.9,32060
2020-12-28,20.7,20.7,20.9,20.5,20.9,32060
2020-12-29,20.7,20.7,20.9,20.5,20.9,32060
2020-12-30,20.7,20.7,20.9,20.5,20.9,32060
2020-12-31,20.7,20.7,20.9,20.5,20.9,32060
2021-01-04,20.7,20.7,20.9,20.5,20.9,32060
2021-01-05,20.7,20.7,20.9,20.5,20.9,32060
2021-01-06,20.7,20.7,20.9,20.5,20.9,32060
2021-01-07,20.7,20.7,20.9,20.5,20.9,32060
2021-01-08,20.7,20.7,20.9,20.5,20.9,32060
2021-01-11,20.7,20.7,20.9,20.5,20.9,32060
2021-01-12,20.7,20.7,20.9,20.5,20.9,32060
2021-01-13,20.7,20.7,20.9,20.5,20.9,32060
2021-01-14,20.7,20.7,20.9,20.5,20.9,32060
2021-01-15,20.7,20.7,20.9,20.5,20.9,32060
2021-01-18,20.7,20.7,20.9,20.5,20.9,32060
2021-01-19,20.7,20.7,20.9,20.5,20.9,32060
2021-01-20,20.7,20.7,20.9,20.5,20.9,32060
2021-01-21,20.7,20.7,20.9,20.5,20.9,32060
2021-01-22,20.7,20.7,20.9,20.5,20.9,32060
2021-01-25,20.7,20.7,20.9,20.5,20.9,32060
2021-01-26,20.7,20.7,20.9,20.5,20.9,32060
2021-01-27,20.7,20.7,20.9,20.5,20.9,32060
2021-01-28,20.7,20.7,20.9,20.5,20.9,32060
2021-01-29,20.7,20.7,20.9,20.5,20.9,32060
2021-02-01,20.7,20.7,20.9,20.5,20.9,32060
2021-02-02,20.7,20.7,20.9,20.5,20.9,32060
2021-02-03,20.7,20.7,20.9,20.5,20.9,32060
2021-02-04,20.7,20.7,20.9,20.5,20.9,32060
2021-02-05,20.7,20.7,20.9,20.5,20.9,32060
2021-02-17,20.7,20.7,20.9,20.5,20.9,32060
2021-02-18,20.7,20.7,20.9,20.5,20.9,32060
2021-02-19,20.7,20.7,20.9,20.5,20.9,32060
2021-02-22,20.7,20.7,20.9,20.5,20.9,32060
2021-02-23,20.7,20.7,20.9,20.5,20.9,32060
2021-02-24,20.7,20.7,20.9,20.5,20.9,32060
2021-02-25,20.7,20.7,20.9,20.5,20.9,32060
2021-02-26,20.7,20.7,20.9,20.5,20.9,32060
2021-03-02,20.7,20.7,20.9,20.5,20.9,32060
2021-03-03,20.7,20.7,20.9,20.5,20.9,32060
2021-03-04,20.7,20.7,20.9,20.5,20.9,32060
2021-03-05,20.7,20.7,20.9,20.5,20.9,32060
2021-03-08,20.7,20.7,20.9,20.5,20.9,32060
2021-03-09,20.7,20.7,20.9,20.5,20.9,32060
2021-03-10,20.7,20.7,20.9,20.5,20.9,32060
2021-03-11,20.7,20.7,20.9,20.5,20.9,32060
2021-03-12,20.7,20.7,20.9,20.5,20.9,32060
2021-03-15,20.7,20.7,20.9,20.5,20.9,32060
2021-03-16,20.7,20.7,20.9,20.5,20.9,32060
2021-03-17,20.7,20.7,20.9,20.5,20.9,32060
2021-03-18,20.7,20.7,20.9,20.5,20.9,32060
2021-03-19,20.7,20.7,20.9,20.5,20.9,32060
2021-03-22,20.7,20.7,20.9,20.5,20.9,32060
2021-03-23,20.7,20.7,20.9,20.5,20.9,32060
2021-03-24,20.7,20.7,20.9,20.5,20.9,32060
2021-03-25,20.7,20.7,20.9,20.5,20.9,32060
2021-03-26,20.7,20.7,20.9,20.5,20.9,32060
2021-03-29,20.7,20.7,20.9,20.5,20.9,32060
2021-03-30,20.7,20.7,20.9,20.5,20.9,32060
2021-03-31,20.7,20.7,20.9,20.5,20.9,32060
2021-04-01,20.7,20.7,20.9,20.5,20.9,32060
2021-04-06,20.7,20.7,20.9,20.5,20.9,32060
2021-04-07,20.7,20.7,20.9,20.5,20.9,32060
2021-04-08,20.7,20.7,20.9,20.5,20.9,32060
2021-04-09,20.7,20.7,20.9,20.5,20.9,32060
2021-04-12,20.7,20.7,20.9,20.5,20.9,32060
2021-04-13,20.7,20.7,20.9,20.5,20.9,32060
2021-04-14,20.7,20.7,20.9,20.5,20.9,32060
2021-04-15,20.7,20.7,20.9,20.5,20.9,32060
2021-04-16,20.7,20.7,20.9,20.5,20.9,32060
2021-04-19,20.7,20.7,20.9,20.5,20.9,32060
2021-04-20,20.7,20.7,20.9,20.5,20.9,32060
2021-04-21,20.7,20.7,20.9,20.5,20.9,32060
2021-04-22,20.7,20.7,20.9,20.5,20.9,32060
2021-04-23,20.7,20.7,20.9,20.5,20.9,32060
2021-04-26,20.7,20.7,20.9,20.5,20.9,32060
2021-04-27,20.7,20.7,20.9,20.5,20.9,32060
2021-04-28,20.7,20.7,20.9,20.5,20.9,32060
2021-04-29,20.7,20.7,20.9,20.5,20.9,32060
2021-05-03,20.7,20.7,20.9,20.5,20.9,32060
2021-05-04,20.7,20.7,20.9,20.5,20.9,32060
2021-05-05,20.7,20.7,20.9,20.5,20.9,32060
2021-05-06,20.7,20.7,20.9,20.5,20.9,32060
2021-05-07,20.7,20.7,20.9,20.5,20.9,32060
2021-05-10,20.7,20.7,20.9,20.5,20.9,32060
2021-05-11,20.7,20.7,20.9,20.5,20.9,32060
2021-05-12,20.7,20.7,20.9,20.5,20.9,32060
2021-05-13,20.7,20.7,20.9,20.5,20.9,32060
2021-05-14,20.7,20.7,20.9,20.5,20.9,32060
2021-05-17,20.7,20.7,20.9,20.5,20.9,32060
2021-05-18,20.7,20.7,20.9,20.5,20.9,32060
2021-05-19,20.7,20.7,20.9,20.5,20.9,32060
2021-05-20,20.7,20.7,20.9,20.5,20.9,32060
2021-05-21,20.7,20.7,20.9,20.5,20.9,32060
2021-05-24,20.7,20.7,20.9,20.5,20.9,32060
2021-05-25,20.7,20.7,20.9,20.5,20.9,32060
2021-05-26,20.7,20.7,20.9,20.5,20.9,32060
2021-05-27,20.7,20.7,20.9,20.5,20.9,32060
2021-05-28,20.7,20.7,20.9,20.5,20.9,32060
2021-05-31,20.7,20.7,20.9,20.5,20.9,32060
2021-06-01,20.7,20.7,20.9,20.5,20.9,32060
2021-06-02,20.7,20.7,20.9,20.5,20.9,32060
2021-06-03,20.7,20.7,20.9,20.5,20.9,32060
2021-06-04,20.7,20.7,20.9,20.5,20.9,32060
2021-06-07,20.7,20.7,20.9,20.5,20.9,32060
2021-06-08,20.7,20.7,20.9,20.5,20.9,32060
2021-06-09,20.7,20.7,20.9,20.5,20.9,32060
2021-06-10,20.7,20.7,20.9,20.5,20.9,32060
2021-06-11,20.7,20.7,20.9,20.5,20.9,32060
2021-06-15,20.7,20.7,20.9,20.5,20.9,32060
2021-06-16,20.7,20.7,20.9,20.5,20.9,32060
2021-06-17,20.7,20.7,20.9,20.5,20.9,32060
2021-06-18,20.7,20.7,20.9,20.5,20.9,32060
2021-06-21,20.7,20.7,20.9,20.5,20.9,32060
2021-06-22,20.7,20.7,20.9,20.5,20.9,32060
2021-06-23,20.7,20.7,20.9,20.5,20.9,32060
2021-06-24,20.7,20.7,20.9,20.5,20.9,32060
2021-06-25,20.7,20.7,20.9,20.5,20.9,32060
2021-06-28,20.7,20.7,20.9,20.5,20.9,32060
2021-06-29,20.7,20.7,20.9,20.5,20.9,32060
2021-06-30,20.7,20.7,20.9,20.5,20.9,32060
2021-07-01,20.7,20.7,20.9,20.5,20.9,32060
2021-07-02,20.7,20.7,20.9,20.5,20.9,32060
2021-07-05,20.7,20.7,20.9,20.5,20.9,32060
2021-07-06,20.7,20.7,20.9,20.5,20.9,32060
2021-07-07,20.7,20.7,20.9,20.5,20.9,32060
2021-07-08,20.7,20.7,20.9,20.5,20.9,32060
2021-07-09,20.7,20.7,20.9,20.5,20.9,32060
2021-07-12,20.7,20.7,20.9,20.5,20.9,32060
2021-07-13,20.7,20.7,20.9,20.5,20.9,32060
2021-07-14,20.7,20.7,20.9,20.5,20.9,32060
2021-07-15,20.7,20.7,20.9,20.5,20.9,32060
2021-07-16,20.7,20.7,20.9,20.5,20.9,32060
2021-07-19,20.7,20.7,20.9,20.5,20.9,32060
2021-07-20,20.7,20.7,20.9,20.5,20.9,32060
2021-07-21,20.7,20.7,20.9,20.5,20.9,32060
2021-07-22,20.7,20.7,20.9,20.5,20.9,32060
2021-07-23,20.7,20.7,20.9,20.5,20.9,32060
2021-07-26,20.7,20.7,20.9,20.5,20.9,32060
2021-07-27,20.7,20.7,20.9,20.5,20.9,32060
2021-07-28,20.7,20.7,20.9,20.5,20.9,32060
2021-07-29,20.7,20.7,20.9,20.5,20.9,32060
2021-07-30,20.7,20.7,20.9,20.5,20.9,32060
2021-08-02,20.7,20.7,20.9,20.5,20.9,32060
2021-08-03,20.7,20.7,20.9,20.5,20.9,32060
2021-08-04,20.7,20.7,20.9,20.5,20.9,32060
2021-08-05,20.7,20.7,20.9,20.5,20.9,32060
2021-08-06,20.7,20.7,20.9,20.5,20.9,32060
2021-08-09,13.0,13.0,13.0,13.0,13.0,6000
2021-08-10,11.7,11.7,11.7,11.7,11.7,12000
2021-08-11,11.35,11.35,11.7,11.35,11.7,7000
2021-08-13,11.35,11.35,11.35,11.35,11.35,3000
2021-08-18,11.35,11.35,11.35,11.35,11.35,9000
2021-08-20,12.0,12.0,12.0,12.0,12.0,1000
2021-08-23,12.9,12.9,12.9,12.9,12.9,1000
2021-08-24,13.0,13.0,13.0,13.0,13.0,1000
2021-08-25,12.9,12.9,12.9,12.9,12.9,2000
2021-08-27,14.1,14.1,14.1,14.1,14.1,10000
2021-08-30,14.05,14.05,14.1,14.05,14.1,4000
2021-08-31,13.0,13.0,14.05,13.0,14.05,2000
2021-09-01,13.0,13.0,13.0,13.0,13.0,1000
2021-09-02,13.9,13.9,13.9,13.9,13.9,1000
2021-09-03,13.85,13.85,13.85,12.95,12.95,3000
2021-09-07,12.45,12.45,12.45,12.45,12.45,1000
2021-09-08,13.6,13.6,13.6,13.6,13.6,1000
2021-09-10,12.25,12.25,12.8,12.25,12.8,10000
2021-09-13,13.4,13.4,13.4,13.4,13.4,1000
2021-09-14,12.8,12.8,13.0,12.8,13.0,7000
2021-09-15,12.3,12.3,12.3,12.3,12.3,2000
2021-09-16,12.5,12.5,12.5,12.5,12.5,5000
2021-09-17,13.7,13.7,13.7,13.7,13.7,1000
2021-09-22,13.45,13.45,13.45,13.45,13.45,1000
2021-09-23,12.8,12.8,12.8,12.8,12.8,7000
2021-09-24,13.15,13.15,13.15,12.8,12.8,14000
2021-09-28,13.15,13.15,13.15,12.0,12.0,3000
2021-09-29,12.1,12.1,12.1,12.1,12.1,2000
2021-09-30,12.1,12.1,12.1,12.1,12.1,1000
2021-10-06,13.2,13.2,13.2,13.2,13.2,1000
2021-10-12,13.35,13.35,13.35,13.35,13.35,1000
2021-10-13,13.3,13.3,13.5,13.3,13.5,3000
2021-10-15,13.2,13.2,13.95,13.2,13.95,3000
2021-10-21,12.05,12.05,12.05,12.05,12.05,1000
2021-10-22,12.3,12.3,12.3,11.05,11.05,8000
2021-10-26,12.1,12.1,12.1,12.1,12.1,1000
2021-10-29,12.7,12.7,12.7,12.7,12.7,1000
2021-11-04,12.85,12.85,12.85,12.85,12.85,1000
2021-11-09,12.8,12.8,12.8,12.7,12.7,3000
2021-11-10,12.8,12.8,12.8,12.8,12.8,1000
2021-11-12,13.3,13.3,13.5,13.3,13.5,10000
2021-11-15,13.2,13.2,13.2,13.2,13.2,1000
2021-11-16,12.6,12.6,12.6,12.6,12.6,4000
2021-11-18,13.0,13.0,13.0,11.95,11.95,8000
2021-11-19,12.0,12.0,12.0,12.0,12.0,2000
2021-11-23,12.1,12.1,12.1,11.6,11.6,4000
2021-11-24,12.5,12.5,12.5,11.7,11.7,2000
2021-11-25,12.0,12.0,12.5,12.0,12.5,4000
2021-11-26,11.5,11.5,11.5,11.5,11.5,7000
2021-11-29,12.6,12.6,12.6,11.0,11.0,5000
2021-12-07,11.35,11.35,12.9,11.35,12.9,6000
2021-12-08,11.2,11.2,11.2,11.2,11.2,14000
2021-12-09,11.9,11.9,11.9,11.9,11.9,1000
2021-12-10,12.4,12.4,12.4,12.4,12.4,13000
2021-12-13,12.4,12.4,12.4,12.4,12.4,1000
2021-12-15,12.4,12.4,12.4,12.4,12.4,2000
2021-12-16,12.4,12.4,12.55,12.4,12.55,4000
2021-12-17,12.2,12.2,12.45,12.2,12.45,6000
2021-12-20,12.3,12.3,12.3,12.3,12.3,2000
2021-12-21,12.3,12.3,12.3,12.3,12.3,1000
2021-12-22,12.3,12.3,12.3,12.3,12.3,1000
2021-12-23,12.95,12.95,12.95,12.2,12.3,3000
2021-12-24,12.5,12.5,12.9,12.5,12.9,3000
2021-12-27,12.5,12.5,12.5,12.5,12.5,5000
2021-12-28,13.2,13.2,13.2,13.2,13.2,6000
2021-12-30,13.0,13.0,13.0,12.9,12.9,19000
2022-01-04,12.9,12.9,12.9,12.9,12.9,3000
2022-01-05,12.8,12.8,12.9,12.8,12.9,3000
2022-01-06,12.7,12.7,12.8,12.7,12.8,4000
2022-01-07,12.6,12.6,12.65,12.6,12.65,5000
2022-01-10,12.6,12.6,12.6,12.6,12.6,1000
2022-01-11,13.3,13.3,13.3,13.3,13.3,6000
2022-01-12,13.6,13.6,13.6,13.6,13.6,3000
2022-01-13,13.0,13.0,13.0,13.0,13.0,1000
2022-01-14,13.7,13.7,13.7,13.0,13.0,2000
2022-01-17,13.8,13.8,13.8,12.35,12.35,4000
2022-01-19,13.5,13.5,13.5,13.5,13.5,2000
2022-01-20,13.5,13.5,13.5,13.0,13.0,2000
2022-01-21,13.4,13.4,13.4,13.4,13.4,1000
2022-01-24,13.2,13.2,13.2,12.15,12.15,5000
2022-01-26,13.3,13.3,13.3,13.3,13.3,6000
2022-02-07,13.8,13.8,13.8,13.8,13.8,4000
2022-02-08,13.8,13.8,13.8,13.8,13.8,1000
2022-02-09,13.8,13.8,13.8,13.8,13.8,1000
2022-02-10,13.85,13.85,13.9,13.2,13.9,4000
2022-02-11,13.6,13.6,13.8,13.6,13.8,5000
2022-02-14,13.4,13.4,13.4,13.4,13.4,1000
2022-02-15,13.5,13.5,13.5,13.4,13.4,7000
2022-02-16,13.5,13.5,13.7,13.5,13.5,7000
2022-02-17,14.6,14.6,14.7,13.7,13.7,72000
2022-02-18,14.9,14.9,15.0,13.9,13.9,52000
2022-02-21,16.0,16.0,16.0,15.0,15.0,43000
2022-02-22,16.5,16.5,16.95,15.6,15.6,51000
2022-02-23,16.95,16.95,16.95,16.5,16.5,30000
2022-02-24,17.05,17.05,17.05,16.95,17.0,111000
2022-02-25,16.55,16.55,17.1,16.55,17.1,78000
2022-03-01,17.05,17.05,17.2,17.0,17.0,48000
2022-03-02,17.5,17.5,17.5,17.05,17.05,12000
2022-03-03,17.95,17.95,18.0,17.6,18.0,39000
2022-03-04,17.0,17.0,18.0,17.0,17.95,28000
2022-03-07,15.55,15.55,15.95,15.55,15.95,21000
2022-03-08,15.0,15.0,15.55,14.5,15.15,9000
2022-03-09,15.45,15.45,15.45,14.5,14.5,21000
2022-03-10,15.45,15.45,15.95,15.45,15.95,15000
2022-03-11,15.0,15.0,15.45,14.8,15.45,8000
2022-03-14,15.0,15.0,15.8,15.0,15.25,17000
2022-03-15,14.85,14.85,15.0,14.85,15.0,4000
2022-03-16,15.0,15.0,15.0,14.85,15.0,16000
2022-03-18,15.0,15.0,15.0,15.0,15.0,18000
2022-03-21,15.0,15.0,15.0,15.0,15.0,1000
2022-03-22,15.0,15.0,15.0,15.0,15.0,2000
2022-03-23,15.1,15.1,15.8,15.0,15.0,11000
2022-03-24,15.9,15.9,15.9,15.0,15.0,4000
2022-03-25,15.8,15.8,15.8,15.8,15.8,4000
2022-03-29,15.0,15.0,15.1,15.0,15.1,4000
2022-03-30,13.6,13.6,15.0,13.6,15.0,2000
2022-03-31,14.95,14.95,14.95,14.95,14.95,12000
2022-04-01,16.0,16.0,16.0,16.0,16.0,19000
2022-04-06,15.95,15.95,15.95,14.4,14.4,7000
2022-04-07,15.3,15.3,15.3,15.3,15.3,3000
2022-04-08,15.0,15.0,16.0,14.1,16.0,9000
2022-04-13,15.8,15.8,16.0,15.8,16.0,11000
2022-04-14,15.3,15.3,15.8,15.3,15.8,4000
2022-04-18,15.1,15.1,15.1,14.0,14.0,2000
2022-04-19,13.65,13.65,15.8,13.6,15.8,60000
2022-04-20,13.0,13.0,13.65,13.0,13.65,15000
2022-04-21,13.3,13.3,13.3,13.0,13.0,4000
2022-04-22,13.0,13.0,13.0,13.0,13.0,4000
2022-04-25,13.0,13.0,13.0,12.1,12.1,4000
2022-04-26,13.9,13.9,13.9,13.0,13.0,8000
2022-04-27,13.9,13.9,13.9,13.9,13.9,2000
2022-04-28,14.8,14.8,14.8,13.9,13.9,10000
2022-04-29,14.7,14.7,14.7,14.7,14.7,6000
2022-05-03,15.0,15.0,15.0,14.7,14.7,2000
2022-05-04,15.75,15.75,15.75,15.0,15.0,7000
2022-05-05,15.75,15.75,15.75,15.7,15.7,3000
2022-05-06,15.75,15.75,15.75,15.3,15.7,12000
2022-05-09,15.3,15.3,15.7,15.3,15.7,7000
2022-05-10,15.3,15.3,15.3,15.2,15.3,12000
2022-05-11,15.1,15.1,15.1,14.9,14.9,9000
2022-05-12,14.7,14.7,15.1,14.5,15.1,28000
2022-05-13,14.8,14.8,14.8,14.7,14.7,10000
2022-05-16,15.7,15.7,15.7,14.8,14.8,3000
2022-05-17,15.0,15.0,15.65,15.0,15.65,12000
2022-05-18,15.8,15.8,15.8,15.1,15.1,3000
2022-05-19,15.0,15.0,15.1,15.0,15.1,3000
2022-05-20,15.15,15.15,15.15,15.15,15.15,1000
2022-05-23,15.0,15.0,15.15,15.0,15.15,12000
2022-05-25,15.45,15.45,15.45,15.45,15.45,1000
2022-05-27,15.4,15.4,15.45,15.4,15.45,3000
2022-05-30,15.5,15.5,15.65,15.35,15.65,22000
2022-05-31,15.0,15.0,15.05,15.0,15.05,31000
2022-06-01,15.4,15.4,15.4,15.4,15.4,1000
2022-06-02,15.25,15.25,15.4,15.2,15.2,25000
2022-06-06,14.85,14.85,15.0,14.8,15.0,15000
2022-06-07,14.85,14.85,14.85,14.85,14.85,6000
2022-06-08,14.85,14.85,14.85,14.85,14.85,3000
2022-06-09,15.05,15.05,15.05,15.0,15.0,2000
2022-06-10,14.6,14.6,14.7,14.5,14.7,15000
2022-06-13,14.5,14.5,14.55,14.5,14.55,5000
2022-06-14,15.0,15.0,15.0,15.0,15.0,1000
2022-06-15,15.0,15.0,15.4,14.8,14.8,4000
2022-06-16,14.8,14.8,15.2,14.8,15.2,9000
2022-06-17,14.8,14.8,14.8,14.8,14.8,1000
2022-06-20,14.9,14.9,14.9,14.8,14.8,18000
2022-06-21,15.4,15.4,15.4,14.9,14.9,23000
2022-06-22,15.0,15.0,15.0,15.0,15.0,6000
2022-06-23,14.8,14.8,15.0,14.5,15.0,16000
2022-06-24,14.6,14.6,14.8,14.6,14.8,42000
2022-06-27,15.6,15.6,15.6,15.6,15.6,1000
2022-06-28,14.85,14.85,15.0,14.85,15.0,5000
2022-06-29,14.65,14.65,14.8,14.65,14.8,13000
2022-06-30,14.55,14.55,14.55,14.5,14.55,11000
2022-07-01,13.5,13.5,13.65,13.5,13.65,13000
2022-07-04,12.55,12.55,14.5,12.55,14.5,2000
2022-07-05,12.6,12.6,12.6,12.6,12.6,2000
2022-07-06,12.7,12.7,13.85,12.7,13.85,3000
2022-07-07,13.7,13.7,13.7,12.7,12.7,4000
2022-07-08,13.8,13.8,13.8,13.8,13.8,2000
2022-07-11,13.8,13.8,13.8,13.8,13.8,9000
2022-07-12,13.8,13.8,13.8,13.8,13.8,5000
2022-07-13,13.85,13.85,13.85,13.8,13.8,10000
2022-07-14,14.2,14.2,14.2,13.85,13.85,5000
2022-07-15,14.7,14.7,15.6,14.55,15.6,25000
2022-07-18,14.2,14.2,14.2,14.0,14.0,40000
2022-07-19,14.0,14.0,14.2,13.6,14.2,11000
2022-07-20,14.0,14.0,14.0,13.85,13.85,18000
2022-08-01,23.25,23.25,25.45,23.05,25.45,8000
2022-08-02,22.55,22.55,22.55,22.0,22.2,10000
2022-08-03,22.55,22.55,22.55,21.5,22.2,12000
2022-08-04,22.2,22.2,22.55,22.0,22.55,7000
2022-08-05,22.0,22.0,22.0,21.6,21.6,9000
2022-08-09,22.9,22.9,22.9,22.9,22.9,1000
2022-08-10,25.15,25.15,25.15,25.15,25.15,28000
2022-08-11,24.0,24.0,27.65,24.0,27.65,8000
2022-08-12,23.95,23.95,23.95,23.5,23.95,4000
2022-08-15,23.95,23.95,23.95,23.95,23.95,2000
2022-08-16,23.9,23.9,23.9,23.9,23.9,1000
2022-08-17,23.85,23.85,23.85,23.85,23.85,1000
2022-08-19,22.5,22.5,22.5,22.5,22.5,2000
2022-08-22,22.0,22.0,22.0,21.05,21.05,7000
2022-08-24,22.0,22.0,22.0,22.0,22.0,1000
2022-08-25,22.0,22.0,22.0,22.0,22.0,1000
2022-08-26,22.2,22.2,22.2,22.1,22.1,4000
2022-08-31,23.55,23.55,23.75,23.55,23.75,2000
2022-09-01,23.55,23.55,23.55,23.55,23.55,1000
2022-09-07,23.0,23.0,23.0,23.0,23.0,1000
2022-09-08,23.5,23.5,23.5,23.5,23.5,2000
2022-09-12,23.5,23.5,23.5,23.5,23.5,4000
2022-09-13,23.5,23.5,23.5,23.5,23.5,2000
2022-09-23,24.0,24.0,24.0,24.0,24.0,3000
2022-09-27,23.5,23.5,23.5,23.5,23.5,4000
2022-09-28,23.5,23.5,23.5,23.5,23.5,4000
2022-09-29,23.5,23.5,23.5,23.5,23.5,3000
2022-10-07,23.5,23.5,23.5,23.5,23.5,1000
2022-10-11,23.5,23.5,23.5,23.5,23.5,2000
2022-10-12,23.5,23.5,23.5,23.5,23.5,1000
2022-10-13,22.8,22.8,23.0,22.8,23.0,5000
2022-10-14,22.8,22.8,22.8,22.8,22.8,4000
2022-10-19,22.8,22.8,22.8,22.8,22.8,1000
2022-10-24,20.6,20.6,20.6,20.55,20.55,3000
2022-10-26,21.55,21.55,21.55,21.55,21.55,1000
2022-11-01,20.75,20.75,20.85,20.75,20.85,7000
2022-11-02,20.8,20.8,20.8,20.8,20.8,2000
2022-11-07,20.9,20.9,20.9,20.9,20.9,4000
2022-11-08,21.05,21.05,21.05,21.0,21.0,5000
2022-11-09,21.35,21.35,21.35,21.05,21.05,8000
2022-11-10,21.75,21.75,21.75,21.75,21.75,7000
2022-11-11,21.8,21.8,21.8,21.75,21.75,25000
2022-11-14,23.0,23.0,23.0,22.5,22.5,5000
2022-11-16,23.5,23.5,23.5,23.2,23.2,11000
2022-11-17,22.0,22.0,23.5,22.0,23.5,19000
2022-11-18,22.0,22.0,22.0,22.0,22.0,4000
2022-11-22,22.8,22.8,22.8,22.1,22.1,3000
2022-11-23,21.5,21.5,21.5,20.95,20.95,2000
2022-11-25,23.65,23.65,23.65,22.5,22.5,23000
2022-11-28,26.0,26.0,26.0,25.0,25.45,30000
2022-11-29,28.6,28.6,28.6,26.1,26.1,85000
2022-11-30,31.45,31.45,31.45,30.95,31.0,75000
2022-12-01,34.55,34.55,34.55,34.55,34.55,74000
2022-12-02,37.25,37.25,37.85,34.55,36.6,260000
2022-12-05,36.45,36.45,38.1,35.8,38.1,82000
2022-12-06,35.3,35.3,36.5,35.3,36.45,29000
2022-12-07,33.5,33.5,35.5,33.0,35.5,36000
2022-12-08,33.5,33.5,33.9,33.5,33.9,10000
2022-12-09,34.5,34.5,34.95,33.5,33.5,20000
2022-12-12,34.0,34.0,34.0,32.05,32.55,10000
2022-12-13,33.3,33.3,34.3,32.6,34.3,20000
2022-12-14,31.9,31.9,31.9,31.9,31.9,5000
2022-12-15,35.05,35.05,35.05,30.7,31.0,64000
2022-12-16,38.0,38.0,38.55,35.05,35.05,187000
2022-12-19,34.7,34.7,41.0,34.25,38.0,172000
2022-12-20,35.0,35.0,36.0,31.6,32.0,50000
2022-12-21,33.7,33.7,34.8,33.0,34.8,38000
2022-12-22,34.2,34.2,37.0,34.2,35.0,19000
2022-12-23,34.35,34.35,34.35,33.3,34.2,22000
2022-12-26,34.35,34.35,34.35,34.35,34.35,3000
2022-12-27,35.2,35.2,37.0,34.3,34.3,46000
2022-12-28,35.0,35.0,36.0,33.5,35.1,58000
2022-12-29,33.6,33.6,34.5,33.1,34.5,16000
2022-12-30,33.6,33.6,34.0,33.6,34.0,3000
2023-01-03,32.4,32.4,33.6,31.45,33.6,24000
2023-01-04,31.65,31.65,32.5,31.5,32.5,29000
2023-01-05,31.4,31.4,32.5,31.4,31.8,30000
2023-01-06,31.3,31.3,31.4,30.15,31.4,27000
2023-01-09,31.45,31.45,31.5,31.0,31.5,8000
2023-01-10,30.85,30.85,32.5,30.85,31.5,20000
2023-01-11,31.1,31.1,31.9,31.1,31.9,12000
2023-01-12,30.2,30.2,30.2,30.2,30.2,2000
2023-01-13,29.9,29.9,30.2,29.9,30.2,3000
2023-01-16,29.0,29.0,29.9,28.2,29.9,13000
2023-01-17,29.2,29.2,29.2,29.0,29.0,10000
2023-01-30,29.65,29.65,29.7,29.4,29.4,9000
2023-01-31,29.5,29.5,29.5,29.5,29.5,3000
2023-02-01,29.55,29.55,29.9,29.55,29.55,16000
2023-02-02,30.5,30.5,30.95,30.0,30.0,34000
2023-02-03,33.55,33.55,33.55,30.5,30.5,105000
2023-02-06,36.9,36.9,36.9,33.9,33.9,205000
2023-02-07,34.75,34.75,38.8,34.1,37.5,245000
2023-02-08,35.2,35.2,35.8,34.75,35.8,66000
2023-02-09,34.85,34.85,35.6,34.5,35.6,18000
2023-02-10,34.0,34.0,34.85,34.0,34.85,13000
2023-02-13,33.8,33.8,34.9,33.7,34.9,28000
2023-02-14,34.05,34.05,34.95,33.85,34.95,12000
2023-02-15,37.45,37.45,37.45,34.7,34.7,170000
2023-02-16,41.15,41.15,41.15,40.5,41.15,310000
2023-02-17,45.25,45.25,45.25,39.55,41.05,373000
2023-02-20,49.75,49.75,49.75,48.1,48.2,258000
2023-02-21,54.7,54.7,54.7,52.3,53.9,690000
2023-02-22,60.1,60.1,60.1,50.5,54.4,520000
2023-02-23,58.3,58.3,62.0,57.0,62.0,342000
2023-02-24,55.2,55.2,58.6,55.0,58.6,218000
2023-03-01,52.2,52.2,55.5,51.5,55.5,133000
2023-03-02,52.7,52.7,53.7,52.2,53.3,113000
2023-03-03,53.1,53.1,53.9,53.0,53.0,104000
2023-03-06,53.9,53.9,55.8,53.0,53.5,87000
2023-03-07,52.6,52.6,54.8,52.4,54.8,68000
2023-03-08,52.5,52.5,52.6,50.2,52.6,81000
2023-03-09,51.3,51.3,52.4,50.5,52.4,56000
2023-03-10,47.0,47.0,50.8,46.8,50.8,155000
2023-03-13,46.3,46.3,46.7,42.3,46.7,156000
2023-03-14,46.3,46.3,46.9,43.7,46.3,78000
2023-03-15,44.8,44.8,46.1,44.8,45.8,44000
2023-03-16,45.2,45.2,46.0,45.0,45.0,57000
2023-03-17,44.1,44.1,44.3,43.1,43.4,58000
2023-03-20,48.5,48.5,48.5,43.9,45.4,127000
2023-03-21,53.3,53.3,53.3,50.0,50.0,234000
2023-03-22,53.5,53.5,57.0,53.0,56.3,374000
2023-03-23,51.0,51.0,54.0,50.0,52.2,155000
2023-03-24,52.0,52.0,53.4,51.2,51.5,93000
2023-03-27,50.2,50.2,51.3,49.55,50.1,86000
2023-03-28,52.2,52.2,53.0,50.0,50.0,92000
2023-03-29,51.5,51.5,53.0,50.7,52.5,57000
2023-03-30,52.0,52.0,53.0,51.1,51.5,95000
2023-03-31,51.1,51.1,52.2,51.0,52.1,50000
2023-04-06,50.9,50.9,51.5,50.1,51.1,49000
2023-04-07,50.9,50.9,52.0,49.4,49.4,48000
2023-04-10,50.2,50.2,51.8,50.1,51.8,26000
2023-04-11,50.7,50.7,51.1,50.4,51.1,21000
2023-04-12,49.9,49.9,51.2,49.9,51.2,53000
2023-04-13,53.6,53.6,54.8,50.0,50.0,287000
2023-04-14,53.9,53.9,54.6,51.5,53.0,272000
2023-04-17,53.9,53.9,54.2,52.5,53.5,110000
2023-04-18,51.0,51.0,53.9,50.8,53.9,101000
2023-04-19,52.2,52.2,53.0,51.3,51.6,42000
2023-04-20,50.6,50.6,52.5,50.0,52.3,50000
2023-04-21,47.6,47.6,51.3,47.6,51.3,113000
2023-04-24,46.0,46.0,47.6,46.0,47.5,82000
2023-04-25,41.4,41.4,46.0,41.4,46.0,151000
2023-04-26,42.4,42.4,42.9,40.05,41.4,94000
2023-04-27,43.45,43.45,43.5,41.5,42.45,53000
2023-04-28,44.05,44.05,45.4,44.05,45.4,47000
2023-05-02,44.05,44.05,44.15,42.6,44.0,27000
2023-05-03,43.55,43.55,44.05,42.8,42.8,19000
2023-05-04,44.0,44.0,44.55,44.0,44.05,36000
2023-05-05,42.9,42.9,43.9,42.3,43.7,22000
2023-05-08,43.0,43.0,44.05,42.85,42.85,14000
2023-05-09,44.0,44.0,44.05,42.6,43.0,22000
2023-05-10,45.15,45.15,45.75,43.05,44.2,48000
2023-05-11,46.9,46.9,48.5,46.0,48.5,112000
2023-05-12,45.4,45.4,47.0,43.7,46.9,37000
2023-05-15,45.05,45.05,46.9,43.05,45.4,62000
2023-05-16,49.55,49.55,49.55,46.9,47.05,211000
2023-05-17,54.5,54.5,54.5,52.0,53.7,414000
2023-05-18,59.9,59.9,59.9,55.5,57.8,1068000
2023-05-19,57.6,57.6,60.5,54.0,56.0,888000
2023-05-22,63.3,63.3,63.3,55.6,56.9,577000
2023-05-23,69.6,69.6,69.6,60.8,65.9,695000
2023-05-24,76.4,76.4,76.5,69.0,70.3,1184000
2023-05-25,73.4,73.4,76.4,70.4,76.4,547000
2023-05-26,66.4,66.4,72.5,66.4,72.5,398000
2023-05-29,66.2,66.2,67.7,64.0,67.7,273000
2023-05-30,66.0,66.0,66.5,64.5,65.0,145000
2023-05-31,72.4,72.4,72.6,66.0,66.0,541000
2023-06-01,71.6,71.6,74.5,69.4,69.4,358000
2023-06-02,71.2,71.2,71.6,69.1,71.6,210000
2023-06-05,70.3,70.3,72.0,70.2,72.0,123000
2023-06-06,77.3,77.3,77.3,70.3,70.3,653000
2023-06-07,85.0,85.0,85.0,77.0,77.0,725000
2023-06-08,93.5,93.5,93.5,85.5,85.5,684000
2023-06-09,92.9,92.9,99.2,85.0,99.0,920000
2023-06-12,86.5,86.5,90.0,86.0,89.9,353000
2023-06-13,95.1,95.1,95.1,86.6,86.6,493000
2023-06-14,103.0,103.0,104.5,95.1,95.2,1018000
2023-06-15,103.0,103.0,108.0,97.0,99.4,806000
2023-06-16,100.5,100.5,104.0,100.0,103.0,341000
2023-06-19,110.5,110.5,110.5,100.0,100.5,639000
2023-06-20,112.0,112.0,118.0,111.0,118.0,746000
2023-06-21,112.0,112.0,115.5,102.5,115.0,507000
2023-06-26,105.0,105.0,110.0,103.0,110.0,382000
2023-06-27,100.0,100.0,109.0,99.0,99.2,480000
2023-06-28,98.1,98.1,104.0,94.5,100.5,322000
2023-06-29,94.0,94.0,98.6,93.8,98.1,316000
2023-06-30,92.0,92.0,94.0,88.6,93.9,279000
2023-07-03,92.8,92.8,97.0,90.0,92.1,234000
2023-07-04,88.0,88.0,92.8,88.0,92.8,296000
2023-07-05,88.3,88.3,94.0,88.2,88.8,417000
2023-07-06,83.3,83.3,87.2,81.6,84.1,411000
2023-07-07,84.3,84.3,87.8,81.4,83.0,291000
2023-07-10,80.0,80.0,86.0,80.0,86.0,158000
2023-07-11,85.3,85.3,86.0,82.3,82.3,305000
2023-07-12,80.5,80.5,87.9,80.0,87.9,285000
2023-07-13,75.0,75.0,81.5,75.0,80.2,407000
2023-07-14,73.7,73.7,78.0,70.0,76.0,487000
2023-07-17,71.2,71.2,73.6,70.6,71.2,228000
2023-07-18,65.8,65.8,71.0,65.8,70.2,379000
2023-07-19,66.6,66.6,69.8,65.5,65.5,230000
2023-07-20,73.2,73.2,73.2,66.7,66.7,267000
2023-07-21,80.5,80.5,80.5,78.0,78.0,368000
2023-07-24,72.5,72.5,82.0,72.5,80.5,536000
2023-07-25,71.5,71.5,73.8,68.0,72.3,349000
2023-07-26,75.5,75.5,78.6,69.7,70.8,707000
2023-07-27,83.0,83.0,83.0,75.4,75.4,861000
2023-07-28,82.3,82.3,91.3,81.1,83.3,2155000
2023-07-31,75.2,75.2,83.6,74.2,82.7,701000
2023-08-01,77.6,77.6,79.9,75.2,75.2,371000
2023-08-02,76.0,76.0,81.3,76.0,79.3,370000
2023-08-04,73.8,73.8,78.0,73.6,75.2,288000
2023-08-07,74.2,74.2,74.6,71.0,73.8,140000
2023-08-08,74.0,74.0,80.0,74.0,76.0,378000
2023-08-09,73.7,73.7,76.0,73.2,74.0,138000
2023-08-10,70.5,70.5,74.9,70.5,74.9,92000
2023-08-11,73.8,73.8,74.1,69.2,73.6,283000
2023-08-14,69.2,69.2,75.0,69.2,74.3,115000
2023-08-15,69.5,69.5,71.0,69.1,69.1,119000
2023-08-16,66.6,66.6,68.9,66.6,68.6,114000
2023-08-17,66.9,66.9,68.0,61.2,65.6,177000
2023-08-18,62.2,62.2,65.8,62.0,65.0,121000
2023-08-21,61.5,61.5,63.1,60.8,62.1,59000
2023-08-22,58.6,58.6,60.7,57.8,60.6,128000
2023-08-23,59.6,59.6,61.5,58.3,58.5,98000
2023-08-24,58.0,58.0,60.1,57.3,60.0,65000
2023-08-25,63.8,63.8,63.8,61.5,61.5,242000
2023-08-28,58.5,58.5,64.8,57.6,63.8,271000
2023-08-29,58.9,58.9,59.5,57.5,58.0,93000
2023-08-30,58.2,58.2,58.9,58.0,58.9,66000
2023-08-31,59.5,59.5,60.5,58.5,60.5,63000
2023-09-01,59.2,59.2,61.3,58.8,59.5,72000
2023-09-04,58.0,58.0,59.5,57.0,59.5,57000
2023-09-05,57.7,57.7,59.8,57.6,59.8,64000
2023-09-06,57.0,57.0,58.0,56.9,57.7,51000
2023-09-07,57.4,57.4,58.0,57.0,57.0,50000
2023-09-08,57.7,57.7,58.0,57.2,57.9,56000
2023-09-11,57.6,57.6,62.9,57.5,62.9,103000
2023-09-12,55.0,55.0,58.7,53.7,57.8,64000
2023-09-13,57.0,57.0,58.5,53.8,54.8,109000
2023-09-14,58.5,58.5,59.6,56.7,56.7,106000
2023-09-15,56.5,56.5,58.7,56.5,58.7,91000
2023-09-18,54.6,54.6,55.5,54.5,55.4,70000
2023-09-19,52.6,52.6,54.6,52.0,54.6,89000
2023-09-20,51.2,51.2,53.2,51.0,51.1,91000
2023-09-21,50.0,50.0,50.8,50.0,50.5,67000
2023-09-22,51.2,51.2,52.1,49.9,49.9,77000
2023-09-25,52.6,52.6,52.6,51.0,51.0,52000
2023-09-26,51.1,51.1,52.6,50.9,52.6,10000
2023-09-27,50.2,50.2,51.2,49.7,49.7,29000
2023-09-28,50.8,50.8,51.7,50.0,50.0,28000
2023-10-02,51.8,51.8,52.7,50.1,52.7,60000
2023-10-03,54.8,54.8,56.0,50.2,50.2,198000
2023-10-04,54.6,54.6,55.6,53.1,54.8,98000
2023-10-05,60.0,60.0,60.0,56.0,56.0,364000
2023-10-06,64.0,64.0,64.0,58.0,60.3,460000
2023-10-11,69.6,69.6,70.4,61.4,64.8,600000
2023-10-12,68.6,68.6,71.1,67.1,69.5,264000
2023-10-13,69.0,69.0,71.0,66.0,67.2,232000
2023-10-16,68.5,68.5,69.5,65.0,69.5,173000
2023-10-17,64.6,64.6,69.0,64.6,69.0,92000
2023-10-18,61.5,61.5,65.7,60.7,64.0,157000
2023-10-19,63.8,63.8,64.0,59.6,61.5,89000
2023-10-20,64.5,64.5,65.8,61.0,62.0,137000
2023-10-23,68.3,68.3,69.0,64.0,65.8,253000
2023-10-24,68.9,68.9,70.0,66.1,68.1,184000
2023-10-25,67.2,67.2,70.3,67.2,70.3,94000
2023-10-26,66.5,66.5,68.3,66.5,67.2,71000
2023-10-27,64.8,64.8,67.5,64.8,67.5,105000
2023-10-30,64.0,64.0,66.8,64.0,64.8,61000
2023-10-31,60.0,60.0,64.6,60.0,63.6,84000
2023-11-01,66.0,66.0,66.0,60.2,60.2,175000
2023-11-02,68.3,68.3,69.0,65.1,67.5,241000
2023-11-03,65.4,65.4,68.3,65.2,68.3,128000
2023-11-06,69.6,69.6,71.0,66.8,68.5,248000
2023-11-07,67.8,67.8,69.8,67.0,69.8,110000
2023-11-08,66.7,66.7,67.8,65.5,67.8,102000
2023-11-09,64.0,64.0,65.5,63.1,65.5,118000
2023-11-10,65.4,65.4,67.0,63.5,64.0,154000
2023-11-13,64.9,64.9,65.5,63.3,65.5,68000
2023-11-14,63.6,63.6,64.9,63.5,64.9,42000
2023-11-15,63.5,63.5,64.4,62.7,62.7,40000
2023-11-16,69.8,69.8,69.8,64.7,64.9,420000
2023-11-17,76.7,76.7,76.7,70.0,72.6,786000
2023-11-20,69.1,69.1,72.0,69.1,69.1,568000
2023-11-21,67.7,67.7,68.5,66.1,68.1,152000
2023-11-22,68.7,68.7,72.8,68.2,69.0,242000
2023-11-23,69.0,69.0,71.8,65.3,69.0,207000
2023-11-24,66.3,66.3,67.5,65.0,65.0,146000
2023-11-27,65.0,65.0,67.3,64.1,64.1,118000
2023-11-28,65.5,65.5,66.3,64.9,64.9,66000
2023-11-29,65.0,65.0,66.4,65.0,66.4,48000
2023-11-30,66.1,66.1,66.3,65.5,65.9,38000
2023-12-01,65.1,65.1,66.1,64.7,66.1,47000
2023-12-04,65.0,65.0,65.4,65.0,65.2,44000
2023-12-05,63.9,63.9,65.5,63.0,65.5,70000
2023-12-06,64.7,64.7,65.4,63.9,63.9,31000
2023-12-07,64.5,64.5,65.6,64.3,64.7,34000
2023-12-08,63.7,63.7,65.2,63.2,65.2,69000
2023-12-11,64.0,64.0,65.5,63.7,64.0,39000
2023-12-12,63.3,63.3,64.0,63.2,64.0,33000
2023-12-13,63.5,63.5,64.4,63.0,64.4,41000
2023-12-14,63.4,63.4,64.7,63.3,64.7,28000
2023-12-15,63.4,63.4,64.0,63.4,63.4,24000
2023-12-18,62.5,62.5,63.7,62.5,62.8,40000
2023-12-19,61.8,61.8,63.0,61.8,62.5,32000
2023-12-20,61.5,61.5,63.0,61.0,62.0,69000
2023-12-21,61.4,61.4,61.5,60.9,60.9,25000
2023-12-22,61.5,61.5,62.0,61.5,62.0,9000
2023-12-25,61.1,61.1,61.6,61.0,61.6,7000
2023-12-26,61.0,61.0,61.5,61.0,61.0,27000
2023-12-27,61.7,61.7,62.7,61.2,61.2,31000
2023-12-28,61.0,61.0,61.7,61.0,61.7,16000
2023-12-29,64.1,64.1,64.5,62.9,62.9,181000
2024-01-02,63.2,63.2,64.3,62.6,64.1,37000
2024-01-03,62.8,62.8,65.2,62.8,63.0,60000
2024-01-04,62.3,62.3,63.1,62.3,63.1,24000
2024-01-05,62.8,62.8,64.0,62.8,63.0,42000
2024-01-08,62.4,62.4,64.2,62.3,63.2,89000
2024-01-09,61.7,61.7,62.4,61.2,62.4,60000
2024-01-10,61.6,61.6,61.7,61.4,61.5,17000
2024-01-11,62.5,62.5,63.1,61.7,63.1,60000
2024-01-12,64.0,64.0,64.4,62.5,62.5,103000
2024-01-15,61.1,61.1,63.2,60.9,63.1,165000
2024-01-16,58.7,58.7,61.6,58.3,61.6,100000
2024-01-17,59.0,59.0,61.0,58.9,61.0,35000
2024-01-18,57.3,57.3,60.1,56.9,60.1,85000
2024-01-19,57.3,57.3,58.3,57.2,58.3,28000
2024-01-22,57.3,57.3,58.2,57.3,57.6,22000
2024-01-23,57.6,57.6,57.7,57.0,57.7,24000
2024-01-24,59.9,59.9,59.9,57.0,57.0,44000
2024-01-25,59.5,59.5,59.9,59.1,59.9,20000
2024-01-26,58.6,58.6,59.3,58.6,59.0,8000
2024-01-29,59.6,59.6,62.0,59.6,62.0,34000
2024-01-30,58.6,58.6,58.7,58.6,58.6,11000
2024-01-31,57.7,57.7,58.1,57.7,58.0,19000
2024-02-01,57.4,57.4,57.4,57.0,57.0,14000
2024-02-02,58.0,58.0,58.4,57.8,57.8,14000
2024-02-05,57.3,57.3,59.7,57.1,59.2,32000
2024-02-15,54.2,54.2,57.1,52.2,57.1,82000
2024-02-16,53.8,53.8,54.2,53.2,54.2,40000
2024-02-19,53.5,53.5,53.5,53.2,53.4,28000
2024-02-20,52.5,52.5,53.5,52.4,53.5,28000
2024-02-21,53.9,53.9,54.0,52.6,52.6,22000
2024-02-22,53.1,53.1,53.9,52.8,53.9,26000
2024-02-23,52.8,52.8,53.4,52.8,53.4,11000
2024-02-26,52.7,52.7,53.3,52.0,52.8,35000
2024-02-27,51.7,51.7,52.8,51.7,52.8,32000
2024-02-29,52.1,52.1,52.9,51.8,52.9,36000
2024-03-01,52.0,52.0,52.5,51.8,52.5,30000
2024-03-04,52.0,52.0,53.5,52.0,52.5,31000
2024-03-05,52.6,52.6,53.5,52.4,52.5,52000
2024-03-06,52.2,52.2,52.5,52.1,52.5,35000
2024-03-07,51.2,51.2,52.5,51.2,52.5,34000
2024-03-08,52.5,52.5,54.2,51.5,52.0,63000
2024-03-11,57.7,57.7,57.7,55.0,56.8,159000
2024-03-12,59.5,59.5,63.4,59.1,63.4,737000
2024-03-13,55.8,55.8,60.0,54.9,59.8,114000
2024-03-14,55.7,55.7,56.0,55.2,56.0,34000
2024-03-15,58.4,58.4,60.2,56.2,56.3,141000
2024-03-18,57.2,57.2,61.0,56.0,59.0,124000
2024-03-19,56.1,56.1,56.5,55.5,56.5,72000
2024-03-20,55.3,55.3,57.5,55.2,57.4,63000
2024-03-21,55.2,55.2,56.8,55.2,56.5,28000
2024-03-22,55.0,55.0,55.9,55.0,55.2,17000
2024-03-25,55.3,55.3,56.7,55.3,55.5,21000
2024-03-26,55.0,55.0,56.1,55.0,55.6,12000
2024-03-27,55.5,55.5,55.5,54.9,54.9,7000
2024-03-28,55.6,55.6,55.8,55.2,55.5,11000
2024-03-29,55.6,55.6,55.6,55.2,55.5,16000
2024-04-01,56.2,56.2,56.5,55.6,55.6,24000
2024-04-02,56.2,56.2,57.3,56.2,57.3,9000
2024-04-03,55.5,55.5,56.9,55.0,56.9,15000
2024-04-08,54.9,54.9,56.1,54.6,54.7,29000
2024-04-09,55.1,55.1,55.6,55.1,55.1,29000
2024-04-10,55.5,55.5,57.1,55.2,57.1,26000
2024-04-11,61.0,61.0,61.0,57.1,57.2,298000
2024-04-12,59.7,59.7,63.4,57.5,61.0,301000
2024-04-15,58.3,58.3,59.0,57.4,59.0,51000
2024-04-16,55.9,55.9,57.8,55.7,57.8,55000
2024-04-17,57.3,57.3,57.5,55.8,55.8,31000
2024-04-18,57.9,57.9,58.2,57.3,57.3,37000
2024-04-19,56.1,56.1,57.8,56.0,57.8,56000
2024-04-22,59.6,59.6,60.0,57.0,57.0,85000
2024-04-23,62.1,62.1,63.5,60.4,60.8,247000
2024-04-24,64.1,64.1,65.0,58.9,62.5,281000
2024-04-25,70.5,70.5,70.5,65.9,67.0,1043000
2024-04-26,70.0,70.0,72.0,65.7,67.8,678000
2024-04-29,68.3,68.3,74.9,67.8,72.4,663000
2024-04-30,66.4,66.4,68.1,63.2,68.1,327000
2024-05-02,69.5,69.5,69.5,66.0,68.3,300000
2024-05-03,67.5,67.5,69.3,67.5,69.3,166000
2024-05-06,66.9,66.9,68.1,65.8,67.5,86000
2024-05-07,63.6,63.6,66.5,63.2,66.5,176000
2024-05-08,63.9,63.9,64.0,63.0,63.8,46000
2024-05-09,63.0,63.0,64.5,63.0,63.8,98000
2024-05-10,64.0,64.0,64.8,62.8,63.0,63000
2024-05-13,63.8,63.8,65.8,63.0,65.8,83000
2024-05-14,66.3,66.3,69.7,64.2,64.2,257000
2024-05-15,66.1,66.1,67.0,64.5,65.8,92000
2024-05-16,68.5,68.5,70.6,66.3,67.0,267000
2024-05-17,66.7,66.7,68.6,66.1,68.5,156000
2024-05-20,65.0,65.0,69.0,64.9,66.9,273000
2024-05-21,63.0,63.0,65.5,62.9,65.0,127000
2024-05-22,61.8,61.8,63.0,60.5,63.0,149000
2024-05-23,59.0,59.0,61.3,58.6,61.3,146000
2024-05-24,60.5,60.5,60.9,57.4,57.6,48000
2024-05-27,59.7,59.7,61.8,59.0,61.0,51000
2024-05-28,65.6,65.6,65.6,62.0,62.5,324000
2024-05-29,64.5,64.5,69.6,63.6,65.8,365000
2024-05-30,64.6,64.6,69.3,63.7,69.3,195000
2024-05-31,64.0,64.0,65.5,64.0,64.7,57000
2024-06-03,62.0,62.0,63.0,60.5,60.5,126000
2024-06-04,62.0,62.0,62.5,61.8,62.0,30000
2024-06-05,62.0,62.0,62.0,61.0,62.0,20000
2024-06-06,61.6,61.6,62.4,61.2,61.4,25000
2024-06-07,62.5,62.5,63.0,62.0,62.0,37000
2024-06-11,60.9,60.9,62.5,60.5,62.5,40000
2024-06-12,61.4,61.4,61.4,60.8,60.9,27000
2024-06-13,61.1,61.1,61.7,61.1,61.7,9000
2024-06-14,62.0,62.0,62.0,61.0,61.3,40000
2024-06-17,62.0,62.0,62.0,61.0,61.0,44000
2024-06-18,61.1,61.1,62.0,60.8,62.0,27000
2024-06-19,60.5,60.5,61.5,60.5,61.1,38000
2024-06-20,60.6,60.6,61.3,60.5,60.5,24000
2024-06-21,60.7,60.7,61.4,60.2,61.0,42000
2024-06-24,60.1,60.1,60.9,60.1,60.9,35000
2024-06-25,60.0,60.0,60.0,59.8,60.0,37000
2024-06-26,60.0,60.0,60.2,59.6,60.2,29000
2024-06-27,59.0,59.0,60.0,59.0,60.0,34000
2024-06-28,58.5,58.5,58.6,58.2,58.5,36000
2024-07-01,59.9,59.9,59.9,58.3,58.3,20000
2024-07-02,59.5,59.5,61.8,59.5,61.8,23000
2024-07-03,58.8,58.8,59.9,58.0,59.1,45000
2024-07-04,58.7,58.7,59.4,58.7,59.4,33000
2024-07-05,58.7,58.7,59.3,58.7,59.3,23000
2024-07-08,58.2,58.2,59.7,58.1,58.2,28000
2024-07-09,58.3,58.3,60.3,57.5,57.5,41000
2024-07-10,59.9,59.9,60.5,58.0,58.0,65000
2024-07-11,60.2,60.2,62.0,59.0,62.0,95000
2024-07-12,59.0,59.0,60.2,59.0,60.2,23000
2024-07-15,58.5,58.5,60.3,58.5,60.2,18000
2024-07-16,59.8,59.8,59.8,59.3,59.8,28000
2024-07-17,59.3,59.3,61.1,59.2,61.0,38000
2024-07-18,59.9,59.9,60.2,59.1,60.1,21000
2024-07-19,58.5,58.5,58.8,58.3,58.7,17000
2024-07-22,56.1,56.1,58.3,56.1,58.3,52000
2024-07-23,56.2,56.2,58.0,56.1,56.1,30000
2024-07-26,55.6,55.6,56.6,55.1,56.6,12000
2024-07-29,55.0,55.0,55.9,55.0,55.7,9000
2024-07-30,55.4,55.4,56.2,53.8,56.2,37000
2024-07-31,54.4,54.4,54.4,53.8,54.0,41000
2024-08-01,54.5,54.5,54.5,54.3,54.4,23000
2024-08-02,53.0,53.0,54.5,52.7,54.5,29000
2024-08-05,47.7,47.7,51.8,47.7,51.8,88000
2024-08-06,44.8,44.8,46.8,43.2,45.2,37000
2024-08-07,46.35,46.35,46.9,43.55,43.55,33000
2024-08-08,50.9,50.9,50.9,45.2,46.25,153000
2024-08-09,49.9,49.9,52.9,49.9,51.2,149000
2024-08-12,51.9,51.9,53.5,51.2,52.8,101000
2024-08-13,53.4,53.4,54.8,52.4,53.4,102000
2024-08-14,52.6,52.6,54.3,51.4,54.3,30000
2024-08-15,53.3,53.3,53.6,52.3,52.3,9000
2024-08-16,53.5,53.5,54.4,52.7,54.4,21000
2024-08-19,52.0,52.0,53.3,52.0,52.4,35000
2024-08-20,52.4,52.4,53.9,51.2,52.0,56000
2024-08-21,51.8,51.8,51.8,50.7,51.6,22000
2024-08-22,50.7,50.7,52.4,50.3,51.4,36000
2024-08-23,51.6,51.6,52.8,51.3,51.8,42000
2024-08-26,53.8,53.8,54.3,52.4,52.4,69000
2024-08-27,52.8,52.8,54.1,51.5,53.8,36000
2024-08-28,52.5,52.5,53.0,52.2,52.2,10000
2024-08-29,52.7,52.7,52.9,52.2,52.5,5000
2024-08-30,52.8,52.8,53.3,52.7,52.7,14000
2024-09-02,52.1,52.1,53.0,52.1,53.0,19000
2024-09-03,52.1,52.1,52.7,51.9,52.1,36000
2024-09-04,51.1,51.1,51.4,50.0,50.0,23000
2024-09-05,51.3,51.3,52.0,50.3,51.7,35000
2024-09-06,52.9,52.9,56.0,51.4,51.4,164000
2024-09-09,51.9,51.9,52.6,51.9,52.6,10000
2024-09-10,50.1,50.1,52.9,50.1,51.7,37000
2024-09-11,49.85,49.85,50.3,49.4,50.3,27000
2024-09-12,50.1,50.1,50.9,49.7,49.85,24000
2024-09-13,49.4,49.4,49.6,49.0,49.0,31000
2024-09-16,49.85,49.85,51.0,49.45,51.0,9000
2024-09-18,49.3,49.3,50.7,49.3,50.7,46000
2024-09-19,49.3,49.3,49.5,49.3,49.5,11000
2024-09-20,49.05,49.05,49.2,49.0,49.0,18000
2024-09-23,48.9,48.9,49.1,48.9,49.0,20000
2024-09-24,49.3,49.3,49.3,48.9,49.0,14000
2024-09-25,50.1,50.1,50.2,49.4,49.55,48000
2024-09-26,49.9,49.9,50.1,49.9,50.1,17000
2024-09-27,50.2,50.2,50.4,50.0,50.0,50000
2024-09-30,49.8,49.8,51.0,49.8,50.2,27000
2024-10-01,49.9,49.9,50.0,49.7,49.7,11000
2024-10-04,49.8,49.8,50.0,49.8,50.0,6000
2024-10-07,49.05,49.05,49.9,49.0,49.7,21000
2024-10-08,49.05,49.05,49.05,48.7,48.9,12000
2024-10-09,49.8,49.8,50.8,49.1,50.8,31000
2024-10-11,48.8,48.8,48.95,48.8,48.9,21000
2024-10-14,47.9,47.9,48.0,47.6,48.0,20000
2024-10-15,47.75,47.75,48.3,47.75,47.9,30000
2024-10-16,48.0,48.0,48.0,47.6,47.75,12000
2024-10-17,47.55,47.55,47.65,47.45,47.65,15000
2024-10-18,47.5,47.5,48.0,47.45,47.6,22000
2024-10-21,47.5,47.5,47.65,47.5,47.55,15000
2024-10-22,47.0,47.0,47.05,46.9,47.0,13000
2024-10-23,48.15,48.15,48.8,47.5,47.5,29000
2024-10-25,48.2,48.2,49.25,48.2,49.25,5000
2024-10-28,47.15,47.15,47.65,47.1,47.65,10000
2024-10-29,46.6,46.6,47.2,46.3,47.15,25000
2024-10-30,47.4,47.4,47.4,46.6,46.6,9000
2024-11-01,47.1,47.1,47.4,47.0,47.4,11000
2024-11-04,46.75,46.75,48.0,46.7,48.0,19000
2024-11-05,47.15,47.15,47.15,46.6,46.6,12000
2024-11-06,46.85,46.85,47.15,46.85,47.15,4000
2024-11-07,46.65,46.65,46.85,45.2,46.75,29000
2024-11-08,46.3,46.3,46.55,46.05,46.5,12000
2024-11-11,46.5,46.5,49.8,46.45,49.8,33000
2024-11-12,45.1,45.1,46.1,44.7,46.0,30000
2024-11-13,45.0,45.0,45.2,45.0,45.15,19000
2024-11-14,44.0,44.0,45.0,44.0,45.0,41000
2024-11-15,43.85,43.85,43.85,43.6,43.6,9000
2024-11-18,42.0,42.0,43.85,42.0,43.85,35000
2024-11-19,42.5,42.5,42.8,42.0,42.0,10000
2024-11-20,41.65,41.65,41.65,41.5,41.5,2000
2024-11-21,41.55,41.55,41.65,41.55,41.65,8000
2024-11-22,41.75,41.75,42.0,41.55,41.65,11000
2024-11-25,42.05,42.05,42.05,41.7,41.8,11000
2024-11-26,41.75,41.75,42.0,40.65,42.0,12000
2024-11-27,41.6,41.6,42.35,41.6,41.6,15000
2024-11-28,41.1,41.1,41.25,41.1,41.2,15000
2024-11-29,40.05,40.05,40.2,39.6,39.75,40000
2024-12-02,38.9,38.9,39.0,38.3,39.0,26000
2024-12-03,40.5,40.5,41.0,39.0,39.05,27000
2024-12-04,39.9,39.9,39.95,39.9,39.95,9000
2024-12-05,39.9,39.9,40.0,39.5,40.0,6000
2024-12-06,40.0,40.0,40.8,39.8,39.8,14000
2024-12-10,39.0,39.0,39.5,39.0,39.2,16000
2024-12-11,39.95,39.95,39.95,38.9,39.0,18000
2024-12-13,38.6,38.6,38.7,37.5,38.6,21000
2024-12-16,38.0,38.0,38.7,38.0,38.7,8000
2024-12-17,41.8,41.8,41.8,38.0,38.0,121000
2024-12-18,45.95,45.95,45.95,45.95,45.95,112000
2024-12-19,49.8,49.8,50.5,47.05,50.5,600000
2024-12-20,47.7,47.7,48.9,47.7,48.5,108000
2024-12-23,48.2,48.2,50.5,46.05,47.7,170000
2024-12-24,47.8,47.8,48.85,47.8,48.85,37000
2024-12-25,47.5,47.5,48.3,47.1,47.1,21000
2024-12-26,45.9,45.9,47.8,45.8,47.8,29000
2024-12-27,44.55,44.55,45.5,44.45,45.0,48000
2024-12-30,44.65,44.65,45.1,44.65,45.05,9000
2024-12-31,45.05,45.05,45.05,43.8,43.8,7000
2025-01-02,49.55,49.55,49.55,49.45,49.45,159000
2025-01-03,46.9,46.9,54.5,46.9,54.5,1363000
2025-01-06,47.0,47.0,47.85,46.5,46.5,68000
2025-01-07,45.8,45.8,47.5,45.7,47.2,63000
2025-01-08,45.25,45.25,45.65,45.25,45.6,24000
2025-01-09,43.5,43.5,45.25,42.1,45.25,39000
2025-01-10,42.7,42.7,43.45,41.05,43.15,120000
2025-01-13,41.6,41.6,41.6,41.3,41.4,14000
2025-01-14,41.8,41.8,41.8,41.75,41.75,5000
2025-01-15,42.2,42.2,42.5,41.75,41.85,18000
2025-01-17,46.75,46.75,46.75,45.9,46.0,88000
2025-01-20,50.9,50.9,51.4,48.5,51.4,1438000
2025-01-21,53.7,53.7,53.7,49.1,50.3,515000
2025-01-22,52.2,52.2,54.2,51.8,53.3,376000
2025-02-03,48.25,48.25,52.0,48.2,50.9,115000
2025-02-04,45.1,45.1,48.5,44.35,48.5,190000
2025-02-05,45.1,45.1,45.35,44.1,45.35,159000
2025-02-06,44.15,44.15,45.45,44.1,45.45,109000
2025-02-07,45.8,45.8,47.2,45.1,45.95,176000
2025-02-10,45.7,45.7,45.85,44.9,45.85,48000
2025-02-11,46.6,46.6,48.2,46.5,48.2,151000
2025-02-12,46.6,46.6,47.0,46.35,46.35,39000
2025-02-13,46.35,46.35,46.55,46.0,46.0,69000
2025-02-14,44.95,44.95,46.35,44.55,46.35,114000
2025-02-17,45.3,45.3,45.7,45.0,45.2,27000
2025-02-18,45.1,45.1,45.2,44.6,45.2,25000
2025-02-19,45.1,45.1,45.35,44.6,44.6,29000
2025-02-20,44.75,44.75,45.3,44.65,44.7,34000
2025-02-21,44.8,44.8,45.2,44.6,44.6,51000
2025-02-24,45.2,45.2,45.2,44.4,44.8,33000
2025-02-25,44.85,44.85,45.45,44.7,44.7,13000
2025-02-26,45.9,45.9,46.55,45.6,45.65,99000
2025-02-27,45.15,45.15,46.2,45.15,45.9,39000
2025-03-03,44.6,44.6,44.85,44.35,44.85,27000
2025-03-04,44.55,44.55,44.6,44.1,44.5,11000
2025-03-05,44.65,44.65,44.75,44.15,44.15,16000
2025-03-06,46.55,46.55,49.1,44.3,44.3,418000
2025-03-07,45.35,45.35,46.7,45.35,46.0,67000
2025-03-10,44.3,44.3,45.4,43.5,45.35,56000
2025-03-11,44.3,44.3,44.3,43.6,44.05,20000
2025-03-12,43.8,43.8,44.3,43.75,44.3,18000
2025-03-13,42.8,42.8,43.8,42.8,43.8,57000
2025-03-14,41.5,41.5,41.9,40.2,41.9,59000
2025-03-17,41.25,41.25,41.5,41.25,41.5,29000
2025-03-18,40.8,40.8,41.3,40.2,41.25,56000
2025-03-19,40.8,40.8,40.8,40.8,40.8,2000
2025-03-20,41.85,41.85,42.0,40.9,40.9,24000
2025-03-21,41.0,41.0,41.3,41.0,41.2,18000
2025-03-24,41.0,41.0,41.0,40.75,40.8,19000
2025-03-25,41.25,41.25,41.5,41.15,41.15,10000
2025-03-26,40.2,40.2,41.5,40.1,41.5,10000
2025-03-27,40.0,40.0,40.2,40.0,40.0,46000
2025-03-28,39.05,39.05,39.9,39.05,39.5,31000
2025-03-31,35.6,35.6,38.5,35.35,38.5,83000
2025-04-01,35.8,35.8,36.1,35.3,35.65,19000
2025-04-02,36.85,36.85,37.45,35.95,36.2,33000
2025-04-07,33.2,33.2,33.2,33.2,33.2,22000
2025-04-08,29.9,29.9,30.9,29.9,29.9,125000
2025-04-09,26.95,26.95,27.75,26.95,26.95,109000
2025-04-10,29.6,29.6,29.6,29.6,29.6,19000
2025-04-11,30.9,30.9,31.2,29.0,29.6,72000
2025-04-14,30.6,30.6,32.1,30.6,32.0,30000
2025-04-15,32.0,32.0,32.2,31.7,32.2,23000
2025-04-16,32.0,32.0,32.0,31.6,32.0,5000
2025-04-18,31.35,31.35,32.0,30.7,31.35,34000
2025-04-21,30.15,30.15,31.2,30.15,31.2,2000
2025-04-22,30.7,30.7,31.2,30.2,31.2,8000
2025-04-23,31.45,31.45,31.45,31.05,31.2,14000
2025-04-24,32.2,32.2,32.45,31.0,31.45,40000
2025-04-25,32.45,32.45,33.95,31.7,32.8,32000
2025-04-28,32.8,32.8,33.8,31.8,32.65,53000
2025-04-29,32.85,32.85,32.9,32.4,32.5,30000
2025-04-30,33.6,33.6,34.2,33.0,33.0,58000
2025-05-02,33.2,33.2,34.05,33.2,33.25,14000
2025-05-05,36.5,36.5,36.5,34.0,34.0,160000
2025-05-06,40.15,40.15,40.15,39.3,40.15,313000
2025-05-07,37.6,37.6,42.15,37.6,40.65,526000
2025-05-08,41.35,41.35,41.35,37.6,37.75,445000
2025-05-09,45.45,45.45,45.45,40.2,41.8,1541000
2025-05-12,44.0,44.0,47.55,43.7,47.0,1617000
2025-05-13,42.6,42.6,45.4,42.6,45.4,393000
2025-05-14,41.8,41.8,44.9,41.8,43.0,237000
2025-05-15,45.95,45.95,45.95,42.1,42.1,725000
2025-05-16,49.1,49.1,50.5,47.0,48.5,2378000
2025-05-19,45.1,45.1,49.05,45.1,48.3,858000
2025-05-20,48.0,48.0,48.0,45.5,45.8,295000
2025-05-21,47.7,47.7,51.8,47.0,48.9,1314000
2025-05-22,48.2,48.2,51.7,48.05,48.05,1915000
2025-05-23,48.05,48.05,49.55,48.0,48.55,591000
2025-05-26,45.65,45.65,49.55,45.4,48.05,447000
2025-05-27,46.45,46.45,46.65,44.05,45.65,231000
2025-05-28,45.8,45.8,48.1,45.1,46.25,323000
2025-05-29,45.3,45.3,46.35,44.95,46.35,85000
2025-06-02,42.75,42.75,45.4,42.75,45.15,145000
2025-06-03,42.3,42.3,43.05,42.1,42.9,63000
2025-06-04,42.3,42.3,43.4,42.3,42.65,62000
2025-06-05,41.6,41.6,42.25,41.45,42.1,38000
2025-06-06,41.0,41.0,41.8,40.4,41.6,58000
2025-06-09,45.1,45.1,45.1,41.5,41.5,519000
2025-06-10,44.95,44.95,47.4,43.75,45.9,444000
2025-06-11,44.65,44.65,47.9,44.3,45.35,488000
2025-06-12,45.0,45.0,46.0,44.4,45.5,207000
2025-06-13,44.3,44.3,46.7,44.0,45.0,263000
2025-06-16,43.35,43.35,44.55,42.9,44.0,90000
2025-06-17,42.2,42.2,43.5,41.5,43.5,87000
2025-06-18,42.2,42.2,42.8,42.0,42.45,33000
2025-06-19,40.95,40.95,41.5,40.65,41.25,73000
2025-06-20,40.35,40.35,42.0,39.6,42.0,71000
2025-06-23,39.65,39.65,40.3,39.55,40.3,26000
2025-06-24,40.6,40.6,41.75,40.5,41.55,85000
2025-06-25,40.8,40.8,42.5,40.55,41.85,61000
2025-06-26,42.0,42.0,43.0,40.2,40.2,181000
2025-06-27,42.75,42.75,46.0,42.7,43.6,705000
2025-06-30,42.75,42.75,44.75,42.75,43.3,272000
2025-07-01,42.7,42.7,43.55,42.3,43.2,147000
2025-07-02,43.65,43.65,45.1,42.9,43.65,366000
2025-07-03,43.0,43.0,44.5,43.0,43.85,168000
2025-07-04,42.1,42.1,43.55,42.0,43.0,104000
2025-07-07,41.65,41.65,43.9,41.25,42.3,129000
2025-07-08,41.85,41.85,41.95,40.85,41.65,41000
2025-07-09,41.1,41.1,41.7,40.85,41.1,45000
2025-07-10,40.5,40.5,40.9,40.5,40.9,29000
2025-07-11,40.7,40.7,41.5,40.25,40.25,28000
2025-07-14,43.35,43.35,43.9,41.2,41.6,359000
2025-07-15,41.9,41.9,44.0,41.75,44.0,119000
2025-07-16,41.1,41.1,42.15,41.1,42.15,53000
2025-07-17,41.15,41.15,41.5,41.1,41.5,19000
2025-07-18,40.85,40.85,41.2,40.6,41.2,27000
2025-07-21,40.75,40.75,41.65,40.75,40.85,16000
2025-07-22,39.7,39.7,40.8,39.5,40.8,51000
2025-07-23,39.95,39.95,40.05,39.95,40.0,33000
2025-07-24,39.8,39.8,40.5,39.8,40.5,29000
2025-07-25,39.8,39.8,39.85,39.5,39.5,20000
2025-07-28,40.05,40.05,41.7,40.05,40.85,89000
2025-07-29,40.35,40.35,41.15,39.8,40.2,33000
2025-07-30,40.0,40.0,40.2,39.85,40.15,11000
2025-07-31,40.2,40.2,40.2,39.8,40.0,13000
2025-08-01,39.85,39.85,41.05,39.65,41.05,44000
2025-08-04,41.0,41.0,42.25,40.35,41.05,131000
2025-08-05,40.65,40.65,41.05,40.0,40.85,61000
2025-08-06,40.8,40.8,41.85,40.1,40.1,52000
2025-08-07,40.6,40.6,41.25,40.5,40.8,29000
2025-08-08,40.05,40.05,41.1,40.05,41.0,38000
2025-08-11,39.4,39.4,40.05,39.2,40.05,70000
2025-08-12,38.8,38.8,39.3,37.2,38.75,69000
2025-08-13,38.2,38.2,38.95,37.85,38.8,21000
2025-08-14,38.05,38.05,38.2,37.8,38.2,27000
2025-08-15,38.0,38.0,38.6,37.9,38.5,15000
2025-08-18,38.0,38.0,38.5,38.0,38.0,21000
2025-08-19,37.25,37.25,37.95,37.0,37.95,37000
2025-08-20,37.65,37.65,38.4,37.4,38.1,28000
2025-08-21,38.0,38.0,38.0,37.65,37.65,21000
2025-08-22,37.5,37.5,37.9,37.1,37.1,17000
2025-08-25,37.25,37.25,37.55,37.15,37.55,18000
2025-08-26,38.0,38.0,38.0,37.25,37.25,20000
2025-08-27,37.4,37.4,38.0,37.4,38.0,24000
2025-08-28,37.9,37.9,37.95,37.4,37.4,6000
2025-08-29,38.0,38.0,38.0,37.4,37.4,6000
2025-09-01,37.3,37.3,39.0,36.8,38.05,23000
2025-09-03,37.05,37.05,37.45,37.0,37.45,30000
2025-09-04,37.3,37.3,37.3,37.0,37.1,11000
2025-09-05,37.5,37.5,37.5,37.15,37.15,12000
2025-09-08,37.1,37.1,37.65,36.7,36.7,13000
2025-09-09,37.1,37.1,37.15,36.95,37.0,28000
2025-09-10,36.95,36.95,37.4,36.9,37.05,19000
2025-09-11,36.55,36.55,37.3,36.55,37.0,33000
2025-09-12,36.7,36.7,36.7,36.55,36.6,10000
2025-09-15,36.55,36.55,36.55,36.0,36.05,29000
2025-09-16,36.3,36.3,36.8,36.3,36.55,12000
2025-09-17,36.15,36.15,36.65,35.7,35.75,10000
2025-09-18,36.2,36.2,36.2,36.0,36.15,18000
2025-09-19,36.4,36.4,36.85,36.2,36.2,66000
2025-09-22,36.25,36.25,36.95,36.25,36.6,19000
2025-09-23,36.0,36.0,36.3,36.0,36.3,17000
2025-09-24,35.35,35.35,36.0,35.35,36.0,9000
2025-09-25,35.4,35.4,35.55,35.4,35.5,18000
2025-09-26,35.05,35.05,35.25,35.0,35.25,18000
2025-09-30,35.5,35.5,35.75,35.5,35.75,3000
2025-10-01,35.0,35.0,35.05,35.0,35.0,15000
2025-10-02,34.55,34.55,35.0,34.55,34.85,11000
2025-10-03,34.05,34.05,34.6,33.85,34.6,26000
2025-10-07,33.65,33.65,34.05,33.05,34.05,65000
2025-10-08,33.35,33.35,33.65,33.2,33.65,23000
2025-10-09,32.8,32.8,33.0,32.7,32.75,17000
2025-10-13,31.35,31.35,31.85,30.1,30.1,54000
2025-10-14,31.55,31.55,31.7,31.4,31.4,13000
2025-10-15,32.05,32.05,32.5,31.55,32.2,14000
2025-10-16,31.6,31.6,32.0,31.55,31.55,30000
2025-10-17,34.75,34.75,34.75,32.7,32.7,107000
2025-10-20,34.2,34.2,37.05,34.0,36.0,210000
2025-10-21,33.9,33.9,34.2,33.45,34.2,23000
2025-10-22,34.05,34.05,34.05,33.55,33.6,14000
2025-10-23,33.9,33.9,34.95,33.9,34.95,17000
2025-10-27,33.8,33.8,33.9,33.55,33.9,11000
2025-10-28,33.6,33.6,33.85,33.6,33.8,8000
2025-10-29,33.15,33.15,33.25,33.1,33.25,6000
2025-10-30,33.95,33.95,34.15,33.35,33.35,12000
2025-10-31,34.5,34.5,35.1,34.3,34.3,36000
2025-11-03,34.05,34.05,34.7,33.85,34.5,17000
2025-11-04,34.4,34.4,35.1,34.1,35.1,13000
2025-11-05,37.8,37.8,37.8,35.9,37.2,291000
2025-11-06,38.05,38.05,40.0,38.0,38.25,832000
2025-11-07,38.45,38.45,38.45,37.75,38.4,96000
2025-11-10,37.5,37.5,40.15,37.5,40.15,70000
2025-11-11,35.65,35.65,37.9,35.45,37.9,59000
2025-11-12,35.75,35.75,36.2,35.75,36.0,33000
2025-11-13,35.0,35.0,35.55,35.0,35.2,41000
2025-11-14,35.1,35.1,35.45,35.1,35.1,21000
2025-11-17,33.6,33.6,34.6,33.6,34.1,36000
2025-11-18,32.0,32.0,33.9,32.0,33.15,77000
2025-11-19,31.75,31.75,31.8,31.7,31.7,9000
2025-11-20,31.8,31.8,32.35,31.8,31.85,15000
2025-11-21,30.95,30.95,31.8,30.6,31.8,32000
2025-11-24,31.2,31.2,31.45,31.05,31.05,18000
2025-11-25,31.3,31.3,31.3,31.2,31.2,9000
2025-11-26,31.45,31.45,31.45,31.3,31.3,5000
2025-11-27,31.1,31.1,31.15,31.05,31.05,8000
2025-11-28,31.9,31.9,32.0,31.3,32.0,20000
2025-12-01,32.0,32.0,32.0,31.9,31.9,5000
2025-12-02,31.2,31.2,31.2,31.15,31.15,6000
2025-12-03,31.35,31.35,31.35,31.35,31.35,4000
2025-12-04,31.5,31.5,31.6,31.4,31.4,4000
2025-12-05,30.9,30.9,30.95,30.65,30.95,11000
2025-12-08,30.5,30.5,30.95,30.5,30.9,15000
2025-12-09,30.4,30.4,30.95,30.35,30.35,9000
2025-12-10,31.3,31.3,31.9,31.0,31.9,29000
2025-12-11,31.05,31.05,31.15,31.0,31.15,10000
2025-12-12,31.2,31.2,31.6,31.0,31.0,8000
2025-12-15,30.7,30.7,31.25,30.5,30.5,4000
2025-12-16,30.7,30.7,30.7,30.7,30.7,2000
2025-12-17,30.7,30.7,30.7,30.6,30.7,22000
2025-12-18,30.55,30.55,30.55,30.55,30.55,4000
2025-12-19,30.95,30.95,30.95,30.5,30.55,11000
2025-12-22,30.8,30.8,30.8,30.8,30.8,2000
2025-12-23,30.6,30.6,30.85,30.6,30.85,11000
2025-12-24,30.6,30.6,30.95,30.3,30.3,9000
2025-12-26,30.3,30.3,30.5,30.2,30.4,12000
2025-12-29,30.25,30.25,30.4,30.2,30.3,18000
2025-12-30,30.3,30.3,30.3,30.2,30.2,5000
2025-12-31,30.0,30.0,30.4,30.0,30.3,20000
2026-01-02,30.2,30.2,30.2,30.0,30.0,7000
2026-01-05,30.2,30.2,30.4,30.2,30.4,21000
2026-01-06,30.75,30.75,30.75,29.85,30.2,25000
2026-01-07,29.9,29.9,31.15,29.9,31.15,15000
2026-01-08,30.2,30.2,30.2,29.9,30.0,31000
2026-01-09,30.0,30.0,30.0,29.7,30.0,33000
2026-01-12,29.6,29.6,30.0,29.55,30.0,25000
2026-01-13,30.35,30.35,31.2,29.5,29.65,61000
2026-01-14,30.5,30.5,30.5,29.5,30.1,11000
2026-01-15,30.75,30.75,30.8,30.15,30.5,6000
2026-01-16,30.05,30.05,30.75,30.0,30.75,11000
2026-01-19,29.85,29.85,30.1,29.85,30.1,20000
2026-01-20,29.7,29.7,30.1,29.5,29.5,22000
2026-01-21,29.35,29.35,29.35,29.0,29.05,16000
2026-01-22,29.45,29.45,30.45,29.45,30.45,12000
2026-01-23,29.8,29.8,30.0,29.6,29.6,23000
2026-01-26,30.6,30.6,30.95,29.75,29.85,35000
2026-01-27,29.1,29.1,30.2,28.65,30.0,36000
2026-01-28,29.35,29.35,29.35,28.65,28.8,29000
2026-01-29,28.9,28.9,29.85,28.9,29.85,26000
2026-01-30,28.8,28.8,28.8,28.05,28.8,16000
2026-02-02,28.15,28.15,28.75,28.1,28.75,17000
2026-02-03,28.05,28.05,28.15,28.05,28.15,12000
2026-02-04,28.1,28.1,28.4,28.1,28.4,14000
2026-02-05,30.9,30.9,30.9,28.8,28.8,135000
2026-02-06,29.65,29.65,30.1,29.1,29.6,104000
2026-02-09,29.0,29.0,29.65,29.0,29.65,14000
2026-02-10,28.9,28.9,29.0,28.6,29.0,17000
2026-02-11,28.35,28.35,28.9,28.15,28.9,34000
2026-02-23,28.05,28.05,28.4,28.05,28.35,43000
2026-02-24,28.1,28.1,28.1,28.0,28.0,42000
2026-02-25,28.1,28.1,28.15,28.1,28.1,6000
2026-02-26,28.2,28.2,28.2,28.0,28.1,16000
2026-03-02,27.5,27.5,27.6,27.05,27.05,13000
2026-03-03,27.2,27.2,27.5,27.2,27.5,24000
2026-03-04,27.0,27.0,27.0,27.0,27.0,2000
2026-03-05,27.0,27.0,27.05,27.0,27.0,26000
2026-03-06,26.95,26.95,27.0,26.95,27.0,4000
2026-03-09,26.2,26.2,26.9,26.15,26.15,11000
2026-03-10,26.2,26.2,26.25,26.2,26.25,11000
2026-03-11,26.35,26.35,26.35,26.2,26.2,12000
2026-03-12,25.75,25.75,26.35,25.3,26.0,14000
2026-03-13,25.75,25.75,25.75,25.5,25.7,19000
2026-03-16,27.0,27.0,27.0,25.75,25.75,11000
2026-03-18,26.9,26.9,27.0,26.9,27.0,3000
2026-03-19,26.5,26.5,26.5,26.5,26.5,20000
2026-03-20,25.7,25.7,26.9,25.35,25.35,20000
2026-03-23,25.3,25.3,25.7,25.3,25.7,19000
2026-03-24,25.4,25.4,25.4,25.35,25.35,8000
2026-03-25,26.45,26.45,26.45,25.3,25.3,11000
2026-03-26,27.05,27.05,27.05,25.45,26.4,22000
2026-03-27,26.35,26.35,26.7,26.35,26.55,4000
2026-03-30,26.3,26.3,26.3,26.3,26.3,1000
2026-03-31,26.3,26.3,26.3,26.0,26.0,2000
2026-04-01,26.6,26.6,26.6,26.3,26.3,4000
2026-04-02,27.1,27.1,27.1,26.6,26.6,22000
2026-04-07,27.2,27.2,27.2,27.2,27.2,1000
2026-04-08,27.3,27.3,28.0,27.0,27.0,22000
2026-04-09,27.3,27.3,27.3,27.3,27.3,1000
2026-04-10,26.7,26.7,26.8,26.0,26.8,7000
2026-04-13,29.35,29.35,29.35,29.35,29.35,103000
2026-04-14,29.7,29.7,32.25,29.0,32.25,459000
2026-04-15,28.8,28.8,28.85,28.05,28.05,48000
2026-04-16,29.25,29.25,29.85,29.1,29.85,29000
2026-04-17,29.75,29.75,30.0,29.3,30.0,21000
2026-04-20,28.95,28.95,29.8,28.9,29.0,18000
2026-04-21,29.1,29.1,29.1,28.9,28.9,19000
2026-04-22,30.2,30.2,30.2,29.0,29.05,19000
2026-04-23,28.75,28.75,29.2,27.45,29.2,33000
2026-04-24,28.35,28.35,28.35,28.35,28.35,5000
2026-04-27,27.6,27.6,28.0,27.5,27.95,27000
2026-04-28,27.7,27.7,27.7,27.45,27.6,12000
2026-04-29,27.0,27.0,27.85,26.15,26.15,16000
2026-04-30,27.0,27.0,27.0,27.0,27.0,3000
2026-05-04,27.1,27.1,27.1,27.0,27.0,4000
2026-05-05,27.05,27.05,27.05,27.0,27.0,5000
2026-05-06,26.8,26.8,27.25,26.7,26.7,9000
2026-05-07,26.15,26.15,28.0,25.0,28.0,43000
2026-05-08,26.35,26.35,26.4,26.15,26.15,15000
2026-05-11,26.15,26.15,26.9,26.0,26.9,13000
2026-05-12,26.0,26.0,26.2,26.0,26.15,11000
2026-05-13,26.05,26.05,27.85,25.75,27.85,33000
2026-05-14,25.9,25.9,26.4,25.9,26.0,9000
2026-05-15,25.55,25.55,25.95,25.55,25.95,12000
2026-05-18,25.7,25.7,25.7,24.85,24.85,17000
2026-05-19,25.7,25.7,26.0,25.7,26.0,11000
2026-05-20,25.7,25.7,25.75,25.7,25.75,4000
2026-05-21,25.85,25.85,25.85,25.7,25.7,4000
2026-05-25,26.0,26.0,26.0,25.6,25.8,24000
2026-05-26,26.1,26.1,26.2,25.8,26.0,25000
2026-05-27,25.2,25.2,25.75,24.95,25.7,18000
2026-05-28,25.15,25.15,25.15,25.15,25.15,4000
2026-05-29,25.4,25.4,25.6,24.9,24.9,21000
2026-06-01,25.1,25.1,25.3,24.9,24.9,30000
2026-06-02,25.0,25.0,25.05,25.0,25.0,29000
2026-06-03,25.4,25.4,25.55,25.0,25.0,15000
2026-06-04,26.0,26.0,26.5,25.3,25.4,49000
2026-06-05,25.4,25.4,25.8,25.25,25.8,22000
2026-06-08,24.65,24.65,25.1,24.5,24.5,17000
2026-06-09,24.9,24.9,25.0,24.65,24.7,9000
2026-06-10,24.9,24.9,25.15,24.9,25.1,10000
2026-06-11,24.95,24.95,25.0,24.5,25.0,19000
2026-06-12,24.8,24.8,24.95,24.7,24.9,17000
2026-06-15,24.9,24.9,24.9,24.6,24.75,30000
2026-06-16,25.0,25.0,25.0,24.9,24.9,5000
2026-06-17,25.7,25.7,25.7,25.0,25.15,32000
2026-06-18,25.2,25.2,26.0,25.05,26.0,26000
2026-06-22,25.2,25.2,25.2,24.75,25.2,41000
2026-06-23,25.05,25.05,25.1,25.05,25.1,9000
2026-06-24,25.65,25.65,25.65,24.9,25.05,27000
2026-06-25,25.1,25.1,25.9,25.05,25.9,48000
2026-06-26,24.3,24.3,25.0,24.0,25.0,27000
2026-06-29,24.05,24.05,24.1,24.05,24.1,12000
2026-06-30,24.25,24.25,24.65,24.1,24.65,11000
2026-07-01,24.5,24.5,24.95,24.2,24.95,18000
2026-07-02,24.4,24.4,24.4,24.4,24.4,1000
2026-07-03,24.3,24.3,24.8,24.3,24.7,56000
2026-07-06,24.7,24.7,24.7,24.3,24.35,10000
2026-07-07,24.1,24.1,24.3,24.05,24.3,8000
2026-07-08,24.0,24.0,24.05,24.0,24.05,15000
2026-07-09,24.3,24.3,24.35,23.9,23.9,12000
2026-07-13,23.35,23.35,24.0,23.3,24.0,13000
2026-07-14,21.6,21.6,23.05,21.5,23.0,39000
2026-07-15,23.75,23.75,23.75,22.0,22.0,140000
2026-07-16,26.1,26.1,26.1,25.15,26.1,193000
2026-07-17,23.85,23.85,28.7,23.85,26.1,929000
2026-07-20,22.55,22.55,24.3,22.3,24.25,172000
2026-07-21,23.4,23.4,24.1,22.35,23.0,31000
2026-07-22,23.65,23.65,24.1,23.35,23.8,18000
2026-07-23,23.65,23.65,23.65,23.25,23.65,11000
2026-07-24,22.65,22.65,23.0,22.65,23.0,14000
2026-07-27,22.35,22.35,23.4,22.35,22.7,38000
2026-07-28,22.25,22.25,22.35,21.75,22.0,27000
2026-07-29,21.25,21.25,22.25,21.2,21.7,40000
2026-07-30,21.55,21.55,21.55,21.4,21.4,6000
2026-07-31,21.75,21.75,21.75,21.2,21.5,19000
2026-08-03,21.6,21.6,21.9,21.2,21.5,24000
2026-08-04,21.6,21.6,21.7,21.4,21.45,17000
2026-08-05,21.6,21.6,21.6,21.35,21.6,15000
2026-08-06,21.65,21.65,21.9,21.4,21.8,10000
2026-08-07,21.65,21.65,21.65,21.65,21.65,4000
2026-08-10,21.65,21.65,21.65,21.65,21.65,2000
2026-08-11,21.2,21.2,21.4,20.85,21.4,28000
2026-08-12,21.2,21.2,21.2,21.2,21.2,3000
2026-08-13,21.0,21.0,21.05,21.0,21.05,13000
2026-08-14,21.0,21.0,21.0,21.0,21.0,3000
2026-08-17,21.0,21.0,21.0,21.0,21.0,2000
2026-08-18,21.0,21.0,21.0,21.0,21.0,3000
2026-08-19,21.0,21.0,21.0,21.0,21.0,5000
2026-08-20,20.9,20.9,20.9,20.85,20.85,3000
2026-08-21,20.75,20.75,20.9,20.35,20.9,57000
2026-08-24,20.7,20.7,20.9,20.5,20.9,32060
2026-08-25,20.6,20.6,20.6,20.25,20.3,10000
2026-08-26,20.5,20.5,20.65,20.3,20.3,16343
2026-08-27,20.4,20.4,20.6,20.35,20.5,8605
2026-08-28,20.3,20.3,20.4,20.3,20.4,5299
2026-08-31,20.35,20.35,20.35,20.35,20.35,5350
2026-09-01,20.3,20.3,20.35,20.3,20.35,3506
2026-09-02,20.4,20.4,20.4,20.25,20.25,5020
2026-09-03,19.8,19.8,20.35,19.7,20.35,18010
2026-09-04,19.9,19.9,19.95,19.85,19.85,8251
2026-09-07,19.9,19.9,19.9,19.75,19.75,8270
2026-09-08,19.3,19.3,19.75,19.3,19.7,41463
2026-09-09,19.15,19.15,19.3,19.15,19.3,22186
2026-09-10,19.35,19.35,19.35,19.1,19.15,11040
2026-09-11,19.4,19.4,20.3,19.4,20.0,42520
2026-09-14,19.45,19.45,19.5,19.3,19.4,7000
2026-09-15,19.55,19.55,19.55,19.35,19.35,2444
2026-09-16,19.55,19.55,19.55,19.35,19.35,2444
2026-09-17,19.5,19.5,19.5,19.45,19.5,4230
2026-09-18,19.5,19.5,19.8,19.5,19.5,14200
2026-09-21,19.65,19.65,19.7,19.4,19.7,9022
2026-09-22,19.65,19.65,19.65,19.65,19.65,2253
2026-09-23,19.55,19.55,19.65,19.55,19.6,6208
2026-09-24,19.55,19.55,19.55,19.3,19.35,3000
2026-09-25,19.55,19.55,19.55,19.3,19.35,3000
2026-09-28,19.55,19.55,19.55,19.3,19.35,3000
