Date,Adj Close,Close,High,Low,Open,Volume
2016-08-12,17.4,17.4,17.4,16.5,16.5,7010
2016-08-15,17.4,17.4,17.4,16.5,16.5,7010
2016-08-16,17.4,17.4,17.4,16.5,16.5,7010
2016-08-17,17.4,17.4,17.4,16.5,16.5,7010
2016-08-18,17.4,17.4,17.4,16.5,16.5,7010
2016-08-19,17.4,17.4,17.4,16.5,16.5,7010
2016-08-22,17.4,17.4,17.4,16.5,16.5,7010
2016-08-23,17.4,17.4,17.4,16.5,16.5,7010
2016-08-24,17.4,17.4,17.4,16.5,16.5,7010
2016-08-25,17.4,17.4,17.4,16.5,16.5,7010
2016-08-26,17.4,17.4,17.4,16.5,16.5,7010
2016-08-29,17.4,17.4,17.4,16.5,16.5,7010
2016-08-30,17.4,17.4,17.4,16.5,16.5,7010
2016-08-31,17.4,17.4,17.4,16.5,16.5,7010
2016-09-01,17.4,17.4,17.4,16.5,16.5,7010
2016-09-02,17.4,17.4,17.4,16.5,16.5,7010
2016-09-05,17.4,17.4,17.4,16.5,16.5,7010
2016-09-06,17.4,17.4,17.4,16.5,16.5,7010
2016-09-07,17.4,17.4,17.4,16.5,16.5,7010
2016-09-08,17.4,17.4,17.4,16.5,16.5,7010
2016-09-09,17.4,17.4,17.4,16.5,16.5,7010
2016-09-12,17.4,17.4,17.4,16.5,16.5,7010
2016-09-13,17.4,17.4,17.4,16.5,16.5,7010
2016-09-14,17.4,17.4,17.4,16.5,16.5,7010
2016-09-15,17.4,17.4,17.4,16.5,16.5,7010
2016-09-16,17.4,17.4,17.4,16.5,16.5,7010
2016-09-19,17.4,17.4,17.4,16.5,16.5,7010
2016-09-20,17.4,17.4,17.4,16.5,16.5,7010
2016-09-21,17.4,17.4,17.4,16.5,16.5,7010
2016-09-22,17.4,17.4,17.4,16.5,16.5,7010
2016-09-23,17.4,17.4,17.4,16.5,16.5,7010
2016-09-26,17.4,17.4,17.4,16.5,16.5,7010
2016-09-27,17.4,17.4,17.4,16.5,16.5,7010
2016-09-28,17.4,17.4,17.4,16.5,16.5,7010
2016-09-29,17.4,17.4,17.4,16.5,16.5,7010
2016-09-30,17.4,17.4,17.4,16.5,16.5,7010
2016-10-03,17.4,17.4,17.4,16.5,16.5,7010
2016-10-04,17.4,17.4,17.4,16.5,16.5,7010
2016-10-05,17.4,17.4,17.4,16.5,16.5,7010
2016-10-06,17.4,17.4,17.4,16.5,16.5,7010
2016-10-07,17.4,17.4,17.4,16.5,16.5,7010
2016-10-10,17.4,17.4,17.4,16.5,16.5,7010
2016-10-11,17.4,17.4,17.4,16.5,16.5,7010
2016-10-12,17.4,17.4,17.4,16.5,16.5,7010
2016-10-13,17.4,17.4,17.4,16.5,16.5,7010
2016-10-14,17.4,17.4,17.4,16.5,16.5,7010
2016-10-17,17.4,17.4,17.4,16.5,16.5,7010
2016-10-18,17.4,17.4,17.4,16.5,16.5,7010
2016-10-19,17.4,17.4,17.4,16.5,16.5,7010
2016-10-20,17.4,17.4,17.4,16.5,16.5,7010
2016-10-21,17.4,17.4,17.4,16.5,16.5,7010
2016-10-24,17.4,17.4,17.4,16.5,16.5,7010
2016-10-25,17.4,17.4,17.4,16.5,16.5,7010
2016-10-26,17.4,17.4,17.4,16.5,16.5,7010
2016-10-27,17.4,17.4,17.4,16.5,16.5,7010
2016-10-28,17.4,17.4,17.4,16.5,16.5,7010
2016-10-31,17.4,17.4,17.4,16.5,16.5,7010
2016-11-01,17.4,17.4,17.4,16.5,16.5,7010
2016-11-02,17.4,17.4,17.4,16.5,16.5,7010
2016-11-03,17.4,17.4,17.4,16.5,16.5,7010
2016-11-04,17.4,17.4,17.4,16.5,16.5,7010
2016-11-07,17.4,17.4,17.4,16.5,16.5,7010
2016-11-08,17.4,17.4,17.4,16.5,16.5,7010
2016-11-09,17.4,17.4,17.4,16.5,16.5,7010
2016-11-10,17.4,17.4,17.4,16.5,16.5,7010
2016-11-11,17.4,17.4,17.4,16.5,16.5,7010
2016-11-14,17.4,17.4,17.4,16.5,16.5,7010
2016-11-15,17.4,17.4,17.4,16.5,16.5,7010
2016-11-16,17.4,17.4,17.4,16.5,16.5,7010
2016-11-17,17.4,17.4,17.4,16.5,16.5,7010
2016-11-18,17.4,17.4,17.4,16.5,16.5,7010
2016-11-21,17.4,17.4,17.4,16.5,16.5,7010
2016-11-22,17.4,17.4,17.4,16.5,16.5,7010
2016-11-23,17.4,17.4,17.4,16.5,16.5,7010
2016-11-24,17.4,17.4,17.4,16.5,16.5,7010
2016-11-25,17.4,17.4,17.4,16.5,16.5,7010
2016-11-28,17.4,17.4,17.4,16.5,16.5,7010
2016-11-29,17.4,17.4,17.4,16.5,16.5,7010
2016-11-30,17.4,17.4,17.4,16.5,16.5,7010
2016-12-01,17.4,17.4,17.4,16.5,16.5,7010
2016-12-02,17.4,17.4,17.4,16.5,16.5,7010
2016-12-05,17.4,17.4,17.4,16.5,16.5,7010
2016-12-06,17.4,17.4,17.4,16.5,16.5,7010
2016-12-07,17.4,17.4,17.4,16.5,16.5,7010
2016-12-08,17.4,17.4,17.4,16.5,16.5,7010
2016-12-09,17.4,17.4,17.4,16.5,16.5,7010
2016-12-12,17.4,17.4,17.4,16.5,16.5,7010
2016-12-13,17.4,17.4,17.4,16.5,16.5,7010
2016-12-14,17.4,17.4,17.4,16.5,16.5,7010
2016-12-15,17.4,17.4,17.4,16.5,16.5,7010
2016-12-16,17.4,17.4,17.4,16.5,16.5,7010
2016-12-19,17.4,17.4,17.4,16.5,16.5,7010
2016-12-20,17.4,17.4,17.4,16.5,16.5,7010
2016-12-21,17.4,17.4,17.4,16.5,16.5,7010
2016-12-22,17.4,17.4,17.4,16.5,16.5,7010
2016-12-23,17.4,17.4,17.4,16.5,16.5,7010
2016-12-26,17.4,17.4,17.4,16.5,16.5,7010
2016-12-27,17.4,17.4,17.4,16.5,16.5,7010
2016-12-28,17.4,17.4,17.4,16.5,16.5,7010
2016-12-29,17.4,17.4,17.4,16.5,16.5,7010
2016-12-30,17.4,17.4,17.4,16.5,16.5,7010
2017-01-02,17.4,17.4,17.4,16.5,16.5,7010
2017-01-03,17.4,17.4,17.4,16.5,16.5,7010
2017-01-04,17.4,17.4,17.4,16.5,16.5,7010
2017-01-05,17.4,17.4,17.4,16.5,16.5,7010
2017-01-06,17.4,17.4,17.4,16.5,16.5,7010
2017-01-09,17.4,17.4,17.4,16.5,16.5,7010
2017-01-10,17.4,17.4,17.4,16.5,16.5,7010
2017-01-11,17.4,17.4,17.4,16.5,16.5,7010
2017-01-12,17.4,17.4,17.4,16.5,16.5,7010
2017-01-13,17.4,17.4,17.4,16.5,16.5,7010
2017-01-16,17.4,17.4,17.4,16.5,16.5,7010
2017-01-17,17.4,17.4,17.4,16.5,16.5,7010
2017-01-18,17.4,17.4,17.4,16.5,16.5,7010
2017-01-19,17.4,17.4,17.4,16.5,16.5,7010
2017-01-20,17.4,17.4,17.4,16.5,16.5,7010
2017-01-23,17.4,17.4,17.4,16.5,16.5,7010
2017-01-24,17.4,17.4,17.4,16.5,16.5,7010
2017-01-25,17.4,17.4,17.4,16.5,16.5,7010
2017-01-26,17.4,17.4,17.4,16.5,16.5,7010
2017-01-27,17.4,17.4,17.4,16.5,16.5,7010
2017-01-30,17.4,17.4,17.4,16.5,16.5,7010
2017-01-31,17.4,17.4,17.4,16.5,16.5,7010
2017-02-01,17.4,17.4,17.4,16.5,16.5,7010
2017-02-02,17.4,17.4,17.4,16.5,16.5,7010
2017-02-03,17.4,17.4,17.4,16.5,16.5,7010
2017-02-06,17.4,17.4,17.4,16.5,16.5,7010
2017-02-07,17.4,17.4,17.4,16.5,16.5,7010
2017-02-08,17.4,17.4,17.4,16.5,16.5,7010
2017-02-09,17.4,17.4,17.4,16.5,16.5,7010
2017-02-10,17.4,17.4,17.4,16.5,16.5,7010
2017-02-13,17.4,17.4,17.4,16.5,16.5,7010
2017-02-14,17.4,17.4,17.4,16.5,16.5,7010
2017-02-15,17.4,17.4,17.4,16.5,16.5,7010
2017-02-16,17.4,17.4,17.4,16.5,16.5,7010
2017-02-17,17.4,17.4,17.4,16.5,16.5,7010
2017-02-20,17.4,17.4,17.4,16.5,16.5,7010
2017-02-21,17.4,17.4,17.4,16.5,16.5,7010
2017-02-22,17.4,17.4,17.4,16.5,16.5,7010
2017-02-23,17.4,17.4,17.4,16.5,16.5,7010
2017-02-24,17.4,17.4,17.4,16.5,16.5,7010
2017-02-27,17.4,17.4,17.4,16.5,16.5,7010
2017-02-28,17.4,17.4,17.4,16.5,16.5,7010
2017-03-01,17.4,17.4,17.4,16.5,16.5,7010
2017-03-02,17.4,17.4,17.4,16.5,16.5,7010
2017-03-03,17.4,17.4,17.4,16.5,16.5,7010
2017-03-06,17.4,17.4,17.4,16.5,16.5,7010
2017-03-07,17.4,17.4,17.4,16.5,16.5,7010
2017-03-08,17.4,17.4,17.4,16.5,16.5,7010
2017-03-09,17.4,17.4,17.4,16.5,16.5,7010
2017-03-10,17.4,17.4,17.4,16.5,16.5,7010
2017-03-13,17.4,17.4,17.4,16.5,16.5,7010
2017-03-14,17.4,17.4,17.4,16.5,16.5,7010
2017-03-15,17.4,17.4,17.4,16.5,16.5,7010
2017-03-16,17.4,17.4,17.4,16.5,16.5,7010
2017-03-17,17.4,17.4,17.4,16.5,16.5,7010
2017-03-20,17.4,17.4,17.4,16.5,16.5,7010
2017-03-21,17.4,17.4,17.4,16.5,16.5,7010
2017-03-22,17.4,17.4,17.4,16.5,16.5,7010
2017-03-23,17.4,17.4,17.4,16.5,16.5,7010
2017-03-24,17.4,17.4,17.4,16.5,16.5,7010
2017-03-27,17.4,17.4,17.4,16.5,16.5,7010
2017-03-28,17.4,17.4,17.4,16.5,16.5,7010
2017-03-29,17.4,17.4,17.4,16.5,16.5,7010
2017-03-30,17.4,17.4,17.4,16.5,16.5,7010
2017-03-31,17.4,17.4,17.4,16.5,16.5,7010
2017-04-03,17.4,17.4,17.4,16.5,16.5,7010
2017-04-04,17.4,17.4,17.4,16.5,16.5,7010
2017-04-05,17.4,17.4,17.4,16.5,16.5,7010
2017-04-06,17.4,17.4,17.4,16.5,16.5,7010
2017-04-07,17.4,17.4,17.4,16.5,16.5,7010
2017-04-10,17.4,17.4,17.4,16.5,16.5,7010
2017-04-11,17.4,17.4,17.4,16.5,16.5,7010
2017-04-12,17.4,17.4,17.4,16.5,16.5,7010
2017-04-13,17.4,17.4,17.4,16.5,16.5,7010
2017-04-14,17.4,17.4,17.4,16.5,16.5,7010
2017-04-17,17.4,17.4,17.4,16.5,16.5,7010
2017-04-18,17.4,17.4,17.4,16.5,16.5,7010
2017-04-19,17.4,17.4,17.4,16.5,16.5,7010
2017-04-21,17.4,17.4,17.4,16.5,16.5,7010
2017-04-24,17.4,17.4,17.4,16.5,16.5,7010
2017-04-25,17.4,17.4,17.4,16.5,16.5,7010
2017-04-26,17.4,17.4,17.4,16.5,16.5,7010
2017-04-27,17.4,17.4,17.4,16.5,16.5,7010
2017-04-28,17.4,17.4,17.4,16.5,16.5,7010
2017-05-01,17.4,17.4,17.4,16.5,16.5,7010
2017-05-02,17.4,17.4,17.4,16.5,16.5,7010
2017-05-03,17.4,17.4,17.4,16.5,16.5,7010
2017-05-04,17.4,17.4,17.4,16.5,16.5,7010
2017-05-05,17.4,17.4,17.4,16.5,16.5,7010
2017-05-08,17.4,17.4,17.4,16.5,16.5,7010
2017-05-09,17.4,17.4,17.4,16.5,16.5,7010
2017-05-10,17.4,17.4,17.4,16.5,16.5,7010
2017-05-11,17.4,17.4,17.4,16.5,16.5,7010
2017-05-12,17.4,17.4,17.4,16.5,16.5,7010
2017-05-15,17.4,17.4,17.4,16.5,16.5,7010
2017-05-16,17.4,17.4,17.4,16.5,16.5,7010
2017-05-17,17.4,17.4,17.4,16.5,16.5,7010
2017-05-18,17.4,17.4,17.4,16.5,16.5,7010
2017-05-19,17.4,17.4,17.4,16.5,16.5,7010
2017-05-22,17.4,17.4,17.4,16.5,16.5,7010
2017-05-23,17.4,17.4,17.4,16.5,16.5,7010
2017-05-24,17.4,17.4,17.4,16.5,16.5,7010
2017-05-25,17.4,17.4,17.4,16.5,16.5,7010
2017-05-26,17.4,17.4,17.4,16.5,16.5,7010
2017-05-29,17.4,17.4,17.4,16.5,16.5,7010
2017-05-30,17.4,17.4,17.4,16.5,16.5,7010
2017-05-31,17.4,17.4,17.4,16.5,16.5,7010
2017-06-01,17.4,17.4,17.4,16.5,16.5,7010
2017-06-02,17.4,17.4,17.4,16.5,16.5,7010
2017-06-05,17.4,17.4,17.4,16.5,16.5,7010
2017-06-06,17.4,17.4,17.4,16.5,16.5,7010
2017-06-07,17.4,17.4,17.4,16.5,16.5,7010
2017-06-08,17.4,17.4,17.4,16.5,16.5,7010
2017-06-09,17.4,17.4,17.4,16.5,16.5,7010
2017-06-12,17.4,17.4,17.4,16.5,16.5,7010
2017-06-13,17.4,17.4,17.4,16.5,16.5,7010
2017-06-14,17.4,17.4,17.4,16.5,16.5,7010
2017-06-15,17.4,17.4,17.4,16.5,16.5,7010
2017-06-16,17.4,17.4,17.4,16.5,16.5,7010
2017-06-19,17.4,17.4,17.4,16.5,16.5,7010
2017-06-20,17.4,17.4,17.4,16.5,16.5,7010
2017-06-21,17.4,17.4,17.4,16.5,16.5,7010
2017-06-22,17.4,17.4,17.4,16.5,16.5,7010
2017-06-23,17.4,17.4,17.4,16.5,16.5,7010
2017-06-26,17.4,17.4,17.4,16.5,16.5,7010
2017-06-27,17.4,17.4,17.4,16.5,16.5,7010
2017-06-28,17.4,17.4,17.4,16.5,16.5,7010
2017-06-29,17.4,17.4,17.4,16.5,16.5,7010
2017-06-30,17.4,17.4,17.4,16.5,16.5,7010
2017-07-03,17.4,17.4,17.4,16.5,16.5,7010
2017-07-04,17.4,17.4,17.4,16.5,16.5,7010
2017-07-05,17.4,17.4,17.4,16.5,16.5,7010
2017-07-06,17.4,17.4,17.4,16.5,16.5,7010
2017-07-07,17.4,17.4,17.4,16.5,16.5,7010
2017-07-10,17.4,17.4,17.4,16.5,16.5,7010
2017-07-11,17.4,17.4,17.4,16.5,16.5,7010
2017-07-12,17.4,17.4,17.4,16.5,16.5,7010
2017-07-13,17.4,17.4,17.4,16.5,16.5,7010
2017-07-14,17.4,17.4,17.4,16.5,16.5,7010
2017-07-17,17.4,17.4,17.4,16.5,16.5,7010
2017-07-18,17.4,17.4,17.4,16.5,16.5,7010
2017-07-19,17.4,17.4,17.4,16.5,16.5,7010
2017-07-20,17.4,17.4,17.4,16.5,16.5,7010
2017-07-21,17.4,17.4,17.4,16.5,16.5,7010
2017-07-24,17.4,17.4,17.4,16.5,16.5,7010
2017-07-25,17.4,17.4,17.4,16.5,16.5,7010
2017-07-26,17.4,17.4,17.4,16.5,16.5,7010
2017-07-27,17.4,17.4,17.4,16.5,16.5,7010
2017-07-28,17.4,17.4,17.4,16.5,16.5,7010
2017-07-31,17.4,17.4,17.4,16.5,16.5,7010
2017-08-01,17.4,17.4,17.4,16.5,16.5,7010
2017-08-02,17.4,17.4,17.4,16.5,16.5,7010
2017-08-03,17.4,17.4,17.4,16.5,16.5,7010
2017-08-04,17.4,17.4,17.4,16.5,16.5,7010
2017-08-07,17.4,17.4,17.4,16.5,16.5,7010
2017-08-08,17.4,17.4,17.4,16.5,16.5,7010
2017-08-09,17.4,17.4,17.4,16.5,16.5,7010
2017-08-10,17.4,17.4,17.4,16.5,16.5,7010
2017-08-11,17.4,17.4,17.4,16.5,16.5,7010
2017-08-14,17.4,17.4,17.4,16.5,16.5,7010
2017-08-15,17.4,17.4,17.4,16.5,16.5,7010
2017-08-16,17.4,17.4,17.4,16.5,16.5,7010
2017-08-17,17.4,17.4,17.4,16.5,16.5,7010
2017-08-18,17.4,17.4,17.4,16.5,16.5,7010
2017-08-21,17.4,17.4,17.4,16.5,16.5,7010
2017-08-22,17.4,17.4,17.4,16.5,16.5,7010
2017-08-23,17.4,17.4,17.4,16.5,16.5,7010
2017-08-24,17.4,17.4,17.4,16.5,16.5,7010
2017-08-25,17.4,17.4,17.4,16.5,16.5,7010
2017-08-28,17.4,17.4,17.4,16.5,16.5,7010
2017-08-29,17.4,17.4,17.4,16.5,16.5,7010
2017-08-30,17.4,17.4,17.4,16.5,16.5,7010
2017-08-31,17.4,17.4,17.4,16.5,16.5,7010
2017-09-01,17.4,17.4,17.4,16.5,16.5,7010
2017-09-04,17.4,17.4,17.4,16.5,16.5,7010
2017-09-05,17.4,17.4,17.4,16.5,16.5,7010
2017-09-06,17.4,17.4,17.4,16.5,16.5,7010
2017-09-07,17.4,17.4,17.4,16.5,16.5,7010
2017-09-08,17.4,17.4,17.4,16.5,16.5,7010
2017-09-11,17.4,17.4,17.4,16.5,16.5,7010
2017-09-12,17.4,17.4,17.4,16.5,16.5,7010
2017-09-13,17.4,17.4,17.4,16.5,16.5,7010
2017-09-14,17.4,17.4,17.4,16.5,16.5,7010
2017-09-15,17.4,17.4,17.4,16.5,16.5,7010
2017-09-18,17.4,17.4,17.4,16.5,16.5,7010
2017-09-19,17.4,17.4,17.4,16.5,16.5,7010
2017-09-20,17.4,17.4,17.4,16.5,16.5,7010
2017-09-21,17.4,17.4,17.4,16.5,16.5,7010
2017-09-22,17.4,17.4,17.4,16.5,16.5,7010
2017-09-25,17.4,17.4,17.4,16.5,16.5,7010
2017-09-26,17.4,17.4,17.4,16.5,16.5,7010
2017-09-27,17.4,17.4,17.4,16.5,16.5,7010
2017-09-28,17.4,17.4,17.4,16.5,16.5,7010
2017-09-29,17.4,17.4,17.4,16.5,16.5,7010
2017-10-02,17.4,17.4,17.4,16.5,16.5,7010
2017-10-03,17.4,17.4,17.4,16.5,16.5,7010
2017-10-04,17.4,17.4,17.4,16.5,16.5,7010
2017-10-05,17.4,17.4,17.4,16.5,16.5,7010
2017-10-06,17.4,17.4,17.4,16.5,16.5,7010
2017-10-09,17.4,17.4,17.4,16.5,16.5,7010
2017-10-10,17.4,17.4,17.4,16.5,16.5,7010
2017-10-11,17.4,17.4,17.4,16.5,16.5,7010
2017-10-12,17.4,17.4,17.4,16.5,16.5,7010
2017-10-13,17.4,17.4,17.4,16.5,16.5,7010
2017-10-16,17.4,17.4,17.4,16.5,16.5,7010
2017-10-17,17.4,17.4,17.4,16.5,16.5,7010
2017-10-18,17.4,17.4,17.4,16.5,16.5,7010
2017-10-19,17.4,17.4,17.4,16.5,16.5,7010
2017-10-20,17.4,17.4,17.4,16.5,16.5,7010
2017-10-23,17.4,17.4,17.4,16.5,16.5,7010
2017-10-24,17.4,17.4,17.4,16.5,16.5,7010
2017-10-25,17.4,17.4,17.4,16.5,16.5,7010
2017-10-26,17.4,17.4,17.4,16.5,16.5,7010
2017-10-27,17.4,17.4,17.4,16.5,16.5,7010
2017-10-30,17.4,17.4,17.4,16.5,16.5,7010
2017-10-31,17.4,17.4,17.4,16.5,16.5,7010
2017-11-01,17.4,17.4,17.4,16.5,16.5,7010
2017-11-02,17.4,17.4,17.4,16.5,16.5,7010
2017-11-03,17.4,17.4,17.4,16.5,16.5,7010
2017-11-06,17.4,17.4,17.4,16.5,16.5,7010
2017-11-07,17.4,17.4,17.4,16.5,16.5,7010
2017-11-08,17.4,17.4,17.4,16.5,16.5,7010
2017-11-09,17.4,17.4,17.4,16.5,16.5,7010
2017-11-10,17.4,17.4,17.4,16.5,16.5,7010
2017-11-13,17.4,17.4,17.4,16.5,16.5,7010
2017-11-14,17.4,17.4,17.4,16.5,16.5,7010
2017-11-15,17.4,17.4,17.4,16.5,16.5,7010
2017-11-16,17.4,17.4,17.4,16.5,16.5,7010
2017-11-17,17.4,17.4,17.4,16.5,16.5,7010
2017-11-20,17.4,17.4,17.4,16.5,16.5,7010
2017-11-21,17.4,17.4,17.4,16.5,16.5,7010
2017-11-22,17.4,17.4,17.4,16.5,16.5,7010
2017-11-23,17.4,17.4,17.4,16.5,16.5,7010
2017-11-24,17.4,17.4,17.4,16.5,16.5,7010
2017-11-27,17.4,17.4,17.4,16.5,16.5,7010
2017-11-28,17.4,17.4,17.4,16.5,16.5,7010
2017-11-29,17.4,17.4,17.4,16.5,16.5,7010
2017-11-30,17.4,17.4,17.4,16.5,16.5,7010
2017-12-01,17.4,17.4,17.4,16.5,16.5,7010
2017-12-04,17.4,17.4,17.4,16.5,16.5,7010
2017-12-05,17.4,17.4,17.4,16.5,16.5,7010
2017-12-06,17.4,17.4,17.4,16.5,16.5,7010
2017-12-07,17.4,17.4,17.4,16.5,16.5,7010
2017-12-08,17.4,17.4,17.4,16.5,16.5,7010
2017-12-11,17.4,17.4,17.4,16.5,16.5,7010
2017-12-12,17.4,17.4,17.4,16.5,16.5,7010
2017-12-13,17.4,17.4,17.4,16.5,16.5,7010
2017-12-14,17.4,17.4,17.4,16.5,16.5,7010
2017-12-15,17.4,17.4,17.4,16.5,16.5,7010
2017-12-18,17.4,17.4,17.4,16.5,16.5,7010
2017-12-19,17.4,17.4,17.4,16.5,16.5,7010
2017-12-20,17.4,17.4,17.4,16.5,16.5,7010
2017-12-21,17.4,17.4,17.4,16.5,16.5,7010
2017-12-22,17.4,17.4,17.4,16.5,16.5,7010
2017-12-25,17.4,17.4,17.4,16.5,16.5,7010
2017-12-26,17.4,17.4,17.4,16.5,16.5,7010
2017-12-27,17.4,17.4,17.4,16.5,16.5,7010
2017-12-28,17.4,17.4,17.4,16.5,16.5,7010
2017-12-29,17.4,17.4,17.4,16.5,16.5,7010
2018-01-01,17.4,17.4,17.4,16.5,16.5,7010
2018-01-02,17.4,17.4,17.4,16.5,16.5,7010
2018-01-03,17.4,17.4,17.4,16.5,16.5,7010
2018-01-04,17.4,17.4,17.4,16.5,16.5,7010
2018-01-05,17.4,17.4,17.4,16.5,16.5,7010
2018-01-08,17.4,17.4,17.4,16.5,16.5,7010
2018-01-09,17.4,17.4,17.4,16.5,16.5,7010
2018-01-10,17.4,17.4,17.4,16.5,16.5,7010
2018-01-11,17.4,17.4,17.4,16.5,16.5,7010
2018-01-12,17.4,17.4,17.4,16.5,16.5,7010
2018-01-15,17.4,17.4,17.4,16.5,16.5,7010
2018-01-16,17.4,17.4,17.4,16.5,16.5,7010
2018-01-17,17.4,17.4,17.4,16.5,16.5,7010
2018-01-18,17.4,17.4,17.4,16.5,16.5,7010
2018-01-19,17.4,17.4,17.4,16.5,16.5,7010
2018-01-22,17.4,17.4,17.4,16.5,16.5,7010
2018-01-23,17.4,17.4,17.4,16.5,16.5,7010
2018-01-24,17.4,17.4,17.4,16.5,16.5,7010
2018-01-25,17.4,17.4,17.4,16.5,16.5,7010
2018-01-26,17.4,17.4,17.4,16.5,16.5,7010
2018-01-29,17.4,17.4,17.4,16.5,16.5,7010
2018-01-30,17.4,17.4,17.4,16.5,16.5,7010
2018-01-31,17.4,17.4,17.4,16.5,16.5,7010
2018-02-01,17.4,17.4,17.4,16.5,16.5,7010
2018-02-02,17.4,17.4,17.4,16.5,16.5,7010
2018-02-05,17.4,17.4,17.4,16.5,16.5,7010
2018-02-06,17.4,17.4,17.4,16.5,16.5,7010
2018-02-07,17.4,17.4,17.4,16.5,16.5,7010
2018-02-08,17.4,17.4,17.4,16.5,16.5,7010
2018-02-09,17.4,17.4,17.4,16.5,16.5,7010
2018-02-12,17.4,17.4,17.4,16.5,16.5,7010
2018-02-13,17.4,17.4,17.4,16.5,16.5,7010
2018-02-14,17.4,17.4,17.4,16.5,16.5,7010
2018-02-15,17.4,17.4,17.4,16.5,16.5,7010
2018-02-16,17.4,17.4,17.4,16.5,16.5,7010
2018-02-19,17.4,17.4,17.4,16.5,16.5,7010
2018-02-20,17.4,17.4,17.4,16.5,16.5,7010
2018-02-21,17.4,17.4,17.4,16.5,16.5,7010
2018-02-22,17.4,17.4,17.4,16.5,16.5,7010
2018-02-23,17.4,17.4,17.4,16.5,16.5,7010
2018-02-26,17.4,17.4,17.4,16.5,16.5,7010
2018-02-27,17.4,17.4,17.4,16.5,16.5,7010
2018-02-28,17.4,17.4,17.4,16.5,16.5,7010
2018-03-01,17.4,17.4,17.4,16.5,16.5,7010
2018-03-02,17.4,17.4,17.4,16.5,16.5,7010
2018-03-05,17.4,17.4,17.4,16.5,16.5,7010
2018-03-06,17.4,17.4,17.4,16.5,16.5,7010
2018-03-07,17.4,17.4,17.4,16.5,16.5,7010
2018-03-08,17.4,17.4,17.4,16.5,16.5,7010
2018-03-09,17.4,17.4,17.4,16.5,16.5,7010
2018-03-12,17.4,17.4,17.4,16.5,16.5,7010
2018-03-13,17.4,17.4,17.4,16.5,16.5,7010
2018-03-14,17.4,17.4,17.4,16.5,16.5,7010
2018-03-15,17.4,17.4,17.4,16.5,16.5,7010
2018-03-16,17.4,17.4,17.4,16.5,16.5,7010
2018-03-19,17.4,17.4,17.4,16.5,16.5,7010
2018-03-20,17.4,17.4,17.4,16.5,16.5,7010
2018-03-21,17.4,17.4,17.4,16.5,16.5,7010
2018-03-22,17.4,17.4,17.4,16.5,16.5,7010
2018-03-23,17.4,17.4,17.4,16.5,16.5,7010
2018-03-26,17.4,17.4,17.4,16.5,16.5,7010
2018-03-27,17.4,17.4,17.4,16.5,16.5,7010
2018-03-28,17.4,17.4,17.4,16.5,16.5,7010
2018-03-29,17.4,17.4,17.4,16.5,16.5,7010
2018-03-30,17.4,17.4,17.4,16.5,16.5,7010
2018-04-02,17.4,17.4,17.4,16.5,16.5,7010
2018-04-03,17.4,17.4,17.4,16.5,16.5,7010
2018-04-04,17.4,17.4,17.4,16.5,16.5,7010
2018-04-05,17.4,17.4,17.4,16.5,16.5,7010
2018-04-06,17.4,17.4,17.4,16.5,16.5,7010
2018-04-09,17.4,17.4,17.4,16.5,16.5,7010
2018-04-10,17.4,17.4,17.4,16.5,16.5,7010
2018-04-11,17.4,17.4,17.4,16.5,16.5,7010
2018-04-12,17.4,17.4,17.4,16.5,16.5,7010
2018-04-13,17.4,17.4,17.4,16.5,16.5,7010
2018-04-16,17.4,17.4,17.4,16.5,16.5,7010
2018-04-17,17.4,17.4,17.4,16.5,16.5,7010
2018-04-18,17.4,17.4,17.4,16.5,16.5,7010
2018-04-19,17.4,17.4,17.4,16.5,16.5,7010
2018-04-20,17.4,17.4,17.4,16.5,16.5,7010
2018-04-23,17.4,17.4,17.4,16.5,16.5,7010
2018-04-24,17.4,17.4,17.4,16.5,16.5,7010
2018-04-25,17.4,17.4,17.4,16.5,16.5,7010
2018-04-26,17.4,17.4,17.4,16.5,16.5,7010
2018-04-27,17.4,17.4,17.4,16.5,16.5,7010
2018-04-30,17.4,17.4,17.4,16.5,16.5,7010
2018-05-01,17.4,17.4,17.4,16.5,16.5,7010
2018-05-02,17.4,17.4,17.4,16.5,16.5,7010
2018-05-03,17.4,17.4,17.4,16.5,16.5,7010
2018-05-04,17.4,17.4,17.4,16.5,16.5,7010
2018-05-07,17.4,17.4,17.4,16.5,16.5,7010
2018-05-08,17.4,17.4,17.4,16.5,16.5,7010
2018-05-09,17.4,17.4,17.4,16.5,16.5,7010
2018-05-10,17.4,17.4,17.4,16.5,16.5,7010
2018-05-11,17.4,17.4,17.4,16.5,16.5,7010
2018-05-14,17.4,17.4,17.4,16.5,16.5,7010
2018-05-15,17.4,17.4,17.4,16.5,16.5,7010
2018-05-16,17.4,17.4,17.4,16.5,16.5,7010
2018-05-17,17.4,17.4,17.4,16.5,16.5,7010
2018-05-18,17.4,17.4,17.4,16.5,16.5,7010
2018-05-21,17.4,17.4,17.4,16.5,16.5,7010
2018-05-22,17.4,17.4,17.4,16.5,16.5,7010
2018-05-23,17.4,17.4,17.4,16.5,16.5,7010
2018-05-24,17.4,17.4,17.4,16.5,16.5,7010
2018-05-25,17.4,17.4,17.4,16.5,16.5,7010
2018-05-28,17.4,17.4,17.4,16.5,16.5,7010
2018-05-29,17.4,17.4,17.4,16.5,16.5,7010
2018-05-30,17.4,17.4,17.4,16.5,16.5,7010
2018-05-31,17.4,17.4,17.4,16.5,16.5,7010
2018-06-01,17.4,17.4,17.4,16.5,16.5,7010
2018-06-04,17.4,17.4,17.4,16.5,16.5,7010
2018-06-05,17.4,17.4,17.4,16.5,16.5,7010
2018-06-06,17.4,17.4,17.4,16.5,16.5,7010
2018-06-07,17.4,17.4,17.4,16.5,16.5,7010
2018-06-08,17.4,17.4,17.4,16.5,16.5,7010
2018-06-11,17.4,17.4,17.4,16.5,16.5,7010
2018-06-12,17.4,17.4,17.4,16.5,16.5,7010
2018-06-13,17.4,17.4,17.4,16.5,16.5,7010
2018-06-14,17.4,17.4,17.4,16.5,16.5,7010
2018-06-15,17.4,17.4,17.4,16.5,16.5,7010
2018-06-18,17.4,17.4,17.4,16.5,16.5,7010
2018-06-19,17.4,17.4,17.4,16.5,16.5,7010
2018-06-20,17.4,17.4,17.4,16.5,16.5,7010
2018-06-21,17.4,17.4,17.4,16.5,16.5,7010
2018-06-22,17.4,17.4,17.4,16.5,16.5,7010
2018-06-25,17.4,17.4,17.4,16.5,16.5,7010
2018-06-26,17.4,17.4,17.4,16.5,16.5,7010
2018-06-27,17.4,17.4,17.4,16.5,16.5,7010
2018-06-28,17.4,17.4,17.4,16.5,16.5,7010
2018-06-29,17.4,17.4,17.4,16.5,16.5,7010
2018-07-02,17.4,17.4,17.4,16.5,16.5,7010
2018-07-03,17.4,17.4,17.4,16.5,16.5,7010
2018-07-04,17.4,17.4,17.4,16.5,16.5,7010
2018-07-05,17.4,17.4,17.4,16.5,16.5,7010
2018-07-06,17.4,17.4,17.4,16.5,16.5,7010
2018-07-09,17.4,17.4,17.4,16.5,16.5,7010
2018-07-10,17.4,17.4,17.4,16.5,16.5,7010
2018-07-11,17.4,17.4,17.4,16.5,16.5,7010
2018-07-12,17.4,17.4,17.4,16.5,16.5,7010
2018-07-13,17.4,17.4,17.4,16.5,16.5,7010
2018-07-16,17.4,17.4,17.4,16.5,16.5,7010
2018-07-17,17.4,17.4,17.4,16.5,16.5,7010
2018-07-18,17.4,17.4,17.4,16.5,16.5,7010
2018-07-19,17.4,17.4,17.4,16.5,16.5,7010
2018-07-20,17.4,17.4,17.4,16.5,16.5,7010
2018-07-23,17.4,17.4,17.4,16.5,16.5,7010
2018-07-24,17.4,17.4,17.4,16.5,16.5,7010
2018-07-25,17.4,17.4,17.4,16.5,16.5,7010
2018-07-26,17.4,17.4,17.4,16.5,16.5,7010
2018-07-27,17.4,17.4,17.4,16.5,16.5,7010
2018-07-30,17.4,17.4,17.4,16.5,16.5,7010
2018-07-31,17.4,17.4,17.4,16.5,16.5,7010
2018-08-01,17.4,17.4,17.4,16.5,16.5,7010
2018-08-02,17.4,17.4,17.4,16.5,16.5,7010
2018-08-03,17.4,17.4,17.4,16.5,16.5,7010
2018-08-06,17.4,17.4,17.4,16.5,16.5,7010
2018-08-07,17.4,17.4,17.4,16.5,16.5,7010
2018-08-08,17.4,17.4,17.4,16.5,16.5,7010
2018-08-09,17.4,17.4,17.4,16.5,16.5,7010
2018-08-10,17.4,17.4,17.4,16.5,16.5,7010
2018-08-13,17.4,17.4,17.4,16.5,16.5,7010
2018-08-14,17.4,17.4,17.4,16.5,16.5,7010
2018-08-15,17.4,17.4,17.4,16.5,16.5,7010
2018-08-16,17.4,17.4,17.4,16.5,16.5,7010
2018-08-17,17.4,17.4,17.4,16.5,16.5,7010
2018-08-20,17.4,17.4,17.4,16.5,16.5,7010
2018-08-21,17.4,17.4,17.4,16.5,16.5,7010
2018-08-22,17.4,17.4,17.4,16.5,16.5,7010
2018-08-23,17.4,17.4,17.4,16.5,16.5,7010
2018-08-24,17.4,17.4,17.4,16.5,16.5,7010
2018-08-27,17.4,17.4,17.4,16.5,16.5,7010
2018-08-28,17.4,17.4,17.4,16.5,16.5,7010
2018-08-29,17.4,17.4,17.4,16.5,16.5,7010
2018-08-30,17.4,17.4,17.4,16.5,16.5,7010
2018-08-31,17.4,17.4,17.4,16.5,16.5,7010
2018-09-03,17.4,17.4,17.4,16.5,16.5,7010
2018-09-04,17.4,17.4,17.4,16.5,16.5,7010
2018-09-05,17.4,17.4,17.4,16.5,16.5,7010
2018-09-06,17.4,17.4,17.4,16.5,16.5,7010
2018-09-07,17.4,17.4,17.4,16.5,16.5,7010
2018-09-10,17.4,17.4,17.4,16.5,16.5,7010
2018-09-11,17.4,17.4,17.4,16.5,16.5,7010
2018-09-12,17.4,17.4,17.4,16.5,16.5,7010
2018-09-13,17.4,17.4,17.4,16.5,16.5,7010
2018-09-14,17.4,17.4,17.4,16.5,16.5,7010
2018-09-17,17.4,17.4,17.4,16.5,16.5,7010
2018-09-18,17.4,17.4,17.4,16.5,16.5,7010
2018-09-19,17.4,17.4,17.4,16.5,16.5,7010
2018-09-20,17.4,17.4,17.4,16.5,16.5,7010
2018-09-21,17.4,17.4,17.4,16.5,16.5,7010
2018-09-24,17.4,17.4,17.4,16.5,16.5,7010
2018-09-25,17.4,17.4,17.4,16.5,16.5,7010
2018-09-26,17.4,17.4,17.4,16.5,16.5,7010
2018-09-27,17.4,17.4,17.4,16.5,16.5,7010
2018-09-28,17.4,17.4,17.4,16.5,16.5,7010
2018-10-01,17.4,17.4,17.4,16.5,16.5,7010
2018-10-02,17.4,17.4,17.4,16.5,16.5,7010
2018-10-03,17.4,17.4,17.4,16.5,16.5,7010
2018-10-04,17.4,17.4,17.4,16.5,16.5,7010
2018-10-05,17.4,17.4,17.4,16.5,16.5,7010
2018-10-08,17.4,17.4,17.4,16.5,16.5,7010
2018-10-09,17.4,17.4,17.4,16.5,16.5,7010
2018-10-10,17.4,17.4,17.4,16.5,16.5,7010
2018-10-11,17.4,17.4,17.4,16.5,16.5,7010
2018-10-12,17.4,17.4,17.4,16.5,16.5,7010
2018-10-15,17.4,17.4,17.4,16.5,16.5,7010
2018-10-16,17.4,17.4,17.4,16.5,16.5,7010
2018-10-17,17.4,17.4,17.4,16.5,16.5,7010
2018-10-18,17.4,17.4,17.4,16.5,16.5,7010
2018-10-19,17.4,17.4,17.4,16.5,16.5,7010
2018-10-22,17.4,17.4,17.4,16.5,16.5,7010
2018-10-23,17.4,17.4,17.4,16.5,16.5,7010
2018-10-24,17.4,17.4,17.4,16.5,16.5,7010
2018-10-25,17.4,17.4,17.4,16.5,16.5,7010
2018-10-26,17.4,17.4,17.4,16.5,16.5,7010
2018-10-29,17.4,17.4,17.4,16.5,16.5,7010
2018-10-30,17.4,17.4,17.4,16.5,16.5,7010
2018-10-31,17.4,17.4,17.4,16.5,16.5,7010
2018-11-01,17.4,17.4,17.4,16.5,16.5,7010
2018-11-02,17.4,17.4,17.4,16.5,16.5,7010
2018-11-05,17.4,17.4,17.4,16.5,16.5,7010
2018-11-06,17.4,17.4,17.4,16.5,16.5,7010
2018-11-07,17.4,17.4,17.4,16.5,16.5,7010
2018-11-08,17.4,17.4,17.4,16.5,16.5,7010
2018-11-09,17.4,17.4,17.4,16.5,16.5,7010
2018-11-12,17.4,17.4,17.4,16.5,16.5,7010
2018-11-13,17.4,17.4,17.4,16.5,16.5,7010
2018-11-14,17.4,17.4,17.4,16.5,16.5,7010
2018-11-15,17.4,17.4,17.4,16.5,16.5,7010
2018-11-16,17.4,17.4,17.4,16.5,16.5,7010
2018-11-19,17.4,17.4,17.4,16.5,16.5,7010
2018-11-20,17.4,17.4,17.4,16.5,16.5,7010
2018-11-21,17.4,17.4,17.4,16.5,16.5,7010
2018-11-22,17.4,17.4,17.4,16.5,16.5,7010
2018-11-23,17.4,17.4,17.4,16.5,16.5,7010
2018-11-26,17.4,17.4,17.4,16.5,16.5,7010
2018-11-27,17.4,17.4,17.4,16.5,16.5,7010
2018-11-28,17.4,17.4,17.4,16.5,16.5,7010
2018-11-29,17.4,17.4,17.4,16.5,16.5,7010
2018-11-30,17.4,17.4,17.4,16.5,16.5,7010
2018-12-03,17.4,17.4,17.4,16.5,16.5,7010
2018-12-04,17.4,17.4,17.4,16.5,16.5,7010
2018-12-05,17.4,17.4,17.4,16.5,16.5,7010
2018-12-06,17.4,17.4,17.4,16.5,16.5,7010
2018-12-07,17.4,17.4,17.4,16.5,16.5,7010
2018-12-10,17.4,17.4,17.4,16.5,16.5,7010
2018-12-11,17.4,17.4,17.4,16.5,16.5,7010
2018-12-12,17.4,17.4,17.4,16.5,16.5,7010
2018-12-13,17.4,17.4,17.4,16.5,16.5,7010
2018-12-14,17.4,17.4,17.4,16.5,16.5,7010
2018-12-17,17.4,17.4,17.4,16.5,16.5,7010
2018-12-18,17.4,17.4,17.4,16.5,16.5,7010
2018-12-19,17.4,17.4,17.4,16.5,16.5,7010
2018-12-20,17.4,17.4,17.4,16.5,16.5,7010
2018-12-21,17.4,17.4,17.4,16.5,16.5,7010
2018-12-24,17.4,17.4,17.4,16.5,16.5,7010
2018-12-25,17.4,17.4,17.4,16.5,16.5,7010
2018-12-26,17.4,17.4,17.4,16.5,16.5,7010
2018-12-27,17.4,17.4,17.4,16.5,16.5,7010
2018-12-28,17.4,17.4,17.4,16.5,16.5,7010
2018-12-31,17.4,17.4,17.4,16.5,16.5,7010
2019-01-01,17.4,17.4,17.4,16.5,16.5,7010
2019-01-02,17.4,17.4,17.4,16.5,16.5,7010
2019-01-03,17.4,17.4,17.4,16.5,16.5,7010
2019-01-04,17.4,17.4,17.4,16.5,16.5,7010
2019-01-07,17.4,17.4,17.4,16.5,16.5,7010
2019-01-08,17.4,17.4,17.4,16.5,16.5,7010
2019-01-09,17.4,17.4,17.4,16.5,16.5,7010
2019-01-10,17.4,17.4,17.4,16.5,16.5,7010
2019-01-11,17.4,17.4,17.4,16.5,16.5,7010
2019-01-14,17.4,17.4,17.4,16.5,16.5,7010
2019-01-15,17.4,17.4,17.4,16.5,16.5,7010
2019-01-16,17.4,17.4,17.4,16.5,16.5,7010
2019-01-17,17.4,17.4,17.4,16.5,16.5,7010
2019-01-18,17.4,17.4,17.4,16.5,16.5,7010
2019-01-21,17.4,17.4,17.4,16.5,16.5,7010
2019-01-22,17.4,17.4,17.4,16.5,16.5,7010
2019-01-23,17.4,17.4,17.4,16.5,16.5,7010
2019-01-24,17.4,17.4,17.4,16.5,16.5,7010
2019-01-25,17.4,17.4,17.4,16.5,16.5,7010
2019-01-28,17.4,17.4,17.4,16.5,16.5,7010
2019-01-29,17.4,17.4,17.4,16.5,16.5,7010
2019-01-30,17.4,17.4,17.4,16.5,16.5,7010
2019-01-31,17.4,17.4,17.4,16.5,16.5,7010
2019-02-01,17.4,17.4,17.4,16.5,16.5,7010
2019-02-04,17.4,17.4,17.4,16.5,16.5,7010
2019-02-05,17.4,17.4,17.4,16.5,16.5,7010
2019-02-06,17.4,17.4,17.4,16.5,16.5,7010
2019-02-07,17.4,17.4,17.4,16.5,16.5,7010
2019-02-08,17.4,17.4,17.4,16.5,16.5,7010
2019-02-11,17.4,17.4,17.4,16.5,16.5,7010
2019-02-12,17.4,17.4,17.4,16.5,16.5,7010
2019-02-13,17.4,17.4,17.4,16.5,16.5,7010
2019-02-14,17.4,17.4,17.4,16.5,16.5,7010
2019-02-15,17.4,17.4,17.4,16.5,16.5,7010
2019-02-18,17.4,17.4,17.4,16.5,16.5,7010
2019-02-19,17.4,17.4,17.4,16.5,16.5,7010
2019-02-20,17.4,17.4,17.4,16.5,16.5,7010
2019-02-21,17.4,17.4,17.4,16.5,16.5,7010
2019-02-22,17.4,17.4,17.4,16.5,16.5,7010
2019-02-25,17.4,17.4,17.4,16.5,16.5,7010
2019-02-26,17.4,17.4,17.4,16.5,16.5,7010
2019-02-27,17.4,17.4,17.4,16.5,16.5,7010
2019-02-28,17.4,17.4,17.4,16.5,16.5,7010
2019-03-01,17.4,17.4,17.4,16.5,16.5,7010
2019-03-04,17.4,17.4,17.4,16.5,16.5,7010
2019-03-05,17.4,17.4,17.4,16.5,16.5,7010
2019-03-06,17.4,17.4,17.4,16.5,16.5,7010
2019-03-07,17.4,17.4,17.4,16.5,16.5,7010
2019-03-08,17.4,17.4,17.4,16.5,16.5,7010
2019-03-11,17.4,17.4,17.4,16.5,16.5,7010
2019-03-12,17.4,17.4,17.4,16.5,16.5,7010
2019-03-13,17.4,17.4,17.4,16.5,16.5,7010
2019-03-14,17.4,17.4,17.4,16.5,16.5,7010
2019-03-15,17.4,17.4,17.4,16.5,16.5,7010
2019-03-18,17.4,17.4,17.4,16.5,16.5,7010
2019-03-19,17.4,17.4,17.4,16.5,16.5,7010
2019-03-20,17.4,17.4,17.4,16.5,16.5,7010
2019-03-21,17.4,17.4,17.4,16.5,16.5,7010
2019-03-22,17.4,17.4,17.4,16.5,16.5,7010
2019-03-25,17.4,17.4,17.4,16.5,16.5,7010
2019-03-26,17.4,17.4,17.4,16.5,16.5,7010
2019-03-27,17.4,17.4,17.4,16.5,16.5,7010
2019-03-28,17.4,17.4,17.4,16.5,16.5,7010
2019-03-29,17.4,17.4,17.4,16.5,16.5,7010
2019-04-01,17.4,17.4,17.4,16.5,16.5,7010
2019-04-02,17.4,17.4,17.4,16.5,16.5,7010
2019-04-03,17.4,17.4,17.4,16.5,16.5,7010
2019-04-04,17.4,17.4,17.4,16.5,16.5,7010
2019-04-05,17.4,17.4,17.4,16.5,16.5,7010
2019-04-08,17.4,17.4,17.4,16.5,16.5,7010
2019-04-09,17.4,17.4,17.4,16.5,16.5,7010
2019-04-10,17.4,17.4,17.4,16.5,16.5,7010
2019-04-11,17.4,17.4,17.4,16.5,16.5,7010
2019-04-12,17.4,17.4,17.4,16.5,16.5,7010
2019-04-15,17.4,17.4,17.4,16.5,16.5,7010
2019-04-16,17.4,17.4,17.4,16.5,16.5,7010
2019-04-17,17.4,17.4,17.4,16.5,16.5,7010
2019-04-18,17.4,17.4,17.4,16.5,16.5,7010
2019-04-19,17.4,17.4,17.4,16.5,16.5,7010
2019-04-22,17.4,17.4,17.4,16.5,16.5,7010
2019-04-23,17.4,17.4,17.4,16.5,16.5,7010
2019-04-24,17.4,17.4,17.4,16.5,16.5,7010
2019-04-25,17.4,17.4,17.4,16.5,16.5,7010
2019-04-26,17.4,17.4,17.4,16.5,16.5,7010
2019-04-29,17.4,17.4,17.4,16.5,16.5,7010
2019-04-30,17.4,17.4,17.4,16.5,16.5,7010
2019-05-01,17.4,17.4,17.4,16.5,16.5,7010
2019-05-02,17.4,17.4,17.4,16.5,16.5,7010
2019-05-03,17.4,17.4,17.4,16.5,16.5,7010
2019-05-06,17.4,17.4,17.4,16.5,16.5,7010
2019-05-07,17.4,17.4,17.4,16.5,16.5,7010
2019-05-08,17.4,17.4,17.4,16.5,16.5,7010
2019-05-09,17.4,17.4,17.4,16.5,16.5,7010
2019-05-10,17.4,17.4,17.4,16.5,16.5,7010
2019-05-13,17.4,17.4,17.4,16.5,16.5,7010
2019-05-14,17.4,17.4,17.4,16.5,16.5,7010
2019-05-15,17.4,17.4,17.4,16.5,16.5,7010
2019-05-16,17.4,17.4,17.4,16.5,16.5,7010
2019-05-17,17.4,17.4,17.4,16.5,16.5,7010
2019-05-20,17.4,17.4,17.4,16.5,16.5,7010
2019-05-21,17.4,17.4,17.4,16.5,16.5,7010
2019-05-22,17.4,17.4,17.4,16.5,16.5,7010
2019-05-23,17.4,17.4,17.4,16.5,16.5,7010
2019-05-24,17.4,17.4,17.4,16.5,16.5,7010
2019-05-27,17.4,17.4,17.4,16.5,16.5,7010
2019-05-28,17.4,17.4,17.4,16.5,16.5,7010
2019-05-29,17.4,17.4,17.4,16.5,16.5,7010
2019-05-30,17.4,17.4,17.4,16.5,16.5,7010
2019-05-31,17.4,17.4,17.4,16.5,16.5,7010
2019-06-03,17.4,17.4,17.4,16.5,16.5,7010
2019-06-04,17.4,17.4,17.4,16.5,16.5,7010
2019-06-05,17.4,17.4,17.4,16.5,16.5,7010
2019-06-06,17.4,17.4,17.4,16.5,16.5,7010
2019-06-07,17.4,17.4,17.4,16.5,16.5,7010
2019-06-10,17.4,17.4,17.4,16.5,16.5,7010
2019-06-11,17.4,17.4,17.4,16.5,16.5,7010
2019-06-12,17.4,17.4,17.4,16.5,16.5,7010
2019-06-13,17.4,17.4,17.4,16.5,16.5,7010
2019-06-14,17.4,17.4,17.4,16.5,16.5,7010
2019-06-17,17.4,17.4,17.4,16.5,16.5,7010
2019-06-18,17.4,17.4,17.4,16.5,16.5,7010
2019-06-19,17.4,17.4,17.4,16.5,16.5,7010
2019-06-20,17.4,17.4,17.4,16.5,16.5,7010
2019-06-21,17.4,17.4,17.4,16.5,16.5,7010
2019-06-24,17.4,17.4,17.4,16.5,16.5,7010
2019-06-25,17.4,17.4,17.4,16.5,16.5,7010
2019-06-26,17.4,17.4,17.4,16.5,16.5,7010
2019-06-27,17.4,17.4,17.4,16.5,16.5,7010
2019-06-28,17.4,17.4,17.4,16.5,16.5,7010
2019-07-01,17.4,17.4,17.4,16.5,16.5,7010
2019-07-02,17.4,17.4,17.4,16.5,16.5,7010
2019-07-03,17.4,17.4,17.4,16.5,16.5,7010
2019-07-04,17.4,17.4,17.4,16.5,16.5,7010
2019-07-05,17.4,17.4,17.4,16.5,16.5,7010
2019-07-08,17.4,17.4,17.4,16.5,16.5,7010
2019-07-09,17.4,17.4,17.4,16.5,16.5,7010
2019-07-10,17.4,17.4,17.4,16.5,16.5,7010
2019-07-11,17.4,17.4,17.4,16.5,16.5,7010
2019-07-12,17.4,17.4,17.4,16.5,16.5,7010
2019-07-15,17.4,17.4,17.4,16.5,16.5,7010
2019-07-16,17.4,17.4,17.4,16.5,16.5,7010
2019-07-17,17.4,17.4,17.4,16.5,16.5,7010
2019-07-18,17.4,17.4,17.4,16.5,16.5,7010
2019-07-19,17.4,17.4,17.4,16.5,16.5,7010
2019-07-22,17.4,17.4,17.4,16.5,16.5,7010
2019-07-23,17.4,17.4,17.4,16.5,16.5,7010
2019-07-24,17.4,17.4,17.4,16.5,16.5,7010
2019-07-25,17.4,17.4,17.4,16.5,16.5,7010
2019-07-26,17.4,17.4,17.4,16.5,16.5,7010
2019-07-29,17.4,17.4,17.4,16.5,16.5,7010
2019-07-30,17.4,17.4,17.4,16.5,16.5,7010
2019-07-31,17.4,17.4,17.4,16.5,16.5,7010
2019-08-01,17.4,17.4,17.4,16.5,16.5,7010
2019-08-02,17.4,17.4,17.4,16.5,16.5,7010
2019-08-05,17.4,17.4,17.4,16.5,16.5,7010
2019-08-06,17.4,17.4,17.4,16.5,16.5,7010
2019-08-07,17.4,17.4,17.4,16.5,16.5,7010
2019-08-08,17.4,17.4,17.4,16.5,16.5,7010
2019-08-09,17.4,17.4,17.4,16.5,16.5,7010
2019-08-12,17.4,17.4,17.4,16.5,16.5,7010
2019-08-13,17.4,17.4,17.4,16.5,16.5,7010
2019-08-14,17.4,17.4,17.4,16.5,16.5,7010
2019-08-15,17.4,17.4,17.4,16.5,16.5,7010
2019-08-16,17.4,17.4,17.4,16.5,16.5,7010
2019-08-19,17.4,17.4,17.4,16.5,16.5,7010
2019-08-20,17.4,17.4,17.4,16.5,16.5,7010
2019-08-21,17.4,17.4,17.4,16.5,16.5,7010
2019-08-22,17.4,17.4,17.4,16.5,16.5,7010
2019-08-23,17.4,17.4,17.4,16.5,16.5,7010
2019-08-26,17.4,17.4,17.4,16.5,16.5,7010
2019-08-27,17.4,17.4,17.4,16.5,16.5,7010
2019-08-28,17.4,17.4,17.4,16.5,16.5,7010
2019-08-29,17.4,17.4,17.4,16.5,16.5,7010
2019-08-30,17.4,17.4,17.4,16.5,16.5,7010
2019-09-02,17.4,17.4,17.4,16.5,16.5,7010
2019-09-03,17.4,17.4,17.4,16.5,16.5,7010
2019-09-04,17.4,17.4,17.4,16.5,16.5,7010
2019-09-05,17.4,17.4,17.4,16.5,16.5,7010
2019-09-06,17.4,17.4,17.4,16.5,16.5,7010
2019-09-09,17.4,17.4,17.4,16.5,16.5,7010
2019-09-10,17.4,17.4,17.4,16.5,16.5,7010
2019-09-11,17.4,17.4,17.4,16.5,16.5,7010
2019-09-12,17.4,17.4,17.4,16.5,16.5,7010
2019-09-13,17.4,17.4,17.4,16.5,16.5,7010
2019-09-16,17.4,17.4,17.4,16.5,16.5,7010
2019-09-17,17.4,17.4,17.4,16.5,16.5,7010
2019-09-18,17.4,17.4,17.4,16.5,16.5,7010
2019-09-19,17.4,17.4,17.4,16.5,16.5,7010
2019-09-20,17.4,17.4,17.4,16.5,16.5,7010
2019-09-23,17.4,17.4,17.4,16.5,16.5,7010
2019-09-24,17.4,17.4,17.4,16.5,16.5,7010
2019-09-25,17.4,17.4,17.4,16.5,16.5,7010
2019-09-26,17.4,17.4,17.4,16.5,16.5,7010
2019-09-27,17.4,17.4,17.4,16.5,16.5,7010
2019-09-30,17.4,17.4,17.4,16.5,16.5,7010
2019-10-01,17.4,17.4,17.4,16.5,16.5,7010
2019-10-02,17.4,17.4,17.4,16.5,16.5,7010
2019-10-03,17.4,17.4,17.4,16.5,16.5,7010
2019-10-04,17.4,17.4,17.4,16.5,16.5,7010
2019-10-07,17.4,17.4,17.4,16.5,16.5,7010
2019-10-08,17.4,17.4,17.4,16.5,16.5,7010
2019-10-09,17.4,17.4,17.4,16.5,16.5,7010
2019-10-10,17.4,17.4,17.4,16.5,16.5,7010
2019-10-11,17.4,17.4,17.4,16.5,16.5,7010
2019-10-14,17.4,17.4,17.4,16.5,16.5,7010
2019-10-15,17.4,17.4,17.4,16.5,16.5,7010
2019-10-16,17.4,17.4,17.4,16.5,16.5,7010
2019-10-17,17.4,17.4,17.4,16.5,16.5,7010
2019-10-18,17.4,17.4,17.4,16.5,16.5,7010
2019-10-21,17.4,17.4,17.4,16.5,16.5,7010
2019-10-22,17.4,17.4,17.4,16.5,16.5,7010
2019-10-23,17.4,17.4,17.4,16.5,16.5,7010
2019-10-24,17.4,17.4,17.4,16.5,16.5,7010
2019-10-25,17.4,17.4,17.4,16.5,16.5,7010
2019-10-28,17.4,17.4,17.4,16.5,16.5,7010
2019-10-29,17.4,17.4,17.4,16.5,16.5,7010
2019-10-30,17.4,17.4,17.4,16.5,16.5,7010
2019-10-31,17.4,17.4,17.4,16.5,16.5,7010
2019-11-01,17.4,17.4,17.4,16.5,16.5,7010
2019-11-04,17.4,17.4,17.4,16.5,16.5,7010
2019-11-05,17.4,17.4,17.4,16.5,16.5,7010
2019-11-06,17.4,17.4,17.4,16.5,16.5,7010
2019-11-07,17.4,17.4,17.4,16.5,16.5,7010
2019-11-08,17.4,17.4,17.4,16.5,16.5,7010
2019-11-11,17.4,17.4,17.4,16.5,16.5,7010
2019-11-12,17.4,17.4,17.4,16.5,16.5,7010
2019-11-13,17.4,17.4,17.4,16.5,16.5,7010
2019-11-14,17.4,17.4,17.4,16.5,16.5,7010
2019-11-20,17.4,17.4,17.4,16.5,16.5,7010
2019-11-21,17.4,17.4,17.4,16.5,16.5,7010
2019-11-22,17.4,17.4,17.4,16.5,16.5,7010
2019-11-25,17.4,17.4,17.4,16.5,16.5,7010
2019-11-26,17.4,17.4,17.4,16.5,16.5,7010
2019-11-27,17.4,17.4,17.4,16.5,16.5,7010
2019-11-28,17.4,17.4,17.4,16.5,16.5,7010
2019-11-29,17.4,17.4,17.4,16.5,16.5,7010
2019-12-02,17.4,17.4,17.4,16.5,16.5,7010
2019-12-03,17.4,17.4,17.4,16.5,16.5,7010
2019-12-04,17.4,17.4,17.4,16.5,16.5,7010
2019-12-05,17.4,17.4,17.4,16.5,16.5,7010
2019-12-06,17.4,17.4,17.4,16.5,16.5,7010
2019-12-09,17.4,17.4,17.4,16.5,16.5,7010
2019-12-10,17.4,17.4,17.4,16.5,16.5,7010
2019-12-11,17.4,17.4,17.4,16.5,16.5,7010
2019-12-12,17.4,17.4,17.4,16.5,16.5,7010
2019-12-13,17.4,17.4,17.4,16.5,16.5,7010
2019-12-16,17.4,17.4,17.4,16.5,16.5,7010
2019-12-17,17.4,17.4,17.4,16.5,16.5,7010
2019-12-18,17.4,17.4,17.4,16.5,16.5,7010
2019-12-19,17.4,17.4,17.4,16.5,16.5,7010
2019-12-20,17.4,17.4,17.4,16.5,16.5,7010
2019-12-23,17.4,17.4,17.4,16.5,16.5,7010
2019-12-24,17.4,17.4,17.4,16.5,16.5,7010
2019-12-25,17.4,17.4,17.4,16.5,16.5,7010
2019-12-26,17.4,17.4,17.4,16.5,16.5,7010
2019-12-27,17.4,17.4,17.4,16.5,16.5,7010
2019-12-30,17.4,17.4,17.4,16.5,16.5,7010
2019-12-31,17.4,17.4,17.4,16.5,16.5,7010
2020-01-01,17.4,17.4,17.4,16.5,16.5,7010
2020-01-02,17.4,17.4,17.4,16.5,16.5,7010
2020-01-03,17.4,17.4,17.4,16.5,16.5,7010
2020-01-06,17.4,17.4,17.4,16.5,16.5,7010
2020-01-07,17.4,17.4,17.4,16.5,16.5,7010
2020-01-08,17.4,17.4,17.4,16.5,16.5,7010
2020-01-09,17.4,17.4,17.4,16.5,16.5,7010
2020-01-10,17.4,17.4,17.4,16.5,16.5,7010
2020-01-13,17.4,17.4,17.4,16.5,16.5,7010
2020-01-14,17.4,17.4,17.4,16.5,16.5,7010
2020-01-15,17.4,17.4,17.4,16.5,16.5,7010
2020-01-16,17.4,17.4,17.4,16.5,16.5,7010
2020-01-17,17.4,17.4,17.4,16.5,16.5,7010
2020-01-20,17.4,17.4,17.4,16.5,16.5,7010
2020-01-21,17.4,17.4,17.4,16.5,16.5,7010
2020-01-22,17.4,17.4,17.4,16.5,16.5,7010
2020-01-23,17.4,17.4,17.4,16.5,16.5,7010
2020-01-24,17.4,17.4,17.4,16.5,16.5,7010
2020-01-27,17.4,17.4,17.4,16.5,16.5,7010
2020-01-28,17.4,17.4,17.4,16.5,16.5,7010
2020-01-29,17.4,17.4,17.4,16.5,16.5,7010
2020-01-30,17.4,17.4,17.4,16.5,16.5,7010
2020-01-31,17.4,17.4,17.4,16.5,16.5,7010
2020-02-03,17.4,17.4,17.4,16.5,16.5,7010
2020-02-04,17.4,17.4,17.4,16.5,16.5,7010
2020-02-05,17.4,17.4,17.4,16.5,16.5,7010
2020-02-06,17.4,17.4,17.4,16.5,16.5,7010
2020-02-07,17.4,17.4,17.4,16.5,16.5,7010
2020-02-10,17.4,17.4,17.4,16.5,16.5,7010
2020-02-11,17.4,17.4,17.4,16.5,16.5,7010
2020-02-12,17.4,17.4,17.4,16.5,16.5,7010
2020-02-13,17.4,17.4,17.4,16.5,16.5,7010
2020-02-14,17.4,17.4,17.4,16.5,16.5,7010
2020-02-17,17.4,17.4,17.4,16.5,16.5,7010
2020-02-18,17.4,17.4,17.4,16.5,16.5,7010
2020-02-19,17.4,17.4,17.4,16.5,16.5,7010
2020-02-20,17.4,17.4,17.4,16.5,16.5,7010
2020-02-21,17.4,17.4,17.4,16.5,16.5,7010
2020-02-24,17.4,17.4,17.4,16.5,16.5,7010
2020-02-25,17.4,17.4,17.4,16.5,16.5,7010
2020-02-26,17.4,17.4,17.4,16.5,16.5,7010
2020-02-27,17.4,17.4,17.4,16.5,16.5,7010
2020-02-28,17.4,17.4,17.4,16.5,16.5,7010
2020-03-02,17.4,17.4,17.4,16.5,16.5,7010
2020-03-03,17.4,17.4,17.4,16.5,16.5,7010
2020-03-04,17.4,17.4,17.4,16.5,16.5,7010
2020-03-05,17.4,17.4,17.4,16.5,16.5,7010
2020-03-06,17.4,17.4,17.4,16.5,16.5,7010
2020-03-09,17.4,17.4,17.4,16.5,16.5,7010
2020-03-10,17.4,17.4,17.4,16.5,16.5,7010
2020-03-11,17.4,17.4,17.4,16.5,16.5,7010
2020-03-12,17.4,17.4,17.4,16.5,16.5,7010
2020-03-13,17.4,17.4,17.4,16.5,16.5,7010
2020-03-16,17.4,17.4,17.4,16.5,16.5,7010
2020-03-17,17.4,17.4,17.4,16.5,16.5,7010
2020-03-18,17.4,17.4,17.4,16.5,16.5,7010
2020-03-19,17.4,17.4,17.4,16.5,16.5,7010
2020-03-20,17.4,17.4,17.4,16.5,16.5,7010
2020-03-23,17.4,17.4,17.4,16.5,16.5,7010
2020-03-24,17.4,17.4,17.4,16.5,16.5,7010
2020-03-25,17.4,17.4,17.4,16.5,16.5,7010
2020-03-26,17.4,17.4,17.4,16.5,16.5,7010
2020-03-27,17.4,17.4,17.4,16.5,16.5,7010
2020-03-30,17.4,17.4,17.4,16.5,16.5,7010
2020-03-31,17.4,17.4,17.4,16.5,16.5,7010
2020-04-01,17.4,17.4,17.4,16.5,16.5,7010
2020-04-02,17.4,17.4,17.4,16.5,16.5,7010
2020-04-03,17.4,17.4,17.4,16.5,16.5,7010
2020-04-07,17.4,17.4,17.4,16.5,16.5,7010
2020-04-08,17.4,17.4,17.4,16.5,16.5,7010
2020-04-09,17.4,17.4,17.4,16.5,16.5,7010
2020-04-10,17.4,17.4,17.4,16.5,16.5,7010
2020-04-13,17.4,17.4,17.4,16.5,16.5,7010
2020-04-14,17.4,17.4,17.4,16.5,16.5,7010
2020-04-15,17.4,17.4,17.4,16.5,16.5,7010
2020-04-16,17.4,17.4,17.4,16.5,16.5,7010
2020-04-17,17.4,17.4,17.4,16.5,16.5,7010
2020-04-20,17.4,17.4,17.4,16.5,16.5,7010
2020-04-21,17.4,17.4,17.4,16.5,16.5,7010
2020-04-22,17.4,17.4,17.4,16.5,16.5,7010
2020-04-23,17.4,17.4,17.4,16.5,16.5,7010
2020-04-24,17.4,17.4,17.4,16.5,16.5,7010
2020-04-27,17.4,17.4,17.4,16.5,16.5,7010
2020-04-28,17.4,17.4,17.4,16.5,16.5,7010
2020-04-29,17.4,17.4,17.4,16.5,16.5,7010
2020-05-01,17.4,17.4,17.4,16.5,16.5,7010
2020-05-04,17.4,17.4,17.4,16.5,16.5,7010
2020-05-05,17.4,17.4,17.4,16.5,16.5,7010
2020-05-06,17.4,17.4,17.4,16.5,16.5,7010
2020-05-07,17.4,17.4,17.4,16.5,16.5,7010
2020-05-08,17.4,17.4,17.4,16.5,16.5,7010
2020-05-11,17.4,17.4,17.4,16.5,16.5,7010
2020-05-12,17.4,17.4,17.4,16.5,16.5,7010
2020-05-13,17.4,17.4,17.4,16.5,16.5,7010
2020-05-14,17.4,17.4,17.4,16.5,16.5,7010
2020-05-15,17.4,17.4,17.4,16.5,16.5,7010
2020-05-18,17.4,17.4,17.4,16.5,16.5,7010
2020-05-19,17.4,17.4,17.4,16.5,16.5,7010
2020-05-20,17.4,17.4,17.4,16.5,16.5,7010
2020-05-21,17.4,17.4,17.4,16.5,16.5,7010
2020-05-22,17.4,17.4,17.4,16.5,16.5,7010
2020-05-25,17.4,17.4,17.4,16.5,16.5,7010
2020-05-26,17.4,17.4,17.4,16.5,16.5,7010
2020-05-27,17.4,17.4,17.4,16.5,16.5,7010
2020-05-28,17.4,17.4,17.4,16.5,16.5,7010
2020-05-29,17.4,17.4,17.4,16.5,16.5,7010
2020-06-01,17.4,17.4,17.4,16.5,16.5,7010
2020-06-02,17.4,17.4,17.4,16.5,16.5,7010
2020-06-03,17.4,17.4,17.4,16.5,16.5,7010
2020-06-04,17.4,17.4,17.4,16.5,16.5,7010
2020-06-05,17.4,17.4,17.4,16.5,16.5,7010
2020-06-08,17.4,17.4,17.4,16.5,16.5,7010
2020-06-09,17.4,17.4,17.4,16.5,16.5,7010
2020-06-10,17.4,17.4,17.4,16.5,16.5,7010
2020-06-11,17.4,17.4,17.4,16.5,16.5,7010
2020-06-12,17.4,17.4,17.4,16.5,16.5,7010
2020-06-15,17.4,17.4,17.4,16.5,16.5,7010
2020-06-16,17.4,17.4,17.4,16.5,16.5,7010
2020-06-17,17.4,17.4,17.4,16.5,16.5,7010
2020-06-18,17.4,17.4,17.4,16.5,16.5,7010
2020-06-19,17.4,17.4,17.4,16.5,16.5,7010
2020-06-22,17.4,17.4,17.4,16.5,16.5,7010
2020-06-23,17.4,17.4,17.4,16.5,16.5,7010
2020-06-24,17.4,17.4,17.4,16.5,16.5,7010
2020-06-25,17.4,17.4,17.4,16.5,16.5,7010
2020-06-26,17.4,17.4,17.4,16.5,16.5,7010
2020-06-29,17.4,17.4,17.4,16.5,16.5,7010
2020-06-30,17.4,17.4,17.4,16.5,16.5,7010
2020-07-01,17.4,17.4,17.4,16.5,16.5,7010
2020-07-02,17.4,17.4,17.4,16.5,16.5,7010
2020-07-03,17.4,17.4,17.4,16.5,16.5,7010
2020-07-06,17.4,17.4,17.4,16.5,16.5,7010
2020-07-07,17.4,17.4,17.4,16.5,16.5,7010
2020-07-08,17.4,17.4,17.4,16.5,16.5,7010
2020-07-09,17.4,17.4,17.4,16.5,16.5,7010
2020-07-10,17.4,17.4,17.4,16.5,16.5,7010
2020-07-13,17.4,17.4,17.4,16.5,16.5,7010
2020-07-14,17.4,17.4,17.4,16.5,16.5,7010
2020-07-15,17.4,17.4,17.4,16.5,16.5,7010
2020-07-16,17.4,17.4,17.4,16.5,16.5,7010
2020-07-17,17.4,17.4,17.4,16.5,16.5,7010
2020-07-20,17.4,17.4,17.4,16.5,16.5,7010
2020-07-21,17.4,17.4,17.4,16.5,16.5,7010
2020-07-22,17.4,17.4,17.4,16.5,16.5,7010
2020-07-23,17.4,17.4,17.4,16.5,16.5,7010
2020-07-24,17.4,17.4,17.4,16.5,16.5,7010
2020-07-27,17.4,17.4,17.4,16.5,16.5,7010
2020-07-28,17.4,17.4,17.4,16.5,16.5,7010
2020-07-29,17.4,17.4,17.4,16.5,16.5,7010
2020-07-30,17.4,17.4,17.4,16.5,16.5,7010
2020-07-31,17.4,17.4,17.4,16.5,16.5,7010
2020-08-03,17.4,17.4,17.4,16.5,16.5,7010
2020-08-04,17.4,17.4,17.4,16.5,16.5,7010
2020-08-05,17.4,17.4,17.4,16.5,16.5,7010
2020-08-06,17.4,17.4,17.4,16.5,16.5,7010
2020-08-07,17.4,17.4,17.4,16.5,16.5,7010
2020-08-10,17.4,17.4,17.4,16.5,16.5,7010
2020-08-11,17.4,17.4,17.4,16.5,16.5,7010
2020-08-12,17.4,17.4,17.4,16.5,16.5,7010
2020-08-13,17.4,17.4,17.4,16.5,16.5,7010
2020-08-14,17.4,17.4,17.4,16.5,16.5,7010
2020-08-17,17.4,17.4,17.4,16.5,16.5,7010
2020-08-18,17.4,17.4,17.4,16.5,16.5,7010
2020-08-19,17.4,17.4,17.4,16.5,16.5,7010
2020-08-20,17.4,17.4,17.4,16.5,16.5,7010
2020-08-21,17.4,17.4,17.4,16.5,16.5,7010
2020-08-24,17.4,17.4,17.4,16.5,16.5,7010
2020-08-25,17.4,17.4,17.4,16.5,16.5,7010
2020-08-26,17.4,17.4,17.4,16.5,16.5,7010
2020-08-27,17.4,17.4,17.4,16.5,16.5,7010
2020-08-28,17.4,17.4,17.4,16.5,16.5,7010
2020-08-31,17.4,17.4,17.4,16.5,16.5,7010
2020-09-01,17.4,17.4,17.4,16.5,16.5,7010
2020-09-02,17.4,17.4,17.4,16.5,16.5,7010
2020-09-03,17.4,17.4,17.4,16.5,16.5,7010
2020-09-04,17.4,17.4,17.4,16.5,16.5,7010
2020-09-07,17.4,17.4,17.4,16.5,16.5,7010
2020-09-08,17.4,17.4,17.4,16.5,16.5,7010
2020-09-09,17.4,17.4,17.4,16.5,16.5,7010
2020-09-10,17.4,17.4,17.4,16.5,16.5,7010
2020-09-11,17.4,17.4,17.4,16.5,16.5,7010
2020-09-14,17.4,17.4,17.4,16.5,16.5,7010
2020-09-15,17.4,17.4,17.4,16.5,16.5,7010
2020-09-16,17.4,17.4,17.4,16.5,16.5,7010
2020-09-17,17.4,17.4,17.4,16.5,16.5,7010
2020-09-18,17.4,17.4,17.4,16.5,16.5,7010
2020-09-21,17.4,17.4,17.4,16.5,16.5,7010
2020-09-22,17.4,17.4,17.4,16.5,16.5,7010
2020-09-23,17.4,17.4,17.4,16.5,16.5,7010
2020-09-24,17.4,17.4,17.4,16.5,16.5,7010
2020-09-25,17.4,17.4,17.4,16.5,16.5,7010
2020-09-28,17.4,17.4,17.4,16.5,16.5,7010
2020-09-29,17.4,17.4,17.4,16.5,16.5,7010
2020-09-30,17.4,17.4,17.4,16.5,16.5,7010
2020-10-01,17.4,17.4,17.4,16.5,16.5,7010
2020-10-02,17.4,17.4,17.4,16.5,16.5,7010
2020-10-05,17.4,17.4,17.4,16.5,16.5,7010
2020-10-06,17.4,17.4,17.4,16.5,16.5,7010
2020-10-07,17.4,17.4,17.4,16.5,16.5,7010
2020-10-08,17.4,17.4,17.4,16.5,16.5,7010
2020-10-09,17.4,17.4,17.4,16.5,16.5,7010
2020-10-12,17.4,17.4,17.4,16.5,16.5,7010
2020-10-13,17.4,17.4,17.4,16.5,16.5,7010
2020-10-14,17.4,17.4,17.4,16.5,16.5,7010
2020-10-15,17.4,17.4,17.4,16.5,16.5,7010
2020-10-16,17.4,17.4,17.4,16.5,16.5,7010
2020-10-19,17.4,17.4,17.4,16.5,16.5,7010
2020-10-20,17.4,17.4,17.4,16.5,16.5,7010
2020-10-21,17.4,17.4,17.4,16.5,16.5,7010
2020-10-22,17.4,17.4,17.4,16.5,16.5,7010
2020-10-23,17.4,17.4,17.4,16.5,16.5,7010
2020-10-26,17.4,17.4,17.4,16.5,16.5,7010
2020-10-27,17.4,17.4,17.4,16.5,16.5,7010
2020-10-28,17.4,17.4,17.4,16.5,16.5,7010
2020-10-29,17.4,17.4,17.4,16.5,16.5,7010
2020-10-30,17.4,17.4,17.4,16.5,16.5,7010
2020-11-02,17.4,17.4,17.4,16.5,16.5,7010
2020-11-03,17.4,17.4,17.4,16.5,16.5,7010
2020-11-04,17.4,17.4,17.4,16.5,16.5,7010
2020-11-05,17.4,17.4,17.4,16.5,16.5,7010
2020-11-06,17.4,17.4,17.4,16.5,16.5,7010
2020-11-09,17.4,17.4,17.4,16.5,16.5,7010
2020-11-10,17.4,17.4,17.4,16.5,16.5,7010
2020-11-11,17.4,17.4,17.4,16.5,16.5,7010
2020-11-12,17.4,17.4,17.4,16.5,16.5,7010
2020-11-13,17.4,17.4,17.4,16.5,16.5,7010
2020-11-16,17.4,17.4,17.4,16.5,16.5,7010
2020-11-17,17.4,17.4,17.4,16.5,16.5,7010
2020-11-18,17.4,17.4,17.4,16.5,16.5,7010
2020-11-19,17.4,17.4,17.4,16.5,16.5,7010
2020-11-20,17.4,17.4,17.4,16.5,16.5,7010
2020-11-23,17.4,17.4,17.4,16.5,16.5,7010
2020-11-24,17.4,17.4,17.4,16.5,16.5,7010
2020-11-25,17.4,17.4,17.4,16.5,16.5,7010
2020-11-26,17.4,17.4,17.4,16.5,16.5,7010
2020-11-27,17.4,17.4,17.4,16.5,16.5,7010
2020-11-30,17.4,17.4,17.4,16.5,16.5,7010
2020-12-01,17.4,17.4,17.4,16.5,16.5,7010
2020-12-02,17.4,17.4,17.4,16.5,16.5,7010
2020-12-04,17.4,17.4,17.4,16.5,16.5,7010
2020-12-07,17.4,17.4,17.4,16.5,16.5,7010
2020-12-08,17.4,17.4,17.4,16.5,16.5,7010
2020-12-09,17.4,17.4,17.4,16.5,16.5,7010
2020-12-10,17.4,17.4,17.4,16.5,16.5,7010
2020-12-11,17.4,17.4,17.4,16.5,16.5,7010
2020-12-14,17.4,17.4,17.4,16.5,16.5,7010
2020-12-15,17.4,17.4,17.4,16.5,16.5,7010
2020-12-16,17.4,17.4,17.4,16.5,16.5,7010
2020-12-17,17.4,17.4,17.4,16.5,16.5,7010
2020-12-18,17.4,17.4,17.4,16.5,16.5,7010
2020-12-21,17.4,17.4,17.4,16.5,16.5,7010
2020-12-22,17.4,17.4,17.4,16.5,16.5,7010
2020-12-23,17.4,17.4,17.4,16.5,16.5,7010
2020-12-24,17.4,17.4,17.4,16.5,16.5,7010
2020-12-25,17.4,17.4,17.4,16.5,16.5,7010
2020-12-28,17.4,17.4,17.4,16.5,16.5,7010
2020-12-29,17.4,17.4,17.4,16.5,16.5,7010
2020-12-30,17.4,17.4,17.4,16.5,16.5,7010
2020-12-31,17.4,17.4,17.4,16.5,16.5,7010
2021-01-01,17.4,17.4,17.4,16.5,16.5,7010
2021-01-04,17.4,17.4,17.4,16.5,16.5,7010
2021-01-05,17.4,17.4,17.4,16.5,16.5,7010
2021-01-06,17.4,17.4,17.4,16.5,16.5,7010
2021-01-07,17.4,17.4,17.4,16.5,16.5,7010
2021-01-08,17.4,17.4,17.4,16.5,16.5,7010
2021-01-11,17.4,17.4,17.4,16.5,16.5,7010
2021-01-12,17.4,17.4,17.4,16.5,16.5,7010
2021-01-13,17.4,17.4,17.4,16.5,16.5,7010
2021-01-14,17.4,17.4,17.4,16.5,16.5,7010
2021-01-15,17.4,17.4,17.4,16.5,16.5,7010
2021-01-18,17.4,17.4,17.4,16.5,16.5,7010
2021-01-19,17.4,17.4,17.4,16.5,16.5,7010
2021-01-20,17.4,17.4,17.4,16.5,16.5,7010
2021-01-21,17.4,17.4,17.4,16.5,16.5,7010
2021-01-22,17.4,17.4,17.4,16.5,16.5,7010
2021-01-25,17.4,17.4,17.4,16.5,16.5,7010
2021-01-26,17.4,17.4,17.4,16.5,16.5,7010
2021-01-27,17.4,17.4,17.4,16.5,16.5,7010
2021-01-28,17.4,17.4,17.4,16.5,16.5,7010
2021-01-29,17.4,17.4,17.4,16.5,16.5,7010
2021-02-01,17.4,17.4,17.4,16.5,16.5,7010
2021-02-02,17.4,17.4,17.4,16.5,16.5,7010
2021-02-03,17.4,17.4,17.4,16.5,16.5,7010
2021-02-04,17.4,17.4,17.4,16.5,16.5,7010
2021-02-05,17.4,17.4,17.4,16.5,16.5,7010
2021-02-08,17.4,17.4,17.4,16.5,16.5,7010
2021-02-09,17.4,17.4,17.4,16.5,16.5,7010
2021-02-10,17.4,17.4,17.4,16.5,16.5,7010
2021-02-11,17.4,17.4,17.4,16.5,16.5,7010
2021-02-12,17.4,17.4,17.4,16.5,16.5,7010
2021-02-15,17.4,17.4,17.4,16.5,16.5,7010
2021-02-16,17.4,17.4,17.4,16.5,16.5,7010
2021-02-17,17.4,17.4,17.4,16.5,16.5,7010
2021-02-18,17.4,17.4,17.4,16.5,16.5,7010
2021-02-19,17.4,17.4,17.4,16.5,16.5,7010
2021-02-22,17.4,17.4,17.4,16.5,16.5,7010
2021-02-23,17.4,17.4,17.4,16.5,16.5,7010
2021-02-24,17.4,17.4,17.4,16.5,16.5,7010
2021-02-25,17.4,17.4,17.4,16.5,16.5,7010
2021-02-26,17.4,17.4,17.4,16.5,16.5,7010
2021-03-01,17.4,17.4,17.4,16.5,16.5,7010
2021-03-02,17.4,17.4,17.4,16.5,16.5,7010
2021-03-03,17.4,17.4,17.4,16.5,16.5,7010
2021-03-04,17.4,17.4,17.4,16.5,16.5,7010
2021-03-05,17.4,17.4,17.4,16.5,16.5,7010
2021-03-08,17.4,17.4,17.4,16.5,16.5,7010
2021-03-09,17.4,17.4,17.4,16.5,16.5,7010
2021-03-10,17.4,17.4,17.4,16.5,16.5,7010
2021-03-11,17.4,17.4,17.4,16.5,16.5,7010
2021-03-12,17.4,17.4,17.4,16.5,16.5,7010
2021-03-15,17.4,17.4,17.4,16.5,16.5,7010
2021-03-16,17.4,17.4,17.4,16.5,16.5,7010
2021-03-17,17.4,17.4,17.4,16.5,16.5,7010
2021-03-18,17.4,17.4,17.4,16.5,16.5,7010
2021-03-19,17.4,17.4,17.4,16.5,16.5,7010
2021-03-22,17.4,17.4,17.4,16.5,16.5,7010
2021-03-23,17.4,17.4,17.4,16.5,16.5,7010
2021-03-24,17.4,17.4,17.4,16.5,16.5,7010
2021-03-25,17.4,17.4,17.4,16.5,16.5,7010
2021-03-26,17.4,17.4,17.4,16.5,16.5,7010
2021-03-29,17.4,17.4,17.4,16.5,16.5,7010
2021-03-30,17.4,17.4,17.4,16.5,16.5,7010
2021-03-31,17.4,17.4,17.4,16.5,16.5,7010
2021-04-01,17.4,17.4,17.4,16.5,16.5,7010
2021-04-02,17.4,17.4,17.4,16.5,16.5,7010
2021-04-05,17.4,17.4,17.4,16.5,16.5,7010
2021-04-06,17.4,17.4,17.4,16.5,16.5,7010
2021-04-07,17.4,17.4,17.4,16.5,16.5,7010
2021-04-08,17.4,17.4,17.4,16.5,16.5,7010
2021-04-09,17.4,17.4,17.4,16.5,16.5,7010
2021-04-12,17.4,17.4,17.4,16.5,16.5,7010
2021-04-13,17.4,17.4,17.4,16.5,16.5,7010
2021-04-14,17.4,17.4,17.4,16.5,16.5,7010
2021-04-15,17.4,17.4,17.4,16.5,16.5,7010
2021-04-16,17.4,17.4,17.4,16.5,16.5,7010
2021-04-19,17.4,17.4,17.4,16.5,16.5,7010
2021-04-20,17.4,17.4,17.4,16.5,16.5,7010
2021-04-21,17.4,17.4,17.4,16.5,16.5,7010
2021-04-22,17.4,17.4,17.4,16.5,16.5,7010
2021-04-23,17.4,17.4,17.4,16.5,16.5,7010
2021-04-26,17.4,17.4,17.4,16.5,16.5,7010
2021-04-27,17.4,17.4,17.4,16.5,16.5,7010
2021-04-28,17.4,17.4,17.4,16.5,16.5,7010
2021-04-29,17.4,17.4,17.4,16.5,16.5,7010
2021-04-30,17.4,17.4,17.4,16.5,16.5,7010
2021-05-03,17.4,17.4,17.4,16.5,16.5,7010
2021-05-04,17.4,17.4,17.4,16.5,16.5,7010
2021-05-05,17.4,17.4,17.4,16.5,16.5,7010
2021-05-06,17.4,17.4,17.4,16.5,16.5,7010
2021-05-07,17.4,17.4,17.4,16.5,16.5,7010
2021-05-10,17.4,17.4,17.4,16.5,16.5,7010
2021-05-11,17.4,17.4,17.4,16.5,16.5,7010
2021-05-12,17.4,17.4,17.4,16.5,16.5,7010
2021-05-13,17.4,17.4,17.4,16.5,16.5,7010
2021-05-14,17.4,17.4,17.4,16.5,16.5,7010
2021-05-17,17.4,17.4,17.4,16.5,16.5,7010
2021-05-18,17.4,17.4,17.4,16.5,16.5,7010
2021-05-19,17.4,17.4,17.4,16.5,16.5,7010
2021-05-20,17.4,17.4,17.4,16.5,16.5,7010
2021-05-21,17.4,17.4,17.4,16.5,16.5,7010
2021-05-24,17.4,17.4,17.4,16.5,16.5,7010
2021-05-25,17.4,17.4,17.4,16.5,16.5,7010
2021-05-26,17.4,17.4,17.4,16.5,16.5,7010
2021-05-27,17.4,17.4,17.4,16.5,16.5,7010
2021-05-28,17.4,17.4,17.4,16.5,16.5,7010
2021-05-31,17.4,17.4,17.4,16.5,16.5,7010
2021-06-01,17.4,17.4,17.4,16.5,16.5,7010
2021-06-02,17.4,17.4,17.4,16.5,16.5,7010
2021-06-03,17.4,17.4,17.4,16.5,16.5,7010
2021-06-04,17.4,17.4,17.4,16.5,16.5,7010
2021-06-07,17.4,17.4,17.4,16.5,16.5,7010
2021-06-08,17.4,17.4,17.4,16.5,16.5,7010
2021-06-09,17.4,17.4,17.4,16.5,16.5,7010
2021-06-10,17.4,17.4,17.4,16.5,16.5,7010
2021-06-11,17.4,17.4,17.4,16.5,16.5,7010
2021-06-14,17.4,17.4,17.4,16.5,16.5,7010
2021-06-15,17.4,17.4,17.4,16.5,16.5,7010
2021-06-16,17.4,17.4,17.4,16.5,16.5,7010
2021-06-17,17.4,17.4,17.4,16.5,16.5,7010
2021-06-18,17.4,17.4,17.4,16.5,16.5,7010
2021-06-21,17.4,17.4,17.4,16.5,16.5,7010
2021-06-22,17.4,17.4,17.4,16.5,16.5,7010
2021-06-23,17.4,17.4,17.4,16.5,16.5,7010
2021-06-24,17.4,17.4,17.4,16.5,16.5,7010
2021-06-25,17.4,17.4,17.4,16.5,16.5,7010
2021-06-28,17.4,17.4,17.4,16.5,16.5,7010
2021-06-29,17.4,17.4,17.4,16.5,16.5,7010
2021-06-30,17.4,17.4,17.4,16.5,16.5,7010
2021-07-01,17.4,17.4,17.4,16.5,16.5,7010
2021-07-02,17.4,17.4,17.4,16.5,16.5,7010
2021-07-05,17.4,17.4,17.4,16.5,16.5,7010
2021-07-06,17.4,17.4,17.4,16.5,16.5,7010
2021-07-07,17.4,17.4,17.4,16.5,16.5,7010
2021-07-08,17.4,17.4,17.4,16.5,16.5,7010
2021-07-09,17.4,17.4,17.4,16.5,16.5,7010
2021-07-12,17.4,17.4,17.4,16.5,16.5,7010
2021-07-13,17.4,17.4,17.4,16.5,16.5,7010
2021-07-14,17.4,17.4,17.4,16.5,16.5,7010
2021-07-15,17.4,17.4,17.4,16.5,16.5,7010
2021-07-16,17.4,17.4,17.4,16.5,16.5,7010
2021-07-19,17.4,17.4,17.4,16.5,16.5,7010
2021-07-20,17.4,17.4,17.4,16.5,16.5,7010
2021-07-21,17.4,17.4,17.4,16.5,16.5,7010
2021-07-22,17.4,17.4,17.4,16.5,16.5,7010
2021-07-23,17.4,17.4,17.4,16.5,16.5,7010
2021-07-26,17.4,17.4,17.4,16.5,16.5,7010
2021-07-27,17.4,17.4,17.4,16.5,16.5,7010
2021-07-28,17.4,17.4,17.4,16.5,16.5,7010
2021-07-29,17.4,17.4,17.4,16.5,16.5,7010
2021-07-30,17.4,17.4,17.4,16.5,16.5,7010
2021-08-02,17.4,17.4,17.4,16.5,16.5,7010
2021-08-03,17.4,17.4,17.4,16.5,16.5,7010
2021-08-04,17.4,17.4,17.4,16.5,16.5,7010
2021-08-05,17.4,17.4,17.4,16.5,16.5,7010
2021-08-06,17.4,17.4,17.4,16.5,16.5,7010
2021-08-09,29.0,29.0,29.0,28.6,29.0,7000
2021-08-10,29.0,29.0,29.4,29.0,29.0,6000
2021-08-11,28.9,28.9,29.0,28.6,29.0,32000
2021-08-13,27.0,27.0,27.0,27.0,27.0,6000
2021-08-16,27.9,27.9,27.9,26.95,26.95,4000
2021-08-17,27.4,27.4,28.5,26.6,28.5,3000
2021-08-18,27.9,27.9,27.9,27.35,27.35,3000
2021-08-19,28.4,28.4,28.5,28.4,28.5,2000
2021-08-20,28.4,28.4,28.8,28.4,28.4,15000
2021-08-23,28.6,28.6,28.8,28.1,28.8,5000
2021-08-24,28.0,28.0,29.4,28.0,29.4,5000
2021-08-25,28.0,28.0,28.6,28.0,28.6,14000
2021-08-26,28.4,28.4,28.7,28.0,28.7,8000
2021-08-27,28.0,28.0,29.0,28.0,29.0,3000
2021-08-30,28.4,28.4,28.6,27.5,28.6,3000
2021-08-31,28.1,28.1,28.1,28.0,28.1,5000
2021-09-01,28.0,28.0,28.0,28.0,28.0,4000
2021-09-03,28.8,28.8,28.8,28.0,28.1,8000
2021-09-06,28.05,28.05,28.5,28.05,28.5,4000
2021-09-07,28.5,28.5,28.5,28.0,28.05,11000
2021-09-08,28.05,28.05,28.05,28.0,28.05,7000
2021-09-09,28.05,28.05,28.6,28.0,28.6,5000
2021-09-13,28.05,28.05,28.05,28.05,28.05,4000
2021-09-14,28.6,28.6,28.6,28.0,28.0,6000
2021-09-15,28.6,28.6,28.9,28.0,28.9,7000
2021-09-16,28.05,28.05,28.05,28.05,28.05,1000
2021-09-17,28.15,28.15,28.6,28.15,28.6,4000
2021-09-20,17.3,17.3,17.3,17.3,17.3,9000
2021-09-21,17.3,17.3,17.3,17.3,17.3,9000
2021-09-23,28.05,28.05,28.05,28.05,28.05,1000
2021-09-24,28.1,28.1,28.1,28.1,28.1,1000
2021-09-27,28.5,28.5,29.0,28.1,29.0,16000
2021-09-28,28.2,28.2,28.75,28.2,28.75,7000
2021-09-29,28.4,28.4,28.4,28.35,28.35,2000
2021-09-30,28.35,28.35,28.35,28.35,28.35,2000
2021-10-01,28.45,28.45,28.45,28.0,28.2,3000
2021-10-04,28.2,28.2,28.4,27.55,28.4,7000
2021-10-05,28.2,28.2,28.2,28.2,28.2,2000
2021-10-06,28.2,28.2,28.2,27.3,28.2,4000
2021-10-07,28.5,28.5,28.5,27.35,28.2,14000
2021-10-08,27.85,27.85,28.5,27.65,27.65,6000
2021-10-11,17.3,17.3,17.3,17.3,17.3,9000
2021-10-12,27.6,27.6,28.0,27.5,27.85,15000
2021-10-13,27.75,27.75,28.0,27.6,28.0,14000
2021-10-14,27.75,27.75,28.95,27.4,27.4,19000
2021-10-15,27.7,27.7,27.7,27.7,27.7,2000
2021-10-19,27.7,27.7,27.7,27.7,27.7,4000
2021-10-20,27.8,27.8,27.8,27.8,27.8,2000
2021-10-21,28.2,28.2,28.2,28.2,28.2,1000
2021-10-22,28.0,28.0,28.5,28.0,28.0,5000
2021-10-25,27.5,27.5,28.0,27.5,27.8,8000
2021-10-26,27.5,27.5,27.5,27.5,27.5,5000
2021-10-27,27.5,27.5,27.55,27.5,27.55,4000
2021-10-28,28.0,28.0,28.2,28.0,28.2,4000
2021-10-29,28.1,28.1,29.0,28.0,28.0,64000
2021-11-01,27.9,27.9,28.1,27.9,28.1,21000
2021-11-02,27.9,27.9,27.9,27.65,27.65,2000
2021-11-03,27.85,27.85,27.85,27.85,27.85,1000
2021-11-04,27.9,27.9,27.9,27.9,27.9,1000
2021-11-05,28.2,28.2,28.2,28.0,28.0,2000
2021-11-08,28.2,28.2,28.2,28.2,28.2,2000
2021-11-09,27.9,27.9,28.2,27.85,28.2,4000
2021-11-10,28.2,28.2,28.2,27.9,27.9,8000
2021-11-11,28.05,28.05,28.3,27.75,27.75,27000
2021-11-12,27.5,27.5,28.2,27.4,27.5,19000
2021-11-16,27.5,27.5,27.5,26.4,26.55,20000
2021-11-18,28.0,28.0,28.2,28.0,28.2,2000
2021-11-19,27.65,27.65,28.3,27.3,27.5,15000
2021-11-23,27.0,27.0,27.25,26.85,26.85,24000
2021-11-24,27.0,27.0,27.0,27.0,27.0,17000
2021-11-25,27.25,27.25,28.8,27.25,28.8,8000
2021-11-26,27.15,27.15,28.05,27.05,27.05,8000
2021-11-29,28.7,28.7,28.7,27.0,27.15,83000
2021-12-17,41.35,41.35,41.35,41.35,41.35,4000
2021-12-21,38.95,38.95,41.0,38.95,41.0,2000
2021-12-22,41.7,41.7,42.75,39.85,39.85,6000
2021-12-23,38.05,38.05,38.1,37.65,37.65,5000
2021-12-24,38.05,38.05,38.5,38.05,38.5,8000
2021-12-27,38.05,38.05,38.1,38.05,38.1,3000
2021-12-29,40.95,40.95,40.95,40.95,40.95,1000
2021-12-31,17.3,17.3,17.3,17.3,17.3,9000
2022-01-03,36.85,36.85,36.85,36.85,36.85,7000
2022-01-04,35.05,35.05,35.05,35.05,35.05,2000
2022-01-05,35.05,35.05,35.05,35.05,35.05,5000
2022-01-12,34.2,34.2,34.2,34.2,34.2,2000
2022-01-13,34.2,34.2,34.2,34.2,34.2,2000
2022-01-24,34.0,34.0,34.0,34.0,34.0,3000
2022-01-25,34.1,34.1,34.15,34.1,34.15,2000
2022-01-26,36.45,36.45,36.45,34.2,34.2,7000
2022-01-27,17.3,17.3,17.3,17.3,17.3,9000
2022-01-28,17.3,17.3,17.3,17.3,17.3,9000
2022-01-31,17.3,17.3,17.3,17.3,17.3,9000
2022-02-01,17.3,17.3,17.3,17.3,17.3,9000
2022-02-02,17.3,17.3,17.3,17.3,17.3,9000
2022-02-03,17.3,17.3,17.3,17.3,17.3,9000
2022-02-04,17.3,17.3,17.3,17.3,17.3,9000
2022-02-07,39.95,39.95,39.95,39.95,39.95,2000
2022-02-08,39.0,39.0,39.0,39.0,39.0,2000
2022-02-11,39.5,39.5,39.5,38.0,39.0,9000
2022-02-14,39.5,39.5,39.5,38.0,38.0,8000
2022-02-15,39.55,39.55,39.65,39.5,39.5,6000
2022-02-16,39.9,39.9,39.9,39.65,39.65,5000
2022-02-17,39.55,39.55,39.6,39.55,39.6,8000
2022-02-18,39.95,39.95,39.95,39.95,39.95,5000
2022-02-21,40.0,40.0,40.0,39.7,39.95,6000
2022-02-22,40.05,40.05,41.9,40.05,41.9,17000
2022-02-24,40.95,40.95,42.9,40.0,41.45,7000
2022-02-25,40.0,40.0,40.0,40.0,40.0,4000
2022-02-28,17.3,17.3,17.3,17.3,17.3,9000
2022-03-01,40.05,40.05,40.1,40.05,40.1,10000
2022-03-02,40.15,40.15,40.15,40.1,40.1,11000
2022-03-03,41.0,41.0,41.0,41.0,41.0,2000
2022-03-07,40.0,40.0,40.0,40.0,40.0,4000
2022-03-08,40.0,40.0,40.05,40.0,40.05,13000
2022-03-11,40.0,40.0,40.0,40.0,40.0,5000
2022-03-15,40.0,40.0,40.0,40.0,40.0,12000
2022-03-16,40.0,40.0,40.0,40.0,40.0,8000
2022-03-17,40.35,40.35,40.35,40.35,40.35,2000
2022-03-18,40.5,40.5,40.5,40.35,40.35,2000
2022-03-21,40.5,40.5,40.5,40.0,40.5,7000
2022-03-22,42.3,42.3,42.3,41.05,41.05,18000
2022-03-23,43.0,43.0,43.0,43.0,43.0,1000
2022-03-24,40.65,40.65,40.65,40.65,40.65,5000
2022-03-25,40.7,40.7,40.8,40.05,40.05,13000
2022-03-28,40.55,40.55,40.55,40.15,40.25,6000
2022-03-30,40.9,40.9,40.9,40.9,40.9,2000
2022-04-04,17.3,17.3,17.3,17.3,17.3,9000
2022-04-05,17.3,17.3,17.3,17.3,17.3,9000
2022-04-06,40.95,40.95,41.05,40.95,41.05,11000
2022-04-07,41.0,41.0,41.0,40.7,40.75,57000
2022-04-08,41.5,41.5,41.5,41.05,41.5,46000
2022-04-11,41.0,41.0,41.0,41.0,41.0,40000
2022-04-12,41.0,41.0,41.0,41.0,41.0,40000
2022-04-13,41.1,41.1,41.1,41.05,41.05,45000
2022-04-14,41.2,41.2,41.2,41.2,41.2,40000
2022-04-15,41.2,41.2,41.2,41.2,41.2,40000
2022-04-18,41.1,41.1,41.1,41.1,41.1,40000
2022-04-19,41.1,41.1,41.1,41.1,41.1,41000
2022-04-20,41.2,41.2,41.2,41.1,41.1,19000
2022-04-21,41.5,41.5,41.5,41.5,41.5,4000
2022-04-22,41.5,41.5,41.5,41.5,41.5,1000
2022-04-25,41.5,41.5,41.5,41.5,41.5,3000
2022-04-27,41.1,41.1,41.1,41.1,41.1,1000
2022-05-02,17.3,17.3,17.3,17.3,17.3,9000
2022-05-04,40.8,40.8,42.0,40.8,42.0,7000
2022-05-09,41.0,41.0,41.0,40.0,40.0,8000
2022-05-10,40.9,40.9,40.9,40.9,40.9,1000
2022-05-12,41.05,41.05,41.2,40.4,41.0,9000
2022-05-19,40.6,40.6,40.6,40.6,40.6,1000
2022-05-26,41.0,41.0,41.0,41.0,41.0,13000
2022-05-27,41.5,41.5,41.55,41.0,41.0,19000
2022-05-30,41.5,41.5,41.5,41.45,41.45,2000
2022-06-02,41.0,41.0,41.0,41.0,41.0,10000
2022-06-03,17.3,17.3,17.3,17.3,17.3,9000
2022-06-06,41.0,41.0,41.0,41.0,41.0,12000
2022-06-08,41.0,41.0,41.0,41.0,41.0,13000
2022-06-09,41.05,41.05,41.05,41.0,41.0,7000
2022-06-10,41.05,41.05,41.05,41.05,41.05,5000
2022-06-16,41.0,41.0,41.0,41.0,41.0,1000
2022-06-17,41.0,41.0,41.0,41.0,41.0,1000
2022-06-20,41.0,41.0,41.0,41.0,41.0,1000
2022-06-21,41.0,41.0,41.0,41.0,41.0,6000
2022-06-22,40.9,40.9,41.0,40.9,41.0,12000
2022-06-23,40.5,40.5,40.9,40.5,40.9,9000
2022-06-24,41.0,41.0,41.0,40.0,40.5,10000
2022-06-27,40.0,40.0,40.0,40.0,40.0,4000
2022-06-28,40.8,40.8,40.8,40.0,40.0,2000
2022-06-29,40.5,40.5,40.5,40.5,40.5,3000
2022-06-30,40.5,40.5,40.5,40.5,40.5,1000
2022-07-01,40.5,40.5,40.5,40.35,40.35,3000
2022-07-05,40.5,40.5,40.5,40.5,40.5,2000
2022-07-06,40.5,40.5,40.5,40.5,40.5,1000
2022-07-08,40.0,40.0,40.0,40.0,40.0,1000
2022-07-15,40.0,40.0,40.0,40.0,40.0,1000
2022-07-29,40.0,40.0,40.0,40.0,40.0,1000
2022-08-23,39.0,39.0,39.0,39.0,39.0,66000
2022-08-24,39.5,39.5,39.5,39.5,39.5,1000
2022-08-31,37.0,37.0,37.0,37.0,37.0,3000
2022-09-08,37.2,37.2,37.2,37.2,37.2,2000
2022-09-09,17.3,17.3,17.3,17.3,17.3,9000
2022-09-13,37.15,37.15,37.3,37.15,37.3,5000
2022-09-19,38.25,38.25,38.25,38.25,38.25,4000
2022-09-20,37.5,37.5,37.9,37.25,37.25,9000
2022-10-04,38.0,38.0,38.0,38.0,38.0,1000
2022-10-05,38.0,38.0,38.0,37.0,37.0,5000
2022-10-10,17.3,17.3,17.3,17.3,17.3,9000
2022-10-12,38.0,38.0,38.0,37.85,37.85,5000
2022-11-01,37.1,37.1,37.1,37.05,37.05,2000
2022-11-09,38.1,38.1,38.1,38.1,38.1,1000
2022-12-01,37.8,37.8,37.8,37.8,37.8,6000
2022-12-02,34.55,34.55,37.0,34.55,37.0,6000
2022-12-05,33.65,33.65,33.65,31.15,31.35,5000
2022-12-06,30.35,30.35,32.0,30.35,31.2,17000
2022-12-07,32.2,32.2,32.4,30.3,30.3,10000
2022-12-08,31.35,31.35,31.85,30.3,30.3,10000
2022-12-12,31.35,31.35,31.35,31.35,31.35,1000
2022-12-13,32.3,32.3,32.3,32.3,32.3,1000
2022-12-16,32.95,32.95,33.2,30.0,33.2,5000
2022-12-19,32.95,32.95,33.25,32.95,33.25,2000
2022-12-21,32.0,32.0,32.65,31.0,32.65,4000
2022-12-22,32.1,32.1,32.3,32.1,32.3,2000
2022-12-23,32.35,32.35,33.1,31.5,33.1,7000
2022-12-26,34.35,34.35,34.4,33.35,33.35,3000
2022-12-27,35.75,35.75,36.95,35.0,35.45,7000
2022-12-28,35.95,35.95,35.95,35.95,35.95,1000
2022-12-29,35.95,35.95,35.95,35.95,35.95,1000
2022-12-30,35.85,35.85,35.85,35.85,35.85,1000
2023-01-02,17.3,17.3,17.3,17.3,17.3,9000
2023-01-03,35.65,35.65,35.65,35.65,35.65,1000
2023-01-04,35.65,35.65,35.65,35.65,35.65,1000
2023-01-05,37.9,37.9,37.9,36.75,36.75,2000
2023-01-06,35.3,35.3,37.3,34.15,37.3,4000
2023-01-09,35.25,35.25,35.25,35.25,35.25,1000
2023-01-10,35.35,35.35,35.35,35.35,35.35,1000
2023-01-11,35.25,35.25,35.25,35.25,35.25,1000
2023-01-12,36.3,36.3,36.3,35.2,35.2,2000
2023-01-13,36.25,36.25,36.25,36.25,36.25,1000
2023-01-16,36.15,36.15,36.15,36.15,36.15,1000
2023-01-17,35.95,35.95,35.95,35.95,35.95,1000
2023-01-18,17.3,17.3,17.3,17.3,17.3,9000
2023-01-19,17.3,17.3,17.3,17.3,17.3,9000
2023-01-20,17.3,17.3,17.3,17.3,17.3,9000
2023-01-23,17.3,17.3,17.3,17.3,17.3,9000
2023-01-24,17.3,17.3,17.3,17.3,17.3,9000
2023-01-25,17.3,17.3,17.3,17.3,17.3,9000
2023-01-26,17.3,17.3,17.3,17.3,17.3,9000
2023-01-27,17.3,17.3,17.3,17.3,17.3,9000
2023-01-30,36.45,36.45,36.45,36.45,36.45,1000
2023-01-31,36.25,36.25,36.25,36.25,36.25,1000
2023-02-01,36.0,36.0,36.05,36.0,36.05,2000
2023-02-02,35.7,35.7,35.7,35.7,35.7,1000
2023-02-03,34.65,34.65,34.95,34.65,34.95,3000
2023-02-06,34.8,34.8,35.15,32.0,34.65,7000
2023-02-07,34.45,34.45,34.45,34.45,34.45,1000
2023-02-08,33.65,33.65,34.1,31.1,34.1,12000
2023-02-09,33.6,33.6,33.6,33.6,33.6,2000
2023-02-10,33.05,33.05,33.05,33.05,33.05,1000
2023-02-13,32.85,32.85,32.85,32.85,32.85,1000
2023-02-14,32.2,32.2,32.3,31.1,32.3,4000
2023-02-16,32.9,32.9,32.9,32.9,32.9,1000
2023-02-20,32.65,32.65,32.65,32.65,32.65,1000
2023-02-21,32.55,32.55,32.55,32.55,32.55,1000
2023-02-22,32.15,32.15,32.15,30.55,30.6,5000
2023-02-23,31.1,31.1,31.1,31.1,31.1,1000
2023-02-24,33.0,33.0,33.05,31.1,31.1,12000
2023-02-27,17.3,17.3,17.3,17.3,17.3,9000
2023-02-28,17.3,17.3,17.3,17.3,17.3,9000
2023-03-01,32.4,32.4,32.4,32.4,32.4,1000
2023-03-02,33.35,33.35,33.35,33.35,33.35,1000
2023-03-03,32.95,32.95,33.3,31.15,33.3,5000
2023-03-06,33.3,33.3,33.3,31.25,32.6,8000
2023-03-07,33.25,33.25,33.25,33.25,33.25,1000
2023-03-08,33.0,33.0,33.2,33.0,33.2,2000
2023-03-09,33.2,33.2,33.2,33.2,33.2,1000
2023-03-10,33.05,33.05,33.05,33.05,33.05,1000
2023-03-13,32.9,32.9,33.0,32.85,33.0,4000
2023-03-14,32.9,32.9,32.9,32.9,32.9,1000
2023-03-24,33.1,33.1,33.6,33.1,33.6,2000
2023-04-03,17.3,17.3,17.3,17.3,17.3,9000
2023-04-04,17.3,17.3,17.3,17.3,17.3,9000
2023-04-05,17.3,17.3,17.3,17.3,17.3,9000
2023-04-12,35.7,35.7,35.7,35.7,35.7,10000
2023-04-13,35.0,35.0,35.0,32.3,32.35,4000
2023-04-14,34.55,34.55,34.55,33.5,33.55,9000
2023-04-17,34.95,34.95,34.95,33.15,34.5,6000
2023-04-18,34.55,34.55,34.55,33.5,34.0,4000
2023-04-19,34.15,34.15,34.2,33.05,34.2,4000
2023-04-20,33.6,33.6,33.6,32.3,33.0,5000
2023-04-21,33.0,33.0,33.3,33.0,33.3,4000
2023-04-24,32.7,32.7,32.7,32.7,32.7,1000
2023-04-27,32.6,32.6,32.6,32.6,32.6,1000
2023-04-28,33.7,33.7,34.7,33.7,34.7,4000
2023-05-01,17.3,17.3,17.3,17.3,17.3,9000
2023-05-02,33.55,33.55,33.65,33.55,33.65,4000
2023-05-03,33.7,33.7,33.7,33.5,33.5,4000
2023-05-05,33.6,33.6,33.65,33.6,33.65,4000
2023-05-08,33.6,33.6,33.6,33.45,33.55,4000
2023-05-10,35.25,35.25,37.4,33.5,37.4,5000
2023-05-11,37.7,37.7,37.9,35.25,35.25,6000
2023-05-12,37.6,37.6,38.25,37.6,37.65,4000
2023-05-15,37.3,37.3,37.3,37.3,37.3,1000
2023-05-22,35.1,35.1,35.1,35.1,35.1,2000
2023-05-23,35.2,35.2,35.2,35.2,35.2,1000
2023-05-26,38.7,38.7,39.1,37.8,37.8,5000
2023-05-29,37.0,37.0,37.1,37.0,37.1,5000
2023-05-30,37.0,37.0,37.0,36.0,36.0,2000
2023-05-31,36.5,36.5,36.5,36.5,36.5,1000
2023-06-01,38.0,38.0,38.0,37.5,37.5,7000
2023-06-02,38.0,38.0,38.0,38.0,38.0,4000
2023-06-05,38.0,38.0,38.0,38.0,38.0,8000
2023-06-08,41.2,41.2,41.2,41.2,41.2,1000
2023-06-22,17.3,17.3,17.3,17.3,17.3,9000
2023-06-23,17.3,17.3,17.3,17.3,17.3,9000
2023-06-27,37.2,37.2,37.2,37.2,37.2,1000
2023-06-30,43.85,43.85,43.85,36.0,36.0,24000
2023-07-03,39.8,39.8,43.4,39.65,43.4,7000
2023-07-04,38.6,38.6,38.65,38.6,38.65,4000
2023-07-05,37.35,37.35,38.0,37.35,38.0,3000
2023-07-06,40.3,40.3,40.3,36.55,36.55,3000
2023-07-07,40.5,40.5,41.95,39.5,41.8,14000
2023-07-10,39.3,39.3,39.3,38.25,39.1,3000
2023-07-11,38.0,38.0,38.0,37.05,37.95,4000
2023-07-12,38.7,38.7,38.7,36.7,36.7,7000
2023-07-13,39.7,39.7,39.8,37.85,37.85,5000
2023-07-14,39.15,39.15,39.15,37.6,38.35,5000
2023-07-17,39.4,39.4,39.4,37.8,37.8,5000
2023-07-18,38.5,38.5,39.95,38.3,38.3,9000
2023-07-19,37.5,37.5,37.5,37.05,37.2,5000
2023-07-20,37.6,37.6,37.6,37.2,37.2,3000
2023-07-21,38.1,38.1,38.1,38.1,38.1,1000
2023-07-24,37.0,37.0,37.0,36.5,36.5,3000
2023-07-25,37.2,37.2,37.5,37.2,37.2,5000
2023-07-26,37.05,37.05,38.5,37.05,38.5,4000
2023-07-27,37.0,37.0,37.3,37.0,37.3,5000
2023-07-28,37.5,37.5,38.0,36.85,38.0,6000
2023-07-31,39.45,39.45,39.45,37.25,37.5,12000
2023-08-01,40.45,40.45,41.0,38.1,38.1,29000
2023-08-02,39.0,39.0,39.55,39.0,39.55,5000
2023-08-03,17.3,17.3,17.3,17.3,17.3,9000
2023-08-04,39.0,39.0,39.0,38.6,38.6,2000
2023-08-07,40.0,40.0,40.0,38.05,38.05,36000
2023-08-08,41.4,41.4,41.4,40.0,40.0,38000
2023-08-09,40.25,40.25,43.4,40.25,41.4,7000
2023-08-10,40.9,40.9,40.95,40.0,40.15,13000
2023-08-11,40.6,40.6,40.6,40.6,40.6,1000
2023-08-14,39.05,39.05,39.05,39.05,39.05,21000
2023-08-15,39.2,39.2,39.2,39.1,39.1,44000
2023-08-16,39.5,39.5,42.45,39.3,42.45,42000
2023-08-17,41.75,41.75,41.95,41.75,41.95,9000
2023-08-18,40.55,40.55,41.7,39.55,41.7,11000
2023-08-21,40.55,40.55,40.55,39.05,39.15,4000
2023-08-22,41.3,41.3,41.7,41.0,41.7,50000
2023-08-23,40.0,40.0,40.1,40.0,40.05,10000
2023-08-24,40.5,40.5,40.95,39.55,40.25,12000
2023-08-25,40.6,40.6,41.9,40.0,41.5,13000
2023-08-28,40.8,40.8,41.0,40.3,41.0,4000
2023-08-29,40.0,40.0,41.45,39.0,41.45,22000
2023-08-30,40.0,40.0,41.95,37.6,40.2,29000
2023-08-31,38.4,38.4,39.0,37.0,37.8,12000
2023-09-01,37.8,37.8,38.4,37.0,37.8,29000
2023-09-04,37.5,37.5,37.5,36.05,37.0,16000
2023-09-05,37.5,37.5,37.8,36.1,37.0,10000
2023-09-06,37.5,37.5,37.5,36.55,36.55,3000
2023-09-07,37.6,37.6,37.6,36.9,36.95,3000
2023-09-08,37.05,37.05,37.05,37.05,37.05,1000
2023-09-11,38.95,38.95,39.3,38.0,38.0,3000
2023-09-12,37.5,37.5,38.05,37.5,38.05,2000
2023-09-13,38.0,38.0,38.0,36.2,36.2,2000
2023-09-14,38.05,38.05,38.05,36.85,36.85,3000
2023-09-15,38.05,38.05,38.05,37.05,37.05,2000
2023-09-18,38.0,38.0,38.0,37.3,37.3,3000
2023-09-19,38.25,38.25,38.25,37.05,37.05,3000
2023-09-20,38.25,38.25,38.25,37.3,37.3,2000
2023-09-21,38.25,38.25,38.25,38.25,38.25,1000
2023-09-22,39.25,39.25,40.45,38.4,40.0,11000
2023-09-25,39.55,39.55,39.55,37.7,39.35,12000
2023-09-26,39.25,39.25,39.55,38.15,39.55,10000
2023-09-27,39.75,39.75,39.75,38.3,39.2,6000
2023-09-28,39.8,39.8,39.8,38.4,38.4,3000
2023-09-29,17.3,17.3,17.3,17.3,17.3,9000
2023-10-02,39.5,39.5,39.5,38.45,38.45,4000
2023-10-03,38.55,38.55,38.55,38.55,38.55,1000
2023-10-04,38.3,38.3,38.3,37.25,37.25,2000
2023-10-05,38.3,38.3,38.3,37.2,37.2,2000
2023-10-06,38.25,38.25,38.25,37.0,37.0,2000
2023-10-09,17.3,17.3,17.3,17.3,17.3,9000
2023-10-10,17.3,17.3,17.3,17.3,17.3,9000
2023-10-11,39.85,39.85,39.85,39.55,39.55,3000
2023-10-12,40.0,40.0,40.0,39.8,39.8,4000
2023-10-13,39.5,39.5,39.5,38.35,38.6,5000
2023-10-16,38.3,38.3,38.6,38.3,38.35,4000
2023-10-17,37.4,37.4,38.35,37.4,38.35,8000
2023-10-18,37.35,37.35,37.35,35.35,37.35,6000
2023-10-19,37.0,37.0,37.0,35.95,36.05,3000
2023-10-20,39.8,39.8,40.05,37.0,37.0,6000
2023-10-23,38.5,38.5,38.5,37.3,38.45,4000
2023-10-24,38.5,38.5,38.5,37.5,37.5,2000
2023-10-25,38.8,38.8,38.8,37.5,37.75,6000
2023-10-26,37.55,37.55,37.55,37.55,37.55,1000
2023-10-27,36.8,36.8,36.8,36.8,36.8,1000
2023-10-30,38.25,38.25,38.25,36.5,36.55,7000
2023-10-31,38.0,38.0,39.25,38.0,38.3,7000
2023-11-01,37.0,37.0,38.0,37.0,38.0,7000
2023-11-02,39.2,39.2,39.2,37.0,37.8,7000
2023-11-03,38.8,38.8,38.8,37.75,37.85,4000
2023-11-06,36.9,36.9,38.0,36.35,37.55,14000
2023-11-07,37.0,37.0,37.0,36.55,36.65,5000
2023-11-08,38.5,38.5,38.5,36.45,36.45,19000
2023-11-09,38.0,38.0,39.45,36.95,39.45,3000
2023-11-10,36.85,36.85,36.85,36.85,36.85,1000
2023-11-13,36.8,36.8,36.8,36.45,36.45,21000
2023-11-14,39.95,39.95,39.95,37.35,37.4,6000
2023-11-15,39.0,39.0,39.0,38.0,38.6,3000
2023-11-16,37.45,37.45,37.65,37.45,37.65,24000
2023-11-17,37.5,37.5,38.95,37.05,37.05,29000
2023-11-20,38.05,38.05,39.45,37.5,38.55,23000
2023-11-21,39.0,39.0,39.45,37.7,38.4,13000
2023-11-22,38.9,38.9,38.9,37.65,37.65,7000
2023-11-23,38.5,38.5,38.5,37.55,37.75,9000
2023-11-24,37.5,37.5,37.5,37.5,37.5,1000
2023-11-27,37.15,37.15,37.3,37.15,37.3,3000
2023-11-28,38.4,38.4,38.45,38.4,38.45,2000
2023-11-29,37.5,37.5,37.5,36.55,37.1,4000
2023-11-30,37.9,37.9,37.9,36.8,37.0,7000
2023-12-01,36.95,36.95,37.9,36.95,37.9,2000
2023-12-04,36.35,36.35,36.85,36.35,36.85,4000
2023-12-05,37.75,37.75,37.9,36.6,36.6,6000
2023-12-06,37.75,37.75,37.75,37.75,37.75,5000
2023-12-07,36.45,36.45,36.45,36.45,36.45,1000
2023-12-08,38.8,38.8,38.85,37.7,37.7,4000
2023-12-11,38.15,38.15,38.85,37.8,38.85,3000
2023-12-12,37.55,37.55,37.7,37.55,37.7,3000
2023-12-13,36.75,36.75,37.7,36.75,37.7,6000
2023-12-14,37.95,37.95,38.0,37.1,37.1,7000
2023-12-15,36.55,36.55,38.0,36.3,38.0,19000
2023-12-18,38.0,38.0,38.0,36.75,36.75,7000
2023-12-19,37.6,37.6,37.6,36.8,37.5,10000
2023-12-20,37.7,37.7,37.8,37.6,37.6,15000
2023-12-21,36.75,36.75,37.0,36.75,37.0,4000
2023-12-22,37.7,37.7,37.7,36.75,36.75,7000
2023-12-25,37.0,37.0,37.0,36.75,37.0,6000
2023-12-26,37.05,37.05,37.5,36.45,36.45,9000
2023-12-27,37.3,37.3,37.3,36.8,37.0,5000
2023-12-28,37.25,37.25,37.25,36.7,36.75,6000
2023-12-29,37.25,37.25,37.25,36.6,36.8,4000
2024-01-01,17.3,17.3,17.3,17.3,17.3,9000
2024-01-02,36.55,36.55,36.55,36.5,36.55,3000
2024-01-03,36.55,36.55,36.55,36.55,36.55,3000
2024-01-04,36.2,36.2,36.2,36.15,36.15,2000
2024-01-05,36.15,36.15,36.15,36.05,36.05,2000
2024-01-08,36.15,36.15,36.15,36.15,36.15,1000
2024-01-09,37.15,37.15,37.15,36.0,36.05,3000
2024-01-10,36.15,36.15,36.15,36.15,36.15,1000
2024-01-11,36.15,36.15,36.15,36.15,36.15,1000
2024-01-12,36.15,36.15,36.15,36.15,36.15,1000
2024-01-15,36.9,36.9,36.9,36.15,36.15,5000
2024-01-16,36.7,36.7,36.7,35.65,35.65,4000
2024-01-17,35.9,35.9,35.95,35.9,35.95,2000
2024-01-18,35.5,35.5,35.6,35.5,35.6,2000
2024-01-19,35.8,35.8,35.85,35.8,35.85,2000
2024-01-22,35.8,35.8,35.8,35.8,35.8,1000
2024-01-23,35.3,35.3,35.3,35.3,35.3,1000
2024-01-24,35.5,35.5,35.5,35.2,35.2,2000
2024-01-25,35.5,35.5,36.8,35.5,36.8,2000
2024-01-26,37.0,37.0,37.0,37.0,37.0,1000
2024-01-29,35.0,35.0,35.55,34.55,35.55,10000
2024-01-30,35.05,35.05,35.05,35.0,35.0,6000
2024-01-31,36.5,36.5,36.7,35.0,35.0,4000
2024-02-01,35.05,35.05,36.0,35.05,36.0,6000
2024-02-02,34.2,34.2,34.5,33.85,33.85,11000
2024-02-05,33.5,33.5,33.7,32.5,33.7,8000
2024-02-06,17.3,17.3,17.3,17.3,17.3,9000
2024-02-07,17.3,17.3,17.3,17.3,17.3,9000
2024-02-08,17.3,17.3,17.3,17.3,17.3,9000
2024-02-09,17.3,17.3,17.3,17.3,17.3,9000
2024-02-12,17.3,17.3,17.3,17.3,17.3,9000
2024-02-13,17.3,17.3,17.3,17.3,17.3,9000
2024-02-14,17.3,17.3,17.3,17.3,17.3,9000
2024-02-15,34.5,34.5,34.5,32.95,32.95,2000
2024-02-19,33.25,33.25,33.75,33.2,33.75,6000
2024-02-20,32.65,32.65,33.05,32.6,32.65,8000
2024-02-21,33.2,33.2,34.3,32.8,34.3,5000
2024-02-22,33.0,33.0,33.0,32.8,33.0,5000
2024-02-23,32.65,32.65,33.05,32.35,32.35,5000
2024-02-26,32.0,32.0,32.75,32.0,32.65,26000
2024-02-27,32.0,32.0,32.0,31.25,31.25,11000
2024-02-28,17.3,17.3,17.3,17.3,17.3,9000
2024-02-29,32.6,32.6,32.6,31.4,31.4,9000
2024-03-01,32.6,32.6,32.6,32.15,32.15,9000
2024-03-05,35.85,35.85,35.85,32.6,32.6,32000
2024-03-06,39.4,39.4,39.4,38.8,39.0,73000
2024-03-07,38.1,38.1,41.8,38.1,41.8,64000
2024-03-08,36.8,36.8,38.35,35.5,36.8,40000
2024-03-11,38.05,38.05,38.05,35.55,35.55,2000
2024-03-12,38.25,38.25,38.75,36.75,36.75,18000
2024-03-13,36.5,36.5,37.05,35.75,37.05,18000
2024-03-14,36.5,36.5,36.5,35.55,36.5,7000
2024-03-15,36.2,36.2,36.2,34.65,35.25,13000
2024-03-18,36.15,36.15,36.15,33.55,33.55,3000
2024-03-20,34.1,34.1,34.1,34.0,34.0,6000
2024-03-21,35.5,35.5,35.5,34.45,34.6,9000
2024-03-22,35.5,35.5,35.8,35.5,35.8,3000
2024-03-25,34.1,34.1,34.1,34.1,34.1,2000
2024-03-26,32.85,32.85,35.35,32.85,35.35,3000
2024-03-27,33.1,33.1,34.25,33.1,33.75,4000
2024-03-28,34.0,34.0,34.0,33.1,33.95,4000
2024-03-29,34.0,34.0,34.0,34.0,34.0,2000
2024-04-01,35.0,35.0,35.45,32.9,32.9,5000
2024-04-02,35.0,35.0,35.0,35.0,35.0,2000
2024-04-03,35.85,35.85,35.85,32.4,32.4,13000
2024-04-04,17.3,17.3,17.3,17.3,17.3,9000
2024-04-05,17.3,17.3,17.3,17.3,17.3,9000
2024-04-08,36.8,36.8,39.0,36.8,38.85,10000
2024-04-09,36.9,36.9,37.8,35.5,37.8,6000
2024-04-10,35.75,35.75,35.75,34.9,35.7,5000
2024-04-11,35.5,35.5,35.5,33.35,33.8,4000
2024-04-12,35.75,35.75,35.75,34.55,34.85,10000
2024-04-15,35.0,35.0,35.0,32.85,32.85,3000
2024-04-16,33.0,33.0,33.6,32.35,33.6,6000
2024-04-17,35.0,35.0,35.0,31.55,32.5,5000
2024-04-18,33.6,33.6,34.0,33.6,34.0,2000
2024-04-19,35.0,35.0,35.0,35.0,35.0,1000
2024-04-22,33.0,33.0,35.0,32.55,35.0,7000
2024-04-23,33.5,33.5,35.75,32.55,32.55,5000
2024-04-24,35.8,35.8,36.85,33.55,34.4,21000
2024-04-25,35.95,35.95,35.95,35.5,35.5,4000
2024-04-26,34.9,34.9,34.9,33.65,34.8,5000
2024-04-29,33.95,33.95,34.0,33.9,34.0,4000
2024-04-30,33.0,33.0,33.0,32.6,32.8,5000
2024-05-01,17.3,17.3,17.3,17.3,17.3,9000
2024-05-02,34.1,34.1,34.1,34.1,34.1,1000
2024-05-03,32.85,32.85,35.05,32.85,35.05,4000
2024-05-06,34.6,34.6,34.6,33.8,33.8,4000
2024-05-07,34.4,34.4,35.4,34.25,35.4,6000
2024-05-08,34.4,34.4,34.4,33.95,33.95,3000
2024-05-09,37.2,37.2,37.75,34.95,35.6,48000
2024-05-10,37.5,37.5,37.8,37.3,37.3,77000
2024-05-13,36.95,36.95,37.35,35.3,37.35,8000
2024-05-14,37.3,37.3,37.45,36.05,36.05,8000
2024-05-15,37.3,37.3,37.4,36.3,36.3,13000
2024-05-16,37.25,37.25,37.3,36.3,37.3,26000
2024-05-17,37.65,37.65,38.15,37.0,37.45,21000
2024-05-20,37.8,37.8,38.45,36.8,38.45,5000
2024-05-21,37.75,37.75,37.75,37.0,37.0,3000
2024-05-22,37.75,37.75,38.15,36.85,38.15,3000
2024-05-23,36.3,36.3,37.9,36.3,37.9,5000
2024-05-24,37.35,37.35,37.5,36.3,37.5,11000
2024-05-27,37.2,37.2,38.2,36.5,37.35,31000
2024-05-28,36.95,36.95,37.4,36.25,37.4,7000
2024-05-29,35.2,35.2,37.85,35.0,36.9,36000
2024-05-30,35.8,35.8,36.3,35.8,36.05,10000
2024-05-31,35.5,35.5,35.5,35.35,35.35,6000
2024-06-03,35.95,35.95,36.65,35.4,36.1,5000
2024-06-04,35.2,35.2,36.2,35.2,36.2,3000
2024-06-05,36.4,36.4,36.4,36.4,36.4,1000
2024-06-06,35.7,35.7,35.7,33.8,33.8,3000
2024-06-10,17.3,17.3,17.3,17.3,17.3,9000
2024-06-13,35.2,35.2,35.5,35.2,35.5,3000
2024-06-14,35.15,35.15,35.15,33.6,33.85,27000
2024-06-17,35.4,35.4,35.8,35.4,35.5,33000
2024-06-19,34.0,34.0,36.95,34.0,36.95,25000
2024-06-20,35.4,35.4,35.4,35.1,35.1,4000
2024-06-21,34.15,34.15,34.3,34.15,34.3,3000
2024-06-24,34.2,34.2,34.2,34.2,34.2,3000
2024-06-26,34.95,34.95,34.95,34.95,34.95,1000
2024-06-27,35.05,35.05,36.1,34.4,36.1,3000
2024-06-28,34.45,34.45,35.05,33.5,34.0,10000
2024-07-01,33.0,33.0,33.0,33.0,33.0,3000
2024-07-02,33.1,33.1,33.1,32.9,33.0,4000
2024-07-04,34.9,34.9,34.9,34.9,34.9,1000
2024-07-05,34.35,34.35,34.35,32.8,32.8,4000
2024-07-08,33.4,33.4,33.5,33.15,33.15,3000
2024-07-09,33.0,33.0,33.4,33.0,33.4,9000
2024-07-10,33.0,33.0,33.8,33.0,33.8,2000
2024-07-11,33.45,33.45,33.5,32.55,32.55,5000
2024-07-12,33.0,33.0,33.0,33.0,33.0,1000
2024-07-15,33.0,33.0,33.0,31.9,31.9,2000
2024-07-16,33.0,33.0,33.0,33.0,33.0,2000
2024-07-17,33.0,33.0,33.0,33.0,33.0,4000
2024-07-18,33.0,33.0,33.0,33.0,33.0,1000
2024-07-19,36.3,36.3,36.3,33.3,33.3,69000
2024-07-22,33.95,33.95,36.2,33.65,36.2,31000
2024-07-23,33.95,33.95,35.8,32.8,32.8,7000
2024-07-24,17.3,17.3,17.3,17.3,17.3,9000
2024-07-25,17.3,17.3,17.3,17.3,17.3,9000
2024-07-26,35.8,35.8,37.2,34.8,34.8,36000
2024-07-29,34.05,34.05,37.0,33.5,35.7,33000
2024-07-30,34.85,34.85,34.85,32.05,33.2,21000
2024-07-31,32.9,32.9,33.2,32.8,33.1,12000
2024-08-01,33.0,33.0,33.1,32.7,32.7,7000
2024-08-02,32.8,32.8,32.8,32.75,32.8,7000
2024-08-05,32.7,32.7,32.8,32.7,32.75,5000
2024-08-06,32.4,32.4,32.4,32.35,32.35,2000
2024-08-07,32.6,32.6,32.6,32.4,32.4,4000
2024-08-09,32.5,32.5,32.7,32.5,32.6,15000
2024-08-12,32.8,32.8,32.85,32.7,32.8,9000
2024-08-13,33.0,33.0,33.0,32.05,32.2,3000
2024-08-14,32.35,32.35,32.35,32.2,32.2,3000
2024-08-15,33.4,33.4,33.4,32.25,32.25,11000
2024-08-20,33.4,33.4,33.4,33.4,33.4,1000
2024-08-23,32.2,32.2,32.3,32.2,32.25,6000
2024-08-27,32.5,32.5,32.5,32.5,32.5,4000
2024-08-28,32.35,32.35,32.6,32.35,32.5,24000
2024-08-29,33.3,33.3,33.3,32.0,32.0,7000
2024-08-30,33.5,33.5,33.5,33.5,33.5,10000
2024-09-02,33.5,33.5,34.6,33.5,34.6,4000
2024-09-03,33.5,33.5,33.5,33.5,33.5,1000
2024-09-05,35.0,35.0,35.0,35.0,35.0,1000
2024-09-10,32.5,32.5,32.55,32.5,32.55,3000
2024-09-11,32.15,32.15,32.15,32.15,32.15,1000
2024-09-12,34.0,34.0,34.0,33.2,33.2,3000
2024-09-13,33.0,33.0,34.65,33.0,34.65,2000
2024-09-16,32.3,32.3,32.3,32.3,32.3,1000
2024-09-17,17.3,17.3,17.3,17.3,17.3,9000
2024-09-18,32.2,32.2,34.5,32.2,33.4,4000
2024-09-19,34.5,34.5,34.5,32.3,32.3,4000
2024-09-20,32.3,32.3,36.35,32.2,35.1,22000
2024-09-23,32.35,32.35,34.9,32.35,34.65,19000
2024-09-24,33.2,33.2,33.2,33.2,33.2,1000
2024-09-25,32.4,32.4,33.2,32.4,33.2,9000
2024-09-26,32.3,32.3,32.3,32.3,32.3,2000
2024-09-27,32.1,32.1,33.45,32.1,33.0,12000
2024-09-30,33.2,33.2,33.2,33.0,33.0,2000
2024-10-01,32.3,32.3,32.3,32.3,32.3,6000
2024-10-02,17.3,17.3,17.3,17.3,17.3,9000
2024-10-03,17.3,17.3,17.3,17.3,17.3,9000
2024-10-04,32.15,32.15,32.15,32.15,32.15,1000
2024-10-07,32.15,32.15,32.15,32.0,32.0,2000
2024-10-08,32.05,32.05,32.05,32.05,32.05,1000
2024-10-09,33.05,33.05,33.7,30.55,30.55,9000
2024-10-10,17.3,17.3,17.3,17.3,17.3,9000
2024-10-11,31.7,31.7,32.0,31.1,32.0,12000
2024-10-14,32.55,32.55,32.55,31.5,31.8,4000
2024-10-16,31.95,31.95,32.9,31.05,32.45,11000
2024-10-17,31.3,31.3,33.7,31.0,32.85,12000
2024-10-18,32.0,32.0,32.0,31.0,31.0,3000
2024-10-22,31.95,31.95,31.95,30.9,30.9,4000
2024-10-23,31.0,31.0,31.05,30.85,30.85,3000
2024-10-24,31.3,31.3,31.3,31.3,31.3,6000
2024-10-25,32.05,32.05,32.05,30.05,30.35,4000
2024-10-28,32.05,32.05,32.05,32.05,32.05,3000
2024-10-29,31.5,31.5,31.5,31.5,31.5,1000
2024-10-30,32.0,32.0,32.0,30.05,30.4,14000
2024-10-31,17.3,17.3,17.3,17.3,17.3,9000
2024-11-01,31.65,31.65,31.8,29.9,30.9,12000
2024-11-04,31.0,31.0,31.0,29.9,30.55,4000
2024-11-05,30.1,30.1,31.95,30.0,31.95,11000
2024-11-06,30.8,30.8,30.8,29.5,29.65,11000
2024-11-07,29.8,29.8,29.8,29.45,29.45,3000
2024-11-08,29.8,29.8,30.9,29.2,29.2,12000
2024-11-11,32.0,32.0,32.75,30.0,31.65,31000
2024-11-12,29.95,29.95,34.8,29.8,34.8,23000
2024-11-13,29.95,29.95,30.45,29.15,29.95,16000
2024-11-14,30.95,30.95,30.95,30.95,30.95,2000
2024-11-15,31.0,31.0,31.0,29.65,29.65,7000
2024-11-18,30.2,30.2,30.2,29.15,29.15,6000
2024-11-19,29.45,29.45,29.45,29.45,29.45,1000
2024-11-20,29.35,29.35,29.35,29.35,29.35,1000
2024-11-21,29.25,29.25,30.35,29.25,30.35,6000
2024-11-22,28.3,28.3,29.25,28.3,29.25,12000
2024-11-25,29.1,29.1,29.3,27.55,29.3,8000
2024-11-28,29.25,29.25,29.25,29.25,29.25,2000
2024-11-29,27.9,27.9,28.7,27.75,27.75,4000
2024-12-02,28.75,28.75,28.75,28.75,28.75,2000
2024-12-03,30.4,30.4,31.0,28.5,31.0,9000
2024-12-04,28.2,28.2,31.25,28.0,30.35,23000
2024-12-05,28.3,28.3,28.3,26.75,27.25,14000
2024-12-06,28.3,28.3,28.3,28.0,28.25,9000
2024-12-09,28.45,28.45,28.45,26.8,27.35,17000
2024-12-11,28.1,28.1,28.1,27.1,27.5,9000
2024-12-12,27.75,27.75,28.4,27.2,28.3,9000
2024-12-13,27.0,27.0,28.65,26.8,26.8,4000
2024-12-16,26.2,26.2,27.75,26.0,26.15,7000
2024-12-17,26.35,26.35,26.85,25.95,25.95,3000
2024-12-18,27.0,27.0,27.0,25.9,25.9,4000
2024-12-19,26.85,26.85,26.85,26.05,26.05,2000
2024-12-20,27.1,27.1,27.1,26.15,26.15,6000
2024-12-23,28.1,28.1,28.1,26.3,26.3,3000
2024-12-24,28.7,28.7,28.7,26.15,26.3,5000
2024-12-25,28.05,28.05,28.05,26.8,27.7,4000
2024-12-26,28.25,28.25,28.25,27.3,27.3,2000
2024-12-27,26.85,26.85,27.5,26.6,27.5,5000
2024-12-30,27.95,27.95,28.35,26.05,26.05,3000
2024-12-31,29.8,29.8,29.8,27.0,27.0,10000
2025-01-01,17.3,17.3,17.3,17.3,17.3,9000
2025-01-02,31.05,31.05,32.35,27.55,28.0,20000
2025-01-03,30.0,30.0,32.0,28.2,31.8,18000
2025-01-06,30.1,30.1,32.0,28.0,32.0,31000
2025-01-07,28.7,28.7,30.0,28.55,30.0,22000
2025-01-08,28.15,28.15,29.55,28.0,28.7,10000
2025-01-09,28.45,28.45,28.45,27.05,27.05,7000
2025-01-10,28.9,28.9,29.95,27.3,27.7,33000
2025-01-13,29.7,29.7,30.95,27.1,28.95,28000
2025-01-14,28.45,28.45,29.3,27.05,29.3,15000
2025-01-15,28.25,28.25,28.25,27.3,27.35,7000
2025-01-16,28.55,28.55,28.65,27.45,27.45,5000
2025-01-17,28.7,28.7,28.95,27.55,27.55,17000
2025-01-20,28.15,28.15,29.25,28.15,28.8,25000
2025-01-21,28.0,28.0,28.95,28.0,28.95,3000
2025-01-22,29.05,29.05,29.75,27.4,28.0,30000
2025-01-23,17.3,17.3,17.3,17.3,17.3,9000
2025-01-24,17.3,17.3,17.3,17.3,17.3,9000
2025-01-27,17.3,17.3,17.3,17.3,17.3,9000
2025-01-28,17.3,17.3,17.3,17.3,17.3,9000
2025-01-29,17.3,17.3,17.3,17.3,17.3,9000
2025-01-30,17.3,17.3,17.3,17.3,17.3,9000
2025-01-31,17.3,17.3,17.3,17.3,17.3,9000
2025-02-03,27.6,27.6,29.0,27.45,29.0,8000
2025-02-04,28.15,28.15,28.15,26.7,27.0,5000
2025-02-05,28.25,28.25,28.25,27.3,28.15,7000
2025-02-06,28.35,28.35,28.35,27.6,27.6,2000
2025-02-07,27.65,27.65,28.15,27.3,27.3,3000
2025-02-10,27.2,27.2,27.2,27.2,27.2,1000
2025-02-11,28.9,28.9,29.45,27.15,27.15,6000
2025-02-13,30.3,30.3,30.35,28.1,28.1,7000
2025-02-14,29.9,29.9,29.9,29.9,29.9,1000
2025-02-17,28.65,28.65,28.65,28.65,28.65,1000
2025-02-18,28.9,28.9,29.2,28.3,28.3,3000
2025-02-19,28.5,28.5,28.5,27.6,27.6,2000
2025-02-20,29.5,29.5,29.9,28.1,28.1,8000
2025-02-21,28.6,28.6,28.6,28.6,28.6,1000
2025-02-24,29.0,29.0,29.0,27.8,27.8,5000
2025-02-25,29.7,29.7,29.7,28.4,28.4,3000
2025-02-26,29.65,29.65,29.65,28.35,28.35,3000
2025-02-27,28.35,28.35,28.45,28.35,28.45,2000
2025-02-28,17.3,17.3,17.3,17.3,17.3,9000
2025-03-03,28.9,28.9,29.0,28.9,29.0,3000
2025-03-04,28.85,28.85,28.85,28.85,28.85,1000
2025-03-05,29.65,29.65,29.7,29.65,29.7,3000
2025-03-06,29.8,29.8,29.9,29.8,29.9,3000
2025-03-07,29.0,29.0,29.0,29.0,29.0,1000
2025-03-13,28.9,28.9,28.9,27.8,27.8,5000
2025-03-20,26.45,26.45,26.45,26.45,26.45,1000
2025-03-21,28.3,28.3,28.3,27.35,27.35,2000
2025-03-26,28.25,28.25,30.2,28.25,29.2,5000
2025-03-31,30.75,30.75,30.75,29.75,29.75,2000
2025-04-01,31.75,31.75,32.6,31.75,32.6,2000
2025-04-02,30.25,30.25,31.5,29.15,31.5,8000
2025-04-03,17.3,17.3,17.3,17.3,17.3,9000
2025-04-04,17.3,17.3,17.3,17.3,17.3,9000
2025-04-07,27.25,27.25,29.8,27.25,29.8,24000
2025-04-08,25.8,25.8,25.95,25.8,25.95,12000
2025-04-09,23.25,23.25,24.05,23.25,24.0,8000
2025-04-10,25.55,25.55,25.55,23.35,23.35,7000
2025-04-11,26.25,26.25,26.25,24.05,25.55,15000
2025-04-14,23.85,23.85,25.85,23.85,24.2,32000
2025-04-15,21.5,21.5,24.95,21.5,24.3,24000
2025-04-16,19.35,19.35,22.8,19.35,20.8,34000
2025-04-17,19.45,19.45,19.7,18.75,19.5,31000
2025-04-18,19.8,19.8,19.8,19.15,19.15,5000
2025-04-21,19.7,19.7,19.7,18.3,18.3,2000
2025-04-22,19.6,19.6,19.6,18.85,19.6,5000
2025-04-23,20.1,20.1,20.1,20.1,20.1,1000
2025-04-25,20.45,20.45,20.45,18.7,18.7,9000
2025-04-28,20.7,20.7,21.8,20.0,20.4,10000
2025-04-29,21.5,21.5,21.5,20.0,20.0,22000
2025-04-30,20.7,20.7,22.25,20.0,22.25,9000
2025-05-01,17.3,17.3,17.3,17.3,17.3,9000
2025-05-02,21.6,21.6,21.8,20.1,20.1,6000
2025-05-05,21.0,21.0,22.35,20.1,22.0,13000
2025-05-06,20.2,20.2,21.5,19.55,21.5,9000
2025-05-07,21.25,21.25,21.55,21.25,21.55,12000
2025-05-08,20.6,20.6,21.5,20.5,21.25,51000
2025-05-09,20.6,20.6,21.35,20.55,20.6,23000
2025-05-12,20.05,20.05,20.9,20.05,20.9,25000
2025-05-13,20.05,20.05,21.2,20.0,21.2,38000
2025-05-14,20.35,20.35,21.0,20.0,20.45,64000
2025-05-15,20.2,20.2,20.5,20.0,20.2,22000
2025-05-16,19.8,19.8,20.2,19.6,20.2,22000
2025-05-19,20.2,20.2,20.3,19.85,19.85,10000
2025-05-20,20.0,20.0,20.35,20.0,20.2,5000
2025-05-21,20.1,20.1,20.1,20.0,20.0,4000
2025-05-22,20.05,20.05,20.05,20.05,20.05,1000
2025-05-23,20.0,20.0,20.0,19.25,19.8,9000
2025-05-26,19.55,19.55,19.55,19.55,19.55,2000
2025-05-27,20.0,20.0,20.0,19.2,19.6,9000
2025-05-28,19.8,19.8,19.8,19.8,19.8,1000
2025-05-29,20.0,20.0,20.0,19.15,19.15,8000
2025-05-30,17.3,17.3,17.3,17.3,17.3,9000
2025-06-02,20.3,20.3,20.6,19.5,19.95,5000
2025-06-03,20.75,20.75,20.95,20.05,20.95,4000
2025-06-04,20.45,20.45,21.45,20.45,21.45,11000
2025-06-05,19.55,19.55,19.55,19.55,19.55,1000
2025-06-06,20.05,20.05,20.75,20.05,20.75,7000
2025-06-09,22.05,22.05,22.05,21.2,21.2,73000
2025-06-10,24.25,24.25,24.25,24.25,24.25,188000
2025-06-11,24.35,24.35,25.3,23.4,25.0,114000
2025-06-12,23.3,23.3,24.35,23.3,24.35,31000
2025-06-13,25.6,25.6,25.6,23.5,23.5,117000
2025-06-16,23.8,23.8,24.4,23.35,24.15,111000
2025-06-17,23.65,23.65,23.8,23.2,23.2,24000
2025-06-18,22.5,22.5,23.7,22.2,23.7,23000
2025-06-19,21.7,21.7,22.6,21.7,22.5,15000
2025-06-20,21.3,21.3,21.3,21.0,21.0,3000
2025-06-23,22.7,22.7,22.7,22.7,22.7,1000
2025-06-24,21.8,21.8,22.7,21.8,22.65,7000
2025-06-25,21.5,21.5,21.8,21.5,21.8,17000
2025-06-26,23.65,23.65,23.65,22.45,22.45,38000
2025-06-27,21.8,21.8,23.4,21.35,23.4,36000
2025-06-30,21.55,21.55,21.55,21.0,21.4,11000
2025-07-01,21.85,21.85,22.6,21.15,21.5,13000
2025-07-02,21.05,21.05,22.15,21.05,22.15,7000
2025-07-03,22.0,22.0,22.3,21.3,22.2,14000
2025-07-04,22.05,22.05,22.65,21.5,21.9,10000
2025-07-07,22.1,22.1,22.1,22.05,22.05,6000
2025-07-10,22.2,22.2,22.2,21.35,22.1,10000
2025-07-15,21.35,21.35,21.35,20.6,20.6,7000
2025-07-16,20.8,20.8,21.5,20.8,20.85,5000
2025-07-17,20.6,20.6,21.35,20.45,20.8,23000
2025-07-18,20.05,20.05,20.85,20.05,20.6,31000
2025-07-21,20.3,20.3,20.9,19.95,19.95,11000
2025-07-22,20.35,20.35,21.4,19.8,19.8,10000
2025-07-23,19.5,19.5,20.65,19.35,20.35,40000
2025-07-24,19.6,19.6,19.8,19.5,19.5,7000
2025-07-25,19.6,19.6,19.6,19.6,19.6,3000
2025-07-28,19.4,19.4,19.6,19.4,19.6,5000
2025-07-29,19.65,19.65,19.75,19.4,19.4,9000
2025-07-30,20.0,20.0,20.05,19.85,19.85,4000
2025-07-31,19.7,19.7,19.95,19.7,19.95,6000
2025-08-01,20.35,20.35,20.35,20.35,20.35,1000
2025-08-04,19.4,19.4,19.5,19.4,19.5,2000
2025-08-05,19.4,19.4,20.05,19.4,19.4,16000
2025-08-06,19.4,19.4,19.4,19.35,19.35,6000
2025-08-07,19.35,19.35,19.65,18.9,19.4,17000
2025-08-08,19.6,19.6,19.6,19.6,19.6,2000
2025-08-11,19.6,19.6,19.6,19.6,19.6,1000
2025-08-12,19.6,19.6,19.65,18.9,19.65,13000
2025-08-13,18.9,18.9,19.6,18.9,19.6,12000
2025-08-14,20.0,20.0,20.5,18.9,18.9,24000
2025-08-15,20.1,20.1,20.25,19.1,19.8,16000
2025-08-18,19.45,19.45,20.1,19.3,20.1,14000
2025-08-19,19.65,19.65,19.75,19.15,19.45,13000
2025-08-20,19.0,19.0,19.85,19.0,19.85,21000
2025-08-21,19.35,19.35,19.4,19.0,19.0,6000
2025-08-22,19.05,19.05,19.6,19.05,19.6,9000
2025-08-25,18.9,18.9,19.4,18.9,19.4,7000
2025-08-26,19.55,19.55,19.55,19.55,19.55,1000
2025-08-27,19.35,19.35,19.9,18.0,19.9,14000
2025-08-28,19.45,19.45,19.45,18.8,19.25,4000
2025-08-29,19.1,19.1,19.6,18.95,19.6,13000
2025-09-01,19.45,19.45,19.45,19.2,19.2,2000
2025-09-02,18.8,18.8,18.8,18.8,18.8,1000
2025-09-03,18.8,18.8,18.8,18.8,18.8,6000
2025-09-04,18.8,18.8,18.8,18.8,18.8,1000
2025-09-05,18.8,18.8,18.8,18.8,18.8,1000
2025-09-08,19.35,19.35,19.35,18.15,18.8,6000
2025-09-09,18.7,18.7,18.9,18.7,18.9,5000
2025-09-10,18.95,18.95,18.95,18.7,18.7,4000
2025-09-11,18.4,18.4,18.8,18.4,18.8,8000
2025-09-12,19.0,19.0,19.0,18.2,18.4,8000
2025-09-15,19.0,19.0,19.0,19.0,19.0,1000
2025-09-16,18.8,18.8,18.8,18.5,18.5,2000
2025-09-18,18.8,18.8,19.0,18.8,19.0,3000
2025-09-19,18.8,18.8,18.8,18.8,18.8,1000
2025-09-22,18.5,18.5,18.5,18.5,18.5,1000
2025-09-23,17.9,17.9,18.5,17.9,18.5,10000
2025-09-25,17.95,17.95,18.2,17.95,17.95,11000
2025-09-26,17.95,17.95,17.95,17.95,17.95,1000
2025-09-29,17.3,17.3,17.3,17.3,17.3,9000
2025-09-30,18.6,18.6,18.6,18.6,18.6,1000
2025-10-01,19.0,19.0,19.0,19.0,19.0,2000
2025-10-02,18.05,18.05,18.05,18.05,18.05,2000
2025-10-06,17.3,17.3,17.3,17.3,17.3,9000
2025-10-07,18.05,18.05,18.05,18.05,18.05,1000
2025-10-08,18.25,18.25,18.25,18.25,18.25,1000
2025-10-09,18.4,18.4,18.5,18.4,18.5,3000
2025-10-10,17.3,17.3,17.3,17.3,17.3,9000
2025-10-13,18.95,18.95,19.0,18.0,18.0,9000
2025-10-14,18.55,18.55,19.15,18.5,19.15,11000
2025-10-16,18.85,18.85,18.85,18.85,18.85,2000
2025-10-17,19.2,19.2,19.2,19.2,19.2,1000
2025-10-22,18.3,18.3,18.5,18.2,18.5,5000
2025-10-24,17.3,17.3,17.3,17.3,17.3,9000
2025-10-29,18.25,18.25,18.25,17.7,17.7,6000
2025-11-03,18.7,18.7,18.7,18.25,18.25,2000
2025-11-06,18.7,18.7,18.7,18.7,18.7,1000
2025-11-07,18.8,18.8,18.8,18.8,18.8,1000
2025-11-11,18.7,18.7,18.7,17.9,18.6,6000
2025-11-14,18.75,18.75,18.75,17.85,17.85,4000
2025-11-17,18.5,18.5,18.75,18.5,18.75,3000
2025-11-20,18.45,18.45,18.45,17.7,17.7,3000
2025-11-21,18.4,18.4,18.4,17.9,17.95,4000
2025-11-25,17.7,17.7,17.8,17.7,17.8,7000
2025-11-26,18.2,18.2,18.65,18.2,18.65,3000
2025-12-01,17.65,17.65,17.7,17.5,17.7,4000
2025-12-02,17.8,17.8,17.8,17.7,17.7,5000
2025-12-04,17.65,17.65,17.65,17.65,17.65,1000
2025-12-05,19.4,19.4,19.4,17.9,17.9,28000
2025-12-08,21.3,21.3,21.3,20.95,21.0,184000
2025-12-09,20.0,20.0,20.4,19.2,20.0,100000
2025-12-10,18.9,18.9,19.8,18.8,19.5,17000
2025-12-11,18.7,18.7,18.7,18.2,18.35,9000
2025-12-12,18.9,18.9,18.9,18.15,18.15,21000
2025-12-15,18.8,18.8,18.8,18.4,18.4,9000
2025-12-16,19.0,19.0,19.0,18.3,18.5,10000
2025-12-17,19.0,19.0,19.0,19.0,19.0,2000
2025-12-18,19.9,19.9,20.0,19.15,19.15,10000
2025-12-19,19.55,19.55,19.55,18.75,18.75,5000
2025-12-22,19.0,19.0,19.0,18.3,18.3,7000
2025-12-23,18.5,18.5,18.55,18.3,18.4,9000
2025-12-24,18.65,18.65,18.75,18.6,18.6,6000
2025-12-25,17.3,17.3,17.3,17.3,17.3,9000
2025-12-26,18.95,18.95,18.95,18.75,18.75,5000
2025-12-29,19.5,19.5,19.5,19.5,19.5,4000
2025-12-30,19.75,19.75,19.75,19.75,19.75,1000
2025-12-31,18.7,18.7,19.9,18.2,19.75,28000
2026-01-01,17.3,17.3,17.3,17.3,17.3,9000
2026-01-02,18.6,18.6,18.6,18.5,18.5,7000
2026-01-05,18.6,18.6,18.6,18.0,18.6,32000
2026-01-06,18.7,18.7,18.7,18.6,18.6,6000
2026-01-07,18.7,18.7,18.7,18.7,18.7,1000
2026-01-08,18.75,18.75,18.75,18.75,18.75,1000
2026-01-12,18.75,18.75,18.8,18.75,18.8,4000
2026-01-13,18.85,18.85,18.85,18.0,18.0,57000
2026-01-14,18.15,18.15,18.5,18.15,18.5,17000
2026-01-15,18.2,18.2,18.2,18.2,18.2,3000
2026-01-16,18.15,18.15,18.2,18.15,18.2,5000
2026-01-19,18.3,18.3,18.3,18.1,18.1,3000
2026-01-20,18.4,18.4,18.5,17.6,18.5,12000
2026-01-21,18.0,18.0,18.0,18.0,18.0,1000
2026-01-23,18.0,18.0,18.0,18.0,18.0,2000
2026-01-26,17.8,17.8,17.85,17.8,17.85,7000
2026-01-30,17.6,17.6,17.6,17.6,17.6,1000
2026-02-02,18.05,18.05,18.1,17.5,17.5,4000
2026-02-11,18.5,18.5,18.5,18.15,18.15,2000
2026-02-12,17.3,17.3,17.3,17.3,17.3,9000
2026-02-13,17.3,17.3,17.3,17.3,17.3,9000
2026-02-16,17.3,17.3,17.3,17.3,17.3,9000
2026-02-17,17.3,17.3,17.3,17.3,17.3,9000
2026-02-18,17.3,17.3,17.3,17.3,17.3,9000
2026-02-19,17.3,17.3,17.3,17.3,17.3,9000
2026-02-20,17.3,17.3,17.3,17.3,17.3,9000
2026-02-25,18.0,18.0,18.0,17.4,17.4,2000
2026-02-26,18.0,18.0,18.2,18.0,18.2,3000
2026-02-27,17.3,17.3,17.3,17.3,17.3,9000
2026-03-03,17.9,17.9,17.9,17.3,17.4,4000
2026-03-04,17.55,17.55,17.55,17.0,17.0,2000
2026-03-05,17.8,17.8,17.8,17.8,17.8,1000
2026-03-06,18.75,18.75,19.25,18.0,18.0,11000
2026-03-09,17.55,17.55,17.55,17.0,17.0,12000
2026-03-10,17.5,17.5,17.85,17.5,17.85,3000
2026-03-11,17.8,17.8,17.8,17.5,17.5,2000
2026-03-13,18.5,18.5,18.5,18.5,18.5,1000
2026-03-17,18.5,18.5,18.5,18.5,18.5,1000
2026-03-18,18.2,18.2,18.2,17.05,17.05,4000
2026-03-19,17.3,17.3,17.6,17.3,17.6,3000
2026-03-20,17.3,17.3,17.3,17.3,17.3,1000
2026-03-23,17.3,17.3,17.3,17.3,17.3,1000
2026-03-27,19.2,19.2,19.2,18.75,18.95,9000
2026-03-30,17.7,17.7,18.5,17.3,17.8,10000
2026-04-03,17.3,17.3,17.3,17.3,17.3,9000
2026-04-06,17.3,17.3,17.3,17.3,17.3,9000
2026-04-10,19.45,19.45,19.45,18.0,18.0,61000
2026-04-13,19.7,19.7,21.1,19.65,21.1,58000
2026-04-14,19.95,19.95,21.0,19.0,20.35,26000
2026-04-15,19.6,19.6,20.4,18.35,19.0,36000
2026-04-16,18.5,18.5,19.1,18.5,19.1,12000
2026-04-17,18.6,18.6,19.0,18.0,19.0,4000
2026-04-20,18.85,18.85,18.85,18.8,18.85,4000
2026-04-21,18.35,18.35,18.35,18.0,18.0,6000
2026-04-22,17.8,17.8,18.0,17.8,18.0,6000
2026-04-23,18.35,18.35,18.4,17.8,17.8,3000
2026-04-24,18.4,18.4,18.4,17.8,17.8,2000
2026-04-27,17.5,17.5,18.4,17.5,18.4,9000
2026-04-28,17.5,17.5,17.55,17.5,17.55,9000
2026-04-29,18.1,18.1,18.1,17.0,17.45,7000
2026-04-30,18.0,18.0,18.0,18.0,18.0,3000
2026-05-01,17.3,17.3,17.3,17.3,17.3,9000
2026-05-04,18.0,18.0,18.0,18.0,18.0,6000
2026-05-05,17.7,17.7,18.0,17.7,17.95,8000
2026-05-07,17.55,17.55,17.55,17.55,17.55,4000
2026-05-08,17.5,17.5,17.75,17.45,17.45,16000
2026-05-12,17.5,17.5,17.5,17.5,17.5,9000
2026-05-13,17.5,17.5,17.5,17.5,17.5,3000
2026-05-14,17.25,17.25,17.5,17.25,17.5,5000
2026-05-15,17.3,17.3,17.3,17.25,17.25,13000
2026-05-18,17.3,17.3,17.3,17.3,17.3,1000
2026-05-19,17.3,17.3,17.35,17.3,17.35,9000
2026-05-20,17.3,17.3,17.3,17.3,17.3,8000
2026-05-21,17.5,17.5,17.5,17.5,17.5,1000
2026-05-22,17.25,17.25,17.25,17.1,17.1,6000
2026-05-25,18.45,18.45,18.45,17.25,17.35,17000
2026-05-26,18.15,18.15,18.3,18.15,18.3,6000
2026-05-27,18.5,18.5,18.5,18.45,18.45,35000
2026-05-28,18.8,18.8,19.4,18.8,18.85,17000
2026-05-29,19.5,19.5,19.5,18.8,18.8,13000
2026-06-01,19.5,19.5,19.5,19.3,19.5,24000
2026-06-02,19.3,19.3,19.5,19.3,19.5,2000
2026-06-03,19.3,19.3,19.35,18.2,18.2,8000
2026-06-04,19.3,19.3,19.3,18.75,19.3,7000
2026-06-05,19.65,19.65,19.65,19.65,19.65,4000
2026-06-08,18.6,18.6,19.65,18.45,19.0,4000
2026-06-09,18.65,18.65,18.65,18.6,18.6,6000
2026-06-10,18.95,18.95,18.95,18.65,18.65,3000
2026-06-11,19.5,19.5,19.5,18.9,18.9,4000
2026-06-12,19.0,19.0,19.0,19.0,19.0,2000
2026-06-15,19.0,19.0,19.0,19.0,19.0,15000
2026-06-16,19.0,19.0,19.0,19.0,19.0,5000
2026-06-18,19.5,19.5,19.5,19.5,19.5,1000
2026-06-19,17.3,17.3,17.3,17.3,17.3,9000
2026-06-22,19.05,19.05,19.05,19.0,19.0,7000
2026-06-23,18.55,18.55,19.05,18.55,18.6,4000
2026-06-24,18.4,18.4,19.15,18.4,18.55,7000
2026-06-25,18.7,18.7,18.7,18.7,18.7,2000
2026-06-26,18.9,18.9,18.9,18.8,18.8,2000
2026-06-30,18.5,18.5,19.0,18.5,18.9,5000
2026-07-02,19.0,19.0,19.0,17.9,17.9,4000
2026-07-03,18.95,18.95,18.95,18.95,18.95,2000
2026-07-06,18.95,18.95,18.95,18.95,18.95,5000
2026-07-08,18.5,18.5,18.8,17.8,17.8,3000
2026-07-09,18.5,18.5,18.5,18.5,18.5,2000
2026-07-10,17.3,17.3,17.3,17.3,17.3,9000
2026-07-14,18.0,18.0,18.0,18.0,18.0,10000
2026-07-17,18.0,18.0,18.0,18.0,18.0,1000
2026-07-20,18.0,18.0,18.0,18.0,18.0,28000
2026-07-21,18.0,18.0,18.0,18.0,18.0,6000
2026-07-22,18.0,18.0,18.0,18.0,18.0,21000
2026-07-23,18.0,18.0,18.0,18.0,18.0,12000
2026-07-31,17.95,17.95,17.95,17.95,17.95,3000
2026-08-04,18.55,18.55,18.55,18.55,18.55,1000
2026-08-05,18.1,18.1,18.1,18.1,18.1,1000
2026-08-06,18.15,18.15,18.15,18.15,18.15,1000
2026-08-10,18.0,18.0,18.0,18.0,18.0,2000
2026-08-11,17.95,17.95,17.95,17.95,17.95,1000
2026-08-12,17.95,17.95,17.95,17.95,17.95,1000
2026-08-14,17.4,17.4,17.4,17.4,17.4,1000
2026-08-17,17.2,17.2,17.5,17.2,17.5,7000
2026-08-18,17.1,17.1,17.1,17.1,17.1,1000
2026-08-19,17.1,17.1,17.1,17.1,17.1,1000
2026-08-21,17.3,17.3,17.3,17.3,17.3,9000
2026-08-24,17.4,17.4,17.4,16.5,16.5,7010
2026-08-25,16.9,16.9,17.2,16.65,17.2,13100
2026-08-26,17.3,17.3,17.3,17.3,17.3,1691
2026-08-28,18.0,18.0,18.0,18.0,18.0,1000
2026-08-31,18.3,18.3,18.3,18.3,18.3,1134
