Date,Adj Close,Close,High,Low,Open,Volume
2016-08-12,22.05,22.05,22.3,21.45,21.45,166625
2016-08-15,22.15,22.15,22.55,22.05,22.4,46000
2016-08-16,22.15,22.15,22.2,22.15,22.15,44000
2016-08-17,22.55,22.55,22.55,21.35,21.95,78000
2016-08-18,22.1,22.1,22.4,22.0,22.05,49000
2016-08-19,21.6,21.6,22.05,21.55,22.05,75014
2016-08-22,21.35,21.35,21.6,21.3,21.6,37000
2016-08-23,21.8,21.8,22.35,21.5,21.6,28000
2016-08-24,21.6,21.6,21.85,21.6,21.6,31000
2016-08-25,21.55,21.55,21.75,21.5,21.6,53201
2016-08-26,21.5,21.5,21.75,21.5,21.75,64100
2016-08-29,21.6,21.6,22.05,21.6,21.6,54044
2016-08-30,22.0,22.0,22.25,21.7,21.9,64000
2016-08-31,21.6,21.6,22.0,21.6,22.0,52200
2016-09-01,21.6,21.6,21.6,21.55,21.6,32010
2016-09-02,21.5,21.5,22.0,21.5,22.0,66005
2016-09-05,21.6,21.6,21.85,21.5,21.5,56004
2016-09-06,21.9,21.9,22.0,21.85,21.95,35005
2016-09-07,22.1,22.1,22.2,21.9,22.0,75004
2016-09-08,22.0,22.0,22.3,21.9,22.1,67001
2016-09-09,22.2,22.2,22.3,21.9,22.0,55021
2016-09-12,21.95,21.95,21.95,21.6,21.6,40815
2016-09-13,21.7,21.7,22.3,21.7,21.75,60312
2016-09-14,21.75,21.75,22.0,21.7,22.0,57000
2016-09-19,22.1,22.1,22.2,21.8,21.8,64100
2016-09-20,21.8,21.8,22.1,21.8,22.1,56000
2016-09-21,22.45,22.45,22.6,21.65,21.65,158050
2016-09-22,22.1,22.1,22.7,22.1,22.7,64001
2016-09-23,22.4,22.4,22.4,22.2,22.2,112001
2016-09-26,22.0,22.0,22.3,22.0,22.25,54050
2016-09-29,22.25,22.25,22.35,21.85,22.05,43197
2016-09-30,22.2,22.2,22.2,21.7,22.2,92002
2016-10-03,22.0,22.0,22.2,21.9,22.2,32075
2016-10-04,21.75,21.75,22.0,21.7,21.8,54002
2016-10-05,21.65,21.65,21.9,21.55,21.75,77001
2016-10-06,21.7,21.7,21.8,21.5,21.5,84001
2016-10-07,21.65,21.65,21.65,21.4,21.6,72099
2016-10-11,21.15,21.15,21.8,21.1,21.7,100149
2016-10-12,21.2,21.2,21.3,20.8,21.15,51845
2016-10-13,20.95,20.95,21.0,20.6,21.0,36100
2016-10-14,20.75,20.75,21.0,19.3,21.0,110001
2016-10-17,20.75,20.75,20.8,20.4,20.55,47010
2016-10-18,20.2,20.2,20.75,20.0,20.5,61000
2016-10-19,20.3,20.3,20.75,20.1,20.2,214102
2016-10-20,20.4,20.4,20.5,20.3,20.3,54025
2016-10-21,20.2,20.2,20.6,20.2,20.35,39283
2016-10-24,20.5,20.5,20.55,20.2,20.2,41000
2016-10-25,20.4,20.4,20.5,20.3,20.3,43491
2016-10-26,20.7,20.7,21.35,20.3,20.35,120000
2016-10-27,20.6,20.6,20.9,20.5,20.65,50000
2016-10-28,20.6,20.6,20.85,20.4,20.6,67666
2016-10-31,20.75,20.75,21.2,20.45,20.45,45064
2016-11-01,20.65,20.65,21.1,20.6,20.6,36005
2016-11-02,20.4,20.4,21.0,20.3,20.65,57003
2016-11-03,20.3,20.3,20.55,20.25,20.5,46002
2016-11-04,20.2,20.2,20.3,20.2,20.2,25130
2016-11-07,20.0,20.0,20.5,20.0,20.2,56006
2016-11-08,19.95,19.95,20.3,19.7,20.15,76201
2016-11-09,19.05,19.05,20.0,19.0,19.9,121500
2016-11-10,19.8,19.8,19.8,19.35,19.35,42001
2016-11-11,20.2,20.2,20.2,19.6,20.15,52201
2016-11-14,19.5,19.5,19.8,19.5,19.8,40008
2016-11-15,19.0,19.0,19.7,19.0,19.5,123004
2016-11-16,19.25,19.25,19.25,19.0,19.2,109002
2016-11-17,19.2,19.2,19.3,19.1,19.2,55002
2016-11-18,19.35,19.35,19.6,19.2,19.2,165200
2016-11-21,19.4,19.4,19.5,19.4,19.45,37011
2016-11-22,19.2,19.2,19.5,19.1,19.3,39001
2016-11-23,19.3,19.3,19.55,19.2,19.25,75002
2016-11-24,19.25,19.25,19.55,19.25,19.4,56011
2016-11-25,19.25,19.25,19.55,19.25,19.4,46003
2016-11-28,19.1,19.1,19.45,19.0,19.45,38200
2016-11-29,19.35,19.35,19.35,19.1,19.2,46144
2016-11-30,19.2,19.2,19.4,19.2,19.4,32002
2016-12-01,19.85,19.85,19.9,19.35,19.55,99000
2016-12-02,19.45,19.45,19.85,19.45,19.85,60167
2016-12-05,19.75,19.75,20.0,19.5,19.55,106001
2016-12-06,19.7,19.7,20.0,19.7,19.9,34000
2016-12-07,19.7,19.7,19.75,19.7,19.7,29107
2016-12-08,19.8,19.8,19.9,19.55,19.9,19102
2016-12-09,19.6,19.6,19.7,19.5,19.5,16100
2016-12-12,19.55,19.55,19.55,19.25,19.55,51005
2016-12-13,19.35,19.35,19.5,19.35,19.5,30001
2016-12-14,19.35,19.35,19.5,19.3,19.4,19024
2016-12-15,19.55,19.55,19.85,19.3,19.35,60764
2016-12-16,19.25,19.25,19.75,19.2,19.6,42003
2016-12-19,19.3,19.3,19.65,19.25,19.25,103006
2016-12-20,19.6,19.6,19.6,19.35,19.6,31002
2016-12-21,19.7,19.7,19.85,19.6,19.75,113003
2016-12-22,21.65,21.65,21.65,20.95,20.95,428535
2016-12-23,23.15,23.15,23.6,22.3,22.3,3634612
2016-12-26,23.0,23.0,23.8,22.2,22.7,1515000
2016-12-27,23.4,23.4,23.5,22.9,23.0,650212
2016-12-28,23.15,23.15,24.2,23.0,23.9,950107
2016-12-29,23.5,23.5,23.9,22.6,22.6,594992
2016-12-30,23.5,23.5,23.8,23.1,23.6,596002
2017-01-03,23.3,23.3,23.8,23.3,23.5,303020
2017-01-04,23.0,23.0,23.55,22.7,23.3,351000
2017-01-05,22.75,22.75,23.15,22.55,22.8,337020
2017-01-06,22.8,22.8,22.95,22.65,22.95,177658
2017-01-09,23.15,23.15,23.55,22.7,22.7,697011
2017-01-10,22.7,22.7,23.2,22.7,23.2,170049
2017-01-11,22.1,22.1,22.85,22.05,22.85,213034
2017-01-12,22.0,22.0,22.3,21.8,22.3,136018
2017-01-13,21.7,21.7,22.0,21.6,22.0,120022
2017-01-16,21.55,21.55,21.8,21.5,21.7,71023
2017-01-17,21.85,21.85,22.45,21.5,21.5,166167
2017-01-18,22.1,22.1,22.2,21.8,22.2,100010
2017-01-19,21.7,21.7,22.35,21.7,22.35,71100
2017-01-20,21.35,21.35,21.7,21.2,21.7,105010
2017-01-23,21.35,21.35,21.4,21.2,21.4,77013
2017-01-24,21.5,21.5,21.6,21.35,21.35,69500
2017-02-02,21.3,21.3,21.55,21.25,21.55,44026
2017-02-03,21.25,21.25,21.7,21.05,21.3,86020
2017-02-06,21.8,21.8,21.9,21.35,21.35,138030
2017-02-07,21.55,21.55,21.7,21.5,21.7,58500
2017-02-08,21.6,21.6,21.8,21.5,21.6,185100
2017-02-09,21.7,21.7,22.05,21.65,21.65,128030
2017-02-10,23.85,23.85,23.85,22.6,23.0,1667029
2017-02-13,25.95,25.95,26.0,24.5,24.5,2680682
2017-02-14,25.3,25.3,26.4,25.1,26.4,1065289
2017-02-15,24.7,24.7,25.45,24.5,25.1,640536
2017-02-16,25.45,25.45,25.8,24.9,24.95,641466
2017-02-17,24.8,24.8,25.7,24.5,25.7,482553
2017-02-20,24.05,24.05,24.65,24.05,24.55,582029
2017-02-21,23.85,23.85,24.5,23.7,23.9,218138
2017-02-22,24.0,24.0,24.2,23.9,24.05,157873
2017-02-23,23.95,23.95,24.15,23.95,24.0,154862
2017-02-24,23.65,23.65,24.0,23.6,23.95,210104
2017-03-01,23.8,23.8,24.0,23.5,23.7,137800
2017-03-02,23.65,23.65,24.0,23.6,24.0,100153
2017-03-03,23.8,23.8,23.9,23.65,23.8,95253
2017-03-06,24.5,24.5,24.5,24.1,24.15,299100
2017-03-07,24.55,24.55,25.2,24.5,24.8,397201
2017-03-08,24.25,24.25,24.75,24.1,24.55,147075
2017-03-09,24.05,24.05,24.5,23.9,24.5,128045
2017-03-10,23.2,23.2,23.9,23.0,23.8,234728
2017-03-13,23.0,23.0,23.35,22.7,23.1,116124
2017-03-14,22.85,22.85,23.1,22.8,22.8,89091
2017-03-15,23.5,23.5,23.85,22.9,23.1,182109
2017-03-16,23.55,23.55,23.8,23.15,23.8,100043
2017-03-17,23.4,23.4,23.75,23.25,23.55,77047
2017-03-20,23.1,23.1,23.65,23.0,23.65,105262
2017-03-21,22.8,22.8,23.3,22.8,23.2,164021
2017-03-22,22.75,22.75,23.0,22.7,22.8,153043
2017-03-23,23.2,23.2,23.65,22.8,22.8,258028
2017-03-24,23.45,23.45,23.8,23.2,23.2,144525
2017-03-27,23.2,23.2,23.75,23.2,23.5,71442
2017-03-28,22.4,22.4,23.55,22.25,23.2,189894
2017-03-29,22.2,22.2,22.75,22.0,22.6,105473
2017-03-30,22.0,22.0,22.4,22.0,22.2,152700
2017-03-31,21.3,21.3,21.95,21.15,21.9,349425
2017-04-05,21.2,21.2,21.4,20.9,21.4,205150
2017-04-06,21.05,21.05,21.2,20.9,21.2,94500
2017-04-07,21.4,21.4,21.4,21.05,21.05,84019
2017-04-10,21.4,21.4,21.6,21.3,21.6,110100
2017-04-11,21.2,21.2,21.75,21.15,21.55,186500
2017-04-12,21.3,21.3,21.45,21.2,21.45,77021
2017-04-13,21.55,21.55,21.75,21.25,21.4,119470
2017-04-14,20.85,20.85,21.55,20.6,21.55,177016
2017-04-17,22.1,22.1,22.9,21.65,22.15,575100
2017-04-18,22.0,22.0,22.3,21.9,22.05,145139
2017-04-19,21.75,21.75,22.0,21.75,22.0,44030
2017-04-21,21.35,21.35,21.6,21.3,21.4,73053
2017-04-24,21.2,21.2,21.3,21.0,21.3,72094
2017-04-25,21.2,21.2,21.35,21.1,21.35,92016
2017-04-26,22.9,22.9,23.3,21.0,21.15,412700
2017-04-27,21.9,21.9,22.95,21.7,22.95,433319
2017-04-28,22.1,22.1,22.2,21.9,21.9,117005
2017-05-02,22.0,22.0,22.25,21.95,22.1,52107
2017-05-03,21.75,21.75,22.05,21.6,21.9,43009
2017-05-04,21.75,21.75,21.85,21.6,21.6,23112
2017-05-05,21.7,21.7,21.8,21.35,21.8,87549
2017-05-08,21.35,21.35,21.6,21.3,21.6,103006
2017-05-09,21.2,21.2,21.5,21.05,21.3,93003
2017-05-10,21.0,21.0,21.25,21.0,21.2,107200
2017-05-11,21.05,21.05,21.15,21.0,21.0,42100
2017-05-12,21.25,21.25,21.55,21.2,21.2,70004
2017-05-15,22.05,22.05,22.5,21.3,21.3,331222
2017-05-16,22.2,22.2,22.45,22.05,22.3,320001
2017-05-17,21.8,21.8,22.1,21.7,22.1,90003
2017-05-18,21.8,21.8,21.95,21.65,21.7,62101
2017-05-19,21.6,21.6,22.0,21.6,21.75,55010
2017-05-22,21.4,21.4,21.65,21.35,21.6,88001
2017-05-23,21.6,21.6,21.75,21.5,21.7,59000
2017-05-24,21.8,21.8,21.85,21.45,21.5,38001
2017-05-25,21.9,21.9,22.2,21.8,21.8,139126
2017-05-26,21.7,21.7,21.8,21.65,21.65,27001
2017-05-31,21.7,21.7,22.0,21.7,22.0,49000
2017-06-01,21.8,21.8,22.15,21.8,22.0,103737
2017-06-02,21.9,21.9,22.0,21.75,21.9,42547
2017-06-05,22.1,22.1,22.1,21.85,22.05,81000
2017-06-06,22.1,22.1,22.2,22.0,22.1,66000
2017-06-07,22.2,22.2,23.1,22.2,22.2,275003
2017-06-08,22.6,22.6,22.6,22.0,22.2,297003
2017-06-09,22.35,22.35,22.7,22.3,22.7,274004
2017-06-12,22.2,22.2,22.4,22.05,22.4,73065
2017-06-13,22.05,22.05,22.35,22.05,22.2,37196
2017-06-14,21.7,21.7,22.15,21.7,22.15,155200
2017-06-15,21.6,21.6,21.8,21.5,21.8,47000
2017-06-16,21.55,21.55,21.7,21.45,21.5,28002
2017-06-19,21.5,21.5,21.5,21.4,21.4,82014
2017-06-20,21.4,21.4,21.65,21.4,21.45,32000
2017-06-21,21.7,21.7,21.7,21.4,21.4,41000
2017-06-22,21.95,21.95,22.3,21.5,21.5,143101
2017-06-23,21.9,21.9,22.1,21.8,22.0,236001
2017-06-26,22.05,22.05,22.5,22.0,22.0,120501
2017-06-27,21.65,21.65,22.1,21.6,22.1,75501
2017-06-28,21.4,21.4,21.6,21.35,21.6,76006
2017-06-29,21.4,21.4,21.55,21.4,21.5,50000
2017-06-30,21.25,21.25,21.45,21.2,21.4,61001
2017-07-03,21.4,21.4,21.45,21.3,21.3,42000
2017-07-04,21.3,21.3,21.5,21.0,21.4,111000
2017-07-05,21.3,21.3,21.3,21.15,21.15,31993
2017-07-06,21.4,21.4,21.5,21.35,21.5,36002
2017-07-07,21.1,21.1,21.35,21.1,21.35,13500
2017-07-10,21.25,21.25,21.4,21.1,21.1,42000
2017-07-11,21.2,21.2,21.25,21.05,21.05,28001
2017-07-12,21.2,21.2,21.2,21.1,21.1,16001
2017-07-13,21.2,21.2,21.45,21.2,21.2,14122
2017-07-14,21.35,21.35,21.6,21.2,21.2,61100
2017-07-17,21.2,21.2,21.75,21.1,21.3,75500
2017-07-18,21.2,21.2,21.7,21.2,21.6,65000
2017-07-19,21.4,21.4,21.6,21.25,21.25,31001
2017-07-20,21.1,21.1,21.5,21.05,21.45,51002
2017-07-21,21.3,21.3,21.4,21.05,21.15,98199
2017-07-24,21.3,21.3,21.4,21.2,21.3,72101
2017-07-25,21.2,21.2,21.45,21.2,21.2,24002
2017-07-26,21.1,21.1,21.35,21.05,21.2,56001
2017-07-27,21.0,21.0,21.25,20.95,21.2,152001
2017-07-28,21.1,21.1,21.15,21.0,21.0,41004
2017-07-31,21.2,21.2,21.4,21.05,21.4,38001
2017-08-01,21.0,21.0,21.2,21.0,21.2,79354
2017-08-02,20.7,20.7,21.0,20.6,20.9,124030
2017-08-03,20.7,20.7,20.9,20.6,20.65,57002
2017-08-04,20.7,20.7,20.8,20.5,20.7,98100
2017-08-07,20.5,20.5,20.85,20.5,20.7,124114
2017-08-08,20.2,20.2,20.8,20.2,20.5,131000
2017-08-09,20.4,20.4,20.45,20.1,20.45,29600
2017-08-10,20.25,20.25,20.55,20.2,20.5,49001
2017-08-11,20.3,20.3,20.35,19.9,20.0,86100
2017-08-14,20.1,20.1,20.8,20.0,20.3,129000
2017-08-15,20.0,20.0,20.2,20.0,20.1,96002
2017-08-16,20.05,20.05,20.2,20.0,20.1,15002
2017-08-17,20.4,20.4,20.4,20.0,20.05,76100
2017-08-18,20.25,20.25,20.6,20.1,20.45,77001
2017-08-21,20.2,20.2,20.3,20.1,20.3,39999
2017-08-22,20.25,20.25,20.3,20.15,20.2,49035
2017-08-23,20.25,20.25,20.45,20.25,20.4,44000
2017-08-24,20.25,20.25,20.45,20.1,20.25,44000
2017-08-25,20.5,20.5,20.8,20.2,20.2,154200
2017-08-28,20.3,20.3,20.7,20.3,20.7,96595
2017-08-29,20.3,20.3,20.4,20.2,20.3,60001
2017-08-30,20.5,20.5,20.75,20.4,20.45,221100
2017-08-31,21.05,21.05,21.3,20.6,20.8,300401
2017-09-01,21.1,21.1,21.2,21.05,21.2,85224
2017-09-04,20.8,20.8,21.3,20.8,21.15,190101
2017-09-05,21.05,21.05,21.2,20.9,21.2,60301
2017-09-06,21.1,21.1,21.3,21.0,21.05,75351
2017-09-07,23.2,23.2,23.2,21.1,21.1,1493723
2017-09-08,25.5,25.5,25.5,25.0,25.5,2218119
2017-09-11,26.5,26.5,27.5,24.6,25.4,4323243
2017-09-12,25.5,25.5,26.4,25.15,26.3,1238030
2017-09-13,25.15,25.15,26.1,24.9,25.7,807836
2017-09-14,24.65,24.65,25.7,24.6,25.45,659525
2017-09-15,24.2,24.2,24.95,24.2,24.8,473708
2017-09-18,25.1,25.1,25.45,24.25,24.45,1100181
2017-09-19,24.8,24.8,25.8,24.6,25.4,705001
2017-09-20,24.2,24.2,24.8,23.8,24.8,238057
2017-09-21,24.2,24.2,24.6,23.9,24.1,561100
2017-09-22,23.85,23.85,24.25,23.85,24.2,208002
2017-09-25,23.45,23.45,24.0,23.35,24.0,252001
2017-09-26,23.5,23.5,23.9,23.5,23.8,137000
2017-09-27,23.7,23.7,23.95,23.65,23.75,102400
2017-09-28,23.55,23.55,24.15,23.5,23.95,84179
2017-09-29,23.3,23.3,23.75,23.2,23.6,79470
2017-10-02,24.0,24.0,24.0,23.55,23.95,190000
2017-10-03,23.9,23.9,24.0,23.8,24.0,85300
2017-10-05,23.4,23.4,23.9,23.4,23.9,147000
2017-10-06,23.4,23.4,23.8,23.35,23.8,97000
2017-10-11,23.4,23.4,23.6,23.4,23.5,91095
2017-10-12,25.7,25.7,25.7,24.0,24.2,482501
2017-10-13,26.0,26.0,27.0,25.9,25.9,1821651
2017-10-16,25.5,25.5,26.15,25.2,26.0,387349
2017-10-17,24.6,24.6,25.5,24.6,25.5,334200
2017-10-18,24.7,24.7,24.95,24.4,24.4,183100
2017-10-19,24.55,24.55,24.8,24.5,24.8,85056
2017-10-20,24.05,24.05,24.3,23.9,24.3,177106
2017-10-23,24.0,24.0,24.1,23.9,24.05,132101
2017-10-24,24.55,24.55,25.35,24.3,24.3,351200
2017-10-25,25.0,25.0,25.0,24.6,25.0,181977
2017-10-26,24.85,24.85,25.2,24.7,24.9,188552
2017-10-27,24.25,24.25,25.15,24.1,25.0,121201
2017-10-30,24.4,24.4,24.65,24.25,24.65,71459
2017-10-31,24.15,24.15,24.4,24.1,24.4,65178
2017-11-01,24.15,24.15,24.45,24.1,24.45,87005
2017-11-02,24.3,24.3,24.4,24.0,24.15,268003
2017-11-03,24.2,24.2,24.3,24.05,24.1,71201
2017-11-06,24.35,24.35,24.35,24.0,24.3,111004
2017-11-07,24.8,24.8,25.25,24.2,24.25,322001
2017-11-08,24.65,24.65,25.2,24.55,25.2,133100
2017-11-09,24.0,24.0,24.8,23.65,24.55,152396
2017-11-10,24.05,24.05,24.2,23.5,24.0,68294
2017-11-13,23.8,23.8,24.1,23.8,24.1,118477
2017-11-14,23.35,23.35,23.95,23.15,23.8,272005
2017-11-15,23.55,23.55,23.85,23.2,23.35,105000
2017-11-16,23.55,23.55,23.7,23.5,23.55,47002
2017-11-17,23.65,23.65,23.9,23.55,23.9,45873
2017-11-20,24.05,24.05,24.15,23.65,23.8,214283
2017-11-21,24.5,24.5,25.95,24.15,24.3,993002
2017-11-22,24.3,24.3,24.8,24.3,24.4,288004
2017-11-23,24.5,24.5,24.5,24.05,24.35,114100
2017-11-24,24.75,24.75,24.8,24.55,24.6,124092
2017-11-27,24.8,24.8,25.1,24.6,24.8,183000
2017-11-28,24.7,24.7,25.15,24.7,25.0,112020
2017-11-29,24.7,24.7,25.15,24.5,25.15,123150
2017-11-30,24.35,24.35,24.65,24.3,24.55,76531
2017-12-01,23.85,23.85,24.4,23.65,24.4,273596
2017-12-04,24.05,24.05,24.05,23.8,23.8,54600
2017-12-05,23.65,23.65,24.25,23.65,24.1,99200
2017-12-06,22.65,22.65,23.65,22.6,23.55,253020
2017-12-07,22.7,22.7,22.95,22.65,22.7,75004
2017-12-08,22.85,22.85,23.4,22.85,22.9,73500
2017-12-11,22.5,22.5,22.75,22.05,22.5,413008
2017-12-12,23.0,23.0,23.1,22.55,22.6,141018
2017-12-13,22.95,22.95,23.55,22.75,23.3,99001
2017-12-14,23.0,23.0,23.35,22.9,23.35,115600
2017-12-15,22.95,22.95,23.0,22.8,23.0,104001
2017-12-18,22.95,22.95,23.3,22.2,23.3,81203
2017-12-19,22.65,22.65,22.8,22.6,22.8,66003
2017-12-20,22.8,22.8,22.85,22.4,22.4,36020
2017-12-21,22.65,22.65,23.0,22.65,22.9,59001
2017-12-22,22.65,22.65,23.1,22.55,22.65,106001
2017-12-25,22.8,22.8,22.9,22.75,22.75,79093
2017-12-26,22.95,22.95,23.0,22.9,22.95,73003
2017-12-27,23.1,23.1,23.45,22.95,22.95,102002
2017-12-28,22.75,22.75,23.0,22.6,23.0,96004
2017-12-29,23.0,23.0,23.0,22.6,22.6,67018
2018-01-02,22.75,22.75,23.0,22.65,23.0,84005
2018-01-03,23.05,23.05,23.2,22.75,22.75,95002
2018-01-04,23.1,23.1,23.3,23.05,23.05,87001
2018-01-05,23.1,23.1,23.4,23.1,23.4,80008
2018-01-08,23.0,23.0,23.25,23.0,23.15,60500
2018-01-09,22.95,22.95,23.1,22.9,23.0,116000
2018-01-10,23.5,23.5,23.6,23.05,23.1,172973
2018-01-11,23.35,23.35,23.5,23.3,23.5,131003
2018-01-12,23.9,23.9,23.95,23.6,23.85,116006
2018-01-15,26.25,26.25,26.25,24.05,24.05,2177818
2018-01-16,27.6,27.6,28.7,25.9,26.0,6247428
2018-01-17,27.2,27.2,27.2,26.55,27.05,1215370
2018-01-18,26.9,26.9,27.5,26.6,27.35,699003
2018-01-19,27.3,27.3,28.5,26.9,27.3,1972211
2018-01-22,26.7,26.7,28.0,26.7,27.3,783206
2018-01-23,26.2,26.2,27.3,26.15,27.3,539495
2018-01-24,25.7,25.7,26.05,25.6,26.05,368301
2018-01-25,25.9,25.9,26.4,25.7,25.75,262205
2018-01-26,26.15,26.15,26.4,25.5,26.0,209100
2018-01-29,25.7,25.7,26.4,25.6,26.3,219436
2018-01-30,25.1,25.1,25.7,24.9,25.7,263335
2018-01-31,24.3,24.3,24.8,24.0,24.8,257589
2018-02-01,24.55,24.55,25.0,24.35,24.35,201002
2018-02-02,25.1,25.1,25.6,24.5,24.55,227450
2018-02-05,25.35,25.35,25.6,24.0,24.9,154005
2018-02-06,23.8,23.8,25.0,23.0,24.9,432247
2018-02-07,23.8,23.8,24.6,23.7,23.95,127181
2018-02-08,23.8,23.8,23.8,23.5,23.65,56014
2018-02-09,23.9,23.9,24.0,22.65,22.65,108001
2018-02-12,23.8,23.8,24.65,23.8,24.0,113054
2018-02-21,24.2,24.2,24.8,24.0,24.7,74615
2018-02-22,24.4,24.4,24.5,24.1,24.1,55201
2018-02-23,24.3,24.3,24.6,24.1,24.6,77107
2018-02-26,23.95,23.95,24.3,23.9,24.2,144800
2018-02-27,24.05,24.05,24.4,24.0,24.0,82100
2018-03-01,23.9,23.9,24.05,23.8,24.05,69010
2018-03-02,23.95,23.95,23.95,23.8,23.9,36027
2018-03-05,23.55,23.55,24.0,23.5,23.7,128100
2018-03-06,23.55,23.55,23.8,23.5,23.5,142016
2018-03-07,25.9,25.9,25.9,24.0,24.4,1184716
2018-03-08,25.0,25.0,27.0,25.0,27.0,1298231
2018-03-09,24.55,24.55,25.35,24.55,25.35,282000
2018-03-12,24.8,24.8,25.3,24.55,25.0,268334
2018-03-13,24.9,24.9,25.15,24.75,24.95,102100
2018-03-14,25.25,25.25,25.4,24.8,24.95,228390
2018-03-15,25.6,25.6,25.95,25.45,25.45,306302
2018-03-16,25.45,25.45,25.8,25.25,25.75,187010
2018-03-19,25.55,25.55,26.6,25.55,25.85,482200
2018-03-20,25.85,25.85,26.2,25.55,25.55,263124
2018-03-21,25.8,25.8,26.3,25.8,26.0,412013
2018-03-22,24.95,24.95,25.8,24.75,25.8,224012
2018-03-23,24.45,24.45,24.7,23.75,23.8,240269
2018-03-26,25.15,25.15,25.6,24.3,24.3,273009
2018-03-27,26.6,26.6,27.65,25.0,25.45,5107141
2018-03-28,26.95,26.95,27.4,26.25,26.5,1524611
2018-03-29,26.25,26.25,27.3,26.2,27.3,808200
2018-03-30,25.6,25.6,26.5,25.2,26.5,824735
2018-04-02,26.1,26.1,26.55,26.05,26.55,303165
2018-04-03,26.7,26.7,26.7,25.7,26.1,665869
2018-04-09,29.35,29.35,29.35,27.0,27.7,5192176
2018-04-10,27.25,27.25,30.75,27.25,30.5,3975707
2018-04-11,27.25,27.25,27.75,26.3,27.5,1107015
2018-04-12,26.75,26.75,27.6,26.75,27.3,801027
2018-04-13,26.3,26.3,27.2,26.2,27.2,590266
2018-04-16,26.3,26.3,26.9,26.3,26.3,447423
2018-04-17,25.45,25.45,26.35,25.45,26.35,387260
2018-04-18,26.15,26.15,26.3,25.45,25.45,353100
2018-04-19,26.8,26.8,27.3,26.25,26.25,940000
2018-04-20,26.65,26.65,27.0,26.55,27.0,265000
2018-04-23,27.3,27.3,28.0,26.95,27.45,1491048
2018-04-24,29.0,29.0,29.6,27.3,27.4,3868310
2018-04-25,27.9,27.9,30.2,27.9,28.5,3402249
2018-04-26,26.45,26.45,29.2,26.1,27.9,1417051
2018-04-27,26.9,26.9,27.5,26.55,27.4,382004
2018-04-30,27.1,27.1,28.0,26.85,27.3,385102
2018-05-02,27.2,27.2,27.9,27.2,27.25,297011
2018-05-03,27.0,27.0,27.7,26.9,27.2,285005
2018-05-04,26.15,26.15,27.0,26.05,26.95,490035
2018-05-07,26.4,26.4,26.85,26.2,26.6,325152
2018-05-08,26.45,26.45,26.8,26.1,26.1,253203
2018-05-09,26.65,26.65,27.0,26.5,26.5,297101
2018-05-10,27.6,27.6,27.75,26.7,26.7,645398
2018-05-11,27.5,27.5,27.9,27.2,27.65,424004
2018-05-14,28.55,28.55,28.55,27.55,28.0,903027
2018-05-15,28.8,28.8,29.4,28.1,28.7,956712
2018-05-16,31.65,31.65,31.65,29.2,29.25,4144915
2018-05-17,30.85,30.85,33.0,30.05,32.55,6223950
2018-05-18,33.5,33.5,33.8,30.4,30.4,4061280
2018-05-21,33.65,33.65,34.9,32.0,32.05,4945351
2018-05-22,33.0,33.0,34.55,32.5,33.3,2661303
2018-05-23,32.75,32.75,33.45,32.4,32.5,960414
2018-05-24,32.95,32.95,34.8,32.75,34.0,1786721
2018-05-25,32.6,32.6,33.15,32.1,32.95,1015650
2018-05-28,32.8,32.8,33.6,32.6,33.45,1040300
2018-05-29,29.65,29.65,33.1,29.55,32.8,3360008
2018-05-30,30.65,30.65,31.05,28.0,29.6,1392611
2018-05-31,31.1,31.1,31.35,29.6,30.8,853814
2018-06-01,32.2,32.2,32.5,30.6,31.1,911130
2018-06-04,33.0,33.0,33.45,32.5,32.7,1075004
2018-06-05,33.4,33.4,33.85,32.85,33.0,844164
2018-06-06,35.8,35.8,35.8,33.65,33.65,2756382
2018-06-07,35.2,35.2,35.8,34.4,35.8,1595584
2018-06-11,33.55,33.55,36.6,33.3,36.6,2704809
2018-06-12,33.85,33.85,34.0,32.85,34.0,920402
2018-06-13,33.1,33.1,34.35,33.05,33.85,429011
2018-06-14,32.85,32.85,33.4,32.5,33.3,232045
2018-06-15,32.35,32.35,32.8,31.85,32.8,527140
2018-06-19,33.25,33.25,34.7,31.8,31.8,753155
2018-06-20,32.85,32.85,34.2,32.6,33.35,349155
2018-06-21,32.7,32.7,33.3,32.6,33.0,222001
2018-06-22,32.55,32.55,32.8,32.5,32.5,178093
2018-06-25,31.95,31.95,32.45,31.85,32.45,338161
2018-06-26,30.85,30.85,31.5,30.25,31.3,189003
2018-06-27,30.15,30.15,31.1,30.15,31.0,462285
2018-06-28,30.5,30.5,31.2,30.0,30.0,162300
2018-06-29,30.8,30.8,31.2,30.5,30.5,118100
2018-07-02,30.6,30.6,31.1,30.5,30.8,99001
2018-07-03,30.2,30.2,30.9,29.9,30.6,191080
2018-07-04,30.15,30.15,30.65,30.0,30.0,70001
2018-07-05,30.05,30.05,30.45,30.0,30.0,128100
2018-07-06,29.4,29.4,30.5,28.7,30.05,262300
2018-07-09,29.95,29.95,30.3,29.5,29.85,162173
2018-07-10,29.6,29.6,30.05,29.2,30.05,81300
2018-07-11,29.25,29.25,29.6,29.1,29.3,82173
2018-07-12,29.45,29.45,30.0,29.3,29.3,99000
2018-07-13,30.4,30.4,30.4,29.6,29.6,101100
2018-07-16,31.8,31.8,31.8,30.95,30.95,215199
2018-07-17,31.0,31.0,32.4,30.8,32.4,221001
2018-07-18,30.6,30.6,31.0,30.5,31.0,95000
2018-07-19,30.35,30.35,30.55,30.25,30.25,30000
2018-07-20,29.85,29.85,30.4,29.6,30.4,106001
2018-07-23,29.3,29.3,29.85,29.3,29.85,61100
2018-07-24,29.3,29.3,29.45,29.0,29.3,75200
2018-07-25,28.95,28.95,29.25,28.9,29.15,95001
2018-07-26,29.1,29.1,29.95,29.05,29.4,49000
2018-07-27,28.8,28.8,29.2,28.7,29.2,114735
2018-07-30,28.75,28.75,29.0,28.75,28.8,60000
2018-07-31,29.15,29.15,29.5,28.75,28.9,101003
2018-08-01,29.0,29.0,29.2,29.0,29.2,61500
2018-08-02,28.15,28.15,29.0,28.1,28.8,136757
2018-08-03,28.7,28.7,29.0,27.5,28.15,266102
2018-08-06,28.85,28.85,29.3,28.25,28.7,98200
2018-08-07,28.4,28.4,29.15,28.25,28.85,135000
2018-08-08,28.6,28.6,28.8,28.5,28.5,39973
2018-08-09,27.95,27.95,28.6,27.95,28.5,118001
2018-08-10,27.55,27.55,27.95,27.55,27.85,120200
2018-08-13,26.3,26.3,27.9,26.0,27.55,275250
2018-08-14,27.7,27.7,28.55,26.55,26.9,284050
2018-08-15,27.45,27.45,27.8,27.0,27.5,91955
2018-08-16,27.4,27.4,27.6,26.5,27.45,48000
2018-08-17,27.75,27.75,28.0,27.55,27.55,42000
2018-08-20,28.15,28.15,28.3,27.9,27.9,43101
2018-08-21,28.05,28.05,28.25,27.85,28.15,144876
2018-08-22,28.0,28.0,28.35,27.7,27.7,26000
2018-08-23,27.6,27.6,28.0,27.5,28.0,40200
2018-08-24,27.3,27.3,27.75,27.3,27.75,34797
2018-08-27,27.4,27.4,27.6,27.2,27.5,28130
2018-08-28,27.65,27.65,28.1,27.65,27.7,29735
2018-08-29,27.2,27.2,27.7,27.05,27.65,52001
2018-08-30,27.1,27.1,27.4,26.95,27.05,86000
2018-08-31,27.05,27.05,27.3,27.05,27.1,32000
2018-09-03,26.8,26.8,27.15,26.8,27.1,52000
2018-09-04,26.85,26.85,27.0,26.7,26.7,42004
2018-09-05,26.5,26.5,26.75,26.4,26.75,64002
2018-09-06,26.1,26.1,26.45,26.1,26.45,48000
2018-09-07,26.3,26.3,28.0,26.05,26.3,238400
2018-09-10,25.6,25.6,26.4,25.5,26.4,136003
2018-09-11,25.75,25.75,26.5,25.6,25.6,188001
2018-09-12,26.2,26.2,26.75,25.85,26.0,111000
2018-09-13,28.8,28.8,28.8,26.3,26.3,1058114
2018-09-14,28.2,28.2,28.85,27.9,28.75,629211
2018-09-17,27.5,27.5,27.9,27.3,27.9,103007
2018-09-18,27.3,27.3,27.8,27.2,27.6,102005
2018-09-19,27.35,27.35,27.8,27.25,27.8,68200
2018-09-20,27.6,27.6,28.3,27.3,27.35,212002
2018-09-21,27.6,27.6,27.8,27.4,27.6,94192
2018-09-25,26.8,26.8,27.55,26.8,27.5,144006
2018-09-26,27.5,27.5,28.0,26.85,26.85,152000
2018-09-27,27.55,27.55,27.95,27.55,27.7,72001
2018-09-28,27.85,27.85,28.15,27.55,27.9,289400
2018-10-01,30.2,30.2,30.5,28.05,28.25,984551
2018-10-02,29.65,29.65,30.2,29.0,30.2,337074
2018-10-03,29.5,29.5,30.25,29.25,29.6,240003
2018-10-04,29.8,29.8,30.0,29.5,29.5,189100
2018-10-05,28.2,28.2,29.8,28.1,29.8,200100
2018-10-08,28.25,28.25,28.65,27.85,28.2,333100
2018-10-09,28.6,28.6,28.6,27.0,28.25,372000
2018-10-11,27.5,27.5,27.85,26.35,26.9,778051
2018-10-12,27.6,27.6,28.15,26.7,27.5,417034
2018-10-15,27.25,27.25,27.8,27.25,27.35,60500
2018-10-16,27.35,27.35,27.65,27.25,27.6,35000
2018-10-17,26.95,26.95,27.6,26.95,27.35,99000
2018-10-18,27.15,27.15,27.45,26.8,27.0,98153
2018-10-19,27.4,27.4,27.45,26.6,27.0,60000
2018-10-22,27.2,27.2,27.5,27.2,27.4,59142
2018-10-23,26.5,26.5,26.8,26.5,26.65,54001
2018-10-24,26.2,26.2,26.5,26.1,26.5,66010
2018-10-25,25.9,25.9,26.5,25.5,25.5,154005
2018-10-26,25.6,25.6,26.2,25.5,26.1,100000
2018-10-29,25.1,25.1,25.6,24.6,25.3,166002
2018-10-30,25.9,25.9,25.9,24.25,25.0,171000
2018-10-31,25.75,25.75,25.9,25.5,25.9,41004
2018-11-01,25.3,25.3,25.7,25.3,25.65,33002
2018-11-02,25.6,25.6,25.6,25.15,25.4,74001
2018-11-05,24.9,24.9,25.3,24.85,25.1,61181
2018-11-06,25.0,25.0,25.35,25.0,25.1,14000
2018-11-07,25.4,25.4,25.4,24.8,24.95,35004
2018-11-08,25.2,25.2,25.8,25.2,25.4,55004
2018-11-09,25.0,25.0,25.25,25.0,25.25,34000
2018-11-12,24.85,24.85,25.0,24.5,24.5,38100
2018-11-13,24.85,24.85,25.0,24.6,24.8,19001
2018-11-14,25.15,25.15,25.5,25.0,25.0,32000
2018-11-15,25.55,25.55,25.6,25.05,25.15,24100
2018-11-16,25.1,25.1,25.3,24.9,25.2,17000
2018-11-19,25.15,25.15,25.2,25.0,25.1,37000
2018-11-20,25.05,25.05,25.15,25.05,25.15,8000
2018-11-21,25.15,25.15,25.45,25.0,25.0,26001
2018-11-22,26.65,26.65,26.8,25.55,25.55,177563
2018-11-23,26.3,26.3,26.65,26.0,26.65,62101
2018-11-26,26.25,26.25,26.8,25.7,26.8,14001
2018-11-27,26.65,26.65,26.7,26.35,26.35,54030
2018-11-28,26.4,26.4,26.65,26.3,26.65,32174
2018-11-29,26.5,26.5,26.6,26.4,26.6,44001
2018-11-30,27.45,27.45,27.7,26.45,26.5,251001
2018-12-03,27.3,27.3,27.8,26.9,27.45,150001
2018-12-04,27.0,27.0,27.3,27.0,27.15,38013
2018-12-05,26.8,26.8,27.25,26.8,27.25,6003
2018-12-06,26.2,26.2,26.85,26.15,26.85,30014
2018-12-07,26.45,26.45,27.0,26.15,26.15,58000
2018-12-10,26.55,26.55,26.55,26.0,26.4,34000
2018-12-11,27.25,27.25,27.95,26.55,26.55,66005
2018-12-12,27.8,27.8,28.15,27.1,27.1,147000
2018-12-13,27.75,27.75,27.8,27.25,27.8,41000
2018-12-14,27.4,27.4,27.6,27.35,27.6,39001
2018-12-17,27.6,27.6,27.6,27.0,27.0,56200
2018-12-18,27.1,27.1,27.4,27.1,27.3,47000
2018-12-19,27.0,27.0,27.45,27.0,27.0,38203
2018-12-20,27.0,27.0,27.4,27.0,27.0,72100
2018-12-21,27.2,27.2,27.3,26.85,26.85,18000
2018-12-24,27.05,27.05,27.5,26.95,27.5,40000
2018-12-25,27.0,27.0,27.3,26.85,27.05,19100
2018-12-26,26.95,26.95,27.0,26.8,26.85,8101
2018-12-27,26.8,26.8,27.3,26.7,26.95,81002
2018-12-28,26.7,26.7,26.8,26.7,26.75,19003
2019-01-02,26.2,26.2,26.7,26.2,26.3,40007
2019-01-03,26.1,26.1,26.8,26.1,26.2,36001
2019-01-04,26.6,26.6,26.6,26.0,26.0,90003
2019-01-07,26.7,26.7,27.0,26.3,26.3,32011
2019-01-08,27.5,27.5,27.75,26.9,26.9,188003
2019-01-09,27.4,27.4,27.95,27.2,27.95,74002
2019-01-10,27.2,27.2,27.4,27.0,27.0,35002
2019-01-11,27.0,27.0,27.2,26.55,27.2,62002
2019-01-14,26.45,26.45,26.8,26.1,26.75,48068
2019-01-15,26.35,26.35,26.5,26.2,26.45,36002
2019-01-16,26.2,26.2,26.35,26.2,26.35,35002
2019-01-17,26.35,26.35,26.45,26.3,26.3,7878
2019-01-18,26.5,26.5,26.5,26.5,26.5,1931
2019-01-21,26.3,26.3,26.6,26.25,26.55,16101
2019-01-22,26.15,26.15,26.3,26.1,26.3,16008
2019-01-23,26.15,26.15,26.2,26.1,26.15,14005
2019-01-24,26.4,26.4,26.45,26.1,26.45,34001
2019-01-25,26.45,26.45,26.45,26.4,26.4,34551
2019-01-28,26.3,26.3,26.45,26.3,26.4,20008
2019-01-29,26.2,26.2,26.25,26.2,26.2,19001
2019-01-30,26.15,26.15,26.25,26.1,26.25,18101
2019-02-11,26.1,26.1,26.3,26.1,26.15,64007
2019-02-12,26.6,26.6,26.75,26.1,26.1,125001
2019-02-13,26.4,26.4,26.9,26.35,26.9,93056
2019-02-14,26.6,26.6,26.7,26.4,26.7,130002
2019-02-15,26.2,26.2,26.55,26.1,26.55,106053
2019-02-18,26.25,26.25,26.35,26.0,26.35,114004
2019-02-19,26.2,26.2,26.4,26.2,26.3,62102
2019-02-20,26.1,26.1,26.3,26.0,26.25,110005
2019-02-21,26.5,26.5,26.75,26.0,26.1,473005
2019-02-22,26.25,26.25,26.8,26.2,26.8,59017
2019-02-25,26.1,26.1,26.25,26.05,26.2,95004
2019-02-26,26.1,26.1,26.25,26.0,26.1,107004
2019-02-27,25.75,25.75,26.1,25.7,26.1,108005
2019-03-04,25.6,25.6,25.7,25.5,25.7,57005
2019-03-05,25.4,25.4,25.5,25.4,25.5,81001
2019-03-06,25.7,25.7,25.9,25.5,25.5,40683
2019-03-07,25.7,25.7,25.9,25.65,25.7,41007
2019-03-08,25.5,25.5,25.65,25.4,25.65,56001
2019-03-11,25.4,25.4,25.5,25.3,25.3,32825
2019-03-12,25.5,25.5,25.85,25.3,25.4,86470
2019-03-13,25.3,25.3,25.5,25.3,25.5,39003
2019-03-14,25.45,25.45,25.6,25.3,25.4,56133
2019-03-15,25.3,25.3,25.5,25.3,25.35,75005
2019-03-18,25.45,25.45,25.45,25.3,25.3,53200
2019-03-19,25.7,25.7,25.7,25.35,25.35,41006
2019-03-20,25.55,25.55,25.75,25.4,25.7,28134
2019-03-21,25.4,25.4,25.5,25.35,25.5,29029
2019-03-22,25.6,25.6,25.9,25.4,25.9,49004
2019-03-25,25.25,25.25,25.6,25.25,25.6,79009
2019-03-26,25.5,25.5,26.4,25.45,26.2,23100
2019-03-27,25.6,25.6,25.85,25.45,25.7,67130
2019-03-28,26.6,26.6,27.3,25.8,25.9,723017
2019-03-29,26.8,26.8,27.0,26.45,26.45,245008
2019-04-01,26.55,26.55,26.9,26.4,26.9,189010
2019-04-02,26.45,26.45,26.55,26.3,26.4,111156
2019-04-03,26.65,26.65,26.7,26.3,26.3,95007
2019-04-08,26.65,26.65,26.9,26.6,26.9,194005
2019-04-09,27.7,27.7,29.0,26.65,26.65,1150194
2019-04-10,27.75,27.75,28.3,27.3,28.1,383394
2019-04-11,28.1,28.1,28.8,27.75,28.4,453094
2019-04-12,27.7,27.7,28.1,27.55,28.1,151510
2019-04-15,28.1,28.1,28.5,27.65,27.65,147242
2019-04-16,27.95,27.95,28.4,27.8,27.8,127500
2019-04-17,27.9,27.9,28.0,27.85,27.95,83002
2019-04-18,27.6,27.6,27.9,27.6,27.9,138250
2019-04-19,27.55,27.55,27.75,27.35,27.7,90023
2019-04-22,27.5,27.5,27.6,27.35,27.55,110622
2019-04-23,27.2,27.2,27.5,27.15,27.5,87045
2019-04-24,27.15,27.15,27.35,27.0,27.35,90000
2019-04-25,27.3,27.3,27.3,26.85,27.0,56001
2019-04-26,27.15,27.15,27.5,27.05,27.5,36003
2019-04-29,27.0,27.0,27.25,26.8,27.15,63103
2019-04-30,26.9,26.9,27.0,26.75,27.0,34091
2019-05-02,27.0,27.0,27.15,26.9,26.9,73001
2019-05-03,26.95,26.95,27.15,26.95,27.15,37001
2019-05-06,26.85,26.85,27.0,26.7,27.0,46002
2019-05-07,26.9,26.9,27.0,26.8,26.85,30367
2019-05-08,26.85,26.85,26.9,26.85,26.9,30002
2019-05-09,26.6,26.6,26.85,26.6,26.85,21000
2019-05-10,26.55,26.55,26.9,26.55,26.6,42000
2019-05-13,26.0,26.0,26.5,25.75,26.25,44092
2019-05-14,26.0,26.0,26.2,25.6,26.0,44050
2019-05-15,26.5,26.5,26.6,26.3,26.3,86000
2019-05-16,26.3,26.3,26.5,26.3,26.5,15028
2019-05-17,26.5,26.5,26.65,26.0,26.3,63736
2019-05-20,26.25,26.25,26.3,26.1,26.3,29002
2019-05-21,26.35,26.35,26.5,26.05,26.5,29001
2019-05-22,26.35,26.35,26.55,26.15,26.55,22100
2019-05-23,25.9,25.9,26.2,25.8,26.1,44001
2019-05-24,26.0,26.0,26.15,25.7,25.75,22000
2019-05-27,26.0,26.0,26.3,25.9,26.0,39000
2019-05-28,26.1,26.1,26.5,26.05,26.45,31000
2019-05-29,26.4,26.4,26.4,26.3,26.3,48000
2019-05-30,26.3,26.3,26.3,26.1,26.2,16007
2019-05-31,26.3,26.3,26.3,26.3,26.3,1101
2019-06-03,26.15,26.15,26.4,26.15,26.4,34000
2019-06-04,26.05,26.05,26.3,26.05,26.15,35000
2019-06-05,26.2,26.2,26.25,26.0,26.25,31002
2019-06-06,25.95,25.95,26.1,25.85,26.1,48000
2019-06-10,25.85,25.85,26.3,25.75,25.85,52101
2019-06-11,25.9,25.9,25.95,25.8,25.85,38000
2019-06-12,26.0,26.0,26.1,25.8,25.8,45641
2019-06-13,26.0,26.0,26.15,26.0,26.15,13235
2019-06-14,26.1,26.1,26.15,26.0,26.0,25001
2019-06-17,25.95,25.95,26.05,25.95,26.05,56001
2019-06-18,26.0,26.0,26.0,25.8,25.85,51501
2019-06-19,26.2,26.2,26.25,26.0,26.0,77003
2019-06-20,26.1,26.1,26.35,25.9,26.35,69003
2019-06-21,26.2,26.2,26.3,26.1,26.1,41201
2019-06-24,26.3,26.3,26.3,26.2,26.3,55000
2019-06-25,27.0,27.0,27.0,26.4,26.4,225000
2019-06-26,27.65,27.65,27.85,27.1,27.3,518101
2019-06-27,27.35,27.35,27.85,27.1,27.85,134100
2019-06-28,27.95,27.95,28.25,27.1,27.2,224279
2019-07-01,28.0,28.0,28.3,27.95,28.15,227000
2019-07-02,28.4,28.4,29.45,28.05,28.05,615000
2019-07-03,28.3,28.3,28.85,28.3,28.45,226090
2019-07-04,28.2,28.2,28.55,28.0,28.3,126000
2019-07-05,29.15,29.15,29.2,28.25,28.3,615100
2019-07-08,29.6,29.6,29.65,29.0,29.5,534090
2019-07-09,29.3,29.3,29.9,29.1,29.7,292572
2019-07-10,29.15,29.15,29.25,28.5,29.2,412807
2019-07-11,29.1,29.1,29.15,28.75,29.15,75150
2019-07-12,29.0,29.0,29.05,28.8,28.9,116909
2019-07-15,28.6,28.6,29.0,28.45,29.0,180256
2019-07-16,27.8,27.8,28.75,27.8,28.6,440141
2019-07-17,28.25,28.25,28.35,27.8,27.8,159150
2019-07-18,28.45,28.45,28.7,28.3,28.3,259300
2019-07-19,28.4,28.4,28.7,28.35,28.55,482605
2019-07-22,27.5,27.5,27.75,27.0,27.05,326150
2019-07-23,27.25,27.25,27.5,27.25,27.5,100735
2019-07-24,27.3,27.3,27.5,27.2,27.2,55384
2019-07-25,27.2,27.2,27.25,27.1,27.25,94600
2019-07-26,27.2,27.2,27.25,27.1,27.2,81250
2019-07-29,27.9,27.9,27.95,27.4,27.85,266091
2019-07-30,27.4,27.4,28.0,27.4,28.0,144100
2019-07-31,27.25,27.25,27.5,27.25,27.5,75246
2019-08-01,27.25,27.25,27.35,27.1,27.1,40001
2019-08-02,26.95,26.95,27.05,26.8,27.05,58091
2019-08-05,26.85,26.85,26.95,26.35,26.95,138976
2019-08-06,26.65,26.65,26.65,26.2,26.25,58002
2019-08-07,26.6,26.6,27.0,26.5,27.0,44501
2019-08-08,26.5,26.5,26.75,26.2,26.6,103250
2019-08-12,26.4,26.4,26.45,26.05,26.05,104200
2019-08-13,26.2,26.2,26.4,26.1,26.4,39000
2019-08-14,26.1,26.1,26.3,26.1,26.25,63001
2019-08-15,25.8,25.8,26.0,25.65,25.65,72918
2019-08-16,25.75,25.75,25.95,25.6,25.6,35850
2019-08-19,26.1,26.1,26.15,25.7,25.7,56001
2019-08-20,26.0,26.0,26.1,25.95,26.1,40100
2019-08-21,26.0,26.0,26.0,25.95,26.0,17109
2019-08-22,26.05,26.05,26.05,25.9,26.0,82000
2019-08-23,26.05,26.05,26.05,26.0,26.05,28012
2019-08-26,25.8,25.8,26.0,25.6,26.0,87008
2019-08-27,25.8,25.8,25.95,25.65,25.8,40237
2019-08-28,25.6,25.6,25.8,25.25,25.65,149175
2019-08-29,25.6,25.6,25.6,25.5,25.55,24767
2019-08-30,26.0,26.0,26.1,25.95,26.1,78100
2019-09-02,25.9,25.9,26.05,25.5,26.05,176115
2019-09-03,25.7,25.7,25.75,25.6,25.65,47231
2019-09-04,25.9,25.9,25.9,25.7,25.7,87104
2019-09-05,25.9,25.9,26.45,25.55,26.45,68061
2019-09-06,26.2,26.2,26.2,25.85,25.9,119104
2019-09-09,26.0,26.0,26.4,25.7,26.4,43120
2019-09-10,25.95,25.95,25.95,25.85,25.9,25111
2019-09-11,25.7,25.7,26.0,25.7,26.0,50372
2019-09-12,25.75,25.75,25.85,25.6,25.85,54179
2019-09-16,25.7,25.7,25.9,25.65,25.7,55100
2019-09-17,25.5,25.5,25.7,25.5,25.7,37115
2019-09-18,25.9,25.9,26.0,25.5,25.55,93100
2019-09-19,25.75,25.75,25.75,25.55,25.75,20335
2019-09-20,25.8,25.8,25.85,25.75,25.8,19000
2019-09-23,25.6,25.6,25.7,25.45,25.7,45000
2019-09-24,25.7,25.7,25.7,25.5,25.55,16000
2019-09-25,25.5,25.5,25.7,25.5,25.7,13002
2019-09-26,25.5,25.5,25.6,25.5,25.5,32104
2019-09-27,25.35,25.35,25.6,25.3,25.5,31007
2019-10-01,25.55,25.55,25.65,25.4,25.65,16000
2019-10-02,25.45,25.45,25.5,25.4,25.4,15004
2019-10-03,25.45,25.45,25.45,25.2,25.2,21001
2019-10-04,25.45,25.45,25.45,25.3,25.35,12101
2019-10-07,25.45,25.45,25.45,25.3,25.45,37000
2019-10-08,25.35,25.35,25.4,25.2,25.4,47000
2019-10-09,25.35,25.35,25.35,25.15,25.3,69105
2019-10-14,25.25,25.25,25.45,25.25,25.35,57004
2019-10-15,25.0,25.0,25.25,24.6,25.25,41103
2019-10-16,25.15,25.15,25.5,25.1,25.5,20001
2019-10-17,25.45,25.45,25.5,25.2,25.5,10109
2019-10-18,25.45,25.45,26.0,25.3,26.0,43002
2019-10-21,25.35,25.35,25.5,25.05,25.5,18000
2019-10-22,25.2,25.2,25.35,25.1,25.35,45001
2019-10-23,24.9,24.9,25.35,24.9,25.2,85100
2019-10-24,25.3,25.3,25.35,25.15,25.3,31100
2019-10-25,25.05,25.05,25.15,25.0,25.1,42023
2019-10-28,24.9,24.9,25.0,24.8,25.0,36200
2019-10-29,24.95,24.95,25.0,24.65,24.8,78103
2019-10-30,25.2,25.2,25.25,24.8,24.8,57666
2019-10-31,24.95,24.95,25.2,24.9,25.2,52001
2019-11-01,24.8,24.8,24.9,24.65,24.9,39000
2019-11-04,24.8,24.8,25.0,24.8,24.8,30100
2019-11-05,24.9,24.9,24.95,24.8,24.8,65001
2019-11-06,24.9,24.9,24.95,24.75,24.9,36128
2019-11-07,24.8,24.8,24.9,24.75,24.9,46053
2019-11-08,25.1,25.1,25.1,24.8,24.9,115000
2019-11-11,24.5,24.5,24.85,24.25,24.85,114009
2019-11-12,24.45,24.45,24.5,24.3,24.5,26004
2019-11-13,24.2,24.2,24.45,24.05,24.45,73000
2019-11-14,24.2,24.2,24.95,24.05,24.2,52000
2019-11-20,24.05,24.05,24.15,24.0,24.1,64001
2019-11-21,24.1,24.1,24.1,24.0,24.05,144200
2019-11-22,25.35,25.35,26.0,24.05,24.15,498677
2019-11-25,25.05,25.05,25.75,25.05,25.3,131001
2019-11-26,25.1,25.1,25.5,25.0,25.05,64001
2019-11-27,25.0,25.0,25.25,25.0,25.05,60004
2019-11-28,25.1,25.1,25.2,25.0,25.0,35000
2019-11-29,25.1,25.1,25.3,25.0,25.1,70200
2019-12-02,24.85,24.85,24.9,24.7,24.9,38001
2019-12-03,24.65,24.65,24.7,24.5,24.6,24301
2019-12-04,24.65,24.65,24.65,24.35,24.65,36100
2019-12-05,25.8,25.8,25.9,24.4,24.55,940160
2019-12-06,25.35,25.35,26.15,25.35,26.05,160001
2019-12-09,25.3,25.3,25.55,25.3,25.45,127351
2019-12-10,25.5,25.5,25.7,25.4,25.7,21108
2019-12-11,25.2,25.2,25.75,25.15,25.7,53054
2019-12-12,24.85,24.85,25.2,24.85,25.2,86116
2019-12-13,24.75,24.75,25.2,24.75,25.0,88150
2019-12-16,25.1,25.1,25.1,24.7,24.7,42040
2019-12-17,25.0,25.0,25.7,24.8,25.7,52062
2019-12-18,25.25,25.25,26.0,25.25,25.5,576001
2019-12-19,25.1,25.1,25.3,25.0,25.25,146601
2019-12-20,25.0,25.0,25.1,25.0,25.1,31633
2019-12-23,24.75,24.75,25.1,24.75,25.0,60008
2019-12-24,24.55,24.55,25.0,24.5,25.0,113492
2019-12-25,24.65,24.65,24.7,24.55,24.6,28100
2019-12-26,24.5,24.5,24.6,24.4,24.5,50102
2019-12-27,24.55,24.55,24.65,24.45,24.45,66001
2019-12-30,24.5,24.5,24.9,24.5,24.6,83100
2019-12-31,24.9,24.9,24.9,24.5,24.5,50101
2020-01-02,25.0,25.0,25.2,24.9,24.9,87100
2020-01-03,24.75,24.75,25.2,24.7,25.1,60101
2020-01-06,24.6,24.6,24.6,24.5,24.6,33105
2020-01-07,24.6,24.6,24.65,24.4,24.65,41000
2020-01-08,24.1,24.1,24.4,24.05,24.4,45015
2020-01-09,24.2,24.2,24.45,24.15,24.45,43000
2020-01-10,24.4,24.4,24.5,24.3,24.35,53113
2020-01-13,24.8,24.8,24.8,24.1,24.1,182093
2020-01-14,24.55,24.55,24.8,24.45,24.8,64101
2020-01-15,24.55,24.55,24.55,24.45,24.45,68100
2020-01-16,24.5,24.5,24.5,24.25,24.45,119100
2020-01-17,24.3,24.3,24.5,24.3,24.5,130082
2020-01-20,24.6,24.6,24.7,24.2,24.2,87041
2020-01-30,24.85,24.85,25.4,24.5,24.5,307001
2020-01-31,24.35,24.35,24.85,24.25,24.25,73000
2020-02-03,24.6,24.6,24.8,24.0,24.15,222083
2020-02-04,24.5,24.5,24.7,24.4,24.6,56200
2020-02-05,24.6,24.6,24.8,24.55,24.7,150580
2020-02-06,24.3,24.3,24.65,24.2,24.65,69168
2020-02-07,24.2,24.2,24.3,24.1,24.3,58201
2020-02-10,24.0,24.0,24.2,24.0,24.2,103475
2020-02-11,24.05,24.05,24.1,23.9,24.0,164005
2020-02-12,23.85,23.85,24.1,23.85,24.05,133302
2020-02-13,23.75,23.75,23.9,23.75,23.85,64001
2020-02-14,23.7,23.7,23.75,23.45,23.75,80001
2020-02-17,23.85,23.85,24.3,23.5,23.7,170002
2020-02-18,23.75,23.75,23.9,23.7,23.85,16052
2020-02-19,23.8,23.8,23.85,23.75,23.75,18001
2020-02-20,23.9,23.9,24.0,23.5,23.8,82016
2020-02-21,24.0,24.0,24.15,24.0,24.0,38023
2020-02-24,24.05,24.05,24.1,23.8,24.0,79003
2020-02-25,24.3,24.3,24.3,24.0,24.05,129002
2020-02-26,23.8,23.8,24.05,23.8,24.05,57105
2020-02-27,24.0,24.0,24.0,23.7,23.9,80001
2020-03-02,24.2,24.2,24.2,23.75,24.0,169405
2020-03-03,24.3,24.3,24.4,24.0,24.4,120100
2020-03-04,24.0,24.0,24.25,24.0,24.25,47150
2020-03-05,23.9,23.9,24.2,23.9,24.0,61012
2020-03-06,26.25,26.25,26.25,23.85,23.85,323490
2020-03-09,24.45,24.45,26.8,24.3,26.8,965224
2020-03-10,24.3,24.3,26.0,23.9,26.0,230204
2020-03-11,24.0,24.0,24.6,24.0,24.0,89453
2020-03-12,22.4,22.4,23.9,22.0,23.9,294124
2020-03-13,22.4,22.4,22.4,20.2,20.55,941465
2020-03-16,21.15,21.15,22.2,20.9,22.15,189000
2020-03-17,20.0,20.0,21.05,19.5,21.05,215001
2020-03-18,19.45,19.45,20.55,19.45,20.0,223184
2020-03-19,17.55,17.55,19.45,17.55,19.45,661000
2020-03-20,18.0,18.0,18.2,17.75,18.1,264000
2020-03-23,16.6,16.6,17.0,16.2,17.0,387001
2020-03-24,16.7,16.7,17.15,16.7,16.9,909386
2020-03-25,17.8,17.8,18.0,17.0,17.25,220000
2020-03-26,18.2,18.2,18.4,17.7,17.85,122000
2020-03-27,20.0,20.0,20.0,18.2,18.7,312000
2020-03-30,20.8,20.8,21.0,19.6,19.75,232081
2020-03-31,20.7,20.7,21.3,20.6,21.3,133869
2020-04-01,20.5,20.5,20.9,20.0,20.8,718106
2020-04-07,20.55,20.55,21.5,20.5,21.1,92000
2020-04-08,20.4,20.4,20.65,20.4,20.55,87412
2020-04-09,20.4,20.4,20.6,20.35,20.6,52000
2020-04-10,21.1,21.1,21.3,20.35,20.35,164955
2020-04-13,21.0,21.0,21.1,20.5,21.1,106300
2020-04-14,21.4,21.4,21.5,21.15,21.4,101103
2020-04-15,21.45,21.45,21.7,21.25,21.65,77175
2020-04-16,21.25,21.25,21.3,20.75,20.75,32700
2020-04-17,21.35,21.35,21.55,21.0,21.45,71575
2020-04-20,23.45,23.45,23.45,22.0,22.0,525205
2020-04-21,23.45,23.45,25.0,23.25,24.5,1230200
2020-04-22,23.4,23.4,23.6,22.55,23.25,176229
2020-04-23,23.7,23.7,24.0,23.45,23.6,171794
2020-04-24,23.7,23.7,24.0,23.5,23.95,105298
2020-04-27,24.1,24.1,24.1,23.6,23.7,121025
2020-04-28,23.4,23.4,24.3,23.4,24.3,95004
2020-04-29,23.75,23.75,24.15,23.45,23.45,123060
2020-05-04,24.5,24.5,24.9,23.35,24.1,160105
2020-05-05,24.15,24.15,24.65,24.15,24.5,78367
2020-05-06,24.85,24.85,25.75,24.1,24.55,491200
2020-05-07,24.75,24.75,25.6,24.65,25.1,255001
2020-05-08,24.2,24.2,25.3,24.0,25.05,126201
2020-05-11,24.2,24.2,24.5,23.5,24.25,121100
2020-05-12,24.0,24.0,24.3,23.95,24.3,29100
2020-05-13,24.4,24.4,24.5,24.05,24.1,70052
2020-05-14,23.8,23.8,24.4,23.75,24.4,83431
2020-05-15,23.95,23.95,24.0,23.25,23.4,181004
2020-05-18,24.25,24.25,24.75,24.0,24.15,133005
2020-05-19,24.0,24.0,24.5,23.95,24.4,118007
2020-05-20,23.8,23.8,24.4,23.55,24.05,185400
2020-05-21,23.8,23.8,24.25,23.7,24.25,66001
2020-05-22,23.85,23.85,24.15,23.75,23.8,102002
2020-05-25,24.5,24.5,24.8,23.85,23.85,250278
2020-05-26,24.2,24.2,25.2,24.2,24.8,290066
2020-05-27,24.0,24.0,24.7,23.9,24.7,126035
2020-05-28,23.95,23.95,24.3,23.95,24.05,63000
2020-05-29,24.05,24.05,24.45,23.9,23.95,41200
2020-06-01,23.95,23.95,24.15,23.8,24.0,63080
2020-06-02,24.0,24.0,24.2,23.8,23.95,46070
2020-06-03,24.0,24.0,24.25,23.9,24.2,92002
2020-06-04,24.05,24.05,24.4,24.0,24.0,69100
2020-06-05,24.05,24.05,24.15,24.0,24.0,63006
2020-06-08,24.0,24.0,24.25,24.0,24.05,71368
2020-06-09,24.25,24.25,24.3,23.9,24.0,116540
2020-06-10,24.2,24.2,24.25,23.9,24.1,169426
2020-06-11,23.55,23.55,24.25,23.5,24.05,181031
2020-06-12,23.8,23.8,23.9,23.1,23.1,96001
2020-06-15,24.65,24.65,25.0,23.6,23.6,339309
2020-06-16,24.55,24.55,24.65,24.3,24.65,191260
2020-06-17,25.45,25.45,25.8,24.4,24.55,1078101
2020-06-18,26.5,26.5,26.95,25.75,25.75,1539290
2020-06-19,25.8,25.8,27.2,25.4,26.9,639191
2020-06-22,25.1,25.1,26.25,25.1,25.9,284101
2020-06-23,24.75,24.75,25.7,24.2,25.4,272036
2020-06-24,24.3,24.3,24.8,24.2,24.8,183102
2020-06-29,24.35,24.35,25.0,24.2,24.2,219003
2020-06-30,24.6,24.6,24.8,24.4,24.8,59001
2020-07-01,24.7,24.7,24.75,24.45,24.6,76090
2020-07-02,25.05,25.05,25.4,24.7,24.8,235301
2020-07-03,25.0,25.0,25.3,24.8,25.1,158124
2020-07-06,25.05,25.05,25.3,25.0,25.15,193101
2020-07-07,24.2,24.2,25.1,24.05,25.05,259325
2020-07-08,25.45,25.45,25.75,24.15,24.15,534202
2020-07-09,26.5,26.5,26.85,25.45,25.9,1119305
2020-07-10,26.0,26.0,26.8,25.3,26.8,519100
2020-07-13,25.5,25.5,26.1,25.45,25.9,198525
2020-07-14,24.55,24.55,25.5,24.45,25.5,266873
2020-07-15,24.4,24.4,24.9,24.3,24.7,149323
2020-07-16,24.35,24.35,24.65,24.35,24.45,74100
2020-07-17,23.5,23.5,24.5,23.45,24.5,321109
2020-07-20,23.75,23.75,23.95,23.25,23.55,70100
2020-07-21,23.95,23.95,24.15,23.7,23.9,84100
2020-07-22,24.05,24.05,24.5,24.05,24.5,69100
2020-07-23,23.6,23.6,24.1,23.55,24.1,82100
2020-07-24,23.3,23.3,23.6,23.25,23.5,201041
2020-07-27,22.6,22.6,23.25,22.5,23.25,221256
2020-07-28,21.65,21.65,22.5,21.65,22.5,250000
2020-07-29,22.6,22.6,22.95,21.9,21.95,113001
2020-07-30,22.65,22.65,23.0,22.5,22.8,127103
2020-07-31,22.85,22.85,22.85,22.6,22.6,75000
2020-08-03,22.65,22.65,22.85,22.5,22.65,118133
2020-08-04,22.8,22.8,23.0,22.7,22.8,136840
2020-08-05,22.1,22.1,22.45,22.05,22.2,113200
2020-08-06,22.1,22.1,22.2,22.0,22.1,551001
2020-08-07,21.95,21.95,22.2,21.9,22.15,793000
2020-08-10,22.0,22.0,22.0,21.5,22.0,763001
2020-08-11,22.45,22.45,22.45,21.7,21.7,120760
2020-08-12,23.8,23.8,24.65,23.4,23.5,1470868
2020-08-13,23.25,23.25,24.5,23.25,23.9,279017
2020-08-14,23.5,23.5,23.5,22.85,23.2,113001
2020-08-17,23.3,23.3,23.55,23.0,23.5,140080
2020-08-18,23.35,23.35,23.45,23.0,23.35,116002
2020-08-19,23.25,23.25,24.0,23.15,23.4,91100
2020-08-20,22.85,22.85,23.15,22.05,23.15,133803
2020-08-21,23.5,23.5,23.5,22.65,22.75,65000
2020-08-24,23.5,23.5,23.8,23.0,23.8,111000
2020-08-25,23.4,23.4,23.55,23.3,23.35,45000
2020-08-26,23.4,23.4,23.4,23.2,23.4,100004
2020-08-27,23.45,23.45,23.5,22.65,23.4,230000
2020-08-28,23.3,23.3,23.65,23.15,23.15,194009
2020-08-31,23.25,23.25,23.45,23.1,23.3,50191
2020-09-01,23.0,23.0,23.25,22.95,23.25,59000
2020-09-02,23.0,23.0,23.35,22.8,22.8,38002
2020-09-03,23.2,23.2,23.55,23.0,23.05,103300
2020-09-04,23.3,23.3,23.3,22.9,23.0,49502
2020-09-07,23.25,23.25,23.45,23.2,23.2,42102
2020-09-08,23.4,23.4,23.5,23.35,23.45,57002
2020-09-09,23.55,23.55,23.6,23.35,23.35,41000
2020-09-10,23.45,23.45,23.85,23.35,23.85,79001
2020-09-11,23.3,23.3,23.85,23.2,23.4,86873
2020-09-14,23.8,23.8,23.8,23.3,23.3,65002
2020-09-15,24.3,24.3,24.35,23.7,23.8,206000
2020-09-16,24.55,24.55,24.7,24.1,24.55,372018
2020-09-17,24.6,24.6,24.6,23.95,24.25,92000
2020-09-18,24.55,24.55,24.8,24.3,24.3,86000
2020-09-21,24.3,24.3,24.6,24.3,24.5,104000
2020-09-22,24.3,24.3,24.3,23.95,24.1,63001
2020-09-23,24.35,24.35,24.5,24.15,24.3,113000
2020-09-24,23.75,23.75,24.35,23.65,24.35,125000
2020-09-25,23.4,23.4,24.1,23.4,23.65,50000
2020-09-28,24.0,24.0,24.0,23.4,23.4,109000
2020-09-29,24.0,24.0,24.05,23.9,24.0,49002
2020-09-30,24.0,24.0,24.0,23.7,23.85,51402
2020-10-05,24.25,24.25,24.35,24.05,24.15,168002
2020-10-06,24.5,24.5,24.5,24.0,24.35,85020
2020-10-07,24.9,24.9,25.05,24.2,24.5,254000
2020-10-08,24.95,24.95,25.45,24.75,25.45,139039
2020-10-12,23.8,23.8,25.1,23.8,25.1,155000
2020-10-13,23.4,23.4,24.0,23.4,23.9,106200
2020-10-14,23.45,23.45,23.8,23.4,23.8,33200
2020-10-15,23.35,23.35,23.4,23.2,23.2,24218
2020-10-16,23.1,23.1,23.6,23.0,23.4,60900
2020-10-19,23.05,23.05,23.25,23.0,23.1,52577
2020-10-20,23.05,23.05,23.2,23.05,23.2,23250
2020-10-21,23.0,23.0,23.15,22.75,22.75,36102
2020-10-22,23.0,23.0,23.0,22.85,23.0,28101
2020-10-23,22.85,22.85,23.0,22.75,23.0,64089
2020-10-26,22.85,22.85,22.95,22.8,22.95,13104
2020-10-27,22.8,22.8,22.85,22.65,22.85,27000
2020-10-28,22.75,22.75,23.25,22.75,22.8,32000
2020-10-29,22.85,22.85,22.85,22.35,22.35,8100
2020-10-30,22.55,22.55,22.8,22.5,22.5,34120
2020-11-02,22.55,22.55,22.55,22.5,22.5,17000
2020-11-03,22.55,22.55,22.9,22.55,22.75,56000
2020-11-04,22.6,22.6,22.8,22.6,22.7,21003
2020-11-05,22.65,22.65,22.75,22.65,22.75,6001
2020-11-06,22.45,22.45,22.8,22.45,22.7,44078
2020-11-09,22.45,22.45,22.6,22.45,22.45,44100
2020-11-10,22.5,22.5,22.5,22.35,22.5,39902
2020-11-11,22.55,22.55,22.65,22.4,22.4,22200
2020-11-12,22.45,22.45,22.5,22.4,22.5,31103
2020-11-13,22.45,22.45,22.45,22.2,22.2,9300
2020-11-16,22.5,22.5,22.6,22.4,22.45,42101
2020-11-17,22.6,22.6,22.8,22.4,22.7,79125
2020-11-18,22.75,22.75,22.75,22.5,22.6,33377
2020-11-19,22.75,22.75,22.9,22.6,22.75,17073
2020-11-20,22.75,22.75,22.75,22.6,22.6,9130
2020-11-23,22.75,22.75,22.85,22.55,22.55,58144
2020-11-24,22.8,22.8,22.8,22.6,22.7,37964
2020-11-25,22.65,22.65,22.8,22.6,22.7,32451
2020-11-26,22.75,22.75,22.75,22.65,22.7,41092
2020-11-27,23.3,23.3,23.35,22.6,22.85,104537
2020-11-30,23.5,23.5,23.75,23.15,23.5,114284
2020-12-01,23.1,23.1,23.5,23.1,23.5,40033
2020-12-02,23.0,23.0,23.2,22.8,23.1,54624
2020-12-04,22.9,22.9,23.1,22.65,22.95,106485
2020-12-07,22.6,22.6,23.0,22.5,22.95,62624
2020-12-08,22.6,22.6,22.75,22.35,22.45,30201
2020-12-09,22.5,22.5,22.6,22.35,22.6,90065
2020-12-10,22.5,22.5,22.65,22.35,22.6,119314
2020-12-11,22.35,22.35,22.45,22.0,22.35,144025
2020-12-14,22.35,22.35,22.55,22.25,22.55,53426
2020-12-15,22.1,22.1,22.3,22.1,22.3,43479
2020-12-16,22.3,22.3,22.4,22.0,22.1,55203
2020-12-17,22.3,22.3,22.5,22.25,22.5,62327
2020-12-18,22.2,22.2,22.4,22.0,22.1,68433
2020-12-21,22.25,22.25,22.4,22.2,22.4,95607
2020-12-22,22.25,22.25,22.25,22.15,22.25,110383
2020-12-23,22.4,22.4,22.45,22.3,22.3,46646
2020-12-24,22.15,22.15,22.25,22.1,22.25,89464
2020-12-25,22.1,22.1,22.2,22.05,22.15,92685
2020-12-28,22.15,22.15,22.25,22.1,22.25,114042
2020-12-29,22.3,22.3,22.3,22.15,22.2,82502
2020-12-30,22.3,22.3,22.3,22.2,22.3,41401
2020-12-31,22.3,22.3,22.5,22.2,22.25,59479
2021-01-04,22.15,22.15,22.3,22.15,22.3,47027
2021-01-05,22.25,22.25,22.3,22.0,22.1,128414
2021-01-06,22.0,22.0,22.35,22.0,22.25,67318
2021-01-07,21.75,21.75,22.0,21.7,22.0,145995
2021-01-08,21.8,21.8,21.95,21.75,21.75,53552
2021-01-11,21.9,21.9,22.2,21.8,22.05,35023
2021-01-12,21.85,21.85,22.1,21.85,22.1,36579
2021-01-13,21.85,21.85,22.0,21.75,22.0,26037
2021-01-14,21.95,21.95,22.15,21.65,21.65,86866
2021-01-15,21.9,21.9,21.95,21.75,21.95,33037
2021-01-18,21.6,21.6,21.85,21.5,21.85,96582
2021-01-19,21.65,21.65,21.65,21.3,21.3,75958
2021-01-20,21.1,21.1,21.65,21.1,21.65,114954
2021-01-21,21.0,21.0,21.45,20.95,21.2,85755
2021-01-22,20.6,20.6,21.0,20.5,20.95,247017
2021-01-25,20.65,20.65,20.85,20.4,20.65,102641
2021-01-26,20.6,20.6,20.65,20.55,20.6,45698
2021-01-27,20.55,20.55,20.9,20.55,20.7,70084
2021-01-28,20.4,20.4,20.55,20.4,20.55,32725
2021-01-29,20.15,20.15,20.4,20.15,20.35,86294
2021-02-01,19.9,19.9,20.0,19.7,20.0,60688
2021-02-02,20.5,20.5,20.8,19.9,19.9,76188
2021-02-03,20.5,20.5,20.55,20.45,20.5,33735
2021-02-04,20.5,20.5,20.75,20.15,20.15,36706
2021-02-05,20.4,20.4,20.8,20.3,20.6,114064
2021-02-17,21.0,21.0,21.0,20.25,20.7,234434
2021-02-18,21.8,21.8,21.8,20.85,21.0,114916
2021-02-19,22.65,22.65,22.65,21.65,21.8,241145
2021-02-22,22.55,22.55,23.0,22.55,23.0,189697
2021-02-23,23.0,23.0,23.0,22.45,22.6,118509
2021-02-24,23.5,23.5,23.55,23.1,23.2,314160
2021-02-25,24.8,24.8,25.4,23.85,23.85,1157604
2021-02-26,24.5,24.5,25.0,24.0,24.2,273086
2021-03-02,23.8,23.8,25.5,23.5,25.0,278697
2021-03-03,23.35,23.35,23.8,23.3,23.8,96163
2021-03-04,22.8,22.8,23.35,22.8,23.35,131920
2021-03-05,22.6,22.6,22.95,21.8,22.5,211858
2021-03-08,22.5,22.5,22.8,22.4,22.5,27446
2021-03-09,22.75,22.75,22.75,22.4,22.5,66801
2021-03-10,23.0,23.0,23.1,22.65,22.65,85216
2021-03-11,23.4,23.4,23.45,22.9,23.1,88316
2021-03-12,22.9,22.9,23.2,22.7,23.05,101899
2021-03-15,23.1,23.1,23.1,22.7,22.75,44659
2021-03-16,23.1,23.1,23.1,22.85,23.05,33030
2021-03-17,23.0,23.0,23.1,22.95,23.0,71325
2021-03-18,23.3,23.3,23.5,22.85,22.85,70259
2021-03-19,23.1,23.1,23.3,23.0,23.3,42351
2021-03-22,23.5,23.5,23.65,22.9,23.4,84261
2021-03-23,23.45,23.45,23.75,23.25,23.3,81338
2021-03-24,23.55,23.55,23.75,23.45,23.75,45049
2021-03-25,23.6,23.6,23.8,23.45,23.55,96512
2021-03-26,23.7,23.7,23.7,23.55,23.7,35122
2021-03-29,23.9,23.9,24.1,23.6,23.65,194905
2021-03-30,24.05,24.05,24.35,24.0,24.25,86713
2021-03-31,24.2,24.2,24.6,24.15,24.25,91350
2021-04-01,24.3,24.3,24.55,24.3,24.5,98456
2021-04-06,24.5,24.5,25.0,24.3,24.6,274304
2021-04-07,24.3,24.3,24.9,23.75,24.9,82710
2021-04-08,24.15,24.15,24.5,24.1,24.1,106369
2021-04-09,23.8,23.8,24.2,23.8,24.15,143942
2021-04-12,23.8,23.8,24.2,23.7,23.7,94070
2021-04-13,23.8,23.8,24.0,23.7,23.8,68105
2021-04-14,23.7,23.7,24.0,23.7,23.8,145622
2021-04-15,23.85,23.85,23.9,23.65,23.75,54693
2021-04-16,23.9,23.9,23.95,23.8,23.9,41526
2021-04-19,23.9,23.9,24.2,23.75,23.95,286228
2021-04-20,24.65,24.65,24.65,23.9,24.2,310212
2021-04-21,24.35,24.35,24.65,24.0,24.65,127549
2021-04-22,23.8,23.8,24.65,23.8,24.6,234925
2021-04-23,24.2,24.2,24.4,23.8,24.4,120490
2021-04-26,24.05,24.05,24.3,23.95,24.25,116035
2021-04-27,23.8,23.8,24.15,23.8,24.05,175379
2021-04-28,24.0,24.0,24.05,23.5,23.5,346913
2021-04-29,24.05,24.05,24.2,23.8,23.8,130842
2021-05-03,24.15,24.15,24.5,24.05,24.05,181655
2021-05-04,23.3,23.3,24.15,23.1,24.15,304774
2021-05-05,23.6,23.6,23.75,22.65,22.85,73545
2021-05-06,23.0,23.0,24.1,23.0,24.1,42564
2021-05-07,24.0,24.0,24.0,23.0,23.5,65081
2021-05-10,24.05,24.05,24.5,23.95,24.5,155574
2021-05-11,23.75,23.75,24.15,23.75,24.15,158548
2021-05-12,26.1,26.1,26.1,23.85,23.85,2297093
2021-05-13,28.7,28.7,28.7,27.1,27.6,5697547
2021-05-14,25.85,25.85,29.2,25.85,29.2,4107807
2021-05-17,26.95,26.95,27.9,23.7,23.7,3041576
2021-05-18,25.65,25.65,27.5,24.85,27.2,1384585
2021-05-19,25.45,25.45,25.95,24.5,25.95,640915
2021-05-20,24.65,24.65,25.45,24.65,25.45,455033
2021-05-21,24.4,24.4,25.25,24.4,25.2,612264
2021-05-24,24.5,24.5,24.6,24.1,24.4,230652
2021-05-25,24.5,24.5,24.85,24.3,24.85,251844
2021-05-26,25.3,25.3,25.3,24.5,24.5,318673
2021-05-27,25.35,25.35,25.7,25.1,25.4,244813
2021-05-28,25.35,25.35,25.5,25.05,25.45,284671
2021-05-31,24.8,24.8,25.35,24.6,25.25,300946
2021-06-01,24.8,24.8,24.85,24.55,24.85,244872
2021-06-02,24.55,24.55,24.8,24.5,24.8,180769
2021-06-03,24.6,24.6,24.9,24.55,24.55,109535
2021-06-04,25.1,25.1,25.1,24.6,24.65,150842
2021-06-07,26.55,26.55,26.8,25.15,25.35,591453
2021-06-08,26.05,26.05,27.05,26.0,27.05,305117
2021-06-09,25.75,25.75,26.3,25.7,26.3,252416
2021-06-10,26.8,26.8,28.3,26.05,26.1,1320744
2021-06-11,26.55,26.55,27.85,26.5,27.2,715739
2021-06-15,26.35,26.35,27.2,26.3,26.75,276863
2021-06-16,25.8,25.8,26.3,25.8,26.3,244547
2021-06-17,26.05,26.05,26.1,25.5,25.65,198152
2021-06-18,25.65,25.65,26.3,25.55,26.0,182205
2021-06-21,25.25,25.25,25.5,24.7,25.5,243092
2021-06-22,25.25,25.25,25.55,25.25,25.55,105708
2021-06-23,25.25,25.25,25.4,25.05,25.05,61578
2021-06-24,25.25,25.25,25.6,25.15,25.6,55918
2021-06-25,24.75,24.75,25.25,24.7,25.25,265745
2021-06-28,24.75,24.75,24.95,24.65,24.75,182398
2021-06-29,24.4,24.4,24.8,24.35,24.65,183220
2021-06-30,24.8,24.8,24.8,24.4,24.55,157163
2021-07-01,24.75,24.75,25.2,24.4,25.05,1155707
2021-07-02,24.5,24.5,24.75,24.4,24.75,100964
2021-07-05,24.4,24.4,24.5,24.25,24.5,119079
2021-07-06,24.4,24.4,24.9,24.4,24.8,73873
2021-07-07,24.3,24.3,24.5,24.3,24.3,89589
2021-07-08,24.3,24.3,24.4,24.15,24.35,118162
2021-07-09,24.3,24.3,24.45,24.3,24.3,53041
2021-07-12,24.25,24.25,24.35,24.2,24.35,69054
2021-07-13,23.9,23.9,24.4,23.7,23.95,222691
2021-07-14,23.7,23.7,24.0,23.5,24.0,143025
2021-07-15,23.85,23.85,23.95,23.55,23.7,44093
2021-07-16,23.75,23.75,24.0,23.7,24.0,25266
2021-07-19,23.5,23.5,23.8,23.5,23.8,150061
2021-07-20,24.5,24.5,24.5,23.45,23.5,133377
2021-07-21,23.9,23.9,24.65,23.85,24.65,136207
2021-07-22,23.65,23.65,24.4,23.5,24.4,171722
2021-07-23,24.05,24.05,24.05,23.5,23.55,44669
2021-07-26,24.6,24.6,24.8,24.35,24.35,200140
2021-07-27,24.5,24.5,24.8,24.45,24.8,80715
2021-07-28,23.95,23.95,24.45,23.8,24.45,53436
2021-07-29,24.4,24.4,24.6,24.0,24.0,50541
2021-07-30,24.2,24.2,24.2,24.05,24.05,8075
2021-08-02,24.4,24.4,24.4,24.35,24.35,26200
2021-08-03,24.4,24.4,24.4,24.25,24.3,23323
2021-08-04,24.55,24.55,24.8,24.4,24.4,37215
2021-08-05,24.45,24.45,24.55,24.45,24.5,14211
2021-08-06,24.65,24.65,24.7,24.4,24.5,54405
2021-08-09,24.5,24.5,24.9,24.5,24.8,72372
2021-08-10,24.35,24.35,24.5,24.25,24.5,16303
2021-08-11,23.7,23.7,24.7,23.5,24.35,46900
2021-08-12,23.45,23.45,23.65,23.15,23.65,142176
2021-08-13,23.5,23.5,23.75,23.05,23.45,54018
2021-08-16,23.05,23.05,23.5,23.0,23.5,55545
2021-08-17,23.1,23.1,23.5,22.95,23.05,103769
2021-08-18,23.25,23.25,23.3,22.85,22.85,16557
2021-08-19,23.2,23.2,23.2,23.0,23.1,21476
2021-08-20,23.0,23.0,23.05,23.0,23.0,19285
2021-08-23,23.7,23.7,23.7,23.05,23.05,20001
2021-08-24,24.0,24.0,24.0,23.35,23.4,28471
2021-08-25,23.75,23.75,24.0,23.6,23.9,82333
2021-08-26,23.35,23.35,23.7,23.25,23.6,50819
2021-08-27,24.0,24.0,24.0,23.15,23.25,43297
2021-08-30,24.0,24.0,24.0,23.2,23.8,31876
2021-08-31,24.0,24.0,24.05,23.65,23.65,28024
2021-09-01,23.95,23.95,24.1,23.8,24.1,28165
2021-09-02,23.8,23.8,24.6,23.8,24.3,108220
2021-09-03,23.9,23.9,23.9,23.75,23.75,31054
2021-09-06,24.3,24.3,24.9,23.8,23.8,145869
2021-09-07,24.3,24.3,24.8,24.3,24.8,274125
2021-09-08,24.45,24.45,24.5,24.3,24.3,81301
2021-09-09,24.05,24.05,24.45,23.8,24.45,97250
2021-09-10,23.9,23.9,24.1,23.85,24.05,28133
2021-09-13,23.8,23.8,24.0,23.75,23.9,23159
2021-09-14,23.75,23.75,24.0,23.75,23.9,42772
2021-09-15,23.6,23.6,23.75,23.6,23.75,30302
2021-09-16,23.6,23.6,23.7,23.55,23.6,23148
2021-09-17,23.55,23.55,23.85,23.55,23.85,17175
2021-09-22,23.6,23.6,23.75,23.1,23.5,47110
2021-09-23,24.0,24.0,24.0,23.55,23.7,40000
2021-09-24,24.0,24.0,24.1,23.7,24.0,28364
2021-09-27,24.2,24.2,24.6,23.8,23.95,51069
2021-09-28,24.3,24.3,24.3,23.9,24.2,16000
2021-09-29,23.7,23.7,24.1,23.6,24.1,41404
2021-09-30,24.2,24.2,24.2,23.5,23.55,152041
2021-10-01,23.5,23.5,24.15,23.4,24.15,59436
2021-10-04,23.25,23.25,23.5,23.1,23.35,59635
2021-10-05,23.55,23.55,23.55,23.15,23.25,36285
2021-10-06,23.2,23.2,23.35,23.2,23.2,26174
2021-10-07,23.6,23.6,23.6,23.3,23.4,15114
2021-10-08,23.5,23.5,23.6,23.5,23.6,10515
2021-10-12,23.6,23.6,23.7,23.5,23.7,4123
2021-10-13,23.5,23.5,24.0,23.15,23.95,83203
2021-10-14,23.55,23.55,23.75,23.25,23.5,11037
2021-10-15,23.55,23.55,23.6,23.4,23.55,48150
2021-10-18,23.6,23.6,23.6,23.45,23.5,12041
2021-10-19,23.6,23.6,23.8,23.4,23.75,31444
2021-10-20,23.8,23.8,23.9,23.5,23.6,68022
2021-10-21,23.8,23.8,23.95,23.5,23.7,52079
2021-10-22,24.3,24.3,24.3,23.95,23.95,123086
2021-10-25,24.0,24.0,24.5,23.85,24.5,66026
2021-10-26,23.95,23.95,24.5,23.85,24.4,146987
2021-10-27,23.8,23.8,23.9,23.65,23.9,56396
2021-10-28,23.8,23.8,23.8,23.6,23.7,35665
2021-10-29,23.95,23.95,24.15,23.8,23.85,34390
2021-11-01,24.0,24.0,24.5,23.95,24.5,24052
2021-11-02,24.05,24.05,24.05,23.9,24.0,36096
2021-11-03,23.8,23.8,24.0,23.65,23.8,41164
2021-11-04,24.0,24.0,24.0,23.8,23.95,18257
2021-11-05,23.85,23.85,24.0,23.7,24.0,79248
2021-11-08,23.45,23.45,23.7,23.35,23.7,136226
2021-11-09,23.4,23.4,23.45,23.05,23.45,141547
2021-11-10,23.25,23.25,23.6,23.2,23.6,54327
2021-11-11,23.3,23.3,23.45,23.1,23.35,57821
2021-11-12,23.1,23.1,23.25,23.0,23.25,113224
2021-11-15,23.35,23.35,23.45,23.25,23.3,33671
2021-11-16,23.5,23.5,23.55,23.45,23.45,52373
2021-11-17,23.35,23.35,23.6,23.35,23.5,33518
2021-11-18,23.5,23.5,23.6,23.25,23.3,37756
2021-11-19,23.5,23.5,23.65,23.5,23.55,15559
2021-11-22,24.0,24.0,24.0,23.45,23.5,68715
2021-11-23,24.3,24.3,24.55,23.8,24.5,331426
2021-11-24,24.35,24.35,24.4,24.0,24.4,22490
2021-11-25,24.1,24.1,24.35,24.0,24.35,51307
2021-11-26,23.9,23.9,24.05,23.7,24.05,41505
2021-11-29,23.95,23.95,24.0,23.85,23.85,51580
2021-11-30,24.0,24.0,24.0,23.65,23.7,18550
2021-12-01,24.0,24.0,24.0,23.8,24.0,61228
2021-12-02,23.7,23.7,23.9,23.65,23.7,70031
2021-12-03,23.5,23.5,23.95,23.35,23.8,384023
2021-12-06,23.3,23.3,23.45,23.2,23.4,42194
2021-12-07,23.3,23.3,23.5,23.3,23.3,31333
2021-12-08,23.3,23.3,23.5,23.3,23.35,24229
2021-12-09,23.7,23.7,24.0,23.6,23.65,108651
2021-12-10,23.5,23.5,23.7,23.4,23.7,50328
2021-12-13,23.55,23.55,23.65,23.5,23.5,34938
2021-12-14,23.9,23.9,24.2,23.5,23.5,120089
2021-12-15,23.8,23.8,24.0,23.75,24.0,40857
2021-12-16,24.1,24.1,24.25,23.85,24.0,149777
2021-12-17,24.15,24.15,24.2,24.0,24.0,99732
2021-12-20,24.1,24.1,24.15,23.85,24.15,78660
2021-12-21,24.1,24.1,24.1,23.95,24.0,92552
2021-12-22,24.2,24.2,24.2,23.85,24.2,79509
2021-12-23,23.65,23.65,24.2,23.6,24.2,110730
2021-12-24,23.8,23.8,23.95,23.65,23.65,25965
2021-12-27,24.1,24.1,24.2,24.0,24.0,73949
2021-12-28,24.1,24.1,24.2,23.95,24.1,41163
2021-12-29,24.1,24.1,24.25,24.0,24.25,53142
2021-12-30,24.35,24.35,24.4,23.9,24.15,131324
2022-01-03,24.45,24.45,24.8,24.35,24.5,188700
2022-01-04,24.55,24.55,24.55,24.25,24.45,94427
2022-01-05,24.65,24.65,24.9,24.5,24.5,230160
2022-01-06,24.65,24.65,24.7,24.55,24.65,51685
2022-01-07,24.6,24.6,24.65,24.35,24.55,54814
2022-01-10,24.65,24.65,24.9,24.55,24.8,89606
2022-01-11,24.55,24.55,24.65,24.35,24.65,77928
2022-01-12,24.45,24.45,24.5,24.25,24.25,12179
2022-01-13,24.8,24.8,24.8,24.35,24.7,76561
2022-01-14,24.65,24.65,24.75,24.4,24.75,36971
2022-01-17,24.5,24.5,24.75,24.5,24.7,75457
2022-01-18,24.4,24.4,24.5,24.3,24.5,43113
2022-01-19,24.15,24.15,24.4,24.1,24.4,7213
2022-01-20,24.1,24.1,24.15,24.05,24.15,18730
2022-01-21,23.8,23.8,24.05,23.2,24.05,260960
2022-01-24,23.85,23.85,23.9,23.6,23.65,28843
2022-01-25,23.7,23.7,23.7,23.6,23.65,42116
2022-01-26,25.0,25.0,25.4,23.5,23.6,117016
2022-02-07,25.8,25.8,25.9,24.75,25.0,365588
2022-02-08,25.7,25.7,25.9,25.55,25.8,203612
2022-02-09,25.65,25.65,25.75,25.45,25.7,144206
2022-02-10,25.4,25.4,25.5,25.35,25.45,36458
2022-02-11,25.4,25.4,25.4,25.2,25.25,38042
2022-02-14,25.35,25.35,25.4,25.05,25.2,47474
2022-02-15,24.75,24.75,25.4,24.65,25.4,92217
2022-02-16,24.95,24.95,25.0,24.8,24.9,46411
2022-02-17,25.05,25.05,25.05,24.55,25.0,79324
2022-02-18,24.9,24.9,25.05,24.9,25.05,8344
2022-02-21,25.0,25.0,25.0,24.9,25.0,11205
2022-02-22,24.35,24.35,25.0,24.1,24.7,52872
2022-02-23,24.55,24.55,24.8,24.55,24.8,11368
2022-02-24,24.35,24.35,24.7,24.1,24.3,63858
2022-02-25,24.55,24.55,24.55,24.35,24.35,17134
2022-03-01,24.75,24.75,24.75,24.65,24.65,7231
2022-03-02,24.35,24.35,24.8,24.35,24.75,60140
2022-03-03,24.9,24.9,25.0,24.4,24.75,83078
2022-03-04,24.5,24.5,24.85,24.45,24.6,87197
2022-03-07,24.05,24.05,24.45,24.05,24.45,34398
2022-03-08,23.9,23.9,24.3,23.8,24.0,18488
2022-03-09,24.05,24.05,24.2,23.8,23.8,46650
2022-03-10,24.1,24.1,24.4,23.95,24.3,55314
2022-03-11,23.9,23.9,24.05,23.9,24.0,41181
2022-03-14,24.0,24.0,24.0,23.6,23.7,64577
2022-03-15,24.1,24.1,24.1,23.8,24.0,29469
2022-03-16,24.1,24.1,24.2,24.0,24.2,24213
2022-03-17,24.7,24.7,25.0,24.2,24.4,37326
2022-03-18,25.0,25.0,25.0,24.2,24.35,64022
2022-03-21,25.15,25.15,25.55,24.9,25.2,167297
2022-03-22,25.1,25.1,25.4,24.7,25.4,52105
2022-03-23,25.15,25.15,25.35,25.0,25.35,35142
2022-03-24,25.05,25.05,25.3,24.85,25.3,26445
2022-03-25,24.95,24.95,25.0,24.9,24.9,30104
2022-03-28,25.05,25.05,25.2,24.9,24.9,44252
2022-03-29,24.95,24.95,25.05,24.95,25.05,25705
2022-03-30,25.15,25.15,25.3,25.0,25.05,91191
2022-03-31,25.0,25.0,25.2,24.95,25.15,72912
2022-04-01,24.8,24.8,25.1,24.75,25.0,29260
2022-04-06,24.85,24.85,25.0,24.85,25.0,8313
2022-04-07,24.4,24.4,25.0,24.4,25.0,113426
2022-04-08,25.1,25.1,25.25,24.4,24.5,109402
2022-04-11,24.7,24.7,25.2,24.65,25.2,49138
2022-04-12,24.7,24.7,25.0,24.7,24.9,42056
2022-04-13,24.8,24.8,24.9,24.6,24.9,24200
2022-04-14,24.95,24.95,25.1,24.85,24.95,28309
2022-04-15,24.9,24.9,25.0,24.8,24.8,49553
2022-04-18,26.35,26.35,26.8,25.1,25.1,780454
2022-04-19,26.2,26.2,27.0,25.55,26.8,669064
2022-04-20,26.4,26.4,26.4,25.7,25.9,169172
2022-04-21,27.25,27.25,27.65,26.25,26.85,634162
2022-04-22,27.1,27.1,27.4,26.75,27.05,543684
2022-04-25,26.6,26.6,27.1,26.2,27.1,222954
2022-04-26,26.3,26.3,27.25,26.2,27.25,219606
2022-04-27,26.5,26.5,26.75,25.8,26.0,183461
2022-04-28,27.3,27.3,28.0,26.7,26.75,521627
2022-04-29,27.0,27.0,27.45,26.8,27.45,191501
2022-05-03,26.3,26.3,27.15,26.2,27.0,97459
2022-05-04,26.55,26.55,26.7,26.2,26.7,88654
2022-05-05,26.55,26.55,26.6,26.15,26.6,76230
2022-05-06,26.4,26.4,26.4,25.85,26.1,55236
2022-05-09,26.45,26.45,26.7,26.2,26.6,180803
2022-05-10,26.45,26.45,26.5,26.0,26.45,90135
2022-05-11,26.4,26.4,26.5,26.0,26.45,31635
2022-05-12,24.25,24.25,26.4,24.25,26.4,173382
2022-05-13,24.25,24.25,24.95,23.85,24.35,102742
2022-05-16,24.2,24.2,24.5,24.0,24.5,43545
2022-05-17,24.25,24.25,24.4,24.2,24.4,13654
2022-05-18,24.35,24.35,24.5,24.15,24.15,25363
2022-05-19,24.2,24.2,24.3,23.9,24.2,46287
2022-05-20,24.55,24.55,24.55,24.1,24.2,17022
2022-05-23,24.9,24.9,24.9,24.5,24.9,22112
2022-05-24,24.95,24.95,24.95,24.55,24.85,19146
2022-05-25,25.0,25.0,25.5,24.75,25.4,14331
2022-05-26,25.2,25.2,25.25,24.9,25.0,28003
2022-05-27,25.3,25.3,25.3,25.3,25.3,2271
2022-05-30,25.2,25.2,25.5,25.2,25.3,27098
2022-05-31,25.2,25.2,25.2,25.0,25.05,6492
2022-06-01,25.0,25.0,25.2,24.65,25.0,31669
2022-06-02,25.3,25.3,25.3,25.0,25.0,11796
2022-06-06,25.45,25.45,25.5,24.8,25.5,145137
2022-06-07,25.05,25.05,25.3,25.05,25.05,18103
2022-06-08,25.2,25.2,25.4,25.0,25.05,538145
2022-06-09,25.1,25.1,25.3,25.0,25.05,35302
2022-06-10,25.35,25.35,25.5,24.8,25.1,45399
2022-06-13,25.15,25.15,25.5,24.8,24.8,45001
2022-06-14,25.05,25.05,25.3,25.05,25.3,36000
2022-06-15,25.9,25.9,27.15,25.25,25.25,268614
2022-06-16,25.45,25.45,26.35,25.45,26.1,147281
2022-06-17,25.55,25.55,25.55,25.25,25.45,38131
2022-06-20,25.5,25.5,26.05,25.5,25.7,133562
2022-06-21,25.75,25.75,25.95,25.4,25.95,132111
2022-06-22,25.2,25.2,25.7,25.2,25.7,121096
2022-06-23,25.2,25.2,25.5,25.0,25.15,78048
2022-06-24,24.5,24.5,24.6,24.15,24.45,106199
2022-06-27,25.0,25.0,25.6,24.7,24.7,113469
2022-06-28,25.45,25.45,25.5,25.0,25.0,17973
2022-06-29,25.05,25.05,25.6,25.05,25.5,46748
2022-06-30,25.2,25.2,25.5,25.0,25.5,65170
2022-07-01,24.95,24.95,25.8,24.6,25.8,939747
2022-07-04,25.35,25.35,25.5,24.95,25.5,135247
2022-07-05,25.55,25.55,25.6,25.3,25.5,114199
2022-07-06,25.15,25.15,25.55,25.05,25.55,39036
2022-07-07,25.2,25.2,25.5,25.05,25.15,39479
2022-07-08,25.4,25.4,25.5,25.1,25.5,33166
2022-07-11,24.9,24.9,25.4,24.6,25.4,65371
2022-07-12,24.6,24.6,25.25,24.6,24.85,115050
2022-07-13,25.0,25.0,25.5,24.7,25.5,17252
2022-07-14,24.9,24.9,25.0,24.8,25.0,38267
2022-07-15,24.7,24.7,24.9,24.6,24.9,597549
2022-07-18,24.7,24.7,25.0,24.55,24.7,18270
2022-07-19,25.05,25.05,25.05,25.0,25.0,13011
2022-07-20,24.75,24.75,25.05,24.75,25.05,61304
2022-07-21,25.4,25.4,25.4,24.6,24.65,48617
2022-07-22,25.0,25.0,25.35,24.75,25.0,63454
2022-07-25,25.8,25.8,25.8,24.8,25.0,74324
2022-07-26,25.8,25.8,25.8,25.4,25.8,106688
2022-07-27,26.05,26.05,26.05,25.2,25.9,184235
2022-07-28,26.5,26.5,27.75,26.2,26.5,1033709
2022-07-29,26.45,26.45,26.85,26.1,26.55,292204
2022-08-01,25.95,25.95,26.2,25.9,26.15,332280
2022-08-02,25.05,25.05,25.7,25.05,25.6,84078
2022-08-03,24.75,24.75,25.85,24.7,25.15,108487
2022-08-04,24.75,24.75,25.0,24.55,25.0,37020
2022-08-05,25.0,25.0,25.0,24.8,24.8,220163
2022-08-08,25.15,25.15,25.15,24.6,24.65,18724
2022-08-09,25.0,25.0,25.0,25.0,25.0,5074
2022-08-10,25.0,25.0,25.1,24.7,24.7,299174
2022-08-11,24.95,24.95,25.0,24.85,24.85,24556
2022-08-12,24.8,24.8,25.0,24.8,24.95,45404
2022-08-15,25.0,25.0,25.1,24.65,24.8,35157
2022-08-16,25.0,25.0,25.1,24.8,24.8,73337
2022-08-17,24.9,24.9,25.0,24.85,25.0,13245
2022-08-18,24.95,24.95,25.25,24.9,25.0,287866
2022-08-19,25.0,25.0,25.05,24.95,25.05,39244
2022-08-22,24.95,24.95,25.4,24.75,24.85,76430
2022-08-23,24.9,24.9,24.95,24.9,24.95,13209
2022-08-24,24.95,24.95,25.05,24.9,24.95,28129
2022-08-25,25.2,25.2,25.2,24.85,24.85,47073
2022-08-26,25.4,25.4,25.7,25.0,25.0,49130
2022-08-29,25.2,25.2,25.6,24.75,25.6,28083
2022-08-30,25.35,25.35,25.4,24.85,24.85,62103
2022-08-31,27.15,27.15,27.5,25.4,26.15,1937397
2022-09-01,26.0,26.0,27.25,25.9,27.2,1622586
2022-09-02,27.0,27.0,27.4,26.15,26.4,2271455
2022-09-05,28.9,28.9,29.7,28.1,28.3,10252421
2022-09-06,27.2,27.2,29.0,27.1,28.35,3444501
2022-09-07,26.4,26.4,27.7,26.4,27.2,1173513
2022-09-08,26.7,26.7,27.25,26.6,26.95,472104
2022-09-12,27.25,27.25,28.35,26.9,27.1,922061
2022-09-13,27.25,27.25,27.85,27.25,27.6,620638
2022-09-14,27.6,27.6,28.2,26.55,26.7,1004536
2022-09-15,27.7,27.7,28.25,27.6,28.1,667613
2022-09-16,27.35,27.35,27.9,27.2,27.65,309135
2022-09-19,27.45,27.45,27.85,27.0,27.6,590202
2022-09-20,27.55,27.55,27.8,27.5,27.5,215687
2022-09-21,27.25,27.25,27.75,27.2,27.45,399377
2022-09-22,28.4,28.4,29.3,27.2,27.2,2408284
2022-09-23,27.15,27.15,31.05,27.15,28.7,5575392
2022-09-26,24.7,24.7,27.05,24.45,27.0,1691508
2022-09-27,25.0,25.0,25.5,24.3,24.8,581521
2022-09-28,25.2,25.2,27.5,25.2,27.3,4186264
2022-09-29,25.75,25.75,26.75,25.55,25.6,1497086
2022-09-30,25.25,25.25,25.5,24.5,25.3,428873
2022-10-03,24.9,24.9,25.7,24.8,25.25,287479
2022-10-04,25.35,25.35,25.7,25.05,25.2,212642
2022-10-05,24.85,24.85,25.5,24.8,25.4,285805
2022-10-06,24.8,24.8,25.0,24.8,25.0,164555
2022-10-07,24.65,24.65,25.0,24.55,24.7,228430
2022-10-11,22.6,22.6,24.4,22.2,24.4,1458135
2022-10-12,22.85,22.85,23.1,22.2,22.55,872200
2022-10-13,22.15,22.15,23.2,21.6,23.0,326651
2022-10-14,22.6,22.6,22.85,22.3,22.45,155621
2022-10-17,22.35,22.35,22.5,21.85,22.0,166417
2022-10-18,22.5,22.5,23.0,22.4,22.45,50335
2022-10-19,22.4,22.4,22.65,22.2,22.45,163311
2022-10-20,22.2,22.2,22.3,21.9,22.05,110094
2022-10-21,22.05,22.05,22.2,21.95,22.15,94171
2022-10-24,22.35,22.35,22.4,22.05,22.1,44130
2022-10-25,21.5,21.5,22.35,21.5,22.35,168933
2022-10-26,21.3,21.3,21.5,21.0,21.5,152950
2022-10-27,21.8,21.8,21.8,21.35,21.35,63092
2022-10-28,21.25,21.25,21.8,21.1,21.65,56220
2022-10-31,21.1,21.1,21.6,21.1,21.45,87308
2022-11-01,21.9,21.9,22.0,21.1,21.1,47293
2022-11-02,22.2,22.2,22.4,21.85,21.85,42203
2022-11-03,22.1,22.1,22.2,21.7,21.8,32665
2022-11-04,22.0,22.0,22.0,21.6,21.75,53200
2022-11-07,22.0,22.0,22.25,21.7,21.95,56973
2022-11-08,22.35,22.35,22.5,22.1,22.1,37340
2022-11-09,22.05,22.05,22.35,21.95,22.1,101773
2022-11-10,21.7,21.7,22.0,21.65,21.95,75413
2022-11-11,21.8,21.8,22.05,21.7,21.9,90378
2022-11-14,21.95,21.95,22.2,21.6,21.8,62367
2022-11-15,21.85,21.85,21.9,21.65,21.8,45783
2022-11-16,22.15,22.15,23.2,22.1,23.2,283173
2022-11-17,22.5,22.5,22.65,22.0,22.3,156587
2022-11-18,22.25,22.25,23.1,22.15,23.0,84733
2022-11-21,22.15,22.15,22.6,22.0,22.6,70916
2022-11-22,22.1,22.1,22.4,22.1,22.35,40585
2022-11-23,22.2,22.2,22.35,22.0,22.1,59420
2022-11-24,22.15,22.15,22.25,22.05,22.2,59171
2022-11-25,22.1,22.1,22.5,22.05,22.15,80321
2022-11-28,22.55,22.55,22.55,22.0,22.1,73352
2022-11-29,22.4,22.4,22.85,22.25,22.55,52091
2022-11-30,22.4,22.4,22.5,22.25,22.4,598848
2022-12-01,22.8,22.8,23.1,22.4,22.6,161599
2022-12-02,22.7,22.7,22.95,22.5,22.7,101424
2022-12-05,23.9,23.9,24.15,22.65,22.65,466388
2022-12-06,23.1,23.1,23.75,23.0,23.45,149758
2022-12-07,23.9,23.9,24.25,23.1,23.25,284280
2022-12-08,23.55,23.55,24.0,23.45,23.9,118787
2022-12-09,23.4,23.4,23.55,23.3,23.4,89682
2022-12-12,24.4,24.4,24.6,23.15,23.4,392417
2022-12-13,26.75,26.75,26.8,24.2,24.7,4123573
2022-12-14,24.7,24.7,26.55,24.55,26.55,1401450
2022-12-15,24.1,24.1,25.0,23.85,24.75,608221
2022-12-16,24.2,24.2,25.0,23.95,24.05,757056
2022-12-19,25.25,25.25,26.2,24.25,24.75,1576884
2022-12-20,24.1,24.1,25.65,23.8,25.3,418335
2022-12-21,24.75,24.75,25.9,24.7,25.1,530832
2022-12-22,25.05,25.05,25.35,24.3,25.35,280778
2022-12-23,25.1,25.1,25.95,24.5,24.8,675127
2022-12-26,25.4,25.4,26.5,25.05,25.35,1064942
2022-12-27,24.55,24.55,25.6,24.4,25.6,450617
2022-12-28,24.1,24.1,24.9,24.1,24.45,187999
2022-12-29,23.7,23.7,24.25,23.7,24.1,203974
2022-12-30,23.7,23.7,23.95,23.6,23.8,99728
2023-01-03,23.5,23.5,23.8,23.25,23.8,91703
2023-01-04,23.45,23.45,23.8,23.35,23.5,76568
2023-01-05,23.4,23.4,23.7,23.3,23.5,81355
2023-01-06,23.4,23.4,23.65,23.4,23.45,114672
2023-01-09,23.4,23.4,23.6,23.4,23.5,23025
2023-01-10,23.25,23.25,23.4,23.15,23.35,74472
2023-01-11,23.2,23.2,23.45,23.2,23.35,28004
2023-01-12,23.0,23.0,23.25,23.0,23.1,64399
2023-01-13,23.05,23.05,23.25,23.05,23.25,50252
2023-01-16,23.2,23.2,23.2,23.0,23.05,69778
2023-01-17,23.2,23.2,23.6,23.2,23.4,64360
2023-01-30,23.45,23.45,23.55,23.25,23.35,40196
2023-01-31,23.95,23.95,24.05,23.55,23.55,103192
2023-02-01,23.8,23.8,24.0,23.7,24.0,45570
2023-02-02,23.85,23.85,24.0,23.6,23.8,72223
2023-02-03,23.9,23.9,24.05,23.75,24.05,56348
2023-02-06,23.9,23.9,24.1,23.8,24.1,76080
2023-02-07,23.8,23.8,24.05,23.8,24.05,29141
2023-02-08,23.85,23.85,23.85,23.75,23.8,50255
2023-02-09,23.75,23.75,23.8,23.65,23.75,38820
2023-02-10,23.75,23.75,24.3,23.6,23.6,62853
2023-02-13,23.65,23.65,23.75,23.55,23.6,22347
2023-02-14,23.7,23.7,23.7,23.5,23.65,100520
2023-02-15,23.7,23.7,23.7,23.5,23.7,78323
2023-02-16,23.5,23.5,23.65,23.5,23.6,66419
2023-02-17,23.55,23.55,23.65,23.5,23.65,28282
2023-02-20,23.6,23.6,23.75,23.5,23.7,46137
2023-02-21,23.7,23.7,23.75,23.6,23.7,36541
2023-02-22,25.45,25.45,26.0,23.65,23.75,1649750
2023-02-23,24.85,24.85,25.2,24.65,25.1,368682
2023-02-24,24.35,24.35,24.85,24.35,24.85,158151
2023-03-01,24.2,24.2,24.7,24.15,24.2,57151
2023-03-02,24.5,24.5,24.6,24.2,24.2,97765
2023-03-03,24.5,24.5,24.75,24.4,24.75,60331
2023-03-06,24.5,24.5,24.7,24.4,24.5,82522
2023-03-07,24.6,24.6,24.65,24.5,24.55,88468
2023-03-08,24.7,24.7,24.8,24.55,24.6,85656
2023-03-09,24.45,24.45,24.7,24.35,24.7,73421
2023-03-10,24.05,24.05,24.35,24.0,24.35,128265
2023-03-13,24.05,24.05,24.1,23.8,24.0,71436
2023-03-14,23.8,23.8,24.05,23.75,24.05,77284
2023-03-15,23.9,23.9,24.05,23.85,23.85,51677
2023-03-16,23.55,23.55,24.0,23.5,23.9,61141
2023-03-17,23.75,23.75,23.75,23.55,23.6,42377
2023-03-20,23.85,23.85,23.95,23.8,23.9,29883
2023-03-21,23.95,23.95,24.15,23.7,23.8,61141
2023-03-22,23.8,23.8,23.9,23.8,23.8,37713
2023-03-23,24.0,24.0,24.5,24.0,24.5,53358
2023-03-24,24.0,24.0,24.0,23.85,23.9,47730
2023-03-27,24.45,24.45,24.55,24.05,24.25,138332
2023-03-28,24.35,24.35,24.5,24.3,24.3,28463
2023-03-29,24.3,24.3,24.55,24.3,24.5,40572
2023-03-30,24.5,24.5,24.7,24.3,24.3,145318
2023-03-31,24.5,24.5,24.6,24.3,24.5,44369
2023-04-06,24.5,24.5,24.65,24.4,24.4,19003
2023-04-07,24.35,24.35,24.6,24.2,24.5,66582
2023-04-10,24.5,24.5,24.5,24.0,24.3,94556
2023-04-11,24.55,24.55,24.65,24.55,24.6,38269
2023-04-12,24.6,24.6,25.5,24.6,24.8,391684
2023-04-13,24.85,24.85,25.1,24.65,25.0,91852
2023-04-14,25.1,25.1,25.35,24.85,25.1,165539
2023-04-17,25.2,25.2,25.9,25.15,25.25,288439
2023-04-18,25.15,25.15,25.8,25.05,25.4,196120
2023-04-19,25.15,25.15,25.25,25.1,25.15,95798
2023-04-20,25.15,25.15,25.9,25.0,25.2,155837
2023-04-21,24.45,24.45,25.1,24.4,25.1,73810
2023-04-24,24.45,24.45,24.95,24.3,24.85,56518
2023-04-25,24.0,24.0,24.55,23.55,24.5,175641
2023-04-26,24.45,24.45,24.55,24.0,24.0,124257
2023-04-27,24.6,24.6,24.7,24.1,24.1,45002
2023-04-28,24.8,24.8,24.9,24.45,24.6,73340
2023-05-02,25.15,25.15,25.35,24.85,24.95,112706
2023-05-03,25.0,25.0,25.25,24.9,25.25,42263
2023-05-04,25.2,25.2,25.3,24.85,24.85,31869
2023-05-05,25.25,25.25,25.3,25.1,25.2,37297
2023-05-08,25.1,25.1,25.5,25.05,25.4,81274
2023-05-09,24.7,24.7,25.1,24.7,24.85,72708
2023-05-10,24.8,24.8,25.0,24.7,24.8,10731
2023-05-11,24.3,24.3,24.7,24.3,24.7,31221
2023-05-12,24.6,24.6,24.7,24.5,24.5,20582
2023-05-15,24.3,24.3,24.5,24.0,24.3,47189
2023-05-16,24.7,24.7,24.8,24.25,24.3,15252
2023-05-17,24.85,24.85,25.05,24.8,24.95,51265
2023-05-18,24.85,24.85,25.0,24.55,25.0,25700
2023-05-19,26.95,26.95,27.3,24.8,24.85,681273
2023-05-22,26.65,26.65,27.0,25.95,27.0,423660
2023-05-23,26.5,26.5,27.5,26.0,26.65,381485
2023-05-24,26.55,26.55,26.75,26.2,26.6,97822
2023-05-25,26.5,26.5,26.55,26.1,26.55,112074
2023-05-26,26.15,26.15,26.35,26.0,26.2,84651
2023-05-29,26.2,26.2,26.3,25.85,26.15,143575
2023-05-30,25.8,25.8,26.3,25.8,26.2,84539
2023-05-31,25.9,25.9,26.15,25.8,25.8,82458
2023-06-01,26.0,26.0,26.1,25.9,25.9,45569
2023-06-02,26.3,26.3,26.5,26.05,26.05,102531
2023-06-05,26.2,26.2,26.35,26.15,26.3,45478
2023-06-06,25.9,25.9,26.25,25.7,26.15,69237
2023-06-07,25.8,25.8,26.0,25.75,26.0,74303
2023-06-08,25.9,25.9,26.2,25.8,26.15,39655
2023-06-09,26.15,26.15,26.15,25.9,26.05,51185
2023-06-12,25.7,25.7,26.1,25.6,26.1,73883
2023-06-13,25.65,25.65,25.75,25.3,25.75,86768
2023-06-14,25.45,25.45,25.5,25.3,25.4,64050
2023-06-15,25.15,25.15,25.45,25.1,25.45,137132
2023-06-16,25.3,25.3,25.45,25.1,25.15,67742
2023-06-19,25.3,25.3,25.45,25.1,25.4,69825
2023-06-20,25.45,25.45,25.45,25.2,25.3,47901
2023-06-21,25.85,25.85,25.85,25.1,25.2,82497
2023-06-26,25.55,25.55,25.55,25.3,25.45,66367
2023-06-27,25.8,25.8,25.85,25.4,25.65,126604
2023-06-28,25.1,25.1,25.4,25.05,25.05,76123
2023-06-29,25.05,25.05,25.3,25.0,25.2,75332
2023-06-30,25.15,25.15,25.15,25.0,25.1,31857
2023-07-03,25.05,25.05,25.15,25.05,25.05,68494
2023-07-04,24.95,24.95,25.1,24.9,25.1,97426
2023-07-05,24.95,24.95,25.0,24.9,25.0,13407
2023-07-06,24.8,24.8,25.0,24.75,24.95,35815
2023-07-07,24.7,24.7,24.8,24.65,24.8,38106
2023-07-10,24.55,24.55,24.7,24.55,24.7,71105
2023-07-11,24.75,24.75,24.75,24.6,24.6,71297
2023-07-12,24.8,24.8,25.15,24.75,24.8,36827
2023-07-13,24.7,24.7,24.9,24.7,24.8,31156
2023-07-14,24.7,24.7,24.85,24.6,24.75,54311
2023-07-17,24.75,24.75,24.85,24.65,24.75,52163
2023-07-18,24.55,24.55,24.75,24.5,24.75,53865
2023-07-19,24.85,24.85,25.15,24.55,24.55,123283
2023-07-20,24.75,24.75,25.0,24.7,24.7,97700
2023-07-21,24.75,24.75,24.95,24.75,24.9,22272
2023-07-24,24.6,24.6,24.75,24.6,24.7,44580
2023-07-25,24.75,24.75,24.95,24.6,24.8,36778
2023-07-26,24.65,24.65,24.75,24.65,24.65,12853
2023-07-27,24.7,24.7,24.8,24.55,24.55,53449
2023-07-28,24.65,24.65,24.8,24.65,24.7,23582
2023-07-31,24.6,24.6,24.85,24.6,24.8,43928
2023-08-01,24.65,24.65,24.8,24.6,24.65,35751
2023-08-02,24.5,24.5,24.9,24.35,24.9,52165
2023-08-04,24.6,24.6,24.6,24.55,24.6,8222
2023-08-07,24.55,24.55,24.65,24.1,24.65,42858
2023-08-08,24.6,24.6,24.6,24.3,24.4,13883
2023-08-09,24.5,24.5,24.6,24.4,24.4,15076
2023-08-10,24.2,24.2,24.5,24.2,24.2,24023
2023-08-11,24.2,24.2,24.3,24.2,24.2,11062
2023-08-14,23.4,23.4,24.05,23.05,24.05,95227
2023-08-15,23.25,23.25,23.5,23.2,23.35,38969
2023-08-16,23.3,23.3,23.6,23.25,23.6,14938
2023-08-17,23.3,23.3,23.4,23.2,23.2,20899
2023-08-18,23.2,23.2,23.35,23.05,23.1,16028
2023-08-21,23.6,23.6,23.65,23.05,23.2,27508
2023-08-22,23.45,23.45,23.6,23.45,23.6,9998
2023-08-23,23.85,23.85,24.05,23.5,23.5,11050
2023-08-24,23.5,23.5,23.65,23.25,23.4,111066
2023-08-25,23.65,23.65,23.65,23.55,23.6,7480
2023-08-28,23.4,23.4,23.5,23.4,23.45,37525
2023-08-29,23.45,23.45,23.7,23.45,23.6,9414
2023-08-30,23.5,23.5,23.5,23.45,23.45,12599
2023-08-31,23.4,23.4,23.45,23.35,23.45,9944
2023-09-01,23.4,23.4,23.45,23.35,23.45,10223
2023-09-04,23.4,23.4,23.4,23.15,23.4,51178
2023-09-05,23.3,23.3,23.6,23.3,23.4,34727
2023-09-06,23.35,23.35,23.4,23.3,23.4,21526
2023-09-07,23.3,23.3,23.4,23.15,23.15,20415
2023-09-08,23.4,23.4,23.4,23.2,23.2,7967
2023-09-11,23.4,23.4,23.6,23.35,23.55,9851
2023-09-12,23.4,23.4,23.45,23.3,23.3,13248
2023-09-13,23.3,23.3,23.5,23.3,23.4,35265
2023-09-14,23.45,23.45,23.45,23.3,23.3,8619
2023-09-15,23.5,23.5,23.6,23.3,23.6,51908
2023-09-18,23.3,23.3,23.5,23.2,23.5,36953
2023-09-19,23.3,23.3,23.3,23.2,23.3,33103
2023-09-20,23.2,23.2,23.3,23.1,23.3,17403
2023-09-21,23.1,23.1,23.15,23.05,23.05,11741
2023-09-22,23.2,23.2,23.3,23.2,23.3,4280
2023-09-25,23.35,23.35,23.4,23.3,23.3,11783
2023-09-26,23.15,23.15,23.25,23.15,23.15,7090
2023-09-27,23.2,23.2,23.2,23.0,23.15,36460
2023-09-28,23.05,23.05,23.15,23.0,23.0,11621
2023-10-02,23.0,23.0,23.3,23.0,23.3,37051
2023-10-03,23.0,23.0,23.0,22.95,23.0,129524
2023-10-04,22.95,22.95,22.95,22.95,22.95,102838
2023-10-05,22.85,22.85,23.0,22.8,23.0,154009
2023-10-06,22.8,22.8,23.0,22.8,23.0,138729
2023-10-11,22.8,22.8,23.15,22.8,23.15,120921
2023-10-12,23.05,23.05,23.05,22.85,22.9,118965
2023-10-13,23.0,23.0,23.1,23.0,23.1,93947
2023-10-16,23.0,23.0,23.0,22.75,22.75,10362
2023-10-17,22.9,22.9,23.0,22.8,22.9,32817
2023-10-18,22.85,22.85,22.95,22.8,22.8,41215
2023-10-19,22.75,22.75,22.85,22.65,22.85,24818
2023-10-20,22.9,22.9,22.9,22.75,22.85,14275
2023-10-23,22.9,22.9,22.9,22.8,22.8,7686
2023-10-24,23.05,23.05,23.05,23.0,23.0,14319
2023-10-25,23.1,23.1,23.1,23.0,23.05,27023
2023-10-26,22.95,22.95,23.1,22.95,23.1,18904
2023-10-27,23.0,23.0,23.2,23.0,23.1,37992
2023-10-30,22.95,22.95,23.0,22.95,23.0,11093
2023-10-31,22.85,22.85,23.25,22.8,22.95,33597
2023-11-01,23.0,23.0,23.0,22.85,22.9,3572
2023-11-02,23.0,23.0,23.0,22.85,22.85,3530
2023-11-03,23.1,23.1,23.1,23.0,23.05,20077
2023-11-06,23.2,23.2,23.2,23.0,23.0,25300
2023-11-07,23.4,23.4,23.45,23.2,23.2,59384
2023-11-08,23.5,23.5,23.95,23.25,23.95,49200
2023-11-09,23.25,23.25,23.5,23.25,23.4,29278
2023-11-10,23.4,23.4,23.5,23.4,23.5,5423
2023-11-13,23.3,23.3,23.4,23.3,23.4,8007
2023-11-14,23.3,23.3,23.3,23.05,23.25,19777
2023-11-15,23.35,23.35,23.4,23.35,23.4,18119
2023-11-16,23.4,23.4,23.55,23.4,23.4,6908
2023-11-17,23.65,23.65,23.7,23.4,23.6,19280
2023-11-20,23.95,23.95,23.95,23.7,23.7,28467
2023-11-21,23.5,23.5,23.85,23.45,23.45,45939
2023-11-22,23.7,23.7,24.15,23.6,23.6,67484
2023-11-23,23.75,23.75,23.8,23.65,23.65,41091
2023-11-24,23.8,23.8,23.8,23.5,23.75,12338
2023-11-27,24.3,24.3,24.3,23.95,23.95,103945
2023-11-28,24.1,24.1,24.5,24.1,24.5,38397
2023-11-29,24.2,24.2,24.2,24.0,24.1,29031
2023-11-30,24.4,24.4,24.4,24.0,24.2,41708
2023-12-01,24.2,24.2,24.5,24.15,24.5,46030
2023-12-04,24.05,24.05,24.3,24.0,24.2,83130
2023-12-05,24.4,24.4,24.5,24.0,24.25,85406
2023-12-06,24.45,24.45,24.55,24.2,24.5,104716
2023-12-07,24.45,24.45,25.3,24.3,25.3,29377
2023-12-08,24.5,24.5,24.6,24.3,24.45,22824
2023-12-11,24.3,24.3,24.6,23.9,24.6,47954
2023-12-12,24.45,24.45,24.45,24.25,24.3,15113
2023-12-13,24.4,24.4,24.45,24.4,24.45,13390
2023-12-14,24.4,24.4,24.5,24.25,24.5,23036
2023-12-15,24.0,24.0,24.35,23.9,24.2,86209
2023-12-18,24.2,24.2,24.3,24.0,24.25,63489
2023-12-19,24.35,24.35,24.35,24.0,24.0,32942
2023-12-20,24.4,24.4,24.8,24.1,24.45,83499
2023-12-21,24.3,24.3,24.45,24.1,24.1,54915
2023-12-22,24.35,24.35,24.35,24.1,24.3,23074
2023-12-25,24.1,24.1,24.3,24.0,24.2,47149
2023-12-26,24.6,24.6,25.35,24.4,24.8,319662
2023-12-27,24.6,24.6,24.85,24.5,24.85,74548
2023-12-28,24.7,24.7,24.8,24.45,24.7,53669
2023-12-29,24.7,24.7,24.7,24.5,24.7,5784
2024-01-02,24.35,24.35,24.8,24.35,24.8,20103
2024-01-03,24.3,24.3,24.65,24.3,24.65,22188
2024-01-04,24.35,24.35,24.55,24.2,24.55,29690
2024-01-05,24.4,24.4,24.4,24.3,24.3,22777
2024-01-08,24.4,24.4,24.45,24.3,24.45,26831
2024-01-09,24.3,24.3,24.45,24.3,24.4,20563
2024-01-10,24.3,24.3,24.5,24.1,24.35,23077
2024-01-11,24.4,24.4,24.4,24.2,24.35,36645
2024-01-12,24.25,24.25,24.4,24.25,24.3,5915
2024-01-15,23.95,23.95,24.2,23.95,24.1,44907
2024-01-16,23.8,23.8,23.95,23.65,23.95,63628
2024-01-17,23.6,23.6,23.9,23.45,23.75,56386
2024-01-18,23.65,23.65,23.8,23.35,23.8,10145
2024-01-19,23.6,23.6,23.85,23.35,23.6,25452
2024-01-22,23.6,23.6,23.6,23.4,23.4,60182
2024-01-23,23.65,23.65,23.65,23.4,23.55,60052
2024-01-24,23.75,23.75,23.85,23.6,23.6,86281
2024-01-25,23.6,23.6,23.75,23.55,23.75,80518
2024-01-26,23.6,23.6,23.6,23.3,23.6,77116
2024-01-29,23.7,23.7,23.85,23.6,23.6,23954
2024-01-30,23.6,23.6,23.7,23.4,23.7,66274
2024-01-31,23.4,23.4,23.5,23.3,23.5,62937
2024-02-01,23.5,23.5,23.55,23.4,23.5,28612
2024-02-02,23.6,23.6,23.7,23.4,23.5,32958
2024-02-05,23.35,23.35,23.65,23.35,23.65,57532
2024-02-15,23.45,23.45,23.45,23.1,23.4,120911
2024-02-16,23.4,23.4,23.5,23.3,23.5,38219
2024-02-19,23.55,23.55,23.65,23.4,23.45,55509
2024-02-20,23.55,23.55,23.7,23.5,23.65,57473
2024-02-21,23.0,23.0,23.55,22.95,23.5,261141
2024-02-22,23.25,23.25,23.25,22.65,23.1,478093
2024-02-23,23.35,23.35,23.45,23.2,23.25,153743
2024-02-26,23.2,23.2,23.35,23.0,23.2,140840
2024-02-27,22.95,22.95,23.35,22.7,23.2,194949
2024-02-29,23.15,23.15,23.2,23.0,23.0,46991
2024-03-01,22.7,22.7,23.2,22.6,23.2,287181
2024-03-04,22.9,22.9,22.95,22.6,22.7,214471
2024-03-05,22.6,22.6,23.1,22.55,23.05,385227
2024-03-06,23.1,23.1,23.25,22.55,22.6,335948
2024-03-07,22.9,22.9,23.2,22.85,23.2,60634
2024-03-08,22.5,22.5,22.95,22.5,22.8,172497
2024-03-11,22.65,22.65,22.85,22.5,22.6,96592
2024-03-12,22.7,22.7,22.95,22.5,22.9,258120
2024-03-13,23.1,23.1,23.3,22.9,23.0,362292
2024-03-14,22.7,22.7,23.3,22.5,23.3,299529
2024-03-15,22.55,22.55,23.0,22.2,23.0,278340
2024-03-18,22.2,22.2,22.8,22.2,22.65,172587
2024-03-19,22.5,22.5,22.65,22.25,22.25,95868
2024-03-20,22.6,22.6,22.7,22.5,22.55,195062
2024-03-21,22.55,22.55,22.65,22.55,22.65,45133
2024-03-22,22.55,22.55,22.75,22.55,22.7,116936
2024-03-25,22.5,22.5,22.7,22.45,22.55,90132
2024-03-26,22.15,22.15,22.5,22.15,22.5,337252
2024-03-27,22.2,22.2,22.65,22.15,22.15,259783
2024-03-28,22.55,22.55,22.55,22.4,22.5,96502
2024-03-29,22.35,22.35,22.55,22.0,22.55,280935
2024-04-01,21.9,21.9,22.5,21.6,22.45,804468
2024-04-02,21.65,21.65,21.95,21.4,21.9,668794
2024-04-03,21.85,21.85,21.9,21.4,21.65,292739
2024-04-08,22.55,22.55,22.55,21.95,21.95,314632
2024-04-09,22.6,22.6,22.95,22.45,22.7,243192
2024-04-10,22.4,22.4,22.6,22.3,22.6,162098
2024-04-11,22.7,22.7,22.9,22.5,22.85,235579
2024-04-12,22.75,22.75,22.8,22.45,22.65,139834
2024-04-15,22.55,22.55,22.55,22.35,22.5,115835
2024-04-16,22.0,22.0,22.45,21.9,22.45,110209
2024-04-17,22.2,22.2,22.25,22.0,22.0,22903
2024-04-18,22.25,22.25,22.4,22.2,22.2,25562
2024-04-19,22.1,22.1,22.4,21.85,22.4,52519
2024-04-22,21.95,21.95,22.05,21.85,21.85,17248
2024-04-23,22.15,22.15,22.2,22.0,22.05,36506
2024-04-24,22.1,22.1,22.3,22.05,22.2,162731
2024-04-25,22.15,22.15,22.2,22.1,22.1,32891
2024-04-26,22.9,22.9,22.9,22.15,22.15,327026
2024-04-29,23.1,23.1,23.1,22.9,23.05,222209
2024-04-30,23.3,23.3,23.45,22.9,23.2,377765
2024-05-02,23.2,23.2,23.35,23.0,23.35,64035
2024-05-03,23.15,23.15,23.5,23.0,23.3,153491
2024-05-06,22.8,22.8,23.4,22.8,23.4,118794
2024-05-07,22.7,22.7,22.9,22.5,22.75,165380
2024-05-08,23.3,23.3,23.75,22.9,22.9,428070
2024-05-09,23.15,23.15,23.6,23.15,23.3,116906
2024-05-10,23.55,23.55,23.85,23.35,23.35,216767
2024-05-13,23.75,23.75,23.9,23.45,23.9,150661
2024-05-14,23.7,23.7,23.8,23.5,23.6,250641
2024-05-15,23.8,23.8,23.85,23.55,23.6,269750
2024-05-16,23.7,23.7,23.85,23.6,23.85,114374
2024-05-17,24.2,24.2,24.35,23.55,23.7,365699
2024-05-20,24.6,24.6,25.35,24.35,25.35,303179
2024-05-21,24.5,24.5,24.85,24.35,24.75,239880
2024-05-22,24.7,24.7,24.8,24.25,24.5,309753
2024-05-23,24.45,24.45,24.7,24.45,24.7,145078
2024-05-24,24.4,24.4,24.45,24.2,24.4,130091
2024-05-27,24.45,24.45,24.45,24.25,24.4,97814
2024-05-28,24.35,24.35,24.45,24.25,24.45,160601
2024-05-29,24.6,24.6,24.6,24.2,24.35,100031
2024-05-30,24.45,24.45,24.7,24.3,24.35,135666
2024-05-31,24.6,24.6,24.75,24.4,24.6,89919
2024-06-03,24.7,24.7,24.8,24.5,24.6,163923
2024-06-04,24.6,24.6,24.7,24.55,24.6,114794
2024-06-05,24.6,24.6,24.7,24.6,24.6,68486
2024-06-06,24.6,24.6,24.65,24.5,24.55,41589
2024-06-07,24.6,24.6,25.0,24.55,24.6,178014
2024-06-11,24.65,24.65,24.75,24.4,24.65,104807
2024-06-12,24.5,24.5,24.75,24.45,24.65,57040
2024-06-13,24.45,24.45,24.5,24.35,24.5,51153
2024-06-14,24.5,24.5,24.55,24.4,24.45,80797
2024-06-17,23.9,23.9,24.15,23.8,23.8,159875
2024-06-18,23.95,23.95,24.1,23.9,24.0,24863
2024-06-19,23.95,23.95,24.9,23.9,24.3,274287
2024-06-20,24.0,24.0,24.05,23.85,23.95,59527
2024-06-21,23.9,23.9,24.0,23.9,24.0,24038
2024-06-24,23.9,23.9,24.0,23.85,23.9,58990
2024-06-25,23.95,23.95,24.2,23.85,24.2,32122
2024-06-26,24.0,24.0,24.15,23.95,24.05,51826
2024-06-27,23.9,23.9,24.0,23.85,24.0,46434
2024-06-28,23.9,23.9,23.95,23.75,23.8,44256
2024-07-01,23.95,23.95,24.0,23.7,23.8,80152
2024-07-02,24.05,24.05,24.1,23.95,23.95,109408
2024-07-03,23.8,23.8,24.1,23.8,23.9,92882
2024-07-04,23.75,23.75,23.85,23.7,23.75,109875
2024-07-05,23.9,23.9,23.95,23.75,23.75,40433
2024-07-08,24.05,24.05,24.2,23.95,24.15,102956
2024-07-09,23.7,23.7,24.1,23.4,24.1,72591
2024-07-10,23.85,23.85,23.85,23.6,23.6,31045
2024-07-11,23.65,23.65,23.85,23.6,23.7,65142
2024-07-12,23.55,23.55,23.7,23.5,23.7,63530
2024-07-15,23.35,23.35,23.5,23.25,23.5,92761
2024-07-16,23.3,23.3,23.45,23.15,23.15,47601
2024-07-17,23.55,23.55,23.6,23.35,23.35,83763
2024-07-18,23.5,23.5,23.65,23.5,23.55,53319
2024-07-19,23.4,23.4,23.55,23.2,23.55,38359
2024-07-22,23.25,23.25,23.4,23.1,23.2,83090
2024-07-23,23.25,23.25,23.4,23.25,23.4,31808
2024-07-26,23.2,23.2,23.25,23.2,23.25,32124
2024-07-29,23.5,23.5,23.55,23.2,23.2,54663
2024-07-30,23.6,23.6,24.6,23.3,23.5,396951
2024-07-31,23.85,23.85,23.85,23.45,23.6,42657
2024-08-01,23.6,23.6,23.85,23.55,23.85,82080
2024-08-02,23.4,23.4,23.55,23.4,23.4,32730
2024-08-05,22.0,22.0,23.25,21.7,23.25,134205
2024-08-06,22.1,22.1,22.1,21.45,22.0,34477
2024-08-07,22.35,22.35,22.5,22.35,22.4,15968
2024-08-08,22.35,22.35,22.9,22.25,22.35,9206
2024-08-09,22.3,22.3,22.8,22.3,22.3,53274
2024-08-12,22.65,22.65,22.65,22.35,22.45,51421
2024-08-13,22.45,22.45,22.7,22.4,22.65,23214
2024-08-14,22.35,22.35,22.45,22.35,22.45,82170
2024-08-15,22.5,22.5,22.5,22.25,22.3,144196
2024-08-16,22.55,22.55,22.6,22.3,22.35,69264
2024-08-19,22.7,22.7,22.75,22.7,22.7,23275
2024-08-20,22.7,22.7,22.75,22.7,22.75,22977
2024-08-21,22.95,22.95,22.95,22.65,22.65,33123
2024-08-22,22.8,22.8,22.9,22.75,22.8,16306
2024-08-23,23.45,23.45,23.45,22.75,23.0,37175
2024-08-26,23.75,23.75,23.75,23.1,23.1,21120
2024-08-27,23.9,23.9,23.9,23.2,23.5,50338
2024-08-28,23.8,23.8,24.0,23.8,23.95,54261
2024-08-29,23.65,23.65,23.85,23.4,23.8,39667
2024-08-30,23.7,23.7,23.7,23.4,23.6,46917
2024-09-02,23.45,23.45,23.75,23.4,23.75,44988
2024-09-03,23.3,23.3,23.45,23.3,23.45,24654
2024-09-04,22.85,22.85,23.65,22.45,22.45,117384
2024-09-05,22.8,22.8,23.0,22.5,23.0,58137
2024-09-06,22.9,22.9,23.15,22.55,22.55,12626
2024-09-09,22.7,22.7,22.9,22.6,22.9,33454
2024-09-10,22.65,22.65,22.9,22.65,22.9,11759
2024-09-11,22.95,22.95,22.95,22.5,22.5,26821
2024-09-12,22.95,22.95,23.15,22.95,23.0,44061
2024-09-13,23.0,23.0,23.15,22.85,23.15,35231
2024-09-16,22.9,22.9,23.1,22.8,23.0,51425
2024-09-18,22.85,22.85,22.9,22.8,22.9,47699
2024-09-19,22.8,22.8,22.85,22.75,22.75,21487
2024-09-20,23.1,23.1,23.15,22.9,23.15,43446
2024-09-23,22.95,22.95,23.55,22.95,23.55,29317
2024-09-24,22.9,22.9,23.0,22.9,22.9,17330
2024-09-25,22.9,22.9,23.1,22.8,22.9,41954
2024-09-26,22.7,22.7,23.15,22.6,23.1,100565
2024-09-27,22.85,22.85,22.85,22.75,22.75,31273
2024-09-30,23.1,23.1,23.1,22.8,22.85,39604
2024-10-01,23.0,23.0,23.1,22.95,23.1,38696
2024-10-04,22.85,22.85,22.95,22.8,22.95,26805
2024-10-07,22.85,22.85,23.0,22.85,22.9,31761
2024-10-08,22.7,22.7,22.8,22.6,22.8,25278
2024-10-09,22.55,22.55,22.75,22.5,22.75,50118
2024-10-11,22.6,22.6,22.8,22.45,22.45,34652
2024-10-14,22.45,22.45,22.55,22.3,22.3,27446
2024-10-15,22.45,22.45,22.6,22.45,22.6,19579
2024-10-16,22.35,22.35,22.6,22.35,22.6,25304
2024-10-17,22.3,22.3,22.65,22.3,22.35,25120
2024-10-18,22.3,22.3,22.5,22.15,22.5,39582
2024-10-21,22.2,22.2,22.5,22.2,22.5,33601
2024-10-22,22.25,22.25,22.65,22.25,22.4,398337
2024-10-23,22.25,22.25,22.6,22.2,22.25,77857
2024-10-24,21.8,21.8,22.25,21.8,22.25,201184
2024-10-25,21.85,21.85,21.95,21.8,21.85,28585
2024-10-28,21.45,21.45,22.05,21.3,22.05,276080
2024-10-29,21.05,21.05,21.6,21.05,21.45,256250
2024-10-30,21.15,21.15,21.35,21.0,21.2,155909
2024-11-01,21.75,21.75,21.75,21.0,21.2,226584
2024-11-04,21.6,21.6,21.9,21.6,21.75,152767
2024-11-05,21.8,21.8,21.9,21.6,21.65,35663
2024-11-06,21.45,21.45,22.0,21.4,22.0,140290
2024-11-07,21.55,21.55,21.65,21.45,21.45,141459
2024-11-08,21.4,21.4,21.55,21.4,21.5,74865
2024-11-11,21.05,21.05,21.4,20.9,21.4,133662
2024-11-12,20.8,20.8,21.1,20.8,21.1,174478
2024-11-13,20.7,20.7,21.7,20.7,21.7,66316
2024-11-14,20.35,20.35,21.2,20.35,20.65,176473
2024-11-15,20.35,20.35,20.55,20.0,20.4,179023
2024-11-18,20.0,20.0,20.35,20.0,20.35,230434
2024-11-19,20.15,20.15,20.2,20.0,20.1,149331
2024-11-20,20.25,20.25,20.45,19.95,20.15,200411
2024-11-21,20.15,20.15,20.2,19.95,20.1,150369
2024-11-22,20.05,20.05,20.35,20.0,20.15,150849
2024-11-25,20.3,20.3,20.4,20.2,20.4,16903
2024-11-26,20.4,20.4,20.65,20.25,20.65,39330
2024-11-27,20.35,20.35,20.8,20.35,20.8,57296
2024-11-28,20.25,20.25,20.45,20.1,20.3,34218
2024-11-29,20.3,20.3,20.45,20.3,20.3,15271
2024-12-02,20.35,20.35,20.5,20.3,20.45,10079
2024-12-03,20.3,20.3,20.5,20.3,20.5,15488
2024-12-04,20.3,20.3,20.5,20.25,20.4,33609
2024-12-05,20.35,20.35,20.5,20.35,20.45,16024
2024-12-06,20.15,20.15,20.45,20.15,20.45,37106
2024-12-09,20.15,20.15,20.15,20.15,20.15,24656
2024-12-10,20.05,20.05,20.2,20.05,20.15,31338
2024-12-11,20.35,20.35,20.5,20.05,20.1,29521
2024-12-12,20.3,20.3,20.35,20.3,20.3,68453
2024-12-13,20.15,20.15,20.45,19.9,20.4,120449
2024-12-16,19.95,19.95,20.2,19.85,20.15,33163
2024-12-17,19.95,19.95,19.95,19.9,19.9,22862
2024-12-18,20.05,20.05,20.15,19.95,19.95,9824
2024-12-19,19.95,19.95,20.3,19.85,20.3,27705
2024-12-20,19.5,19.5,20.2,19.45,20.0,257087
2024-12-23,19.6,19.6,19.7,19.55,19.6,25807
2024-12-24,19.8,19.8,19.8,19.6,19.6,17677
2024-12-25,19.9,19.9,20.05,19.75,20.0,15730
2024-12-26,20.1,20.1,20.2,19.85,19.85,72971
2024-12-27,20.15,20.15,20.5,20.15,20.2,61282
2024-12-30,20.35,20.35,20.45,20.1,20.45,17127
2024-12-31,20.2,20.2,20.7,20.2,20.4,19674
2025-01-02,20.1,20.1,20.6,20.1,20.6,13337
2025-01-03,20.05,20.05,20.15,20.05,20.1,13570
2025-01-06,20.2,20.2,20.35,20.2,20.3,19822
2025-01-07,20.0,20.0,20.1,20.0,20.0,11115
2025-01-08,19.95,19.95,20.15,19.95,20.1,10393
2025-01-09,19.7,19.7,19.9,19.7,19.85,36116
2025-01-10,19.8,19.8,20.0,19.7,19.7,32713
2025-01-13,19.25,19.25,20.2,19.2,20.2,57722
2025-01-14,19.25,19.25,19.65,19.2,19.2,34840
2025-01-15,19.25,19.25,19.55,19.25,19.55,35864
2025-01-16,19.45,19.45,19.55,19.3,19.55,22165
2025-01-17,19.35,19.35,19.5,19.35,19.45,24451
2025-01-20,19.35,19.35,19.85,19.25,19.85,52114
2025-01-21,19.45,19.45,19.45,19.2,19.35,12060
2025-01-22,20.0,20.0,20.0,19.65,19.9,66838
2025-02-03,20.1,20.1,20.3,19.8,20.0,38401
2025-02-04,20.05,20.05,20.2,20.0,20.1,22349
2025-02-05,20.1,20.1,20.2,20.0,20.0,14901
2025-02-06,20.0,20.0,20.1,19.9,20.1,39226
2025-02-07,20.05,20.05,20.1,20.0,20.1,18949
2025-02-10,20.15,20.15,20.3,20.15,20.15,24566
2025-02-11,20.05,20.05,20.15,20.05,20.15,23146
2025-02-12,20.05,20.05,20.2,20.05,20.05,18708
2025-02-13,20.05,20.05,20.15,20.05,20.1,35986
2025-02-14,20.2,20.2,20.3,20.05,20.3,37053
2025-02-17,20.0,20.0,20.25,19.95,20.25,69696
2025-02-18,19.95,19.95,20.05,19.85,20.05,57540
2025-02-19,19.95,19.95,20.2,19.9,20.2,40843
2025-02-20,20.0,20.0,20.15,19.9,20.0,34355
2025-02-21,20.25,20.25,20.25,20.1,20.1,26769
2025-02-24,20.35,20.35,20.4,20.2,20.35,61928
2025-02-25,20.4,20.4,20.5,20.35,20.4,19189
2025-02-26,20.4,20.4,20.4,20.2,20.3,16219
2025-02-27,20.3,20.3,20.4,20.25,20.4,16768
2025-03-03,20.15,20.15,20.35,20.15,20.3,21992
2025-03-04,20.3,20.3,20.35,20.1,20.1,20209
2025-03-05,22.3,22.3,22.3,20.3,20.3,152565
2025-03-06,21.55,21.55,22.15,21.5,22.15,287133
2025-03-07,21.6,21.6,22.1,21.3,21.45,101856
2025-03-10,22.2,22.2,22.45,21.55,21.55,230222
2025-03-11,22.3,22.3,22.3,21.5,21.8,162056
2025-03-12,22.1,22.1,22.7,22.1,22.3,87487
2025-03-13,22.25,22.25,22.75,21.65,22.75,195108
2025-03-14,22.45,22.45,22.45,22.0,22.25,82119
2025-03-17,23.15,23.15,23.2,22.5,22.5,420661
2025-03-18,22.95,22.95,23.15,22.9,23.15,177629
2025-03-19,22.4,22.4,23.35,22.4,22.75,485148
2025-03-20,21.7,21.7,22.55,21.65,22.5,257231
2025-03-21,23.0,23.0,23.0,21.75,21.85,242077
2025-03-24,22.85,22.85,23.0,22.5,23.0,65759
2025-03-25,22.6,22.6,22.85,22.45,22.85,41837
2025-03-26,22.5,22.5,22.6,22.4,22.6,77070
2025-03-27,21.6,21.6,22.35,21.55,22.35,44255
2025-03-28,21.2,21.2,21.35,20.95,21.35,70746
2025-03-31,20.2,20.2,20.7,20.0,20.7,58460
2025-04-01,20.55,20.55,20.65,20.2,20.2,23195
2025-04-02,20.7,20.7,20.7,20.1,20.55,25045
2025-04-07,18.65,18.65,18.85,18.65,18.65,140056
2025-04-08,18.3,18.3,18.65,18.0,18.0,57518
2025-04-09,17.2,17.2,18.35,17.2,18.3,120143
2025-04-10,18.9,18.9,18.9,18.5,18.5,72968
2025-04-11,18.35,18.35,18.6,17.6,17.6,51884
2025-04-14,18.55,18.55,18.75,18.4,18.75,35506
2025-04-15,19.95,19.95,20.3,18.55,18.6,99183
2025-04-16,19.3,19.3,19.9,19.2,19.9,22125
2025-04-17,19.15,19.15,19.4,18.9,19.4,17255
2025-04-18,19.1,19.1,19.3,19.0,19.05,38828
2025-04-21,18.65,18.65,19.1,18.6,19.1,19418
2025-04-22,18.55,18.55,18.9,18.5,18.75,9100
2025-04-23,19.25,19.25,19.25,18.65,18.65,30019
2025-04-24,19.45,19.45,19.7,19.2,19.7,13805
2025-04-25,19.4,19.4,20.7,19.3,20.7,30546
2025-04-28,19.25,19.25,19.4,19.0,19.4,30414
2025-04-29,19.6,19.6,19.65,19.25,19.5,29595
2025-04-30,19.75,19.75,20.1,19.55,19.6,37316
2025-05-02,20.2,20.2,20.2,19.9,19.9,23954
2025-05-05,20.2,20.2,20.3,19.75,20.2,30796
2025-05-06,20.35,20.35,20.4,19.65,19.65,39134
2025-05-07,20.15,20.15,20.3,20.0,20.3,29315
2025-05-08,20.1,20.1,20.2,20.0,20.2,20982
2025-05-09,20.2,20.2,20.3,19.9,20.2,40207
2025-05-12,20.45,20.45,20.65,20.3,20.3,9325
2025-05-13,20.5,20.5,21.65,20.4,21.45,26895
2025-05-14,20.7,20.7,21.0,20.3,20.35,50396
2025-05-15,20.6,20.6,20.8,20.6,20.7,10358
2025-05-16,20.35,20.35,20.6,20.25,20.25,21331
2025-05-19,20.15,20.15,20.35,20.1,20.35,32169
2025-05-20,20.4,20.4,20.7,20.15,20.15,10038
2025-05-21,20.5,20.5,20.55,20.25,20.4,8313
2025-05-22,20.7,20.7,21.2,20.2,21.2,25839
2025-05-23,20.65,20.65,20.7,20.65,20.7,6562
2025-05-26,20.45,20.45,20.5,20.15,20.3,23338
2025-05-27,20.35,20.35,20.75,20.35,20.75,13352
2025-05-28,20.45,20.45,20.55,20.35,20.5,21600
2025-05-29,20.7,20.7,21.85,20.65,21.15,105030
2025-06-02,20.25,20.25,20.3,20.1,20.3,28267
2025-06-03,20.2,20.2,20.4,20.05,20.05,7699
2025-06-04,20.3,20.3,20.3,20.1,20.2,13009
2025-06-05,20.35,20.35,20.45,20.15,20.15,15760
2025-06-06,20.3,20.3,20.4,20.3,20.4,5493
2025-06-09,20.65,20.65,20.8,20.0,20.1,7659
2025-06-10,20.4,20.4,20.65,20.0,20.65,49182
2025-06-11,20.05,20.05,20.25,20.0,20.25,29104
2025-06-12,19.9,19.9,20.05,19.9,20.05,10760
2025-06-13,20.0,20.0,20.0,19.85,19.85,8248
2025-06-16,20.05,20.05,20.1,19.95,20.0,17134
2025-06-17,20.15,20.15,20.15,20.0,20.0,39607
2025-06-18,20.25,20.25,20.3,19.85,19.85,19465
2025-06-19,20.0,20.0,20.3,20.0,20.1,52111
2025-06-20,19.9,19.9,20.0,19.85,20.0,30069
2025-06-23,20.0,20.0,20.0,19.9,19.9,16541
2025-06-24,20.2,20.2,20.2,20.1,20.1,30227
2025-06-25,20.35,20.35,20.85,20.35,20.85,4747
2025-06-26,20.5,20.5,20.55,20.2,20.25,12899
2025-06-27,20.55,20.55,20.55,20.0,20.35,33067
2025-06-30,20.4,20.4,20.5,19.95,20.5,17356
2025-07-01,20.7,20.7,20.85,20.45,20.85,22307
2025-07-02,20.65,20.65,20.65,20.4,20.4,15366
2025-07-03,20.5,20.5,20.7,20.5,20.65,27090
2025-07-04,20.6,20.6,20.7,20.45,20.6,53005
2025-07-07,20.5,20.5,20.95,20.35,20.95,13497
2025-07-08,20.5,20.5,20.55,20.35,20.55,29456
2025-07-09,20.5,20.5,20.85,20.1,20.85,34532
2025-07-10,20.5,20.5,20.5,20.4,20.4,36382
2025-07-11,20.8,20.8,20.85,20.8,20.8,20587
2025-07-14,20.8,20.8,20.8,20.3,20.3,24349
2025-07-15,20.95,20.95,21.0,20.9,20.9,35681
2025-07-16,21.2,21.2,21.2,20.95,20.95,58775
2025-07-17,21.25,21.25,22.4,21.0,22.4,118895
2025-07-18,21.3,21.3,21.3,21.25,21.3,18846
2025-07-21,21.35,21.35,21.4,21.0,21.35,45177
2025-07-22,21.2,21.2,21.35,21.15,21.35,30016
2025-07-23,21.3,21.3,21.35,21.1,21.1,32657
2025-07-24,20.95,20.95,21.3,20.2,21.3,46617
2025-07-25,21.0,21.0,21.0,20.9,20.9,9361
2025-07-28,21.2,21.2,21.2,21.0,21.0,19309
2025-07-29,20.25,20.25,20.65,20.0,20.65,35625
2025-07-30,20.65,20.65,20.65,20.3,20.3,15830
2025-07-31,20.2,20.2,20.65,20.05,20.65,9439
2025-08-01,20.25,20.25,20.25,19.6,19.6,9957
2025-08-04,20.25,20.25,20.25,20.05,20.05,4019
2025-08-05,20.25,20.25,20.45,20.15,20.25,15424
2025-08-06,20.3,20.3,20.75,20.1,20.7,17350
2025-08-07,20.15,20.15,20.15,20.1,20.1,5105
2025-08-08,20.15,20.15,20.4,20.1,20.15,8614
2025-08-11,20.0,20.0,20.15,19.9,20.15,34537
2025-08-12,19.85,19.85,20.0,19.8,20.0,32097
2025-08-13,19.85,19.85,19.9,19.8,19.8,16950
2025-08-14,19.75,19.75,19.85,19.75,19.8,19281
2025-08-15,19.95,19.95,20.15,19.7,20.15,18791
2025-08-18,19.8,19.8,19.95,19.75,19.95,16436
2025-08-19,19.9,19.9,20.0,19.8,19.8,11824
2025-08-20,19.6,19.6,19.7,19.6,19.7,29186
2025-08-21,19.8,19.8,19.9,19.7,19.7,16206
2025-08-22,19.75,19.75,19.9,19.75,19.8,14122
2025-08-25,19.8,19.8,20.1,19.8,20.1,12443
2025-08-26,19.75,19.75,19.8,19.75,19.8,9406
2025-08-27,19.7,19.7,19.8,19.65,19.7,27847
2025-08-28,19.6,19.6,19.8,19.6,19.7,20319
2025-08-29,19.65,19.65,19.8,19.65,19.8,31897
2025-09-01,19.6,19.6,19.75,19.6,19.75,14739
2025-09-02,19.5,19.5,19.7,19.5,19.65,41246
2025-09-03,19.6,19.6,19.8,19.5,19.5,15025
2025-09-04,20.0,20.0,20.0,19.75,19.75,19763
2025-09-05,20.15,20.15,20.2,20.1,20.1,15914
2025-09-08,20.1,20.1,20.4,19.9,20.4,16888
2025-09-09,20.3,20.3,20.4,20.1,20.2,26768
2025-09-10,20.3,20.3,20.4,20.0,20.1,15905
2025-09-11,19.95,19.95,20.45,19.95,20.3,24371
2025-09-12,19.8,19.8,19.8,19.8,19.8,11350
2025-09-15,19.75,19.75,20.1,19.55,19.9,20738
2025-09-16,19.75,19.75,19.8,19.65,19.8,8297
2025-09-17,19.55,19.55,19.7,19.5,19.5,22414
2025-09-18,19.7,19.7,19.8,19.55,19.55,16098
2025-09-19,19.5,19.5,19.75,19.5,19.65,32404
2025-09-22,19.45,19.45,19.5,19.35,19.5,17408
2025-09-23,19.35,19.35,19.45,19.35,19.4,21509
2025-09-24,19.2,19.2,19.75,19.2,19.75,27399
2025-09-25,19.25,19.25,19.4,19.1,19.2,38656
2025-09-26,19.15,19.15,19.25,19.15,19.25,8397
2025-09-30,19.15,19.15,19.15,19.1,19.1,6935
2025-10-01,19.0,19.0,19.1,19.0,19.1,30801
2025-10-02,18.9,18.9,19.1,18.8,19.1,31103
2025-10-03,19.25,19.25,19.4,18.9,18.9,44472
2025-10-07,19.3,19.3,19.35,19.1,19.1,81860
2025-10-08,19.15,19.15,19.35,19.15,19.3,10206
2025-10-09,19.05,19.05,19.15,19.05,19.15,32564
2025-10-13,18.95,18.95,19.0,18.8,19.0,11625
2025-10-14,18.8,18.8,19.05,18.75,19.05,46338
2025-10-15,19.0,19.0,19.15,18.75,18.75,26990
2025-10-16,19.1,19.1,19.25,19.05,19.25,6279
2025-10-17,19.05,19.05,19.1,19.05,19.05,6403
2025-10-20,18.9,18.9,18.95,18.7,18.85,23845
2025-10-21,18.95,18.95,18.95,18.8,18.8,8301
2025-10-22,19.1,19.1,19.1,18.95,19.0,16875
2025-10-23,18.9,18.9,18.95,18.75,18.8,12557
2025-10-27,19.0,19.0,19.05,18.8,18.9,28521
2025-10-28,18.75,18.75,19.0,18.75,19.0,45016
2025-10-29,18.8,18.8,18.9,18.8,18.8,26205
2025-10-30,18.7,18.7,18.8,18.6,18.8,48161
2025-10-31,18.6,18.6,18.65,18.55,18.65,20702
2025-11-03,18.55,18.55,18.6,18.45,18.6,21537
2025-11-04,18.5,18.5,18.6,18.5,18.55,4273
2025-11-05,18.4,18.4,18.7,18.35,18.7,15265
2025-11-06,18.5,18.5,18.85,18.35,18.85,19701
2025-11-07,18.5,18.5,18.55,18.0,18.35,18717
2025-11-10,18.6,18.6,19.1,18.45,19.1,10510
2025-11-11,18.3,18.3,18.9,18.25,18.9,57299
2025-11-12,18.5,18.5,18.7,18.4,18.4,24274
2025-11-13,18.5,18.5,18.7,18.5,18.7,26190
2025-11-14,18.5,18.5,18.55,18.5,18.5,46295
2025-11-17,18.7,18.7,19.0,18.45,19.0,15734
2025-11-18,18.6,18.6,18.7,18.4,18.7,30718
2025-11-19,18.35,18.35,18.55,18.25,18.35,11997
2025-11-20,18.55,18.55,18.65,18.25,18.65,31309
2025-11-21,18.3,18.3,18.35,18.2,18.25,42371
2025-11-24,18.35,18.35,18.4,18.25,18.3,12607
2025-11-25,18.4,18.4,18.55,18.3,18.4,13343
2025-11-26,18.6,18.6,19.75,18.5,18.55,75089
2025-11-27,18.6,18.6,18.6,18.45,18.6,13311
2025-11-28,18.6,18.6,18.75,18.45,18.65,32653
2025-12-01,18.5,18.5,18.55,18.5,18.55,15166
2025-12-02,18.5,18.5,18.55,18.5,18.55,12274
2025-12-03,18.5,18.5,18.5,18.45,18.5,30646
2025-12-04,18.4,18.4,18.85,18.35,18.85,27607
2025-12-05,18.45,18.45,18.5,18.4,18.4,21750
2025-12-08,18.55,18.55,18.6,18.55,18.6,26986
2025-12-09,18.5,18.5,18.6,18.45,18.45,10423
2025-12-10,18.35,18.35,18.45,18.35,18.45,27305
2025-12-11,18.35,18.35,18.5,18.35,18.35,4639
2025-12-12,18.25,18.25,18.4,18.15,18.3,48637
2025-12-15,18.3,18.3,18.3,18.15,18.15,45025
2025-12-16,18.2,18.2,18.3,18.15,18.3,63548
2025-12-17,18.15,18.15,18.35,18.1,18.1,44806
2025-12-18,18.3,18.3,18.3,18.05,18.05,7041
2025-12-19,18.25,18.25,18.3,18.25,18.3,8344
2025-12-22,18.3,18.3,18.3,18.25,18.25,15385
2025-12-23,18.2,18.2,18.3,18.05,18.2,25512
2025-12-24,18.35,18.35,18.55,18.15,18.55,20574
2025-12-26,18.3,18.3,18.6,18.3,18.45,83700
2025-12-29,18.2,18.2,18.3,18.2,18.3,55640
2025-12-30,18.2,18.2,18.35,18.15,18.2,23931
2025-12-31,18.35,18.35,18.35,18.1,18.1,23769
2026-01-02,18.3,18.3,18.3,18.05,18.15,55017
2026-01-05,18.1,18.1,18.2,17.9,18.15,77600
2026-01-06,18.1,18.1,18.2,18.0,18.0,37449
2026-01-07,18.05,18.05,18.1,17.75,17.95,57589
2026-01-08,18.45,18.45,18.5,18.0,18.05,114267
2026-01-09,18.25,18.25,18.55,18.05,18.55,83150
2026-01-12,18.25,18.25,18.45,18.25,18.4,27695
2026-01-13,18.15,18.15,18.4,18.15,18.4,19289
2026-01-14,18.2,18.2,18.35,18.15,18.2,60439
2026-01-15,18.25,18.25,18.25,18.1,18.2,46490
2026-01-16,18.05,18.05,18.35,18.0,18.3,160322
2026-01-19,18.05,18.05,18.25,18.0,18.15,138043
2026-01-20,18.0,18.0,18.25,18.0,18.05,88286
2026-01-21,18.0,18.0,18.2,18.0,18.0,46496
2026-01-22,18.1,18.1,18.15,18.0,18.05,33322
2026-01-23,18.45,18.45,18.45,17.35,18.15,314549
2026-01-26,18.1,18.1,18.55,17.85,18.55,243998
2026-01-27,18.2,18.2,18.4,18.1,18.1,79874
2026-01-28,18.45,18.45,18.45,18.1,18.2,49290
2026-01-29,18.15,18.15,18.45,18.15,18.45,48293
2026-01-30,18.25,18.25,18.25,18.05,18.25,55462
2026-02-02,18.05,18.05,18.25,18.0,18.25,44203
2026-02-03,17.95,17.95,18.15,17.95,18.15,42424
2026-02-04,18.0,18.0,18.25,18.0,18.2,51292
2026-02-05,17.95,17.95,18.0,17.85,18.0,38388
2026-02-06,17.95,17.95,18.1,17.85,17.9,39286
2026-02-09,17.85,17.85,18.0,17.6,18.0,185210
2026-02-10,17.7,17.7,17.95,17.5,17.85,142750
2026-02-11,17.75,17.75,17.75,17.5,17.6,62624
2026-02-23,17.95,17.95,17.95,17.75,17.75,35813
2026-02-24,18.15,18.15,18.2,17.8,17.95,29372
2026-02-25,17.9,17.9,18.1,17.65,18.1,148624
2026-02-26,17.8,17.8,18.0,17.45,17.75,163737
2026-03-02,17.9,17.9,18.0,17.85,17.85,83027
2026-03-03,17.95,17.95,17.95,17.8,17.85,43119
2026-03-04,17.95,17.95,18.0,17.5,17.95,120235
2026-03-05,17.95,17.95,18.05,17.85,17.95,54476
2026-03-06,17.95,17.95,17.95,17.9,17.9,8746
2026-03-09,17.55,17.55,17.6,17.2,17.35,55090
2026-03-10,18.05,18.05,18.05,17.7,17.7,57538
2026-03-11,18.1,18.1,18.1,17.95,18.1,107622
2026-03-12,18.05,18.05,18.15,18.05,18.05,109799
2026-03-13,18.15,18.15,18.2,17.95,17.95,50843
2026-03-16,18.1,18.1,18.15,18.0,18.05,28719
2026-03-17,18.3,18.3,18.5,18.25,18.45,56111
2026-03-18,18.5,18.5,18.55,18.3,18.3,163308
2026-03-19,18.5,18.5,18.6,18.45,18.5,67226
2026-03-20,18.25,18.25,18.5,18.25,18.5,49506
2026-03-23,18.0,18.0,18.25,18.0,18.05,65687
2026-03-24,17.95,17.95,18.2,17.8,18.1,44994
2026-03-25,18.25,18.25,18.35,18.0,18.35,79476
2026-03-26,18.3,18.3,18.6,18.0,18.1,101501
2026-03-27,18.5,18.5,18.5,18.2,18.25,48893
2026-03-30,18.4,18.4,18.5,18.05,18.5,51248
2026-03-31,18.1,18.1,18.4,18.1,18.3,34762
2026-04-01,18.5,18.5,18.6,18.2,18.45,53023
2026-04-02,18.35,18.35,18.5,18.35,18.5,24379
2026-04-07,18.7,18.7,18.7,18.45,18.45,133028
2026-04-08,18.0,18.0,18.25,17.9,18.0,84555
2026-04-09,17.85,17.85,18.0,17.85,17.85,48798
2026-04-10,17.8,17.8,18.0,17.8,18.0,33792
2026-04-13,17.9,17.9,18.05,17.75,17.8,43833
2026-04-14,17.95,17.95,18.0,17.85,17.95,38522
2026-04-15,18.0,18.0,18.2,17.95,17.95,72167
2026-04-16,17.95,17.95,18.2,17.95,18.2,30835
2026-04-17,17.95,17.95,18.1,17.8,17.9,32068
2026-04-20,18.05,18.05,18.1,17.9,18.0,31450
2026-04-21,18.0,18.0,18.05,17.95,18.05,45604
2026-04-22,17.9,17.9,18.3,17.7,18.3,65961
2026-04-23,17.7,17.7,18.0,17.7,18.0,61231
2026-04-24,17.85,17.85,18.0,17.6,17.75,66522
2026-04-27,17.9,17.9,18.0,17.85,17.85,27252
2026-04-28,17.95,17.95,18.3,17.9,18.3,38305
2026-04-29,17.75,17.75,17.95,17.7,17.95,41812
2026-04-30,17.7,17.7,17.9,17.7,17.8,91598
2026-05-04,17.7,17.7,17.8,17.7,17.75,51969
2026-05-05,17.7,17.7,17.8,17.7,17.7,32743
2026-05-06,17.6,17.6,17.9,17.5,17.9,94782
2026-05-07,17.5,17.5,17.6,17.45,17.6,57744
2026-05-08,17.4,17.4,17.75,17.4,17.75,54408
2026-05-11,17.6,17.6,17.8,17.3,17.5,157767
2026-05-12,17.6,17.6,17.7,17.3,17.5,66749
2026-05-13,17.3,17.3,17.4,17.3,17.35,33092
2026-05-14,17.2,17.2,17.3,17.05,17.25,164406
2026-05-15,17.05,17.05,17.25,17.05,17.25,58252
2026-05-18,16.9,16.9,17.1,16.9,17.05,57322
2026-05-19,16.8,16.8,17.0,16.75,16.9,84793
2026-05-20,17.0,17.0,17.0,16.45,16.75,177073
2026-05-21,16.65,16.65,16.8,16.65,16.8,131749
2026-05-22,16.8,16.8,16.85,16.45,16.85,164096
2026-05-25,16.45,16.45,16.6,16.45,16.6,73077
2026-05-26,16.45,16.45,16.55,16.3,16.45,63888
2026-05-27,16.25,16.25,16.5,16.2,16.4,136464
2026-05-28,16.4,16.4,16.75,16.2,16.2,98852
2026-05-29,16.6,16.6,16.6,16.0,16.4,254009
2026-06-01,16.4,16.4,16.7,16.2,16.7,113246
2026-06-02,16.25,16.25,16.35,16.2,16.35,78345
2026-06-03,16.6,16.6,16.65,16.2,16.25,100292
2026-06-04,16.55,16.55,16.65,16.4,16.5,68730
2026-06-05,16.5,16.5,16.65,16.4,16.65,34990
2026-06-08,16.3,16.3,17.6,16.3,16.9,362259
2026-06-09,16.4,16.4,16.55,16.3,16.35,46260
2026-06-10,16.35,16.35,16.6,16.25,16.25,68699
2026-06-11,16.35,16.35,16.35,16.1,16.3,42929
2026-06-12,16.35,16.35,16.35,16.2,16.2,20567
2026-06-15,16.4,16.4,16.45,16.3,16.35,31255
2026-06-16,16.4,16.4,16.5,16.25,16.4,50508
2026-06-17,16.4,16.4,16.5,16.3,16.3,34138
2026-06-18,16.4,16.4,16.4,16.25,16.4,39734
2026-06-22,16.3,16.3,16.3,16.15,16.3,92332
2026-06-23,16.3,16.3,16.35,16.2,16.3,48967
2026-06-24,16.25,16.25,16.35,16.0,16.3,100609
2026-06-25,16.15,16.15,16.7,16.15,16.2,110772
2026-06-26,15.9,15.9,16.1,15.9,16.1,56882
2026-06-29,15.95,15.95,16.2,15.9,15.95,38410
2026-06-30,15.9,15.9,16.05,15.9,16.0,29987
2026-07-01,15.95,15.95,16.0,15.95,15.95,29016
2026-07-02,16.05,16.05,16.25,16.0,16.0,43488
2026-07-03,16.3,16.3,16.3,16.05,16.1,23213
2026-07-06,16.5,16.5,16.5,16.25,16.45,66921
2026-07-07,16.5,16.5,16.65,16.4,16.55,68474
2026-07-08,16.55,16.55,16.6,16.15,16.4,58306
2026-07-09,16.45,16.45,16.55,16.4,16.45,25229
2026-07-13,16.4,16.4,16.45,16.3,16.45,37952
2026-07-14,16.5,16.5,16.5,16.4,16.5,35512
2026-07-15,16.6,16.6,16.6,16.45,16.6,23722
2026-07-16,16.5,16.5,16.65,16.3,16.6,18546
2026-07-17,16.3,16.3,16.45,16.2,16.45,42890
2026-07-20,16.3,16.3,16.65,16.0,16.65,48885
2026-07-21,16.35,16.35,16.35,16.35,16.35,4517
2026-07-22,16.25,16.25,16.5,16.25,16.35,22800
2026-07-23,16.35,16.35,16.55,16.1,16.4,35577
2026-07-24,16.4,16.4,16.4,16.2,16.35,15660
2026-07-27,16.55,16.55,16.55,16.4,16.4,32427
2026-07-28,16.3,16.3,16.55,16.3,16.55,13945
2026-07-29,16.45,16.45,16.7,16.15,16.7,79468
2026-07-30,16.3,16.3,16.4,16.2,16.4,19274
2026-07-31,16.5,16.5,16.5,16.25,16.3,35574
2026-08-03,16.25,16.25,16.3,16.2,16.25,9594
2026-08-04,16.15,16.15,16.45,16.0,16.15,57191
2026-08-05,16.2,16.2,16.2,16.2,16.2,14106
2026-08-06,16.3,16.3,16.3,16.1,16.15,18545
2026-08-07,16.4,16.4,16.6,16.2,16.2,33749
2026-08-10,16.6,16.6,16.65,16.35,16.4,64034
2026-08-11,16.55,16.55,16.55,16.3,16.45,16521
2026-08-12,16.4,16.4,16.45,16.3,16.45,13183
2026-08-13,16.2,16.2,16.5,16.2,16.5,29460
2026-08-14,16.0,16.0,16.15,15.55,16.15,49932
2026-08-17,15.8,15.8,15.85,15.65,15.85,53783
2026-08-18,15.6,15.6,15.7,15.6,15.7,8566
2026-08-19,15.85,15.85,15.85,15.35,15.45,100127
2026-08-20,15.9,15.9,15.9,15.8,15.85,21843
2026-08-21,15.9,15.9,15.9,15.85,15.85,23899
2026-08-24,15.95,15.95,15.95,15.95,15.95,5572
2026-08-25,15.85,15.85,16.0,15.75,15.75,7515
2026-08-26,16.1,16.1,16.35,15.8,15.8,31412
2026-08-27,16.0,16.0,16.15,16.0,16.0,32953
2026-08-28,16.15,16.15,16.2,16.0,16.2,7811
2026-08-31,15.95,15.95,15.95,15.8,15.85,13221
2026-09-01,15.85,15.85,15.95,15.85,15.95,12246
2026-09-02,15.8,15.8,15.85,15.7,15.85,11449
2026-09-04,15.9,15.9,15.95,15.7,15.95,12606
2026-09-07,15.95,15.95,16.25,15.75,16.25,29991
2026-09-08,15.75,15.75,16.0,15.75,15.85,12734
2026-09-09,16.0,16.0,16.0,15.6,15.75,19570
2026-09-11,15.95,15.95,16.0,15.8,16.0,9483
2026-09-14,15.75,15.75,15.9,15.75,15.9,6323
2026-09-15,15.7,15.7,15.75,15.65,15.65,8673
2026-09-16,15.85,15.85,16.1,15.6,15.7,7724
2026-09-17,15.8,15.8,16.0,15.8,16.0,29985
2026-09-18,15.85,15.85,16.0,15.75,15.75,16934
2026-09-21,15.8,15.8,16.25,15.8,15.85,71105
2026-09-22,16.2,16.2,16.2,16.05,16.05,10124
2026-09-23,16.05,16.05,16.2,16.0,16.0,19651
2026-09-24,16.3,16.3,16.45,16.2,16.45,27239
