Date,Adj Close,Close,High,Low,Open,Volume
2016-08-12,30.15,30.15,30.6,30.15,30.5,159118
2016-08-15,30.15,30.15,30.6,30.15,30.5,159118
2016-08-16,30.15,30.15,30.6,30.15,30.5,159118
2016-08-17,30.15,30.15,30.6,30.15,30.5,159118
2016-08-18,30.15,30.15,30.6,30.15,30.5,159118
2016-08-19,30.15,30.15,30.6,30.15,30.5,159118
2016-08-22,30.15,30.15,30.6,30.15,30.5,159118
2016-08-23,30.15,30.15,30.6,30.15,30.5,159118
2016-08-24,30.15,30.15,30.6,30.15,30.5,159118
2016-08-25,30.15,30.15,30.6,30.15,30.5,159118
2016-08-26,30.15,30.15,30.6,30.15,30.5,159118
2016-08-29,30.15,30.15,30.6,30.15,30.5,159118
2016-08-30,30.15,30.15,30.6,30.15,30.5,159118
2016-08-31,30.15,30.15,30.6,30.15,30.5,159118
2016-09-01,30.15,30.15,30.6,30.15,30.5,159118
2016-09-02,30.15,30.15,30.6,30.15,30.5,159118
2016-09-05,30.15,30.15,30.6,30.15,30.5,159118
2016-09-06,30.15,30.15,30.6,30.15,30.5,159118
2016-09-07,30.15,30.15,30.6,30.15,30.5,159118
2016-09-08,30.15,30.15,30.6,30.15,30.5,159118
2016-09-09,30.15,30.15,30.6,30.15,30.5,159118
2016-09-12,30.15,30.15,30.6,30.15,30.5,159118
2016-09-13,30.15,30.15,30.6,30.15,30.5,159118
2016-09-14,30.15,30.15,30.6,30.15,30.5,159118
2016-09-19,30.15,30.15,30.6,30.15,30.5,159118
2016-09-20,30.15,30.15,30.6,30.15,30.5,159118
2016-09-21,30.15,30.15,30.6,30.15,30.5,159118
2016-09-22,30.15,30.15,30.6,30.15,30.5,159118
2016-09-23,30.15,30.15,30.6,30.15,30.5,159118
2016-09-26,30.15,30.15,30.6,30.15,30.5,159118
2016-09-29,30.15,30.15,30.6,30.15,30.5,159118
2016-09-30,30.15,30.15,30.6,30.15,30.5,159118
2016-10-03,30.15,30.15,30.6,30.15,30.5,159118
2016-10-04,30.15,30.15,30.6,30.15,30.5,159118
2016-10-05,30.15,30.15,30.6,30.15,30.5,159118
2016-10-06,30.15,30.15,30.6,30.15,30.5,159118
2016-10-07,30.15,30.15,30.6,30.15,30.5,159118
2016-10-11,30.15,30.15,30.6,30.15,30.5,159118
2016-10-12,30.15,30.15,30.6,30.15,30.5,159118
2016-10-13,30.15,30.15,30.6,30.15,30.5,159118
2016-10-14,30.15,30.15,30.6,30.15,30.5,159118
2016-10-17,30.15,30.15,30.6,30.15,30.5,159118
2016-10-18,30.15,30.15,30.6,30.15,30.5,159118
2016-10-19,30.15,30.15,30.6,30.15,30.5,159118
2016-10-20,30.15,30.15,30.6,30.15,30.5,159118
2016-10-21,30.15,30.15,30.6,30.15,30.5,159118
2016-10-24,30.15,30.15,30.6,30.15,30.5,159118
2016-10-25,30.15,30.15,30.6,30.15,30.5,159118
2016-10-26,30.15,30.15,30.6,30.15,30.5,159118
2016-10-27,30.15,30.15,30.6,30.15,30.5,159118
2016-10-28,30.15,30.15,30.6,30.15,30.5,159118
2016-10-31,30.15,30.15,30.6,30.15,30.5,159118
2016-11-01,30.15,30.15,30.6,30.15,30.5,159118
2016-11-02,30.15,30.15,30.6,30.15,30.5,159118
2016-11-03,30.15,30.15,30.6,30.15,30.5,159118
2016-11-04,30.15,30.15,30.6,30.15,30.5,159118
2016-11-07,30.15,30.15,30.6,30.15,30.5,159118
2016-11-08,30.15,30.15,30.6,30.15,30.5,159118
2016-11-09,30.15,30.15,30.6,30.15,30.5,159118
2016-11-10,30.15,30.15,30.6,30.15,30.5,159118
2016-11-11,30.15,30.15,30.6,30.15,30.5,159118
2016-11-14,30.15,30.15,30.6,30.15,30.5,159118
2016-11-15,30.15,30.15,30.6,30.15,30.5,159118
2016-11-16,30.15,30.15,30.6,30.15,30.5,159118
2016-11-17,30.15,30.15,30.6,30.15,30.5,159118
2016-11-18,30.15,30.15,30.6,30.15,30.5,159118
2016-11-21,30.15,30.15,30.6,30.15,30.5,159118
2016-11-22,30.15,30.15,30.6,30.15,30.5,159118
2016-11-23,30.15,30.15,30.6,30.15,30.5,159118
2016-11-24,30.15,30.15,30.6,30.15,30.5,159118
2016-11-25,30.15,30.15,30.6,30.15,30.5,159118
2016-11-28,30.15,30.15,30.6,30.15,30.5,159118
2016-11-29,30.15,30.15,30.6,30.15,30.5,159118
2016-11-30,30.15,30.15,30.6,30.15,30.5,159118
2016-12-01,30.15,30.15,30.6,30.15,30.5,159118
2016-12-02,30.15,30.15,30.6,30.15,30.5,159118
2016-12-05,30.15,30.15,30.6,30.15,30.5,159118
2016-12-06,30.15,30.15,30.6,30.15,30.5,159118
2016-12-07,30.15,30.15,30.6,30.15,30.5,159118
2016-12-08,30.15,30.15,30.6,30.15,30.5,159118
2016-12-09,30.15,30.15,30.6,30.15,30.5,159118
2016-12-12,30.15,30.15,30.6,30.15,30.5,159118
2016-12-13,30.15,30.15,30.6,30.15,30.5,159118
2016-12-14,30.15,30.15,30.6,30.15,30.5,159118
2016-12-15,30.15,30.15,30.6,30.15,30.5,159118
2016-12-16,30.15,30.15,30.6,30.15,30.5,159118
2016-12-19,30.15,30.15,30.6,30.15,30.5,159118
2016-12-20,30.15,30.15,30.6,30.15,30.5,159118
2016-12-21,30.15,30.15,30.6,30.15,30.5,159118
2016-12-22,30.15,30.15,30.6,30.15,30.5,159118
2016-12-23,30.15,30.15,30.6,30.15,30.5,159118
2016-12-26,30.15,30.15,30.6,30.15,30.5,159118
2016-12-27,30.15,30.15,30.6,30.15,30.5,159118
2016-12-28,30.15,30.15,30.6,30.15,30.5,159118
2016-12-29,30.15,30.15,30.6,30.15,30.5,159118
2016-12-30,30.15,30.15,30.6,30.15,30.5,159118
2017-01-03,30.15,30.15,30.6,30.15,30.5,159118
2017-01-04,30.15,30.15,30.6,30.15,30.5,159118
2017-01-05,30.15,30.15,30.6,30.15,30.5,159118
2017-01-06,30.15,30.15,30.6,30.15,30.5,159118
2017-01-09,30.15,30.15,30.6,30.15,30.5,159118
2017-01-10,30.15,30.15,30.6,30.15,30.5,159118
2017-01-11,30.15,30.15,30.6,30.15,30.5,159118
2017-01-12,30.15,30.15,30.6,30.15,30.5,159118
2017-01-13,30.15,30.15,30.6,30.15,30.5,159118
2017-01-16,30.15,30.15,30.6,30.15,30.5,159118
2017-01-17,30.15,30.15,30.6,30.15,30.5,159118
2017-01-18,30.15,30.15,30.6,30.15,30.5,159118
2017-01-19,30.15,30.15,30.6,30.15,30.5,159118
2017-01-20,30.15,30.15,30.6,30.15,30.5,159118
2017-01-23,30.15,30.15,30.6,30.15,30.5,159118
2017-01-24,30.15,30.15,30.6,30.15,30.5,159118
2017-02-02,30.15,30.15,30.6,30.15,30.5,159118
2017-02-03,30.15,30.15,30.6,30.15,30.5,159118
2017-02-06,30.15,30.15,30.6,30.15,30.5,159118
2017-02-07,30.15,30.15,30.6,30.15,30.5,159118
2017-02-08,30.15,30.15,30.6,30.15,30.5,159118
2017-02-09,30.15,30.15,30.6,30.15,30.5,159118
2017-02-10,30.15,30.15,30.6,30.15,30.5,159118
2017-02-13,30.15,30.15,30.6,30.15,30.5,159118
2017-02-14,30.15,30.15,30.6,30.15,30.5,159118
2017-02-15,30.15,30.15,30.6,30.15,30.5,159118
2017-02-16,30.15,30.15,30.6,30.15,30.5,159118
2017-02-17,30.15,30.15,30.6,30.15,30.5,159118
2017-02-20,30.15,30.15,30.6,30.15,30.5,159118
2017-02-21,30.15,30.15,30.6,30.15,30.5,159118
2017-02-22,30.15,30.15,30.6,30.15,30.5,159118
2017-02-23,30.15,30.15,30.6,30.15,30.5,159118
2017-02-24,30.15,30.15,30.6,30.15,30.5,159118
2017-03-01,30.15,30.15,30.6,30.15,30.5,159118
2017-03-02,30.15,30.15,30.6,30.15,30.5,159118
2017-03-03,30.15,30.15,30.6,30.15,30.5,159118
2017-03-06,30.15,30.15,30.6,30.15,30.5,159118
2017-03-07,30.15,30.15,30.6,30.15,30.5,159118
2017-03-08,30.15,30.15,30.6,30.15,30.5,159118
2017-03-09,30.15,30.15,30.6,30.15,30.5,159118
2017-03-10,30.15,30.15,30.6,30.15,30.5,159118
2017-03-13,30.15,30.15,30.6,30.15,30.5,159118
2017-03-14,30.15,30.15,30.6,30.15,30.5,159118
2017-03-15,30.15,30.15,30.6,30.15,30.5,159118
2017-03-16,30.15,30.15,30.6,30.15,30.5,159118
2017-03-17,30.15,30.15,30.6,30.15,30.5,159118
2017-03-20,30.15,30.15,30.6,30.15,30.5,159118
2017-03-21,30.15,30.15,30.6,30.15,30.5,159118
2017-03-22,30.15,30.15,30.6,30.15,30.5,159118
2017-03-23,30.15,30.15,30.6,30.15,30.5,159118
2017-03-24,30.15,30.15,30.6,30.15,30.5,159118
2017-03-27,30.15,30.15,30.6,30.15,30.5,159118
2017-03-28,30.15,30.15,30.6,30.15,30.5,159118
2017-03-29,30.15,30.15,30.6,30.15,30.5,159118
2017-03-30,30.15,30.15,30.6,30.15,30.5,159118
2017-03-31,30.15,30.15,30.6,30.15,30.5,159118
2017-04-05,30.15,30.15,30.6,30.15,30.5,159118
2017-04-06,30.15,30.15,30.6,30.15,30.5,159118
2017-04-07,30.15,30.15,30.6,30.15,30.5,159118
2017-04-10,30.15,30.15,30.6,30.15,30.5,159118
2017-04-11,30.15,30.15,30.6,30.15,30.5,159118
2017-04-12,30.15,30.15,30.6,30.15,30.5,159118
2017-04-13,30.15,30.15,30.6,30.15,30.5,159118
2017-04-14,30.15,30.15,30.6,30.15,30.5,159118
2017-04-17,30.15,30.15,30.6,30.15,30.5,159118
2017-04-18,30.15,30.15,30.6,30.15,30.5,159118
2017-04-19,30.15,30.15,30.6,30.15,30.5,159118
2017-04-21,30.15,30.15,30.6,30.15,30.5,159118
2017-04-24,30.15,30.15,30.6,30.15,30.5,159118
2017-04-25,30.15,30.15,30.6,30.15,30.5,159118
2017-04-26,30.15,30.15,30.6,30.15,30.5,159118
2017-04-27,30.15,30.15,30.6,30.15,30.5,159118
2017-04-28,30.15,30.15,30.6,30.15,30.5,159118
2017-05-02,30.15,30.15,30.6,30.15,30.5,159118
2017-05-03,30.15,30.15,30.6,30.15,30.5,159118
2017-05-04,30.15,30.15,30.6,30.15,30.5,159118
2017-05-05,30.15,30.15,30.6,30.15,30.5,159118
2017-05-08,30.15,30.15,30.6,30.15,30.5,159118
2017-05-09,30.15,30.15,30.6,30.15,30.5,159118
2017-05-10,30.15,30.15,30.6,30.15,30.5,159118
2017-05-11,30.15,30.15,30.6,30.15,30.5,159118
2017-05-12,30.15,30.15,30.6,30.15,30.5,159118
2017-05-15,30.15,30.15,30.6,30.15,30.5,159118
2017-05-16,30.15,30.15,30.6,30.15,30.5,159118
2017-05-17,30.15,30.15,30.6,30.15,30.5,159118
2017-05-18,30.15,30.15,30.6,30.15,30.5,159118
2017-05-19,30.15,30.15,30.6,30.15,30.5,159118
2017-05-22,30.15,30.15,30.6,30.15,30.5,159118
2017-05-23,30.15,30.15,30.6,30.15,30.5,159118
2017-05-24,30.15,30.15,30.6,30.15,30.5,159118
2017-05-25,30.15,30.15,30.6,30.15,30.5,159118
2017-05-26,30.15,30.15,30.6,30.15,30.5,159118
2017-05-31,30.15,30.15,30.6,30.15,30.5,159118
2017-06-01,30.15,30.15,30.6,30.15,30.5,159118
2017-06-02,30.15,30.15,30.6,30.15,30.5,159118
2017-06-05,30.15,30.15,30.6,30.15,30.5,159118
2017-06-06,30.15,30.15,30.6,30.15,30.5,159118
2017-06-07,30.15,30.15,30.6,30.15,30.5,159118
2017-06-08,30.15,30.15,30.6,30.15,30.5,159118
2017-06-09,30.15,30.15,30.6,30.15,30.5,159118
2017-06-12,30.15,30.15,30.6,30.15,30.5,159118
2017-06-13,30.15,30.15,30.6,30.15,30.5,159118
2017-06-14,30.15,30.15,30.6,30.15,30.5,159118
2017-06-15,30.15,30.15,30.6,30.15,30.5,159118
2017-06-16,30.15,30.15,30.6,30.15,30.5,159118
2017-06-19,30.15,30.15,30.6,30.15,30.5,159118
2017-06-20,30.15,30.15,30.6,30.15,30.5,159118
2017-06-21,30.15,30.15,30.6,30.15,30.5,159118
2017-06-22,30.15,30.15,30.6,30.15,30.5,159118
2017-06-23,30.15,30.15,30.6,30.15,30.5,159118
2017-06-26,30.15,30.15,30.6,30.15,30.5,159118
2017-06-27,30.15,30.15,30.6,30.15,30.5,159118
2017-06-28,30.15,30.15,30.6,30.15,30.5,159118
2017-06-29,30.15,30.15,30.6,30.15,30.5,159118
2017-06-30,30.15,30.15,30.6,30.15,30.5,159118
2017-07-03,30.15,30.15,30.6,30.15,30.5,159118
2017-07-04,30.15,30.15,30.6,30.15,30.5,159118
2017-07-05,30.15,30.15,30.6,30.15,30.5,159118
2017-07-06,30.15,30.15,30.6,30.15,30.5,159118
2017-07-07,30.15,30.15,30.6,30.15,30.5,159118
2017-07-10,30.15,30.15,30.6,30.15,30.5,159118
2017-07-11,30.15,30.15,30.6,30.15,30.5,159118
2017-07-12,30.15,30.15,30.6,30.15,30.5,159118
2017-07-13,30.15,30.15,30.6,30.15,30.5,159118
2017-07-14,30.15,30.15,30.6,30.15,30.5,159118
2017-07-17,30.15,30.15,30.6,30.15,30.5,159118
2017-07-18,30.15,30.15,30.6,30.15,30.5,159118
2017-07-19,30.15,30.15,30.6,30.15,30.5,159118
2017-07-20,30.15,30.15,30.6,30.15,30.5,159118
2017-07-21,30.15,30.15,30.6,30.15,30.5,159118
2017-07-24,30.15,30.15,30.6,30.15,30.5,159118
2017-07-25,30.15,30.15,30.6,30.15,30.5,159118
2017-07-26,30.15,30.15,30.6,30.15,30.5,159118
2017-07-27,30.15,30.15,30.6,30.15,30.5,159118
2017-07-28,30.15,30.15,30.6,30.15,30.5,159118
2017-07-31,30.15,30.15,30.6,30.15,30.5,159118
2017-08-01,30.15,30.15,30.6,30.15,30.5,159118
2017-08-02,30.15,30.15,30.6,30.15,30.5,159118
2017-08-03,30.15,30.15,30.6,30.15,30.5,159118
2017-08-04,30.15,30.15,30.6,30.15,30.5,159118
2017-08-07,30.15,30.15,30.6,30.15,30.5,159118
2017-08-08,30.15,30.15,30.6,30.15,30.5,159118
2017-08-09,30.15,30.15,30.6,30.15,30.5,159118
2017-08-10,30.15,30.15,30.6,30.15,30.5,159118
2017-08-11,30.15,30.15,30.6,30.15,30.5,159118
2017-08-14,30.15,30.15,30.6,30.15,30.5,159118
2017-08-15,30.15,30.15,30.6,30.15,30.5,159118
2017-08-16,30.15,30.15,30.6,30.15,30.5,159118
2017-08-17,30.15,30.15,30.6,30.15,30.5,159118
2017-08-18,30.15,30.15,30.6,30.15,30.5,159118
2017-08-21,30.15,30.15,30.6,30.15,30.5,159118
2017-08-22,30.15,30.15,30.6,30.15,30.5,159118
2017-08-23,30.15,30.15,30.6,30.15,30.5,159118
2017-08-24,30.15,30.15,30.6,30.15,30.5,159118
2017-08-25,30.15,30.15,30.6,30.15,30.5,159118
2017-08-28,30.15,30.15,30.6,30.15,30.5,159118
2017-08-29,30.15,30.15,30.6,30.15,30.5,159118
2017-08-30,30.15,30.15,30.6,30.15,30.5,159118
2017-08-31,30.15,30.15,30.6,30.15,30.5,159118
2017-09-01,30.15,30.15,30.6,30.15,30.5,159118
2017-09-04,30.15,30.15,30.6,30.15,30.5,159118
2017-09-05,30.15,30.15,30.6,30.15,30.5,159118
2017-09-06,30.15,30.15,30.6,30.15,30.5,159118
2017-09-07,30.15,30.15,30.6,30.15,30.5,159118
2017-09-08,30.15,30.15,30.6,30.15,30.5,159118
2017-09-11,30.15,30.15,30.6,30.15,30.5,159118
2017-09-12,30.15,30.15,30.6,30.15,30.5,159118
2017-09-13,30.15,30.15,30.6,30.15,30.5,159118
2017-09-14,30.15,30.15,30.6,30.15,30.5,159118
2017-09-15,30.15,30.15,30.6,30.15,30.5,159118
2017-09-18,30.15,30.15,30.6,30.15,30.5,159118
2017-09-19,30.15,30.15,30.6,30.15,30.5,159118
2017-09-20,30.15,30.15,30.6,30.15,30.5,159118
2017-09-21,30.15,30.15,30.6,30.15,30.5,159118
2017-09-22,30.15,30.15,30.6,30.15,30.5,159118
2017-09-25,30.15,30.15,30.6,30.15,30.5,159118
2017-09-26,30.15,30.15,30.6,30.15,30.5,159118
2017-09-27,30.15,30.15,30.6,30.15,30.5,159118
2017-09-28,30.15,30.15,30.6,30.15,30.5,159118
2017-09-29,30.15,30.15,30.6,30.15,30.5,159118
2017-10-02,30.15,30.15,30.6,30.15,30.5,159118
2017-10-03,30.15,30.15,30.6,30.15,30.5,159118
2017-10-05,30.15,30.15,30.6,30.15,30.5,159118
2017-10-06,30.15,30.15,30.6,30.15,30.5,159118
2017-10-11,30.15,30.15,30.6,30.15,30.5,159118
2017-10-12,30.15,30.15,30.6,30.15,30.5,159118
2017-10-13,30.15,30.15,30.6,30.15,30.5,159118
2017-10-16,30.15,30.15,30.6,30.15,30.5,159118
2017-10-17,30.15,30.15,30.6,30.15,30.5,159118
2017-10-18,30.15,30.15,30.6,30.15,30.5,159118
2017-10-19,30.15,30.15,30.6,30.15,30.5,159118
2017-10-20,30.15,30.15,30.6,30.15,30.5,159118
2017-10-23,30.15,30.15,30.6,30.15,30.5,159118
2017-10-24,30.15,30.15,30.6,30.15,30.5,159118
2017-10-25,30.15,30.15,30.6,30.15,30.5,159118
2017-10-26,30.15,30.15,30.6,30.15,30.5,159118
2017-10-27,30.15,30.15,30.6,30.15,30.5,159118
2017-10-30,30.15,30.15,30.6,30.15,30.5,159118
2017-10-31,30.15,30.15,30.6,30.15,30.5,159118
2017-11-01,30.15,30.15,30.6,30.15,30.5,159118
2017-11-02,30.15,30.15,30.6,30.15,30.5,159118
2017-11-03,30.15,30.15,30.6,30.15,30.5,159118
2017-11-06,30.15,30.15,30.6,30.15,30.5,159118
2017-11-07,30.15,30.15,30.6,30.15,30.5,159118
2017-11-08,30.15,30.15,30.6,30.15,30.5,159118
2017-11-09,30.15,30.15,30.6,30.15,30.5,159118
2017-11-10,30.15,30.15,30.6,30.15,30.5,159118
2017-11-13,30.15,30.15,30.6,30.15,30.5,159118
2017-11-14,30.15,30.15,30.6,30.15,30.5,159118
2017-11-15,30.15,30.15,30.6,30.15,30.5,159118
2017-11-16,30.15,30.15,30.6,30.15,30.5,159118
2017-11-17,30.15,30.15,30.6,30.15,30.5,159118
2017-11-20,30.15,30.15,30.6,30.15,30.5,159118
2017-11-21,30.15,30.15,30.6,30.15,30.5,159118
2017-11-22,30.15,30.15,30.6,30.15,30.5,159118
2017-11-23,30.15,30.15,30.6,30.15,30.5,159118
2017-11-24,30.15,30.15,30.6,30.15,30.5,159118
2017-11-27,30.15,30.15,30.6,30.15,30.5,159118
2017-11-28,30.15,30.15,30.6,30.15,30.5,159118
2017-11-29,30.15,30.15,30.6,30.15,30.5,159118
2017-11-30,30.15,30.15,30.6,30.15,30.5,159118
2017-12-01,30.15,30.15,30.6,30.15,30.5,159118
2017-12-04,30.15,30.15,30.6,30.15,30.5,159118
2017-12-05,30.15,30.15,30.6,30.15,30.5,159118
2017-12-06,30.15,30.15,30.6,30.15,30.5,159118
2017-12-07,30.15,30.15,30.6,30.15,30.5,159118
2017-12-08,30.15,30.15,30.6,30.15,30.5,159118
2017-12-11,30.15,30.15,30.6,30.15,30.5,159118
2017-12-12,30.15,30.15,30.6,30.15,30.5,159118
2017-12-13,30.15,30.15,30.6,30.15,30.5,159118
2017-12-14,30.15,30.15,30.6,30.15,30.5,159118
2017-12-15,30.15,30.15,30.6,30.15,30.5,159118
2017-12-18,30.15,30.15,30.6,30.15,30.5,159118
2017-12-19,30.15,30.15,30.6,30.15,30.5,159118
2017-12-20,30.15,30.15,30.6,30.15,30.5,159118
2017-12-21,30.15,30.15,30.6,30.15,30.5,159118
2017-12-22,30.15,30.15,30.6,30.15,30.5,159118
2017-12-25,30.15,30.15,30.6,30.15,30.5,159118
2017-12-26,30.15,30.15,30.6,30.15,30.5,159118
2017-12-27,30.15,30.15,30.6,30.15,30.5,159118
2017-12-28,30.15,30.15,30.6,30.15,30.5,159118
2017-12-29,30.15,30.15,30.6,30.15,30.5,159118
2018-01-02,30.15,30.15,30.6,30.15,30.5,159118
2018-01-03,30.15,30.15,30.6,30.15,30.5,159118
2018-01-04,30.15,30.15,30.6,30.15,30.5,159118
2018-01-05,30.15,30.15,30.6,30.15,30.5,159118
2018-01-08,30.15,30.15,30.6,30.15,30.5,159118
2018-01-09,30.15,30.15,30.6,30.15,30.5,159118
2018-01-10,30.15,30.15,30.6,30.15,30.5,159118
2018-01-11,30.15,30.15,30.6,30.15,30.5,159118
2018-01-12,30.15,30.15,30.6,30.15,30.5,159118
2018-01-15,30.15,30.15,30.6,30.15,30.5,159118
2018-01-16,30.15,30.15,30.6,30.15,30.5,159118
2018-01-17,30.15,30.15,30.6,30.15,30.5,159118
2018-01-18,30.15,30.15,30.6,30.15,30.5,159118
2018-01-19,30.15,30.15,30.6,30.15,30.5,159118
2018-01-22,30.15,30.15,30.6,30.15,30.5,159118
2018-01-23,30.15,30.15,30.6,30.15,30.5,159118
2018-01-24,30.15,30.15,30.6,30.15,30.5,159118
2018-01-25,30.15,30.15,30.6,30.15,30.5,159118
2018-01-26,30.15,30.15,30.6,30.15,30.5,159118
2018-01-29,30.15,30.15,30.6,30.15,30.5,159118
2018-01-30,30.15,30.15,30.6,30.15,30.5,159118
2018-01-31,30.15,30.15,30.6,30.15,30.5,159118
2018-02-01,30.15,30.15,30.6,30.15,30.5,159118
2018-02-02,30.15,30.15,30.6,30.15,30.5,159118
2018-02-05,30.15,30.15,30.6,30.15,30.5,159118
2018-02-06,30.15,30.15,30.6,30.15,30.5,159118
2018-02-07,30.15,30.15,30.6,30.15,30.5,159118
2018-02-08,30.15,30.15,30.6,30.15,30.5,159118
2018-02-09,30.15,30.15,30.6,30.15,30.5,159118
2018-02-12,30.15,30.15,30.6,30.15,30.5,159118
2018-02-21,30.15,30.15,30.6,30.15,30.5,159118
2018-02-22,30.15,30.15,30.6,30.15,30.5,159118
2018-02-23,30.15,30.15,30.6,30.15,30.5,159118
2018-02-26,30.15,30.15,30.6,30.15,30.5,159118
2018-02-27,30.15,30.15,30.6,30.15,30.5,159118
2018-03-01,30.15,30.15,30.6,30.15,30.5,159118
2018-03-02,30.15,30.15,30.6,30.15,30.5,159118
2018-03-05,30.15,30.15,30.6,30.15,30.5,159118
2018-03-06,30.15,30.15,30.6,30.15,30.5,159118
2018-03-07,30.15,30.15,30.6,30.15,30.5,159118
2018-03-08,30.15,30.15,30.6,30.15,30.5,159118
2018-03-09,30.15,30.15,30.6,30.15,30.5,159118
2018-03-12,30.15,30.15,30.6,30.15,30.5,159118
2018-03-13,30.15,30.15,30.6,30.15,30.5,159118
2018-03-14,30.15,30.15,30.6,30.15,30.5,159118
2018-03-15,30.15,30.15,30.6,30.15,30.5,159118
2018-03-16,30.15,30.15,30.6,30.15,30.5,159118
2018-03-19,30.15,30.15,30.6,30.15,30.5,159118
2018-03-20,30.15,30.15,30.6,30.15,30.5,159118
2018-03-21,30.15,30.15,30.6,30.15,30.5,159118
2018-03-22,30.15,30.15,30.6,30.15,30.5,159118
2018-03-23,30.15,30.15,30.6,30.15,30.5,159118
2018-03-26,30.15,30.15,30.6,30.15,30.5,159118
2018-03-27,30.15,30.15,30.6,30.15,30.5,159118
2018-03-28,30.15,30.15,30.6,30.15,30.5,159118
2018-03-29,30.15,30.15,30.6,30.15,30.5,159118
2018-03-30,30.15,30.15,30.6,30.15,30.5,159118
2018-04-02,30.15,30.15,30.6,30.15,30.5,159118
2018-04-03,30.15,30.15,30.6,30.15,30.5,159118
2018-04-09,30.15,30.15,30.6,30.15,30.5,159118
2018-04-10,30.15,30.15,30.6,30.15,30.5,159118
2018-04-11,30.15,30.15,30.6,30.15,30.5,159118
2018-04-12,30.15,30.15,30.6,30.15,30.5,159118
2018-04-13,30.15,30.15,30.6,30.15,30.5,159118
2018-04-16,30.15,30.15,30.6,30.15,30.5,159118
2018-04-17,30.15,30.15,30.6,30.15,30.5,159118
2018-04-18,30.15,30.15,30.6,30.15,30.5,159118
2018-04-19,30.15,30.15,30.6,30.15,30.5,159118
2018-04-20,30.15,30.15,30.6,30.15,30.5,159118
2018-04-23,30.15,30.15,30.6,30.15,30.5,159118
2018-04-24,30.15,30.15,30.6,30.15,30.5,159118
2018-04-25,30.15,30.15,30.6,30.15,30.5,159118
2018-04-26,30.15,30.15,30.6,30.15,30.5,159118
2018-04-27,30.15,30.15,30.6,30.15,30.5,159118
2018-04-30,30.15,30.15,30.6,30.15,30.5,159118
2018-05-02,30.15,30.15,30.6,30.15,30.5,159118
2018-05-03,30.15,30.15,30.6,30.15,30.5,159118
2018-05-04,30.15,30.15,30.6,30.15,30.5,159118
2018-05-07,30.15,30.15,30.6,30.15,30.5,159118
2018-05-08,30.15,30.15,30.6,30.15,30.5,159118
2018-05-09,30.15,30.15,30.6,30.15,30.5,159118
2018-05-10,30.15,30.15,30.6,30.15,30.5,159118
2018-05-11,30.15,30.15,30.6,30.15,30.5,159118
2018-05-14,30.15,30.15,30.6,30.15,30.5,159118
2018-05-15,30.15,30.15,30.6,30.15,30.5,159118
2018-05-16,30.15,30.15,30.6,30.15,30.5,159118
2018-05-17,30.15,30.15,30.6,30.15,30.5,159118
2018-05-18,30.15,30.15,30.6,30.15,30.5,159118
2018-05-21,30.15,30.15,30.6,30.15,30.5,159118
2018-05-22,30.15,30.15,30.6,30.15,30.5,159118
2018-05-23,30.15,30.15,30.6,30.15,30.5,159118
2018-05-24,30.15,30.15,30.6,30.15,30.5,159118
2018-05-25,30.15,30.15,30.6,30.15,30.5,159118
2018-05-28,30.15,30.15,30.6,30.15,30.5,159118
2018-05-29,30.15,30.15,30.6,30.15,30.5,159118
2018-05-30,30.15,30.15,30.6,30.15,30.5,159118
2018-05-31,30.15,30.15,30.6,30.15,30.5,159118
2018-06-01,30.15,30.15,30.6,30.15,30.5,159118
2018-06-04,30.15,30.15,30.6,30.15,30.5,159118
2018-06-05,30.15,30.15,30.6,30.15,30.5,159118
2018-06-06,30.15,30.15,30.6,30.15,30.5,159118
2018-06-07,30.15,30.15,30.6,30.15,30.5,159118
2018-06-08,30.15,30.15,30.6,30.15,30.5,159118
2018-06-11,30.15,30.15,30.6,30.15,30.5,159118
2018-06-12,30.15,30.15,30.6,30.15,30.5,159118
2018-06-13,30.15,30.15,30.6,30.15,30.5,159118
2018-06-14,30.15,30.15,30.6,30.15,30.5,159118
2018-06-15,30.15,30.15,30.6,30.15,30.5,159118
2018-06-19,30.15,30.15,30.6,30.15,30.5,159118
2018-06-20,30.15,30.15,30.6,30.15,30.5,159118
2018-06-21,30.15,30.15,30.6,30.15,30.5,159118
2018-06-22,30.15,30.15,30.6,30.15,30.5,159118
2018-06-25,30.15,30.15,30.6,30.15,30.5,159118
2018-06-26,30.15,30.15,30.6,30.15,30.5,159118
2018-06-27,30.15,30.15,30.6,30.15,30.5,159118
2018-06-28,30.15,30.15,30.6,30.15,30.5,159118
2018-06-29,30.15,30.15,30.6,30.15,30.5,159118
2018-07-02,30.15,30.15,30.6,30.15,30.5,159118
2018-07-03,30.15,30.15,30.6,30.15,30.5,159118
2018-07-04,30.15,30.15,30.6,30.15,30.5,159118
2018-07-05,30.15,30.15,30.6,30.15,30.5,159118
2018-07-06,30.15,30.15,30.6,30.15,30.5,159118
2018-07-09,30.15,30.15,30.6,30.15,30.5,159118
2018-07-10,30.15,30.15,30.6,30.15,30.5,159118
2018-07-11,30.15,30.15,30.6,30.15,30.5,159118
2018-07-12,30.15,30.15,30.6,30.15,30.5,159118
2018-07-13,30.15,30.15,30.6,30.15,30.5,159118
2018-07-16,30.15,30.15,30.6,30.15,30.5,159118
2018-07-17,30.15,30.15,30.6,30.15,30.5,159118
2018-07-18,30.15,30.15,30.6,30.15,30.5,159118
2018-07-19,30.15,30.15,30.6,30.15,30.5,159118
2018-07-20,30.15,30.15,30.6,30.15,30.5,159118
2018-07-23,30.15,30.15,30.6,30.15,30.5,159118
2018-07-24,30.15,30.15,30.6,30.15,30.5,159118
2018-07-25,30.15,30.15,30.6,30.15,30.5,159118
2018-07-26,30.15,30.15,30.6,30.15,30.5,159118
2018-07-27,30.15,30.15,30.6,30.15,30.5,159118
2018-07-30,30.15,30.15,30.6,30.15,30.5,159118
2018-07-31,30.15,30.15,30.6,30.15,30.5,159118
2018-08-01,30.15,30.15,30.6,30.15,30.5,159118
2018-08-02,30.15,30.15,30.6,30.15,30.5,159118
2018-08-03,30.15,30.15,30.6,30.15,30.5,159118
2018-08-06,30.15,30.15,30.6,30.15,30.5,159118
2018-08-07,30.15,30.15,30.6,30.15,30.5,159118
2018-08-08,30.15,30.15,30.6,30.15,30.5,159118
2018-08-09,30.15,30.15,30.6,30.15,30.5,159118
2018-08-10,30.15,30.15,30.6,30.15,30.5,159118
2018-08-13,30.15,30.15,30.6,30.15,30.5,159118
2018-08-14,30.15,30.15,30.6,30.15,30.5,159118
2018-08-15,30.15,30.15,30.6,30.15,30.5,159118
2018-08-16,30.15,30.15,30.6,30.15,30.5,159118
2018-08-17,30.15,30.15,30.6,30.15,30.5,159118
2018-08-20,30.15,30.15,30.6,30.15,30.5,159118
2018-08-21,30.15,30.15,30.6,30.15,30.5,159118
2018-08-22,30.15,30.15,30.6,30.15,30.5,159118
2018-08-23,30.15,30.15,30.6,30.15,30.5,159118
2018-08-24,30.15,30.15,30.6,30.15,30.5,159118
2018-08-27,30.15,30.15,30.6,30.15,30.5,159118
2018-08-28,30.15,30.15,30.6,30.15,30.5,159118
2018-08-29,30.15,30.15,30.6,30.15,30.5,159118
2018-08-30,30.15,30.15,30.6,30.15,30.5,159118
2018-08-31,30.15,30.15,30.6,30.15,30.5,159118
2018-09-03,30.15,30.15,30.6,30.15,30.5,159118
2018-09-04,30.15,30.15,30.6,30.15,30.5,159118
2018-09-05,30.15,30.15,30.6,30.15,30.5,159118
2018-09-06,30.15,30.15,30.6,30.15,30.5,159118
2018-09-07,30.15,30.15,30.6,30.15,30.5,159118
2018-09-10,30.15,30.15,30.6,30.15,30.5,159118
2018-09-11,30.15,30.15,30.6,30.15,30.5,159118
2018-09-12,30.15,30.15,30.6,30.15,30.5,159118
2018-09-13,30.15,30.15,30.6,30.15,30.5,159118
2018-09-14,30.15,30.15,30.6,30.15,30.5,159118
2018-09-17,30.15,30.15,30.6,30.15,30.5,159118
2018-09-18,30.15,30.15,30.6,30.15,30.5,159118
2018-09-19,30.15,30.15,30.6,30.15,30.5,159118
2018-09-20,30.15,30.15,30.6,30.15,30.5,159118
2018-09-21,30.15,30.15,30.6,30.15,30.5,159118
2018-09-25,30.15,30.15,30.6,30.15,30.5,159118
2018-09-26,30.15,30.15,30.6,30.15,30.5,159118
2018-09-27,30.15,30.15,30.6,30.15,30.5,159118
2018-09-28,30.15,30.15,30.6,30.15,30.5,159118
2018-10-01,30.15,30.15,30.6,30.15,30.5,159118
2018-10-02,30.15,30.15,30.6,30.15,30.5,159118
2018-10-03,30.15,30.15,30.6,30.15,30.5,159118
2018-10-04,30.15,30.15,30.6,30.15,30.5,159118
2018-10-05,30.15,30.15,30.6,30.15,30.5,159118
2018-10-08,30.15,30.15,30.6,30.15,30.5,159118
2018-10-09,30.15,30.15,30.6,30.15,30.5,159118
2018-10-11,30.15,30.15,30.6,30.15,30.5,159118
2018-10-12,30.15,30.15,30.6,30.15,30.5,159118
2018-10-15,30.15,30.15,30.6,30.15,30.5,159118
2018-10-16,30.15,30.15,30.6,30.15,30.5,159118
2018-10-17,30.15,30.15,30.6,30.15,30.5,159118
2018-10-18,30.15,30.15,30.6,30.15,30.5,159118
2018-10-19,30.15,30.15,30.6,30.15,30.5,159118
2018-10-22,30.15,30.15,30.6,30.15,30.5,159118
2018-10-23,30.15,30.15,30.6,30.15,30.5,159118
2018-10-24,30.15,30.15,30.6,30.15,30.5,159118
2018-10-25,30.15,30.15,30.6,30.15,30.5,159118
2018-10-26,30.15,30.15,30.6,30.15,30.5,159118
2018-10-29,30.15,30.15,30.6,30.15,30.5,159118
2018-10-30,30.15,30.15,30.6,30.15,30.5,159118
2018-10-31,30.15,30.15,30.6,30.15,30.5,159118
2018-11-01,30.15,30.15,30.6,30.15,30.5,159118
2018-11-02,30.15,30.15,30.6,30.15,30.5,159118
2018-11-05,30.15,30.15,30.6,30.15,30.5,159118
2018-11-06,30.15,30.15,30.6,30.15,30.5,159118
2018-11-07,30.15,30.15,30.6,30.15,30.5,159118
2018-11-08,30.15,30.15,30.6,30.15,30.5,159118
2018-11-09,30.15,30.15,30.6,30.15,30.5,159118
2018-11-12,30.15,30.15,30.6,30.15,30.5,159118
2018-11-13,30.15,30.15,30.6,30.15,30.5,159118
2018-11-14,30.15,30.15,30.6,30.15,30.5,159118
2018-11-15,30.15,30.15,30.6,30.15,30.5,159118
2018-11-16,30.15,30.15,30.6,30.15,30.5,159118
2018-11-19,30.15,30.15,30.6,30.15,30.5,159118
2018-11-20,30.15,30.15,30.6,30.15,30.5,159118
2018-11-21,30.15,30.15,30.6,30.15,30.5,159118
2018-11-22,30.15,30.15,30.6,30.15,30.5,159118
2018-11-23,30.15,30.15,30.6,30.15,30.5,159118
2018-11-26,30.15,30.15,30.6,30.15,30.5,159118
2018-11-27,30.15,30.15,30.6,30.15,30.5,159118
2018-11-28,30.15,30.15,30.6,30.15,30.5,159118
2018-11-29,30.15,30.15,30.6,30.15,30.5,159118
2018-11-30,30.15,30.15,30.6,30.15,30.5,159118
2018-12-03,30.15,30.15,30.6,30.15,30.5,159118
2018-12-04,30.15,30.15,30.6,30.15,30.5,159118
2018-12-05,30.15,30.15,30.6,30.15,30.5,159118
2018-12-06,30.15,30.15,30.6,30.15,30.5,159118
2018-12-07,30.15,30.15,30.6,30.15,30.5,159118
2018-12-10,30.15,30.15,30.6,30.15,30.5,159118
2018-12-11,30.15,30.15,30.6,30.15,30.5,159118
2018-12-12,30.15,30.15,30.6,30.15,30.5,159118
2018-12-13,30.15,30.15,30.6,30.15,30.5,159118
2018-12-14,30.15,30.15,30.6,30.15,30.5,159118
2018-12-17,30.15,30.15,30.6,30.15,30.5,159118
2018-12-18,30.15,30.15,30.6,30.15,30.5,159118
2018-12-19,30.15,30.15,30.6,30.15,30.5,159118
2018-12-20,30.15,30.15,30.6,30.15,30.5,159118
2018-12-21,30.15,30.15,30.6,30.15,30.5,159118
2018-12-24,30.15,30.15,30.6,30.15,30.5,159118
2018-12-25,30.15,30.15,30.6,30.15,30.5,159118
2018-12-26,30.15,30.15,30.6,30.15,30.5,159118
2018-12-27,30.15,30.15,30.6,30.15,30.5,159118
2018-12-28,30.15,30.15,30.6,30.15,30.5,159118
2019-01-02,30.15,30.15,30.6,30.15,30.5,159118
2019-01-03,30.15,30.15,30.6,30.15,30.5,159118
2019-01-04,30.15,30.15,30.6,30.15,30.5,159118
2019-01-07,30.15,30.15,30.6,30.15,30.5,159118
2019-01-08,30.15,30.15,30.6,30.15,30.5,159118
2019-01-09,30.15,30.15,30.6,30.15,30.5,159118
2019-01-10,30.15,30.15,30.6,30.15,30.5,159118
2019-01-11,30.15,30.15,30.6,30.15,30.5,159118
2019-01-14,30.15,30.15,30.6,30.15,30.5,159118
2019-01-15,30.15,30.15,30.6,30.15,30.5,159118
2019-01-16,30.15,30.15,30.6,30.15,30.5,159118
2019-01-17,30.15,30.15,30.6,30.15,30.5,159118
2019-01-18,30.15,30.15,30.6,30.15,30.5,159118
2019-01-21,30.15,30.15,30.6,30.15,30.5,159118
2019-01-22,30.15,30.15,30.6,30.15,30.5,159118
2019-01-23,30.15,30.15,30.6,30.15,30.5,159118
2019-01-24,30.15,30.15,30.6,30.15,30.5,159118
2019-01-25,30.15,30.15,30.6,30.15,30.5,159118
2019-01-28,30.15,30.15,30.6,30.15,30.5,159118
2019-01-29,30.15,30.15,30.6,30.15,30.5,159118
2019-01-30,30.15,30.15,30.6,30.15,30.5,159118
2019-02-11,30.15,30.15,30.6,30.15,30.5,159118
2019-02-12,30.15,30.15,30.6,30.15,30.5,159118
2019-02-13,30.15,30.15,30.6,30.15,30.5,159118
2019-02-14,30.15,30.15,30.6,30.15,30.5,159118
2019-02-15,30.15,30.15,30.6,30.15,30.5,159118
2019-02-18,30.15,30.15,30.6,30.15,30.5,159118
2019-02-19,30.15,30.15,30.6,30.15,30.5,159118
2019-02-20,30.15,30.15,30.6,30.15,30.5,159118
2019-02-21,30.15,30.15,30.6,30.15,30.5,159118
2019-02-22,30.15,30.15,30.6,30.15,30.5,159118
2019-02-25,30.15,30.15,30.6,30.15,30.5,159118
2019-02-26,30.15,30.15,30.6,30.15,30.5,159118
2019-02-27,30.15,30.15,30.6,30.15,30.5,159118
2019-03-04,30.15,30.15,30.6,30.15,30.5,159118
2019-03-05,30.15,30.15,30.6,30.15,30.5,159118
2019-03-06,30.15,30.15,30.6,30.15,30.5,159118
2019-03-07,30.15,30.15,30.6,30.15,30.5,159118
2019-03-08,30.15,30.15,30.6,30.15,30.5,159118
2019-03-11,30.15,30.15,30.6,30.15,30.5,159118
2019-03-12,30.15,30.15,30.6,30.15,30.5,159118
2019-03-13,30.15,30.15,30.6,30.15,30.5,159118
2019-03-14,30.15,30.15,30.6,30.15,30.5,159118
2019-03-15,30.15,30.15,30.6,30.15,30.5,159118
2019-03-18,30.15,30.15,30.6,30.15,30.5,159118
2019-03-19,30.15,30.15,30.6,30.15,30.5,159118
2019-03-20,30.15,30.15,30.6,30.15,30.5,159118
2019-03-21,30.15,30.15,30.6,30.15,30.5,159118
2019-03-22,30.15,30.15,30.6,30.15,30.5,159118
2019-03-25,30.15,30.15,30.6,30.15,30.5,159118
2019-03-26,30.15,30.15,30.6,30.15,30.5,159118
2019-03-27,30.15,30.15,30.6,30.15,30.5,159118
2019-03-28,30.15,30.15,30.6,30.15,30.5,159118
2019-03-29,30.15,30.15,30.6,30.15,30.5,159118
2019-04-01,30.15,30.15,30.6,30.15,30.5,159118
2019-04-02,30.15,30.15,30.6,30.15,30.5,159118
2019-04-03,30.15,30.15,30.6,30.15,30.5,159118
2019-04-08,30.15,30.15,30.6,30.15,30.5,159118
2019-04-09,30.15,30.15,30.6,30.15,30.5,159118
2019-04-10,30.15,30.15,30.6,30.15,30.5,159118
2019-04-11,30.15,30.15,30.6,30.15,30.5,159118
2019-04-12,30.15,30.15,30.6,30.15,30.5,159118
2019-04-15,30.15,30.15,30.6,30.15,30.5,159118
2019-04-16,30.15,30.15,30.6,30.15,30.5,159118
2019-04-17,30.15,30.15,30.6,30.15,30.5,159118
2019-04-18,30.15,30.15,30.6,30.15,30.5,159118
2019-04-19,30.15,30.15,30.6,30.15,30.5,159118
2019-04-22,30.15,30.15,30.6,30.15,30.5,159118
2019-04-23,30.15,30.15,30.6,30.15,30.5,159118
2019-04-24,30.15,30.15,30.6,30.15,30.5,159118
2019-04-25,30.15,30.15,30.6,30.15,30.5,159118
2019-04-26,30.15,30.15,30.6,30.15,30.5,159118
2019-04-29,30.15,30.15,30.6,30.15,30.5,159118
2019-04-30,30.15,30.15,30.6,30.15,30.5,159118
2019-05-02,30.15,30.15,30.6,30.15,30.5,159118
2019-05-03,30.15,30.15,30.6,30.15,30.5,159118
2019-05-06,30.15,30.15,30.6,30.15,30.5,159118
2019-05-07,30.15,30.15,30.6,30.15,30.5,159118
2019-05-08,30.15,30.15,30.6,30.15,30.5,159118
2019-05-09,30.15,30.15,30.6,30.15,30.5,159118
2019-05-10,30.15,30.15,30.6,30.15,30.5,159118
2019-05-13,30.15,30.15,30.6,30.15,30.5,159118
2019-05-14,30.15,30.15,30.6,30.15,30.5,159118
2019-05-15,30.15,30.15,30.6,30.15,30.5,159118
2019-05-16,30.15,30.15,30.6,30.15,30.5,159118
2019-05-17,30.15,30.15,30.6,30.15,30.5,159118
2019-05-20,30.15,30.15,30.6,30.15,30.5,159118
2019-05-21,30.15,30.15,30.6,30.15,30.5,159118
2019-05-22,30.15,30.15,30.6,30.15,30.5,159118
2019-05-23,30.15,30.15,30.6,30.15,30.5,159118
2019-05-24,30.15,30.15,30.6,30.15,30.5,159118
2019-05-27,30.15,30.15,30.6,30.15,30.5,159118
2019-05-28,30.15,30.15,30.6,30.15,30.5,159118
2019-05-29,30.15,30.15,30.6,30.15,30.5,159118
2019-05-30,30.15,30.15,30.6,30.15,30.5,159118
2019-05-31,30.15,30.15,30.6,30.15,30.5,159118
2019-06-03,30.15,30.15,30.6,30.15,30.5,159118
2019-06-04,30.15,30.15,30.6,30.15,30.5,159118
2019-06-05,30.15,30.15,30.6,30.15,30.5,159118
2019-06-06,30.15,30.15,30.6,30.15,30.5,159118
2019-06-10,30.15,30.15,30.6,30.15,30.5,159118
2019-06-11,30.15,30.15,30.6,30.15,30.5,159118
2019-06-12,30.15,30.15,30.6,30.15,30.5,159118
2019-06-13,30.15,30.15,30.6,30.15,30.5,159118
2019-06-14,30.15,30.15,30.6,30.15,30.5,159118
2019-06-17,30.15,30.15,30.6,30.15,30.5,159118
2019-06-18,30.15,30.15,30.6,30.15,30.5,159118
2019-06-19,30.15,30.15,30.6,30.15,30.5,159118
2019-06-20,30.15,30.15,30.6,30.15,30.5,159118
2019-06-21,30.15,30.15,30.6,30.15,30.5,159118
2019-06-24,30.15,30.15,30.6,30.15,30.5,159118
2019-06-25,30.15,30.15,30.6,30.15,30.5,159118
2019-06-26,30.15,30.15,30.6,30.15,30.5,159118
2019-06-27,30.15,30.15,30.6,30.15,30.5,159118
2019-06-28,30.15,30.15,30.6,30.15,30.5,159118
2019-07-01,30.15,30.15,30.6,30.15,30.5,159118
2019-07-02,30.15,30.15,30.6,30.15,30.5,159118
2019-07-03,30.15,30.15,30.6,30.15,30.5,159118
2019-07-04,30.15,30.15,30.6,30.15,30.5,159118
2019-07-05,30.15,30.15,30.6,30.15,30.5,159118
2019-07-08,30.15,30.15,30.6,30.15,30.5,159118
2019-07-09,30.15,30.15,30.6,30.15,30.5,159118
2019-07-10,30.15,30.15,30.6,30.15,30.5,159118
2019-07-11,30.15,30.15,30.6,30.15,30.5,159118
2019-07-12,30.15,30.15,30.6,30.15,30.5,159118
2019-07-15,30.15,30.15,30.6,30.15,30.5,159118
2019-07-16,30.15,30.15,30.6,30.15,30.5,159118
2019-07-17,30.15,30.15,30.6,30.15,30.5,159118
2019-07-18,30.15,30.15,30.6,30.15,30.5,159118
2019-07-19,30.15,30.15,30.6,30.15,30.5,159118
2019-07-22,30.15,30.15,30.6,30.15,30.5,159118
2019-07-23,30.15,30.15,30.6,30.15,30.5,159118
2019-07-24,30.15,30.15,30.6,30.15,30.5,159118
2019-07-25,30.15,30.15,30.6,30.15,30.5,159118
2019-07-26,30.15,30.15,30.6,30.15,30.5,159118
2019-07-29,30.15,30.15,30.6,30.15,30.5,159118
2019-07-30,30.15,30.15,30.6,30.15,30.5,159118
2019-07-31,30.15,30.15,30.6,30.15,30.5,159118
2019-08-01,30.15,30.15,30.6,30.15,30.5,159118
2019-08-02,30.15,30.15,30.6,30.15,30.5,159118
2019-08-05,30.15,30.15,30.6,30.15,30.5,159118
2019-08-06,30.15,30.15,30.6,30.15,30.5,159118
2019-08-07,30.15,30.15,30.6,30.15,30.5,159118
2019-08-08,30.15,30.15,30.6,30.15,30.5,159118
2019-08-12,30.15,30.15,30.6,30.15,30.5,159118
2019-08-13,30.15,30.15,30.6,30.15,30.5,159118
2019-08-14,30.15,30.15,30.6,30.15,30.5,159118
2019-08-15,30.15,30.15,30.6,30.15,30.5,159118
2019-08-16,30.15,30.15,30.6,30.15,30.5,159118
2019-08-19,30.15,30.15,30.6,30.15,30.5,159118
2019-08-20,30.15,30.15,30.6,30.15,30.5,159118
2019-08-21,30.15,30.15,30.6,30.15,30.5,159118
2019-08-22,30.15,30.15,30.6,30.15,30.5,159118
2019-08-23,30.15,30.15,30.6,30.15,30.5,159118
2019-08-26,30.15,30.15,30.6,30.15,30.5,159118
2019-08-27,30.15,30.15,30.6,30.15,30.5,159118
2019-08-28,30.15,30.15,30.6,30.15,30.5,159118
2019-08-29,30.15,30.15,30.6,30.15,30.5,159118
2019-08-30,30.15,30.15,30.6,30.15,30.5,159118
2019-09-02,30.15,30.15,30.6,30.15,30.5,159118
2019-09-03,30.15,30.15,30.6,30.15,30.5,159118
2019-09-04,30.15,30.15,30.6,30.15,30.5,159118
2019-09-05,30.15,30.15,30.6,30.15,30.5,159118
2019-09-06,30.15,30.15,30.6,30.15,30.5,159118
2019-09-09,30.15,30.15,30.6,30.15,30.5,159118
2019-09-10,30.15,30.15,30.6,30.15,30.5,159118
2019-09-11,30.15,30.15,30.6,30.15,30.5,159118
2019-09-12,30.15,30.15,30.6,30.15,30.5,159118
2019-09-16,30.15,30.15,30.6,30.15,30.5,159118
2019-09-17,30.15,30.15,30.6,30.15,30.5,159118
2019-09-18,30.15,30.15,30.6,30.15,30.5,159118
2019-09-19,30.15,30.15,30.6,30.15,30.5,159118
2019-09-20,30.15,30.15,30.6,30.15,30.5,159118
2019-09-23,30.15,30.15,30.6,30.15,30.5,159118
2019-09-24,30.15,30.15,30.6,30.15,30.5,159118
2019-09-25,30.15,30.15,30.6,30.15,30.5,159118
2019-09-26,30.15,30.15,30.6,30.15,30.5,159118
2019-09-27,30.15,30.15,30.6,30.15,30.5,159118
2019-10-01,30.15,30.15,30.6,30.15,30.5,159118
2019-10-02,30.15,30.15,30.6,30.15,30.5,159118
2019-10-03,30.15,30.15,30.6,30.15,30.5,159118
2019-10-04,30.15,30.15,30.6,30.15,30.5,159118
2019-10-07,30.15,30.15,30.6,30.15,30.5,159118
2019-10-08,30.15,30.15,30.6,30.15,30.5,159118
2019-10-09,30.15,30.15,30.6,30.15,30.5,159118
2019-10-14,30.15,30.15,30.6,30.15,30.5,159118
2019-10-15,30.15,30.15,30.6,30.15,30.5,159118
2019-10-16,30.15,30.15,30.6,30.15,30.5,159118
2019-10-17,30.15,30.15,30.6,30.15,30.5,159118
2019-10-18,30.15,30.15,30.6,30.15,30.5,159118
2019-10-21,30.15,30.15,30.6,30.15,30.5,159118
2019-10-22,30.15,30.15,30.6,30.15,30.5,159118
2019-10-23,30.15,30.15,30.6,30.15,30.5,159118
2019-10-24,30.15,30.15,30.6,30.15,30.5,159118
2019-10-25,30.15,30.15,30.6,30.15,30.5,159118
2019-10-28,30.15,30.15,30.6,30.15,30.5,159118
2019-10-29,30.15,30.15,30.6,30.15,30.5,159118
2019-10-30,30.15,30.15,30.6,30.15,30.5,159118
2019-10-31,30.15,30.15,30.6,30.15,30.5,159118
2019-11-01,30.15,30.15,30.6,30.15,30.5,159118
2019-11-04,30.15,30.15,30.6,30.15,30.5,159118
2019-11-05,30.15,30.15,30.6,30.15,30.5,159118
2019-11-06,30.15,30.15,30.6,30.15,30.5,159118
2019-11-07,30.15,30.15,30.6,30.15,30.5,159118
2019-11-08,30.15,30.15,30.6,30.15,30.5,159118
2019-11-11,30.15,30.15,30.6,30.15,30.5,159118
2019-11-12,30.15,30.15,30.6,30.15,30.5,159118
2019-11-13,30.15,30.15,30.6,30.15,30.5,159118
2019-11-14,30.15,30.15,30.6,30.15,30.5,159118
2019-11-20,30.15,30.15,30.6,30.15,30.5,159118
2019-11-21,30.15,30.15,30.6,30.15,30.5,159118
2019-11-22,30.15,30.15,30.6,30.15,30.5,159118
2019-11-25,30.15,30.15,30.6,30.15,30.5,159118
2019-11-26,30.15,30.15,30.6,30.15,30.5,159118
2019-11-27,30.15,30.15,30.6,30.15,30.5,159118
2019-11-28,30.15,30.15,30.6,30.15,30.5,159118
2019-11-29,30.15,30.15,30.6,30.15,30.5,159118
2019-12-02,30.15,30.15,30.6,30.15,30.5,159118
2019-12-03,30.15,30.15,30.6,30.15,30.5,159118
2019-12-04,30.15,30.15,30.6,30.15,30.5,159118
2019-12-05,30.15,30.15,30.6,30.15,30.5,159118
2019-12-06,30.15,30.15,30.6,30.15,30.5,159118
2019-12-09,30.15,30.15,30.6,30.15,30.5,159118
2019-12-10,30.15,30.15,30.6,30.15,30.5,159118
2019-12-11,30.15,30.15,30.6,30.15,30.5,159118
2019-12-12,30.15,30.15,30.6,30.15,30.5,159118
2019-12-13,30.15,30.15,30.6,30.15,30.5,159118
2019-12-16,30.15,30.15,30.6,30.15,30.5,159118
2019-12-17,30.15,30.15,30.6,30.15,30.5,159118
2019-12-18,30.15,30.15,30.6,30.15,30.5,159118
2019-12-19,30.15,30.15,30.6,30.15,30.5,159118
2019-12-20,30.15,30.15,30.6,30.15,30.5,159118
2019-12-23,30.15,30.15,30.6,30.15,30.5,159118
2019-12-24,30.15,30.15,30.6,30.15,30.5,159118
2019-12-25,30.15,30.15,30.6,30.15,30.5,159118
2019-12-26,30.15,30.15,30.6,30.15,30.5,159118
2019-12-27,30.15,30.15,30.6,30.15,30.5,159118
2019-12-30,30.15,30.15,30.6,30.15,30.5,159118
2019-12-31,30.15,30.15,30.6,30.15,30.5,159118
2020-01-02,30.15,30.15,30.6,30.15,30.5,159118
2020-01-03,30.15,30.15,30.6,30.15,30.5,159118
2020-01-06,30.15,30.15,30.6,30.15,30.5,159118
2020-01-07,30.15,30.15,30.6,30.15,30.5,159118
2020-01-08,30.15,30.15,30.6,30.15,30.5,159118
2020-01-09,30.15,30.15,30.6,30.15,30.5,159118
2020-01-10,30.15,30.15,30.6,30.15,30.5,159118
2020-01-13,30.15,30.15,30.6,30.15,30.5,159118
2020-01-14,30.15,30.15,30.6,30.15,30.5,159118
2020-01-15,30.15,30.15,30.6,30.15,30.5,159118
2020-01-16,30.15,30.15,30.6,30.15,30.5,159118
2020-01-17,30.15,30.15,30.6,30.15,30.5,159118
2020-01-20,30.15,30.15,30.6,30.15,30.5,159118
2020-01-30,30.15,30.15,30.6,30.15,30.5,159118
2020-01-31,30.15,30.15,30.6,30.15,30.5,159118
2020-02-03,30.15,30.15,30.6,30.15,30.5,159118
2020-02-04,30.15,30.15,30.6,30.15,30.5,159118
2020-02-05,30.15,30.15,30.6,30.15,30.5,159118
2020-02-06,30.15,30.15,30.6,30.15,30.5,159118
2020-02-07,30.15,30.15,30.6,30.15,30.5,159118
2020-02-10,30.15,30.15,30.6,30.15,30.5,159118
2020-02-11,30.15,30.15,30.6,30.15,30.5,159118
2020-02-12,30.15,30.15,30.6,30.15,30.5,159118
2020-02-13,30.15,30.15,30.6,30.15,30.5,159118
2020-02-14,30.15,30.15,30.6,30.15,30.5,159118
2020-02-17,30.15,30.15,30.6,30.15,30.5,159118
2020-02-18,30.15,30.15,30.6,30.15,30.5,159118
2020-02-19,30.15,30.15,30.6,30.15,30.5,159118
2020-02-20,30.15,30.15,30.6,30.15,30.5,159118
2020-02-21,30.15,30.15,30.6,30.15,30.5,159118
2020-02-24,30.15,30.15,30.6,30.15,30.5,159118
2020-02-25,30.15,30.15,30.6,30.15,30.5,159118
2020-02-26,30.15,30.15,30.6,30.15,30.5,159118
2020-02-27,30.15,30.15,30.6,30.15,30.5,159118
2020-03-02,30.15,30.15,30.6,30.15,30.5,159118
2020-03-03,30.15,30.15,30.6,30.15,30.5,159118
2020-03-04,30.15,30.15,30.6,30.15,30.5,159118
2020-03-05,30.15,30.15,30.6,30.15,30.5,159118
2020-03-06,30.15,30.15,30.6,30.15,30.5,159118
2020-03-09,30.15,30.15,30.6,30.15,30.5,159118
2020-03-10,30.15,30.15,30.6,30.15,30.5,159118
2020-03-11,30.15,30.15,30.6,30.15,30.5,159118
2020-03-12,30.15,30.15,30.6,30.15,30.5,159118
2020-03-13,30.15,30.15,30.6,30.15,30.5,159118
2020-03-16,30.15,30.15,30.6,30.15,30.5,159118
2020-03-17,30.15,30.15,30.6,30.15,30.5,159118
2020-03-18,30.15,30.15,30.6,30.15,30.5,159118
2020-03-19,30.15,30.15,30.6,30.15,30.5,159118
2020-03-20,30.15,30.15,30.6,30.15,30.5,159118
2020-03-23,30.15,30.15,30.6,30.15,30.5,159118
2020-03-24,30.15,30.15,30.6,30.15,30.5,159118
2020-03-25,30.15,30.15,30.6,30.15,30.5,159118
2020-03-26,30.15,30.15,30.6,30.15,30.5,159118
2020-03-27,30.15,30.15,30.6,30.15,30.5,159118
2020-03-30,30.15,30.15,30.6,30.15,30.5,159118
2020-03-31,30.15,30.15,30.6,30.15,30.5,159118
2020-04-01,30.15,30.15,30.6,30.15,30.5,159118
2020-04-07,30.15,30.15,30.6,30.15,30.5,159118
2020-04-08,30.15,30.15,30.6,30.15,30.5,159118
2020-04-09,30.15,30.15,30.6,30.15,30.5,159118
2020-04-10,30.15,30.15,30.6,30.15,30.5,159118
2020-04-13,30.15,30.15,30.6,30.15,30.5,159118
2020-04-14,30.15,30.15,30.6,30.15,30.5,159118
2020-04-15,30.15,30.15,30.6,30.15,30.5,159118
2020-04-16,30.15,30.15,30.6,30.15,30.5,159118
2020-04-17,30.15,30.15,30.6,30.15,30.5,159118
2020-04-20,30.15,30.15,30.6,30.15,30.5,159118
2020-04-21,30.15,30.15,30.6,30.15,30.5,159118
2020-04-22,30.15,30.15,30.6,30.15,30.5,159118
2020-04-23,30.15,30.15,30.6,30.15,30.5,159118
2020-04-24,30.15,30.15,30.6,30.15,30.5,159118
2020-04-27,30.15,30.15,30.6,30.15,30.5,159118
2020-04-28,30.15,30.15,30.6,30.15,30.5,159118
2020-04-29,30.15,30.15,30.6,30.15,30.5,159118
2020-05-04,30.15,30.15,30.6,30.15,30.5,159118
2020-05-05,30.15,30.15,30.6,30.15,30.5,159118
2020-05-06,30.15,30.15,30.6,30.15,30.5,159118
2020-05-07,30.15,30.15,30.6,30.15,30.5,159118
2020-05-08,30.15,30.15,30.6,30.15,30.5,159118
2020-05-11,30.15,30.15,30.6,30.15,30.5,159118
2020-05-12,30.15,30.15,30.6,30.15,30.5,159118
2020-05-13,30.15,30.15,30.6,30.15,30.5,159118
2020-05-14,30.15,30.15,30.6,30.15,30.5,159118
2020-05-15,30.15,30.15,30.6,30.15,30.5,159118
2020-05-18,30.15,30.15,30.6,30.15,30.5,159118
2020-05-19,30.15,30.15,30.6,30.15,30.5,159118
2020-05-20,30.15,30.15,30.6,30.15,30.5,159118
2020-05-21,30.15,30.15,30.6,30.15,30.5,159118
2020-05-22,30.15,30.15,30.6,30.15,30.5,159118
2020-05-25,30.15,30.15,30.6,30.15,30.5,159118
2020-05-26,30.15,30.15,30.6,30.15,30.5,159118
2020-05-27,30.15,30.15,30.6,30.15,30.5,159118
2020-05-28,30.15,30.15,30.6,30.15,30.5,159118
2020-05-29,30.15,30.15,30.6,30.15,30.5,159118
2020-06-01,30.15,30.15,30.6,30.15,30.5,159118
2020-06-02,30.15,30.15,30.6,30.15,30.5,159118
2020-06-03,30.15,30.15,30.6,30.15,30.5,159118
2020-06-04,30.15,30.15,30.6,30.15,30.5,159118
2020-06-05,30.15,30.15,30.6,30.15,30.5,159118
2020-06-08,30.15,30.15,30.6,30.15,30.5,159118
2020-06-09,30.15,30.15,30.6,30.15,30.5,159118
2020-06-10,30.15,30.15,30.6,30.15,30.5,159118
2020-06-11,30.15,30.15,30.6,30.15,30.5,159118
2020-06-12,30.15,30.15,30.6,30.15,30.5,159118
2020-06-15,30.15,30.15,30.6,30.15,30.5,159118
2020-06-16,30.15,30.15,30.6,30.15,30.5,159118
2020-06-17,30.15,30.15,30.6,30.15,30.5,159118
2020-06-18,30.15,30.15,30.6,30.15,30.5,159118
2020-06-19,30.15,30.15,30.6,30.15,30.5,159118
2020-06-22,30.15,30.15,30.6,30.15,30.5,159118
2020-06-23,30.15,30.15,30.6,30.15,30.5,159118
2020-06-24,30.15,30.15,30.6,30.15,30.5,159118
2020-06-29,30.15,30.15,30.6,30.15,30.5,159118
2020-06-30,30.15,30.15,30.6,30.15,30.5,159118
2020-07-01,30.15,30.15,30.6,30.15,30.5,159118
2020-07-02,30.15,30.15,30.6,30.15,30.5,159118
2020-07-03,30.15,30.15,30.6,30.15,30.5,159118
2020-07-06,30.15,30.15,30.6,30.15,30.5,159118
2020-07-07,30.15,30.15,30.6,30.15,30.5,159118
2020-07-08,30.15,30.15,30.6,30.15,30.5,159118
2020-07-09,30.15,30.15,30.6,30.15,30.5,159118
2020-07-10,30.15,30.15,30.6,30.15,30.5,159118
2020-07-13,30.15,30.15,30.6,30.15,30.5,159118
2020-07-14,30.15,30.15,30.6,30.15,30.5,159118
2020-07-15,30.15,30.15,30.6,30.15,30.5,159118
2020-07-16,30.15,30.15,30.6,30.15,30.5,159118
2020-07-17,30.15,30.15,30.6,30.15,30.5,159118
2020-07-20,30.15,30.15,30.6,30.15,30.5,159118
2020-07-21,30.15,30.15,30.6,30.15,30.5,159118
2020-07-22,30.15,30.15,30.6,30.15,30.5,159118
2020-07-23,30.15,30.15,30.6,30.15,30.5,159118
2020-07-24,30.15,30.15,30.6,30.15,30.5,159118
2020-07-27,30.15,30.15,30.6,30.15,30.5,159118
2020-07-28,30.15,30.15,30.6,30.15,30.5,159118
2020-07-29,30.15,30.15,30.6,30.15,30.5,159118
2020-07-30,30.15,30.15,30.6,30.15,30.5,159118
2020-07-31,30.15,30.15,30.6,30.15,30.5,159118
2020-08-03,30.15,30.15,30.6,30.15,30.5,159118
2020-08-04,30.15,30.15,30.6,30.15,30.5,159118
2020-08-05,30.15,30.15,30.6,30.15,30.5,159118
2020-08-06,30.15,30.15,30.6,30.15,30.5,159118
2020-08-07,30.15,30.15,30.6,30.15,30.5,159118
2020-08-10,30.15,30.15,30.6,30.15,30.5,159118
2020-08-11,30.15,30.15,30.6,30.15,30.5,159118
2020-08-12,30.15,30.15,30.6,30.15,30.5,159118
2020-08-13,30.15,30.15,30.6,30.15,30.5,159118
2020-08-14,30.15,30.15,30.6,30.15,30.5,159118
2020-08-17,30.15,30.15,30.6,30.15,30.5,159118
2020-08-18,30.15,30.15,30.6,30.15,30.5,159118
2020-08-19,30.15,30.15,30.6,30.15,30.5,159118
2020-08-20,30.15,30.15,30.6,30.15,30.5,159118
2020-08-21,30.15,30.15,30.6,30.15,30.5,159118
2020-08-24,30.15,30.15,30.6,30.15,30.5,159118
2020-08-25,30.15,30.15,30.6,30.15,30.5,159118
2020-08-26,30.15,30.15,30.6,30.15,30.5,159118
2020-08-27,30.15,30.15,30.6,30.15,30.5,159118
2020-08-28,30.15,30.15,30.6,30.15,30.5,159118
2020-08-31,30.15,30.15,30.6,30.15,30.5,159118
2020-09-01,30.15,30.15,30.6,30.15,30.5,159118
2020-09-02,30.15,30.15,30.6,30.15,30.5,159118
2020-09-03,30.15,30.15,30.6,30.15,30.5,159118
2020-09-04,30.15,30.15,30.6,30.15,30.5,159118
2020-09-07,30.15,30.15,30.6,30.15,30.5,159118
2020-09-08,30.15,30.15,30.6,30.15,30.5,159118
2020-09-09,30.15,30.15,30.6,30.15,30.5,159118
2020-09-10,30.15,30.15,30.6,30.15,30.5,159118
2020-09-11,30.15,30.15,30.6,30.15,30.5,159118
2020-09-14,30.15,30.15,30.6,30.15,30.5,159118
2020-09-15,30.15,30.15,30.6,30.15,30.5,159118
2020-09-16,30.15,30.15,30.6,30.15,30.5,159118
2020-09-17,30.15,30.15,30.6,30.15,30.5,159118
2020-09-18,30.15,30.15,30.6,30.15,30.5,159118
2020-09-21,30.15,30.15,30.6,30.15,30.5,159118
2020-09-22,30.15,30.15,30.6,30.15,30.5,159118
2020-09-23,30.15,30.15,30.6,30.15,30.5,159118
2020-09-24,30.15,30.15,30.6,30.15,30.5,159118
2020-09-25,30.15,30.15,30.6,30.15,30.5,159118
2020-09-28,30.15,30.15,30.6,30.15,30.5,159118
2020-09-29,30.15,30.15,30.6,30.15,30.5,159118
2020-09-30,30.15,30.15,30.6,30.15,30.5,159118
2020-10-05,30.15,30.15,30.6,30.15,30.5,159118
2020-10-06,30.15,30.15,30.6,30.15,30.5,159118
2020-10-07,30.15,30.15,30.6,30.15,30.5,159118
2020-10-08,30.15,30.15,30.6,30.15,30.5,159118
2020-10-12,30.15,30.15,30.6,30.15,30.5,159118
2020-10-13,30.15,30.15,30.6,30.15,30.5,159118
2020-10-14,30.15,30.15,30.6,30.15,30.5,159118
2020-10-15,30.15,30.15,30.6,30.15,30.5,159118
2020-10-16,30.15,30.15,30.6,30.15,30.5,159118
2020-10-19,30.15,30.15,30.6,30.15,30.5,159118
2020-10-20,30.15,30.15,30.6,30.15,30.5,159118
2020-10-21,30.15,30.15,30.6,30.15,30.5,159118
2020-10-22,30.15,30.15,30.6,30.15,30.5,159118
2020-10-23,30.15,30.15,30.6,30.15,30.5,159118
2020-10-26,30.15,30.15,30.6,30.15,30.5,159118
2020-10-27,30.15,30.15,30.6,30.15,30.5,159118
2020-10-28,30.15,30.15,30.6,30.15,30.5,159118
2020-10-29,30.15,30.15,30.6,30.15,30.5,159118
2020-10-30,30.15,30.15,30.6,30.15,30.5,159118
2020-11-02,30.15,30.15,30.6,30.15,30.5,159118
2020-11-03,30.15,30.15,30.6,30.15,30.5,159118
2020-11-04,30.15,30.15,30.6,30.15,30.5,159118
2020-11-05,30.15,30.15,30.6,30.15,30.5,159118
2020-11-06,30.15,30.15,30.6,30.15,30.5,159118
2020-11-09,30.15,30.15,30.6,30.15,30.5,159118
2020-11-10,30.15,30.15,30.6,30.15,30.5,159118
2020-11-11,30.15,30.15,30.6,30.15,30.5,159118
2020-11-12,30.15,30.15,30.6,30.15,30.5,159118
2020-11-13,30.15,30.15,30.6,30.15,30.5,159118
2020-11-16,30.15,30.15,30.6,30.15,30.5,159118
2020-11-17,30.15,30.15,30.6,30.15,30.5,159118
2020-11-18,30.15,30.15,30.6,30.15,30.5,159118
2020-11-19,30.15,30.15,30.6,30.15,30.5,159118
2020-11-20,30.15,30.15,30.6,30.15,30.5,159118
2020-11-23,30.15,30.15,30.6,30.15,30.5,159118
2020-11-24,30.15,30.15,30.6,30.15,30.5,159118
2020-11-25,30.15,30.15,30.6,30.15,30.5,159118
2020-11-26,30.15,30.15,30.6,30.15,30.5,159118
2020-11-27,30.15,30.15,30.6,30.15,30.5,159118
2020-11-30,30.15,30.15,30.6,30.15,30.5,159118
2020-12-01,30.15,30.15,30.6,30.15,30.5,159118
2020-12-02,30.15,30.15,30.6,30.15,30.5,159118
2020-12-04,30.15,30.15,30.6,30.15,30.5,159118
2020-12-07,30.15,30.15,30.6,30.15,30.5,159118
2020-12-08,30.15,30.15,30.6,30.15,30.5,159118
2020-12-09,30.15,30.15,30.6,30.15,30.5,159118
2020-12-10,30.15,30.15,30.6,30.15,30.5,159118
2020-12-11,30.15,30.15,30.6,30.15,30.5,159118
2020-12-14,30.15,30.15,30.6,30.15,30.5,159118
2020-12-15,30.15,30.15,30.6,30.15,30.5,159118
2020-12-16,30.15,30.15,30.6,30.15,30.5,159118
2020-12-17,30.15,30.15,30.6,30.15,30.5,159118
2020-12-18,30.15,30.15,30.6,30.15,30.5,159118
2020-12-21,30.15,30.15,30.6,30.15,30.5,159118
2020-12-22,30.15,30.15,30.6,30.15,30.5,159118
2020-12-23,30.15,30.15,30.6,30.15,30.5,159118
2020-12-24,30.15,30.15,30.6,30.15,30.5,159118
2020-12-25,30.15,30.15,30.6,30.15,30.5,159118
2020-12-28,30.15,30.15,30.6,30.15,30.5,159118
2020-12-29,30.15,30.15,30.6,30.15,30.5,159118
2020-12-30,30.15,30.15,30.6,30.15,30.5,159118
2020-12-31,30.15,30.15,30.6,30.15,30.5,159118
2021-01-04,30.15,30.15,30.6,30.15,30.5,159118
2021-01-05,30.15,30.15,30.6,30.15,30.5,159118
2021-01-06,30.15,30.15,30.6,30.15,30.5,159118
2021-01-07,30.15,30.15,30.6,30.15,30.5,159118
2021-01-08,30.15,30.15,30.6,30.15,30.5,159118
2021-01-11,30.15,30.15,30.6,30.15,30.5,159118
2021-01-12,30.15,30.15,30.6,30.15,30.5,159118
2021-01-13,30.15,30.15,30.6,30.15,30.5,159118
2021-01-14,30.15,30.15,30.6,30.15,30.5,159118
2021-01-15,30.15,30.15,30.6,30.15,30.5,159118
2021-01-18,30.15,30.15,30.6,30.15,30.5,159118
2021-01-19,30.15,30.15,30.6,30.15,30.5,159118
2021-01-20,30.15,30.15,30.6,30.15,30.5,159118
2021-01-21,30.15,30.15,30.6,30.15,30.5,159118
2021-01-22,30.15,30.15,30.6,30.15,30.5,159118
2021-01-25,30.15,30.15,30.6,30.15,30.5,159118
2021-01-26,30.15,30.15,30.6,30.15,30.5,159118
2021-01-27,30.15,30.15,30.6,30.15,30.5,159118
2021-01-28,30.15,30.15,30.6,30.15,30.5,159118
2021-01-29,30.15,30.15,30.6,30.15,30.5,159118
2021-02-01,30.15,30.15,30.6,30.15,30.5,159118
2021-02-02,30.15,30.15,30.6,30.15,30.5,159118
2021-02-03,30.15,30.15,30.6,30.15,30.5,159118
2021-02-04,30.15,30.15,30.6,30.15,30.5,159118
2021-02-05,30.15,30.15,30.6,30.15,30.5,159118
2021-02-17,30.15,30.15,30.6,30.15,30.5,159118
2021-02-18,30.15,30.15,30.6,30.15,30.5,159118
2021-02-19,30.15,30.15,30.6,30.15,30.5,159118
2021-02-22,30.15,30.15,30.6,30.15,30.5,159118
2021-02-23,30.15,30.15,30.6,30.15,30.5,159118
2021-02-24,30.15,30.15,30.6,30.15,30.5,159118
2021-02-25,30.15,30.15,30.6,30.15,30.5,159118
2021-02-26,30.15,30.15,30.6,30.15,30.5,159118
2021-03-02,30.15,30.15,30.6,30.15,30.5,159118
2021-03-03,30.15,30.15,30.6,30.15,30.5,159118
2021-03-04,30.15,30.15,30.6,30.15,30.5,159118
2021-03-05,30.15,30.15,30.6,30.15,30.5,159118
2021-03-08,30.15,30.15,30.6,30.15,30.5,159118
2021-03-09,30.15,30.15,30.6,30.15,30.5,159118
2021-03-10,30.15,30.15,30.6,30.15,30.5,159118
2021-03-11,30.15,30.15,30.6,30.15,30.5,159118
2021-03-12,30.15,30.15,30.6,30.15,30.5,159118
2021-03-15,30.15,30.15,30.6,30.15,30.5,159118
2021-03-16,30.15,30.15,30.6,30.15,30.5,159118
2021-03-17,30.15,30.15,30.6,30.15,30.5,159118
2021-03-18,30.15,30.15,30.6,30.15,30.5,159118
2021-03-19,30.15,30.15,30.6,30.15,30.5,159118
2021-03-22,30.15,30.15,30.6,30.15,30.5,159118
2021-03-23,30.15,30.15,30.6,30.15,30.5,159118
2021-03-24,30.15,30.15,30.6,30.15,30.5,159118
2021-03-25,30.15,30.15,30.6,30.15,30.5,159118
2021-03-26,30.15,30.15,30.6,30.15,30.5,159118
2021-03-29,30.15,30.15,30.6,30.15,30.5,159118
2021-03-30,30.15,30.15,30.6,30.15,30.5,159118
2021-03-31,30.15,30.15,30.6,30.15,30.5,159118
2021-04-01,30.15,30.15,30.6,30.15,30.5,159118
2021-04-06,30.15,30.15,30.6,30.15,30.5,159118
2021-04-07,30.15,30.15,30.6,30.15,30.5,159118
2021-04-08,30.15,30.15,30.6,30.15,30.5,159118
2021-04-09,30.15,30.15,30.6,30.15,30.5,159118
2021-04-12,30.15,30.15,30.6,30.15,30.5,159118
2021-04-13,30.15,30.15,30.6,30.15,30.5,159118
2021-04-14,30.15,30.15,30.6,30.15,30.5,159118
2021-04-15,30.15,30.15,30.6,30.15,30.5,159118
2021-04-16,30.15,30.15,30.6,30.15,30.5,159118
2021-04-19,30.15,30.15,30.6,30.15,30.5,159118
2021-04-20,30.15,30.15,30.6,30.15,30.5,159118
2021-04-21,30.15,30.15,30.6,30.15,30.5,159118
2021-04-22,30.15,30.15,30.6,30.15,30.5,159118
2021-04-23,30.15,30.15,30.6,30.15,30.5,159118
2021-04-26,30.15,30.15,30.6,30.15,30.5,159118
2021-04-27,30.15,30.15,30.6,30.15,30.5,159118
2021-04-28,30.15,30.15,30.6,30.15,30.5,159118
2021-04-29,30.15,30.15,30.6,30.15,30.5,159118
2021-05-03,30.15,30.15,30.6,30.15,30.5,159118
2021-05-04,30.15,30.15,30.6,30.15,30.5,159118
2021-05-05,30.15,30.15,30.6,30.15,30.5,159118
2021-05-06,30.15,30.15,30.6,30.15,30.5,159118
2021-05-07,30.15,30.15,30.6,30.15,30.5,159118
2021-05-10,30.15,30.15,30.6,30.15,30.5,159118
2021-05-11,30.15,30.15,30.6,30.15,30.5,159118
2021-05-12,30.15,30.15,30.6,30.15,30.5,159118
2021-05-13,30.15,30.15,30.6,30.15,30.5,159118
2021-05-14,30.15,30.15,30.6,30.15,30.5,159118
2021-05-17,30.15,30.15,30.6,30.15,30.5,159118
2021-05-18,30.15,30.15,30.6,30.15,30.5,159118
2021-05-19,30.15,30.15,30.6,30.15,30.5,159118
2021-05-20,30.15,30.15,30.6,30.15,30.5,159118
2021-05-21,30.15,30.15,30.6,30.15,30.5,159118
2021-05-24,30.15,30.15,30.6,30.15,30.5,159118
2021-05-25,30.15,30.15,30.6,30.15,30.5,159118
2021-05-26,30.15,30.15,30.6,30.15,30.5,159118
2021-05-27,30.15,30.15,30.6,30.15,30.5,159118
2021-05-28,30.15,30.15,30.6,30.15,30.5,159118
2021-05-31,30.15,30.15,30.6,30.15,30.5,159118
2021-06-01,30.15,30.15,30.6,30.15,30.5,159118
2021-06-02,30.15,30.15,30.6,30.15,30.5,159118
2021-06-03,30.15,30.15,30.6,30.15,30.5,159118
2021-06-04,30.15,30.15,30.6,30.15,30.5,159118
2021-06-07,30.15,30.15,30.6,30.15,30.5,159118
2021-06-08,30.15,30.15,30.6,30.15,30.5,159118
2021-06-09,30.15,30.15,30.6,30.15,30.5,159118
2021-06-10,30.15,30.15,30.6,30.15,30.5,159118
2021-06-11,30.15,30.15,30.6,30.15,30.5,159118
2021-06-15,30.15,30.15,30.6,30.15,30.5,159118
2021-06-16,30.15,30.15,30.6,30.15,30.5,159118
2021-06-17,30.15,30.15,30.6,30.15,30.5,159118
2021-06-18,30.15,30.15,30.6,30.15,30.5,159118
2021-06-21,30.15,30.15,30.6,30.15,30.5,159118
2021-06-22,30.15,30.15,30.6,30.15,30.5,159118
2021-06-23,30.15,30.15,30.6,30.15,30.5,159118
2021-06-24,30.15,30.15,30.6,30.15,30.5,159118
2021-06-25,30.15,30.15,30.6,30.15,30.5,159118
2021-06-28,30.15,30.15,30.6,30.15,30.5,159118
2021-06-29,30.15,30.15,30.6,30.15,30.5,159118
2021-06-30,30.15,30.15,30.6,30.15,30.5,159118
2021-07-01,30.15,30.15,30.6,30.15,30.5,159118
2021-07-02,30.15,30.15,30.6,30.15,30.5,159118
2021-07-05,30.15,30.15,30.6,30.15,30.5,159118
2021-07-06,30.15,30.15,30.6,30.15,30.5,159118
2021-07-07,30.15,30.15,30.6,30.15,30.5,159118
2021-07-08,30.15,30.15,30.6,30.15,30.5,159118
2021-07-09,30.15,30.15,30.6,30.15,30.5,159118
2021-07-12,30.15,30.15,30.6,30.15,30.5,159118
2021-07-13,30.15,30.15,30.6,30.15,30.5,159118
2021-07-14,30.15,30.15,30.6,30.15,30.5,159118
2021-07-15,30.15,30.15,30.6,30.15,30.5,159118
2021-07-16,30.15,30.15,30.6,30.15,30.5,159118
2021-07-19,30.15,30.15,30.6,30.15,30.5,159118
2021-07-20,30.15,30.15,30.6,30.15,30.5,159118
2021-07-21,30.15,30.15,30.6,30.15,30.5,159118
2021-07-22,30.15,30.15,30.6,30.15,30.5,159118
2021-07-23,30.15,30.15,30.6,30.15,30.5,159118
2021-07-26,30.15,30.15,30.6,30.15,30.5,159118
2021-07-27,30.15,30.15,30.6,30.15,30.5,159118
2021-07-28,30.15,30.15,30.6,30.15,30.5,159118
2021-07-29,30.15,30.15,30.6,30.15,30.5,159118
2021-07-30,30.15,30.15,30.6,30.15,30.5,159118
2021-08-02,30.15,30.15,30.6,30.15,30.5,159118
2021-08-03,30.15,30.15,30.6,30.15,30.5,159118
2021-08-04,30.15,30.15,30.6,30.15,30.5,159118
2021-08-05,30.15,30.15,30.6,30.15,30.5,159118
2021-08-06,30.15,30.15,30.6,30.15,30.5,159118
2021-08-09,19.05,19.05,19.5,19.05,19.25,122000
2021-08-10,18.75,18.75,19.2,18.7,19.05,221000
2021-08-11,18.4,18.4,19.0,18.35,18.8,150000
2021-08-12,18.4,18.4,18.9,18.4,18.75,95000
2021-08-13,17.9,17.9,18.55,17.9,18.45,220000
2021-08-16,17.9,17.9,18.3,17.5,17.95,580000
2021-08-17,17.35,17.35,17.95,17.3,17.9,186000
2021-08-18,17.45,17.45,17.65,16.7,17.35,209000
2021-08-19,17.2,17.2,17.3,17.1,17.2,145000
2021-08-20,17.3,17.3,17.5,17.1,17.25,74000
2021-08-23,18.0,18.0,18.15,17.3,17.3,143000
2021-08-24,17.4,17.4,17.7,17.3,17.6,499000
2021-08-25,17.55,17.55,17.55,17.3,17.3,66000
2021-08-26,17.7,17.7,17.75,17.4,17.5,524000
2021-08-27,17.9,17.9,18.45,17.5,17.6,559000
2021-08-30,17.7,17.7,17.9,17.7,17.8,39000
2021-08-31,17.5,17.5,17.9,17.4,17.9,82000
2021-09-01,17.5,17.5,17.65,17.4,17.55,93000
2021-09-02,17.1,17.1,17.5,17.1,17.5,105000
2021-09-03,17.1,17.1,17.3,17.0,17.3,83000
2021-09-06,17.05,17.05,17.15,17.0,17.15,77000
2021-09-07,16.65,16.65,17.1,16.65,17.05,93000
2021-09-08,16.3,16.3,16.8,16.2,16.65,127000
2021-09-09,16.5,16.5,16.5,16.2,16.2,48000
2021-09-10,16.6,16.6,16.7,16.5,16.5,48000
2021-09-13,16.85,16.85,17.0,16.6,16.65,90000
2021-09-14,17.7,17.7,18.5,17.15,17.15,991000
2021-09-15,17.15,17.15,17.55,17.0,17.4,301000
2021-09-16,16.75,16.75,17.4,16.7,17.2,231000
2021-09-17,16.75,16.75,16.8,16.6,16.7,45000
2021-09-22,16.65,16.65,16.7,16.25,16.3,490000
2021-09-23,16.75,16.75,16.95,16.65,16.65,45000
2021-09-24,16.7,16.7,16.8,16.6,16.75,74000
2021-09-27,16.85,16.85,16.85,16.7,16.8,55000
2021-09-28,18.5,18.5,18.5,16.8,16.85,1005000
2021-09-29,18.85,18.85,19.35,17.95,17.95,1869000
2021-09-30,19.05,19.05,19.4,18.4,18.85,1449000
2021-10-01,17.7,17.7,18.9,17.3,18.9,679000
2021-10-04,18.8,18.8,19.3,16.8,17.55,23324000
2021-10-05,20.65,20.65,20.65,18.3,18.4,5797000
2021-10-06,21.3,21.3,21.9,20.35,21.5,9189000
2021-10-07,21.4,21.4,21.85,20.35,21.65,7431000
2021-10-08,21.15,21.15,22.6,21.1,22.2,5044000
2021-10-12,19.95,19.95,20.25,19.45,20.0,2209000
2021-10-13,18.7,18.7,20.3,18.55,20.25,1516000
2021-10-14,20.55,20.55,20.55,18.6,19.25,2398000
2021-10-15,20.85,20.85,21.9,20.3,21.0,4736000
2021-10-18,19.35,19.35,20.9,19.35,20.6,1612000
2021-10-19,19.7,19.7,21.0,19.5,19.5,1950000
2021-10-20,19.5,19.5,20.0,19.25,20.0,890000
2021-10-21,19.45,19.45,20.4,19.4,19.55,1565000
2021-10-22,19.15,19.15,19.8,19.0,19.5,758000
2021-10-25,18.6,18.6,18.95,18.45,18.8,855000
2021-10-26,18.55,18.55,19.0,18.5,18.7,777000
2021-10-27,18.7,18.7,18.8,18.55,18.6,291000
2021-10-28,18.7,18.7,19.2,18.55,18.75,458000
2021-10-29,20.55,20.55,20.55,18.8,18.9,2894000
2021-11-01,22.6,22.6,22.6,21.5,21.95,2460000
2021-11-02,22.85,22.85,24.85,22.6,24.85,10166000
2021-11-03,23.8,23.8,23.8,21.9,22.85,3051000
2021-11-04,22.75,22.75,24.25,22.7,23.9,2284000
2021-11-05,22.1,22.1,23.2,21.95,23.1,1439000
2021-11-08,23.25,23.25,23.85,21.05,21.7,3855000
2021-11-09,23.3,23.3,24.65,23.25,23.5,5165000
2021-11-10,22.75,22.75,23.25,22.5,23.2,1636000
2021-11-11,25.0,25.0,25.0,22.8,22.8,8827000
2021-11-12,24.35,24.35,26.65,24.1,25.55,10673000
2021-11-15,23.9,23.9,25.05,23.8,24.35,2823000
2021-11-16,23.4,23.4,24.75,23.2,24.3,2082000
2021-11-17,23.55,23.55,24.65,23.5,24.15,1558000
2021-11-18,22.8,22.8,23.8,22.8,23.55,1750000
2021-11-19,22.5,22.5,23.1,22.3,22.95,1039000
2021-11-22,22.8,22.8,23.15,22.35,22.6,909000
2021-11-23,21.65,21.65,22.75,21.65,22.7,1021000
2021-11-24,21.65,21.65,22.15,21.5,21.7,509000
2021-11-25,22.45,22.45,23.65,21.75,21.75,2191000
2021-11-26,24.65,24.65,24.65,22.25,22.25,5880000
2021-11-29,26.2,26.2,27.1,23.45,24.5,14151000
2021-11-30,28.8,28.8,28.8,27.6,27.6,4436000
2021-12-01,31.65,31.65,31.65,31.65,31.65,3403000
2021-12-02,32.6,32.6,34.8,31.1,34.4,34925000
2021-12-03,32.95,32.95,34.25,31.85,33.0,18763000
2021-12-06,36.2,36.2,36.2,33.5,33.5,6642000
2021-12-07,36.35,36.35,38.25,36.15,36.8,8076000
2021-12-08,38.45,38.45,38.45,35.5,37.1,7292000
2021-12-09,36.15,36.15,39.95,35.75,39.65,8196000
2021-12-10,36.0,36.0,36.55,34.4,36.0,4515000
2021-12-13,37.0,37.0,38.1,35.7,36.5,4073000
2021-12-14,33.95,33.95,36.5,33.6,36.5,3638000
2021-12-15,35.0,35.0,35.45,34.0,34.0,2450000
2021-12-16,34.25,34.25,35.95,33.8,35.95,3341000
2021-12-17,33.65,33.65,34.5,33.5,33.5,3137000
2021-12-20,31.45,31.45,35.3,31.15,34.15,7044000
2021-12-21,31.55,31.55,33.45,31.25,32.2,5076000
2021-12-22,31.25,31.25,33.25,31.15,31.7,4812000
2021-12-23,33.75,33.75,34.3,31.05,31.7,9806000
2021-12-24,33.45,33.45,34.95,33.3,33.7,12071000
2021-12-27,31.65,31.65,34.35,31.55,33.5,6844000
2021-12-28,32.4,32.4,33.2,31.55,31.7,5097000
2021-12-29,31.65,31.65,32.8,31.5,31.95,2527000
2021-12-30,30.35,30.35,32.0,30.2,31.3,3333000
2022-01-03,29.6,29.6,31.0,29.15,30.85,3813000
2022-01-04,30.85,30.85,32.5,30.2,30.75,11844000
2022-01-05,28.5,28.5,30.6,28.5,30.6,5920000
2022-01-06,28.25,28.25,29.2,28.2,28.45,2926000
2022-01-07,26.95,26.95,29.0,26.95,29.0,3182000
2022-01-10,26.5,26.5,27.5,26.3,27.0,5690000
2022-01-11,26.15,26.15,27.15,25.05,27.15,3571000
2022-01-12,25.65,25.65,26.7,25.65,26.4,2283000
2022-01-13,25.8,25.8,26.1,25.05,26.1,1766000
2022-01-14,23.95,23.95,25.8,23.5,25.8,3083000
2022-01-17,25.8,25.8,26.0,24.3,24.45,3268000
2022-01-18,25.3,25.3,26.3,25.3,26.2,2670000
2022-01-19,25.55,25.55,25.7,24.7,25.0,1186000
2022-01-20,24.9,24.9,25.9,24.9,25.85,1633000
2022-01-21,23.9,23.9,25.0,23.8,24.9,1792000
2022-01-24,24.2,24.2,24.55,22.8,23.05,1516000
2022-01-25,23.5,23.5,24.65,23.5,24.05,1058000
2022-01-26,23.45,23.45,24.0,23.2,23.8,779000
2022-02-07,24.95,24.95,25.0,23.55,23.85,1039000
2022-02-08,25.0,25.0,25.25,24.4,24.65,1018000
2022-02-09,27.5,27.5,27.5,25.15,25.25,4932000
2022-02-10,26.0,26.0,28.25,25.8,28.2,8275000
2022-02-11,26.0,26.0,26.45,25.4,25.6,1885000
2022-02-14,24.5,24.5,25.85,24.5,25.85,1775000
2022-02-15,24.5,24.5,25.1,24.3,24.5,1125000
2022-02-16,25.9,25.9,26.2,24.7,25.05,4326000
2022-02-17,25.4,25.4,25.85,25.1,25.7,1517000
2022-02-18,25.45,25.45,25.5,24.9,24.95,736000
2022-02-21,25.0,25.0,25.45,24.9,25.45,754000
2022-02-22,24.1,24.1,24.9,23.85,24.9,1088000
2022-02-23,24.45,24.45,24.65,24.05,24.05,718000
2022-02-24,23.15,23.15,24.5,23.0,24.45,1481000
2022-02-25,23.35,23.35,23.85,23.2,23.65,700000
2022-03-01,24.0,24.0,24.2,23.5,23.5,524000
2022-03-02,24.3,24.3,24.35,23.35,23.9,705000
2022-03-03,24.15,24.15,25.15,24.15,24.95,829000
2022-03-04,23.6,23.6,23.95,23.5,23.5,643000
2022-03-07,22.2,22.2,23.5,21.85,23.5,992000
2022-03-08,21.0,21.0,22.35,20.8,21.85,1713000
2022-03-09,21.35,21.35,21.6,21.0,21.45,622000
2022-03-10,21.85,21.85,22.25,21.8,21.8,595000
2022-03-11,21.25,21.25,21.85,21.25,21.85,441000
2022-03-14,21.35,21.35,21.6,21.05,21.4,361000
2022-03-15,20.0,20.0,21.15,19.8,21.1,1298000
2022-03-16,20.1,20.1,20.65,19.75,20.35,885000
2022-03-17,21.15,21.15,21.35,20.6,20.6,1018000
2022-03-18,21.7,21.7,22.15,21.15,21.15,780000
2022-03-21,21.7,21.7,22.05,21.65,22.05,356000
2022-03-22,22.15,22.15,22.25,21.55,21.55,323000
2022-03-23,22.15,22.15,22.75,22.15,22.45,489000
2022-03-24,23.15,23.15,23.45,22.05,22.1,1610000
2022-03-25,22.55,22.55,23.65,22.45,23.5,1361000
2022-03-28,22.95,22.95,23.0,22.0,22.7,581000
2022-03-29,22.65,22.65,23.25,22.6,23.25,475000
2022-03-30,23.35,23.35,23.85,22.7,22.7,1347000
2022-03-31,22.4,22.4,23.5,22.3,23.35,872000
2022-04-01,22.45,22.45,22.6,22.3,22.5,234000
2022-04-06,22.35,22.35,22.4,21.9,22.2,370000
2022-04-07,21.5,21.5,22.6,21.5,22.2,459000
2022-04-08,21.8,21.8,22.1,21.65,22.0,266000
2022-04-11,20.8,20.8,22.3,20.8,22.05,490000
2022-04-12,21.0,21.0,21.2,20.5,20.6,279000
2022-04-13,21.75,21.75,21.95,20.85,21.6,504000
2022-04-14,23.9,23.9,23.9,22.15,22.2,1774000
2022-04-15,22.1,22.1,23.85,22.1,23.7,4082000
2022-04-18,21.5,21.5,22.1,21.2,22.1,1328000
2022-04-19,22.7,22.7,23.2,21.65,21.65,1639000
2022-04-20,22.65,22.65,24.4,22.6,23.55,3722000
2022-04-21,22.9,22.9,23.4,22.4,22.85,1054000
2022-04-22,23.1,23.1,23.1,22.5,22.5,610000
2022-04-25,21.95,21.95,22.6,21.8,22.6,992000
2022-04-26,22.7,22.7,23.5,22.1,22.15,1314000
2022-04-27,22.15,22.15,22.2,21.3,22.0,899000
2022-04-28,23.0,23.0,23.15,21.9,22.1,1019000
2022-04-29,22.45,22.45,24.3,22.45,23.9,1749000
2022-05-03,22.45,22.45,22.9,22.3,22.45,247000
2022-05-04,22.3,22.3,22.95,22.2,22.65,301000
2022-05-05,22.25,22.25,23.35,22.25,22.55,1316000
2022-05-06,21.5,21.5,21.75,21.4,21.65,645000
2022-05-09,20.3,20.3,21.3,20.25,21.2,908000
2022-05-10,20.35,20.35,20.5,19.35,19.8,442000
2022-05-11,19.85,19.85,20.15,19.35,19.8,730000
2022-05-12,19.3,19.3,19.9,19.2,19.75,457000
2022-05-13,19.6,19.6,19.85,19.5,19.5,298000
2022-05-16,19.6,19.6,20.0,19.45,19.7,240000
2022-05-17,20.15,20.15,20.15,19.65,19.65,328000
2022-05-18,20.5,20.5,20.6,20.3,20.4,257000
2022-05-19,20.35,20.35,20.35,19.55,19.55,177000
2022-05-20,20.55,20.55,20.95,20.3,20.3,560000
2022-05-23,21.65,21.65,22.6,20.85,20.85,2386000
2022-05-24,20.8,20.8,22.1,20.8,22.05,803000
2022-05-25,21.25,21.25,21.4,20.85,21.25,398000
2022-05-26,21.5,21.5,21.95,21.35,21.7,443000
2022-05-27,21.85,21.85,22.3,21.75,21.75,603000
2022-05-30,22.1,22.1,22.3,22.0,22.2,320000
2022-05-31,22.1,22.1,22.5,21.9,22.1,334000
2022-06-01,22.5,22.5,22.85,22.25,22.25,818000
2022-06-02,22.25,22.25,23.85,22.25,22.75,1949000
2022-06-06,22.35,22.35,22.45,21.75,22.25,393000
2022-06-07,22.8,22.8,22.8,22.2,22.2,426000
2022-06-08,22.3,22.3,23.15,22.3,22.95,404000
2022-06-09,22.35,22.35,22.65,22.3,22.3,187000
2022-06-10,22.1,22.1,22.45,21.9,21.95,545000
2022-06-13,22.0,22.0,22.25,21.7,21.8,204000
2022-06-14,22.65,22.65,22.9,21.35,22.0,791000
2022-06-15,22.65,22.65,23.1,22.6,22.65,545000
2022-06-16,22.55,22.55,24.0,22.55,23.2,1790000
2022-06-17,21.95,21.95,22.8,21.85,22.5,512000
2022-06-20,19.8,19.8,21.95,19.8,21.95,1785000
2022-06-21,20.25,20.25,20.45,19.55,20.0,745000
2022-06-22,19.45,19.45,20.4,19.3,20.3,558000
2022-06-23,19.15,19.15,19.9,18.9,19.6,365000
2022-06-24,19.5,19.5,20.4,19.5,19.9,687000
2022-06-27,20.65,20.65,20.75,20.1,20.1,744000
2022-06-28,19.95,19.95,20.55,19.7,20.45,454000
2022-06-29,19.9,19.9,20.05,19.4,19.7,334000
2022-06-30,18.7,18.7,20.1,18.5,20.1,922000
2022-07-01,17.6,17.6,19.0,17.6,18.8,936000
2022-07-04,17.25,17.25,18.0,17.2,17.9,420000
2022-07-05,17.8,17.8,18.0,17.15,17.8,330000
2022-07-06,17.0,17.0,17.95,17.0,17.9,243000
2022-07-07,17.6,17.6,17.7,16.85,17.2,266000
2022-07-08,17.9,17.9,18.1,17.75,17.8,338000
2022-07-11,18.6,18.6,18.9,18.4,18.45,406000
2022-07-12,17.65,17.65,18.4,17.65,18.4,368000
2022-07-13,18.3,18.3,18.4,17.75,17.75,486000
2022-07-14,18.65,18.65,18.85,18.05,18.35,389000
2022-07-15,18.85,18.85,19.15,18.65,18.65,300000
2022-07-18,19.3,19.3,19.45,18.85,18.9,339000
2022-07-19,19.0,19.0,19.4,19.0,19.25,150000
2022-07-20,19.15,19.15,19.65,19.05,19.35,293000
2022-07-21,19.5,19.5,19.8,19.15,19.45,328000
2022-07-22,19.95,19.95,20.25,19.5,20.1,444000
2022-07-25,19.85,19.85,20.15,19.65,19.9,216000
2022-07-26,19.3,19.3,19.95,19.3,19.75,176000
2022-07-27,19.85,19.85,19.85,19.25,19.45,320000
2022-07-28,20.05,20.05,20.3,19.7,20.1,560000
2022-07-29,20.4,20.4,20.6,20.15,20.3,602000
2022-08-01,20.2,20.2,20.45,20.05,20.45,146000
2022-08-02,19.35,19.35,19.85,19.3,19.7,305000
2022-08-03,18.95,18.95,19.9,18.95,19.85,194000
2022-08-04,19.05,19.05,19.4,18.4,19.4,250000
2022-08-05,19.8,19.8,19.95,19.15,19.15,278000
2022-08-08,19.8,19.8,19.9,19.3,19.3,126000
2022-08-09,19.85,19.85,20.0,19.5,19.5,145000
2022-08-10,20.55,20.55,20.9,19.75,19.85,942000
2022-08-11,20.55,20.55,21.25,20.55,21.05,734000
2022-08-12,20.95,20.95,21.2,20.4,20.5,798000
2022-08-15,20.95,20.95,21.45,20.6,21.45,720000
2022-08-16,20.8,20.8,22.45,20.8,21.25,1294000
2022-08-17,20.75,20.75,21.05,20.5,21.0,272000
2022-08-18,21.2,21.2,21.3,20.65,21.0,224000
2022-08-19,21.65,21.65,21.75,21.25,21.4,426000
2022-08-22,21.3,21.3,21.75,21.25,21.7,216000
2022-08-23,21.4,21.4,21.75,21.1,21.2,233000
2022-08-24,21.35,21.35,22.1,21.35,22.0,383000
2022-08-25,21.45,21.45,21.7,21.2,21.4,451000
2022-08-26,21.6,21.6,22.0,21.5,21.65,216000
2022-08-29,21.15,21.15,21.55,20.6,20.8,862000
2022-08-30,21.8,21.8,21.9,21.5,21.65,328000
2022-08-31,21.95,21.95,21.95,21.7,21.7,250000
2022-09-01,21.5,21.5,21.9,21.4,21.7,106000
2022-09-02,21.55,21.55,21.75,21.45,21.6,122000
2022-09-05,21.15,21.15,21.9,20.95,21.6,383000
2022-09-06,20.0,20.0,21.55,19.9,21.5,545000
2022-09-07,19.75,19.75,20.6,19.5,20.0,403000
2022-09-08,19.75,19.75,20.4,19.75,19.85,229000
2022-09-12,20.3,20.3,20.4,20.0,20.0,153000
2022-09-13,20.4,20.4,20.6,20.35,20.5,197000
2022-09-14,20.6,20.6,20.75,19.75,20.3,159000
2022-09-15,20.35,20.35,20.85,20.35,20.5,109000
2022-09-16,20.05,20.05,20.55,20.0,20.55,108000
2022-09-19,19.8,19.8,20.45,19.8,20.1,155000
2022-09-20,19.8,19.8,20.15,19.8,20.0,96000
2022-09-21,19.8,19.8,19.85,19.7,19.8,89000
2022-09-22,19.7,19.7,19.9,19.4,19.8,160000
2022-09-23,19.3,19.3,20.05,19.2,19.75,182000
2022-09-26,17.65,17.65,19.05,17.4,18.9,532000
2022-09-27,18.05,18.05,18.15,17.5,17.65,238000
2022-09-28,17.35,17.35,18.4,16.95,18.0,921000
2022-09-29,17.3,17.3,18.0,17.3,17.8,190000
2022-09-30,17.3,17.3,17.9,16.35,17.0,331000
2022-10-03,17.5,17.5,17.75,17.3,17.3,78000
2022-10-04,18.65,18.65,18.7,17.8,17.95,273000
2022-10-05,18.3,18.3,19.05,18.2,19.0,211000
2022-10-06,18.2,18.2,18.6,17.95,18.6,242000
2022-10-07,17.85,17.85,18.45,17.85,18.45,156000
2022-10-11,17.0,17.0,17.75,16.9,17.75,197000
2022-10-12,17.15,17.15,17.45,16.9,17.0,186000
2022-10-13,16.2,16.2,17.4,16.15,17.2,500000
2022-10-14,16.9,16.9,17.05,16.45,16.5,173000
2022-10-17,16.55,16.55,16.7,16.05,16.7,167000
2022-10-18,16.55,16.55,16.95,16.5,16.95,98000
2022-10-19,16.55,16.55,16.9,16.55,16.75,49000
2022-10-20,16.4,16.4,16.55,16.15,16.55,92000
2022-10-21,16.1,16.1,16.55,16.1,16.55,61000
2022-10-24,16.05,16.05,16.7,16.05,16.7,87000
2022-10-25,16.15,16.15,16.3,15.8,16.3,72000
2022-10-26,15.85,15.85,16.3,15.85,16.25,58000
2022-10-27,16.25,16.25,16.25,15.9,15.95,88000
2022-10-28,15.8,15.8,16.2,15.8,16.1,63000
2022-10-31,16.2,16.2,16.3,15.8,15.8,61000
2022-11-01,16.4,16.4,16.4,16.25,16.25,51000
2022-11-02,16.5,16.5,16.55,16.35,16.35,99000
2022-11-03,16.6,16.6,16.65,16.3,16.3,49000
2022-11-04,16.85,16.85,16.95,16.55,16.6,130000
2022-11-07,16.9,16.9,17.0,16.65,16.95,92000
2022-11-08,16.95,16.95,17.35,16.9,17.1,163000
2022-11-09,16.95,16.95,17.15,16.9,17.1,84000
2022-11-10,16.8,16.8,16.95,16.5,16.95,52000
2022-11-11,17.25,17.25,17.25,16.75,17.25,181000
2022-11-14,17.25,17.25,17.4,17.0,17.25,173000
2022-11-15,17.35,17.35,17.5,17.2,17.25,181000
2022-11-16,17.1,17.1,17.25,17.05,17.2,76000
2022-11-17,17.15,17.15,17.45,17.1,17.45,56000
2022-11-18,17.0,17.0,17.3,17.0,17.3,98000
2022-11-21,16.9,16.9,17.15,16.85,17.1,70000
2022-11-22,16.65,16.65,16.85,16.4,16.85,72000
2022-11-23,16.65,16.65,16.75,16.55,16.75,83000
2022-11-24,16.7,16.7,16.85,16.55,16.65,59000
2022-11-25,16.7,16.7,16.85,16.6,16.8,120000
2022-11-28,16.9,16.9,16.9,16.65,16.7,50000
2022-11-29,17.1,17.1,17.2,16.75,16.9,149000
2022-11-30,17.5,17.5,17.65,17.2,17.2,327000
2022-12-01,17.6,17.6,17.75,17.6,17.7,384000
2022-12-02,17.85,17.85,17.95,17.55,17.55,353000
2022-12-05,18.15,18.15,18.35,17.8,17.95,424000
2022-12-06,17.8,17.8,18.2,17.8,18.15,255000
2022-12-07,17.5,17.5,17.9,17.35,17.9,157000
2022-12-08,17.5,17.5,17.6,17.35,17.5,185000
2022-12-09,17.75,17.75,17.95,17.55,17.75,213000
2022-12-12,18.15,18.15,18.8,17.6,17.75,529000
2022-12-13,18.7,18.7,19.7,18.7,18.7,1404000
2022-12-14,18.45,18.45,18.85,18.3,18.85,368000
2022-12-15,18.1,18.1,18.55,18.1,18.35,223000
2022-12-16,17.65,17.65,17.9,17.5,17.9,227000
2022-12-19,17.5,17.5,17.7,17.4,17.65,128000
2022-12-20,17.05,17.05,17.5,17.0,17.4,286000
2022-12-21,16.95,16.95,17.25,16.95,17.15,81000
2022-12-22,17.05,17.05,17.35,17.05,17.2,62000
2022-12-23,17.3,17.3,17.5,16.95,17.05,340000
2022-12-26,17.25,17.25,17.55,17.2,17.5,197000
2022-12-27,17.25,17.25,17.45,17.25,17.45,164000
2022-12-28,16.85,16.85,17.15,16.8,17.15,127000
2022-12-29,16.85,16.85,16.9,16.75,16.85,51000
2022-12-30,16.95,16.95,17.0,16.7,16.85,22000
2023-01-03,17.0,17.0,17.05,16.9,16.95,39000
2023-01-04,17.0,17.0,17.25,16.9,16.95,79000
2023-01-05,17.05,17.05,17.1,16.9,17.1,136000
2023-01-06,16.9,16.9,17.1,16.8,17.1,109000
2023-01-09,16.9,16.9,17.1,16.9,17.0,46000
2023-01-10,16.85,16.85,17.15,16.85,17.0,60000
2023-01-11,17.35,17.35,17.35,16.8,16.8,132000
2023-01-12,17.0,17.0,17.55,16.95,17.35,148000
2023-01-13,17.15,17.15,17.3,17.05,17.3,134000
2023-01-16,16.9,16.9,17.2,16.9,17.2,31000
2023-01-17,16.9,16.9,17.05,16.85,16.9,114000
2023-01-30,16.9,16.9,17.4,16.85,17.4,108000
2023-01-31,17.1,17.1,17.2,16.9,16.9,94000
2023-02-01,17.1,17.1,17.3,16.95,17.3,110000
2023-02-02,18.0,18.0,18.25,17.2,17.2,1000000
2023-02-03,17.85,17.85,18.1,17.7,17.95,245000
2023-02-06,17.75,17.75,17.85,17.6,17.75,172000
2023-02-07,17.7,17.7,17.8,17.6,17.7,81000
2023-02-08,17.85,17.85,18.2,17.8,17.9,272000
2023-02-09,17.75,17.75,18.0,17.7,17.85,83000
2023-02-10,17.5,17.5,17.75,17.45,17.75,172000
2023-02-13,17.3,17.3,17.35,17.1,17.3,141000
2023-02-14,17.4,17.4,17.55,17.3,17.3,192000
2023-02-15,17.5,17.5,17.6,17.4,17.6,89000
2023-02-16,17.65,17.65,17.8,17.6,17.7,97000
2023-02-17,17.65,17.65,17.8,17.45,17.7,94000
2023-02-20,17.7,17.7,17.8,17.6,17.65,158000
2023-02-21,17.8,17.8,17.95,17.75,17.75,129000
2023-02-22,17.75,17.75,17.8,17.65,17.8,53000
2023-02-23,17.8,17.8,18.0,17.8,17.8,137000
2023-02-24,17.65,17.65,17.8,17.65,17.8,62000
2023-03-01,17.6,17.6,17.8,17.5,17.65,68000
2023-03-02,17.6,17.6,17.8,17.55,17.6,67000
2023-03-03,17.7,17.7,17.95,17.65,17.9,92000
2023-03-06,17.9,17.9,17.95,17.75,17.95,137000
2023-03-07,18.1,18.1,18.1,17.8,18.1,179000
2023-03-08,18.1,18.1,18.25,17.85,18.0,133000
2023-03-09,18.6,18.6,19.15,18.1,18.1,1022000
2023-03-10,18.15,18.15,18.85,18.0,18.85,290000
2023-03-13,18.2,18.2,18.45,17.6,18.15,313000
2023-03-14,18.05,18.05,18.35,17.9,18.0,145000
2023-03-15,17.95,17.95,18.2,17.9,18.1,109000
2023-03-16,17.55,17.55,17.75,17.3,17.7,139000
2023-03-17,17.7,17.7,17.7,17.5,17.5,123000
2023-03-20,17.6,17.6,17.65,17.5,17.5,66000
2023-03-21,17.6,17.6,17.75,17.5,17.55,98000
2023-03-22,17.75,17.75,17.9,17.7,17.75,110000
2023-03-23,19.4,19.4,19.4,17.7,17.75,4804000
2023-03-24,20.1,20.1,20.8,19.6,19.6,4147000
2023-03-27,19.4,19.4,20.45,19.2,19.9,2986000
2023-03-28,19.25,19.25,19.7,18.75,19.4,890000
2023-03-29,19.25,19.25,19.55,19.05,19.55,267000
2023-03-30,19.35,19.35,19.7,19.2,19.3,350000
2023-03-31,19.2,19.2,19.4,19.1,19.35,265000
2023-04-06,19.15,19.15,19.3,19.0,19.2,202000
2023-04-07,19.6,19.6,20.25,19.4,19.45,551000
2023-04-10,19.9,19.9,20.3,19.55,19.8,1996000
2023-04-11,19.5,19.5,19.8,19.4,19.75,633000
2023-04-12,19.6,19.6,19.85,19.5,19.5,428000
2023-04-13,19.35,19.35,19.65,19.15,19.6,431000
2023-04-14,19.15,19.15,19.5,19.1,19.5,373000
2023-04-17,19.3,19.3,19.65,19.15,19.15,1497000
2023-04-18,19.2,19.2,19.65,19.15,19.3,467000
2023-04-19,19.15,19.15,19.4,19.15,19.4,300000
2023-04-20,18.8,18.8,19.4,18.8,19.35,440000
2023-04-21,17.95,17.95,18.85,17.55,18.8,664000
2023-04-24,18.0,18.0,18.3,17.85,17.95,139000
2023-04-25,19.2,19.2,19.8,19.1,19.7,9322000
2023-04-26,18.4,18.4,19.5,18.1,19.5,2663000
2023-04-27,18.25,18.25,18.55,18.15,18.5,543000
2023-04-28,19.05,19.05,19.4,18.45,18.45,1388000
2023-05-02,18.8,18.8,19.35,18.8,19.15,856000
2023-05-03,18.6,18.6,18.9,18.55,18.85,430000
2023-05-04,18.6,18.6,18.75,18.3,18.6,204000
2023-05-05,18.4,18.4,18.75,18.4,18.65,253000
2023-05-08,18.4,18.4,18.65,18.25,18.65,248000
2023-05-09,18.1,18.1,18.65,18.1,18.45,397000
2023-05-10,17.95,17.95,18.2,17.8,18.2,382000
2023-05-11,17.7,17.7,18.55,17.7,18.15,620000
2023-05-12,17.8,17.8,18.0,17.7,17.75,490000
2023-05-15,17.75,17.75,18.15,17.7,17.85,355000
2023-05-16,17.8,17.8,18.05,17.75,18.0,663000
2023-05-17,17.95,17.95,18.1,17.7,18.0,1500000
2023-05-18,17.9,17.9,18.4,17.9,18.15,761000
2023-05-19,17.9,17.9,18.05,17.9,18.05,455000
2023-05-22,18.0,18.0,18.05,17.9,18.0,403000
2023-05-23,18.15,18.15,18.15,17.95,18.1,504000
2023-05-24,18.1,18.1,18.2,17.95,18.15,712000
2023-05-25,18.1,18.1,18.2,18.0,18.15,256000
2023-05-26,17.95,17.95,18.15,17.9,18.15,386000
2023-05-29,18.25,18.25,18.25,18.0,18.0,318000
2023-05-30,18.35,18.35,18.55,18.25,18.25,559000
2023-05-31,18.55,18.55,18.65,18.25,18.6,902000
2023-06-01,18.8,18.8,19.35,18.7,18.7,900000
2023-06-02,18.65,18.65,19.0,18.65,19.0,388000
2023-06-05,18.8,18.8,19.1,18.8,19.05,544000
2023-06-06,18.55,18.55,19.05,18.55,18.9,399000
2023-06-07,18.7,18.7,18.8,18.6,18.6,185000
2023-06-08,18.65,18.65,19.0,18.6,18.95,233000
2023-06-09,18.6,18.6,18.85,18.55,18.75,348000
2023-06-12,19.0,19.0,19.1,18.6,18.75,730000
2023-06-13,18.85,18.85,19.7,18.85,19.3,977000
2023-06-14,18.85,18.85,19.3,18.85,19.3,310000
2023-06-15,18.75,18.75,19.15,18.7,19.15,341000
2023-06-16,18.7,18.7,18.9,18.7,18.8,358000
2023-06-19,18.85,18.85,19.05,18.85,18.95,295000
2023-06-20,18.95,18.95,19.0,18.8,18.9,243000
2023-06-21,19.1,19.1,19.2,18.9,19.1,487000
2023-06-26,18.95,18.95,19.15,18.85,19.1,284000
2023-06-27,18.7,18.7,19.0,18.65,19.0,571000
2023-06-28,19.15,19.15,19.2,18.7,18.7,411000
2023-06-29,19.05,19.05,19.5,19.05,19.45,446000
2023-06-30,19.15,19.15,19.15,18.95,19.1,230000
2023-07-03,19.05,19.05,19.45,19.05,19.45,313000
2023-07-04,18.9,18.9,19.1,18.85,19.0,275000
2023-07-05,19.0,19.0,19.05,18.75,18.9,258000
2023-07-06,18.55,18.55,19.05,18.4,19.05,518000
2023-07-07,18.3,18.3,18.55,18.1,18.55,366000
2023-07-10,18.25,18.25,18.4,18.15,18.2,195000
2023-07-11,18.0,18.0,18.3,17.95,18.2,577000
2023-07-12,17.95,17.95,18.1,17.9,18.05,365000
2023-07-13,18.0,18.0,18.25,18.0,18.0,208000
2023-07-14,18.15,18.15,18.4,18.1,18.1,130000
2023-07-17,18.15,18.15,18.35,18.1,18.1,186000
2023-07-18,17.95,17.95,18.15,17.8,18.15,400000
2023-07-19,17.95,17.95,18.05,17.9,17.9,199000
2023-07-20,17.95,17.95,18.05,17.85,17.95,106000
2023-07-21,17.95,17.95,18.05,17.8,17.85,143000
2023-07-24,17.85,17.85,17.9,17.7,17.9,201000
2023-07-25,17.85,17.85,17.9,17.7,17.85,472000
2023-07-26,17.85,17.85,18.1,17.7,17.85,243000
2023-07-27,17.95,17.95,18.3,17.75,18.3,164000
2023-07-28,18.05,18.05,18.15,17.95,18.0,95000
2023-07-31,17.9,17.9,18.15,17.85,18.05,250000
2023-08-01,18.0,18.0,18.1,17.7,18.1,132000
2023-08-02,17.85,17.85,18.25,17.85,18.15,229000
2023-08-04,18.0,18.0,18.05,17.75,17.85,79000
2023-08-07,18.1,18.1,18.15,18.0,18.05,106000
2023-08-08,18.15,18.15,18.2,17.95,17.95,122000
2023-08-09,18.15,18.15,18.2,18.05,18.15,68000
2023-08-10,18.2,18.2,18.4,18.0,18.15,296000
2023-08-11,18.15,18.15,18.25,18.15,18.2,117000
2023-08-14,18.55,18.55,19.05,18.3,18.8,1605000
2023-08-15,18.5,18.5,19.0,18.3,18.9,749000
2023-08-16,18.15,18.15,18.55,18.0,18.55,662000
2023-08-17,18.45,18.45,18.5,18.0,18.15,539000
2023-08-18,18.1,18.1,18.45,18.05,18.3,281000
2023-08-21,18.1,18.1,18.2,18.05,18.05,64000
2023-08-22,18.9,18.9,19.0,18.15,18.15,846000
2023-08-23,18.75,18.75,19.0,18.7,18.85,250000
2023-08-24,18.35,18.35,18.9,18.25,18.6,205000
2023-08-25,18.3,18.3,18.5,18.15,18.15,97000
2023-08-28,18.15,18.15,18.4,18.15,18.4,187000
2023-08-29,18.3,18.3,18.4,18.05,18.2,86000
2023-08-30,18.3,18.3,18.4,18.3,18.4,61000
2023-08-31,18.5,18.5,18.55,18.3,18.3,126000
2023-09-01,18.45,18.45,18.6,18.4,18.6,59000
2023-09-04,18.7,18.7,18.75,18.4,18.65,228000
2023-09-05,18.7,18.7,18.7,18.6,18.7,64000
2023-09-06,18.8,18.8,19.0,18.75,18.85,290000
2023-09-07,18.7,18.7,19.0,18.7,18.9,126000
2023-09-08,18.65,18.65,18.9,18.6,18.9,85000
2023-09-11,18.7,18.7,18.85,18.65,18.75,129000
2023-09-12,18.8,18.8,18.95,18.7,18.7,195000
2023-09-13,18.8,18.8,19.35,18.8,18.8,738000
2023-09-14,18.85,18.85,19.0,18.8,19.0,186000
2023-09-15,18.65,18.65,19.05,18.65,18.95,187000
2023-09-18,18.7,18.7,18.8,18.65,18.65,77000
2023-09-19,18.6,18.6,18.8,18.6,18.75,102000
2023-09-20,18.55,18.55,18.75,18.5,18.75,130000
2023-09-21,18.6,18.6,18.75,18.5,18.75,97000
2023-09-22,18.65,18.65,18.75,18.6,18.65,39000
2023-09-25,18.7,18.7,18.8,18.7,18.7,145000
2023-09-26,18.75,18.75,19.0,18.7,18.7,140000
2023-09-27,18.8,18.8,20.4,18.75,19.3,2784000
2023-09-28,19.1,19.1,19.15,18.75,18.9,383000
2023-10-02,19.05,19.05,19.4,19.05,19.1,293000
2023-10-03,18.95,18.95,19.25,18.95,18.95,154000
2023-10-04,18.9,18.9,19.05,18.7,18.9,189000
2023-10-05,18.95,18.95,19.05,18.8,18.95,94000
2023-10-06,18.95,18.95,19.05,18.9,18.95,128000
2023-10-11,18.7,18.7,19.4,18.7,19.1,314000
2023-10-12,18.8,18.8,19.05,18.65,19.05,112000
2023-10-13,19.0,19.0,19.05,18.75,19.05,139000
2023-10-16,19.1,19.1,19.35,18.85,19.0,657000
2023-10-17,19.05,19.05,19.25,19.0,19.15,448000
2023-10-18,19.05,19.05,19.2,18.9,19.2,260000
2023-10-19,19.05,19.05,19.15,19.0,19.05,147000
2023-10-20,19.05,19.05,19.1,18.8,19.05,413000
2023-10-23,19.15,19.15,19.3,19.0,19.1,477000
2023-10-24,19.75,19.75,19.9,19.15,19.2,1233000
2023-10-25,19.75,19.75,19.95,19.55,19.9,645000
2023-10-26,19.85,19.85,20.25,19.6,19.7,937000
2023-10-27,20.2,20.2,20.3,19.9,19.95,769000
2023-10-30,20.25,20.25,21.0,20.2,20.85,895000
2023-10-31,19.7,19.7,20.5,19.35,20.25,915000
2023-11-01,19.85,19.85,20.25,19.8,19.8,259000
2023-11-02,19.8,19.8,20.0,19.7,20.0,357000
2023-11-03,19.95,19.95,20.05,19.8,19.9,218000
2023-11-06,20.05,20.05,20.4,19.85,19.9,258000
2023-11-07,19.75,19.75,20.1,19.75,20.05,160000
2023-11-08,19.75,19.75,19.8,19.7,19.8,130000
2023-11-09,19.75,19.75,20.1,19.75,19.75,109000
2023-11-10,19.3,19.3,20.0,19.15,20.0,303000
2023-11-13,18.75,18.75,19.4,18.65,19.2,399000
2023-11-14,19.0,19.0,19.35,18.55,18.6,309000
2023-11-15,19.0,19.0,19.3,18.75,18.95,250000
2023-11-16,19.1,19.1,19.25,18.8,19.15,203000
2023-11-17,19.1,19.1,19.2,19.0,19.1,98000
2023-11-20,19.8,19.8,19.9,19.1,19.2,376000
2023-11-21,19.55,19.55,20.15,19.5,20.1,413000
2023-11-22,20.0,20.0,20.0,19.65,19.8,353000
2023-11-23,19.7,19.7,20.35,19.7,20.2,264000
2023-11-24,19.6,19.6,20.0,19.5,19.7,110000
2023-11-27,19.45,19.45,19.85,19.4,19.85,122000
2023-11-28,19.6,19.6,19.95,19.3,19.6,128000
2023-11-29,19.5,19.5,19.65,19.45,19.45,75000
2023-11-30,19.5,19.5,19.65,19.35,19.6,117000
2023-12-01,19.55,19.55,19.9,19.5,19.5,208000
2023-12-04,19.3,19.3,19.55,19.25,19.4,269000
2023-12-05,19.15,19.15,19.4,19.0,19.3,152000
2023-12-06,19.4,19.4,19.75,19.15,19.15,237000
2023-12-07,19.2,19.2,19.45,19.1,19.4,162000
2023-12-08,19.2,19.2,19.25,19.1,19.25,187000
2023-12-11,19.3,19.3,19.6,19.25,19.6,226000
2023-12-12,19.45,19.45,19.6,19.3,19.3,198000
2023-12-13,19.6,19.6,19.8,19.5,19.5,459000
2023-12-14,19.5,19.5,19.8,19.3,19.65,378000
2023-12-15,19.35,19.35,19.65,19.25,19.65,299000
2023-12-18,19.3,19.3,19.5,19.2,19.35,87000
2023-12-19,19.15,19.15,19.3,19.1,19.3,193000
2023-12-20,19.15,19.15,19.4,19.15,19.15,190000
2023-12-21,19.05,19.05,19.15,18.9,19.0,114000
2023-12-22,19.0,19.0,19.25,18.95,19.25,132000
2023-12-25,18.5,18.5,19.05,18.5,19.05,237000
2023-12-26,19.25,19.25,19.45,18.65,18.65,358000
2023-12-27,19.1,19.1,19.3,19.0,19.3,194000
2023-12-28,19.2,19.2,20.4,19.1,19.35,1121000
2023-12-29,19.3,19.3,19.4,19.15,19.3,107000
2024-01-02,19.0,19.0,19.35,19.0,19.2,180000
2024-01-03,19.15,19.15,19.2,18.95,19.2,226000
2024-01-04,19.1,19.1,19.2,19.0,19.05,216000
2024-01-05,19.0,19.0,19.15,18.8,19.1,288000
2024-01-08,19.0,19.0,19.2,18.95,19.2,90000
2024-01-09,18.9,18.9,19.2,18.85,19.2,82000
2024-01-10,18.8,18.8,18.95,18.6,18.95,100000
2024-01-11,18.95,18.95,19.05,18.7,18.7,141000
2024-01-12,18.9,18.9,19.0,18.75,18.95,135000
2024-01-15,19.0,19.0,19.0,18.9,18.95,70000
2024-01-16,18.75,18.75,18.95,18.75,18.95,99000
2024-01-17,18.4,18.4,18.8,18.4,18.75,199000
2024-01-18,18.35,18.35,18.45,18.3,18.45,73000
2024-01-19,18.5,18.5,18.5,18.35,18.45,115000
2024-01-22,18.45,18.45,18.5,18.35,18.4,106000
2024-01-23,18.7,18.7,18.85,18.45,18.45,168000
2024-01-24,19.15,19.15,19.15,18.55,18.7,251000
2024-01-25,19.8,19.8,20.0,19.15,19.2,1868000
2024-01-26,21.75,21.75,21.75,19.9,19.9,5056000
2024-01-29,23.9,23.9,23.9,23.9,23.9,1204000
2024-01-30,26.25,26.25,26.25,26.25,26.25,1102000
2024-01-31,28.85,28.85,28.85,28.85,28.85,1725000
2024-02-01,31.7,31.7,31.7,31.7,31.7,12962000
2024-02-02,34.85,34.85,34.85,33.65,33.65,5972000
2024-02-05,38.3,38.3,38.3,36.85,37.3,8193000
2024-02-15,41.5,41.5,42.1,39.5,39.7,9696000
2024-02-16,42.15,42.15,42.15,40.05,40.7,3614000
2024-02-19,45.5,45.5,45.5,41.25,43.0,3041000
2024-02-20,45.3,45.3,48.5,43.45,46.85,3358000
2024-02-21,49.8,49.8,49.8,45.3,45.3,2514000
2024-02-22,50.0,50.0,53.0,47.6,51.9,2701000
2024-02-23,51.5,51.5,52.0,49.95,51.3,1326000
2024-02-26,56.6,56.6,56.6,52.5,53.2,1731000
2024-02-27,58.5,58.5,60.4,54.9,60.0,1839000
2024-02-29,58.5,58.5,60.0,55.1,55.1,1095000
2024-03-01,52.7,52.7,59.1,52.7,59.1,2083000
2024-03-04,54.5,54.5,54.5,50.2,51.5,3601000
2024-03-05,54.5,54.5,54.6,52.6,54.6,1366000
2024-03-06,58.2,58.2,58.8,55.6,55.6,1833000
2024-03-07,52.4,52.4,63.4,52.4,61.0,23183000
2024-03-08,47.2,47.2,52.4,47.2,52.3,10452000
2024-03-11,45.5,45.5,49.8,44.0,44.95,11348000
2024-03-12,44.65,44.65,46.75,43.35,45.8,8600000
2024-03-13,41.5,41.5,45.2,40.2,44.75,9263000
2024-03-14,39.3,39.3,42.0,37.85,41.5,7476000
2024-03-15,43.2,43.2,43.2,39.25,39.25,8839000
2024-03-18,43.5,43.5,45.5,42.85,45.0,25749000
2024-03-19,40.7,40.7,43.35,40.6,42.0,6806000
2024-03-20,41.2,41.2,43.2,40.75,41.4,6729000
2024-03-21,40.95,40.95,41.5,40.3,40.85,3298000
2024-03-22,45.0,45.0,45.0,41.0,41.6,9659000
2024-03-25,44.35,44.35,47.15,42.65,45.2,24737000
2024-03-26,43.45,43.45,45.45,43.1,44.0,6758000
2024-03-27,44.2,44.2,45.25,43.45,43.8,5358000
2024-03-28,45.15,45.15,46.7,43.9,44.2,7936000
2024-03-29,46.5,46.5,49.6,46.3,46.7,10782000
2024-04-01,45.5,45.5,47.8,45.5,46.8,5196000
2024-04-02,42.4,42.4,46.8,41.8,45.8,6006000
2024-04-03,42.2,42.2,43.05,41.45,41.8,3046000
2024-04-08,45.4,45.4,46.4,42.85,43.0,11636000
2024-04-09,49.9,49.9,49.9,45.6,45.8,20863000
2024-04-10,50.5,50.5,53.0,48.2,52.0,22548000
2024-04-11,48.85,48.85,50.3,48.0,50.2,8821000
2024-04-12,44.65,44.65,50.5,44.5,49.25,10976000
2024-04-15,40.6,40.6,42.15,40.6,41.5,11215000
2024-04-16,39.95,39.95,39.95,38.0,38.0,7262000
2024-04-17,40.7,40.7,41.5,39.95,40.15,5502000
2024-04-18,38.55,38.55,41.1,38.5,40.7,4778000
2024-04-19,36.75,36.75,38.5,35.5,38.0,6045000
2024-04-22,35.0,35.0,37.1,35.0,36.95,3795000
2024-04-23,35.55,35.55,36.0,35.25,35.5,1693000
2024-04-24,37.25,37.25,38.8,36.25,36.55,3693000
2024-04-25,36.1,36.1,37.25,36.05,36.8,1583000
2024-04-26,35.3,35.3,36.85,35.05,36.25,2107000
2024-04-29,36.1,36.1,36.1,35.15,35.6,1570000
2024-04-30,36.15,36.15,36.95,35.5,35.95,1472000
2024-05-02,36.75,36.75,36.8,35.7,35.8,1256000
2024-05-03,37.1,37.1,38.9,36.3,37.0,3073000
2024-05-06,37.35,37.35,38.4,36.85,36.95,1861000
2024-05-07,36.9,36.9,37.7,36.5,37.1,1463000
2024-05-08,37.1,37.1,37.6,36.6,36.7,940000
2024-05-09,35.1,35.1,37.7,35.1,37.05,2055000
2024-05-10,35.8,35.8,35.8,34.0,35.8,2245000
2024-05-13,34.8,34.8,35.9,34.75,35.2,1551000
2024-05-14,34.95,34.95,35.4,34.6,34.85,960000
2024-05-15,34.8,34.8,35.85,34.65,35.0,1199000
2024-05-16,35.05,35.05,35.4,34.5,35.2,1195000
2024-05-17,38.55,38.55,38.55,35.2,35.6,4802000
2024-05-20,37.6,37.6,41.8,37.25,41.8,10992000
2024-05-21,38.0,38.0,38.85,36.5,37.25,3615000
2024-05-22,37.9,37.9,38.75,37.75,38.75,2196000
2024-05-23,36.35,36.35,37.7,36.1,37.5,2680000
2024-05-24,36.45,36.45,36.45,35.35,35.75,1225000
2024-05-27,37.35,37.35,38.2,36.25,36.6,2740000
2024-05-28,38.45,38.45,39.75,37.3,37.6,4083000
2024-05-29,38.95,38.95,39.8,37.95,38.9,3865000
2024-05-30,37.3,37.3,38.8,37.3,38.45,2001000
2024-05-31,37.5,37.5,38.15,37.15,37.6,1136000
2024-06-03,39.0,39.0,40.1,37.9,37.9,4056000
2024-06-04,37.75,37.75,39.9,37.75,39.7,2315000
2024-06-05,36.95,36.95,38.5,36.45,38.5,1431000
2024-06-06,36.05,36.05,37.7,35.6,37.45,1788000
2024-06-07,36.8,36.8,37.6,36.25,36.5,1301000
2024-06-11,35.3,35.3,36.9,35.3,36.9,1703000
2024-06-12,35.55,35.55,35.8,34.9,35.4,945000
2024-06-13,35.4,35.4,36.1,35.1,36.1,1072000
2024-06-14,35.2,35.2,35.9,35.2,35.75,752000
2024-06-17,35.3,35.3,36.25,35.3,35.5,868000
2024-06-18,37.5,37.5,38.3,35.7,35.7,4564000
2024-06-19,36.45,36.45,37.95,36.3,37.5,2387000
2024-06-20,36.95,36.95,37.4,36.35,36.7,1196000
2024-06-21,36.75,36.75,37.0,36.2,37.0,752000
2024-06-24,35.8,35.8,37.5,35.8,37.15,1330000
2024-06-25,36.15,36.15,36.35,34.8,36.2,1103000
2024-06-26,35.95,35.95,36.45,35.8,36.1,862000
2024-06-27,35.25,35.25,36.1,35.15,35.95,1330000
2024-06-28,35.6,35.6,35.95,35.1,35.85,812000
2024-07-01,35.15,35.15,36.1,35.1,36.05,858000
2024-07-02,34.8,34.8,35.5,34.8,35.5,781000
2024-07-03,35.85,35.85,37.3,34.9,34.9,1651000
2024-07-04,35.8,35.8,36.5,35.65,36.25,864000
2024-07-05,36.45,36.45,36.6,35.7,36.0,1194000
2024-07-08,35.5,35.5,37.2,35.5,37.0,1340000
2024-07-09,35.1,35.1,35.9,34.45,35.7,1205000
2024-07-10,36.35,36.35,36.8,35.25,35.45,1550000
2024-07-11,36.6,36.6,37.7,35.75,36.95,2634000
2024-07-12,36.7,36.7,37.2,36.1,36.7,958000
2024-07-15,38.0,38.0,39.3,36.4,37.25,8839000
2024-07-16,41.8,41.8,41.8,37.55,38.3,15039000
2024-07-17,43.7,43.7,44.3,41.4,42.8,23797000
2024-07-18,41.1,41.1,43.45,40.5,42.0,9683000
2024-07-19,38.95,38.95,41.95,38.75,41.15,5653000
2024-07-22,36.55,36.55,39.3,36.5,39.1,2901000
2024-07-23,35.8,35.8,37.4,35.8,37.0,2518000
2024-07-26,34.0,34.0,34.5,33.1,33.15,2211000
2024-07-29,31.2,31.2,34.8,30.8,34.8,3037000
2024-07-30,32.2,32.2,32.65,30.5,30.95,2112000
2024-07-31,32.0,32.0,32.45,31.4,31.6,717000
2024-08-01,33.15,33.15,33.5,32.6,32.6,801000
2024-08-02,31.55,31.55,32.8,31.55,32.3,835000
2024-08-05,28.4,28.4,30.8,28.4,30.55,1245000
2024-08-06,26.9,26.9,29.0,25.6,28.3,2807000
2024-08-07,29.55,29.55,29.55,27.25,27.25,1269000
2024-08-08,29.4,29.4,30.0,28.9,29.4,1136000
2024-08-09,29.6,29.6,30.5,29.6,30.25,1158000
2024-08-12,30.05,30.05,30.7,29.85,30.55,667000
2024-08-13,30.0,30.0,30.6,29.6,30.6,1101000
2024-08-14,29.85,29.85,30.95,29.75,30.9,1291000
2024-08-15,30.25,30.25,30.55,29.6,30.4,833000
2024-08-16,30.45,30.45,31.0,30.25,30.9,851000
2024-08-19,31.4,31.4,32.3,30.15,31.0,1758000
2024-08-20,32.2,32.2,32.45,31.3,31.65,1134000
2024-08-21,31.3,31.3,32.35,31.3,32.35,699000
2024-08-22,31.1,31.1,31.7,30.9,31.6,397000
2024-08-23,30.95,30.95,31.05,30.0,30.7,824000
2024-08-26,30.7,30.7,31.4,30.7,31.3,525000
2024-08-27,30.95,30.95,31.0,30.4,30.5,373000
2024-08-28,32.0,32.0,34.0,30.55,31.1,5476000
2024-08-29,31.4,31.4,32.85,31.4,32.1,2339000
2024-08-30,33.55,33.55,34.5,31.45,31.45,9907000
2024-09-02,33.9,33.9,34.9,33.0,34.0,6414000
2024-09-03,32.8,32.8,34.0,32.8,33.7,2164000
2024-09-04,30.9,30.9,31.45,30.05,31.0,1580000
2024-09-05,32.85,32.85,33.5,30.95,31.6,3450000
2024-09-06,31.9,31.9,33.55,31.7,32.95,1965000
2024-09-09,33.45,33.45,34.2,30.7,30.9,3078000
2024-09-10,33.85,33.85,34.6,33.0,33.4,5492000
2024-09-11,33.1,33.1,34.3,33.1,33.8,3353000
2024-09-12,33.1,33.1,34.45,33.1,33.8,2365000
2024-09-13,33.45,33.45,33.75,32.35,33.2,1565000
2024-09-16,33.3,33.3,34.35,33.3,33.7,995000
2024-09-18,31.9,31.9,33.45,31.9,33.1,1301000
2024-09-19,32.7,32.7,33.3,31.8,32.15,944000
2024-09-20,32.15,32.15,33.7,32.1,33.2,1038000
2024-09-23,32.0,32.0,32.45,31.9,32.3,697000
2024-09-24,32.05,32.05,32.7,31.9,32.2,751000
2024-09-25,32.15,32.15,32.95,32.1,32.4,762000
2024-09-26,31.7,31.7,33.45,31.7,32.35,1421000
2024-09-27,31.85,31.85,32.65,31.7,32.2,607000
2024-09-30,31.55,31.55,32.15,31.3,31.9,391000
2024-10-01,31.2,31.2,31.9,31.1,31.7,571000
2024-10-04,31.9,31.9,31.9,30.45,31.3,799000
2024-10-07,31.65,31.65,32.25,31.65,32.25,570000
2024-10-08,33.2,33.2,33.9,31.05,31.7,3049000
2024-10-09,32.3,32.3,34.3,32.05,34.0,2434000
2024-10-11,31.65,31.65,32.6,31.6,32.35,630000
2024-10-14,31.4,31.4,32.05,31.2,32.05,568000
2024-10-15,31.4,31.4,32.35,31.1,31.75,994000
2024-10-16,31.0,31.0,31.55,30.9,31.4,753000
2024-10-17,31.4,31.4,31.6,31.15,31.15,498000
2024-10-18,31.0,31.0,31.8,31.0,31.55,497000
2024-10-21,31.75,31.75,31.95,31.1,31.15,747000
2024-10-22,32.1,32.1,32.15,31.4,31.95,415000
2024-10-23,32.4,32.4,32.95,32.25,32.3,1117000
2024-10-24,31.75,31.75,32.75,31.7,32.75,514000
2024-10-25,31.5,31.5,32.15,31.35,32.15,328000
2024-10-28,30.8,30.8,31.8,30.7,31.8,456000
2024-10-29,30.2,30.2,31.0,30.1,31.0,389000
2024-10-30,30.35,30.35,30.7,30.0,30.25,421000
2024-11-01,30.3,30.3,30.5,29.9,30.0,168000
2024-11-04,29.0,29.0,30.6,29.0,30.6,706000
2024-11-05,29.5,29.5,29.95,28.65,28.9,344000
2024-11-06,29.35,29.35,29.8,29.1,29.8,225000
2024-11-07,30.0,30.0,30.45,29.4,29.4,392000
2024-11-08,29.45,29.45,30.15,29.2,30.15,325000
2024-11-11,29.2,29.2,29.7,29.1,29.5,218000
2024-11-12,28.4,28.4,29.25,28.4,29.15,476000
2024-11-13,29.05,29.05,29.55,28.65,28.65,453000
2024-11-14,28.4,28.4,29.8,28.4,29.8,379000
2024-11-15,28.5,28.5,29.05,28.3,28.3,301000
2024-11-18,28.1,28.1,29.0,28.05,29.0,281000
2024-11-19,30.1,30.1,30.65,28.2,28.2,994000
2024-11-20,29.25,29.25,30.45,29.2,30.05,469000
2024-11-21,29.7,29.7,29.95,29.25,29.6,341000
2024-11-22,29.4,29.4,30.05,29.25,29.85,339000
2024-11-25,29.85,29.85,30.0,29.4,29.4,261000
2024-11-26,29.45,29.45,29.9,29.45,29.9,118000
2024-11-27,28.6,28.6,29.9,28.6,29.9,259000
2024-11-28,28.45,28.45,29.45,28.0,29.45,325000
2024-11-29,28.7,28.7,28.9,28.45,28.85,116000
2024-12-02,28.5,28.5,29.05,28.4,29.0,115000
2024-12-03,28.9,28.9,29.15,28.7,28.95,147000
2024-12-04,29.45,29.45,29.85,29.1,29.1,281000
2024-12-05,29.25,29.25,30.05,29.2,30.05,158000
2024-12-06,29.0,29.0,29.55,28.9,29.05,153000
2024-12-09,28.85,28.85,29.45,28.45,28.9,214000
2024-12-10,28.2,28.2,28.85,28.2,28.75,218000
2024-12-11,28.25,28.25,28.7,28.25,28.35,207000
2024-12-12,28.45,28.45,29.2,28.45,28.6,217000
2024-12-13,27.35,27.35,28.65,27.35,28.65,514000
2024-12-16,26.8,26.8,27.4,26.5,27.2,332000
2024-12-17,26.8,26.8,27.55,26.65,27.55,158000
2024-12-18,27.45,27.45,27.75,26.45,27.0,305000
2024-12-19,27.15,27.15,27.45,26.9,26.9,215000
2024-12-20,27.15,27.15,27.85,27.15,27.3,208000
2024-12-23,27.5,27.5,27.85,27.45,27.5,198000
2024-12-24,30.25,30.25,30.25,28.7,28.7,2955000
2024-12-25,30.35,30.35,31.3,29.55,31.0,5176000
2024-12-26,29.9,29.9,30.85,29.6,30.4,1240000
2024-12-27,30.0,30.0,30.9,29.9,30.5,927000
2024-12-30,30.7,30.7,31.95,29.55,29.9,2762000
2024-12-31,33.75,33.75,33.75,30.3,30.7,10418000
2025-01-02,32.5,32.5,33.75,32.5,33.75,5542000
2025-01-03,33.2,33.2,35.2,32.25,32.25,7369000
2025-01-06,36.5,36.5,36.5,33.6,33.6,7646000
2025-01-07,36.0,36.0,38.7,34.75,38.0,31042000
2025-01-08,35.65,35.65,36.75,34.3,35.7,9414000
2025-01-09,36.4,36.4,39.0,35.15,35.8,20704000
2025-01-10,35.0,35.0,37.6,33.65,37.1,10225000
2025-01-13,33.2,33.2,36.35,33.2,34.5,9959000
2025-01-14,33.7,33.7,34.35,32.35,33.05,6004000
2025-01-15,35.85,35.85,36.45,33.1,33.3,11575000
2025-01-16,39.4,39.4,39.4,36.7,37.0,12571000
2025-01-17,40.1,40.1,42.2,39.0,41.35,55402000
2025-01-20,40.7,40.7,42.5,40.4,40.8,33483000
2025-01-21,40.0,40.0,40.95,39.1,40.8,11904000
2025-01-22,39.2,39.2,42.2,38.7,42.0,17444000
2025-02-03,36.65,36.65,38.85,36.35,37.85,4055000
2025-02-04,37.55,37.55,38.45,36.0,37.0,4793000
2025-02-05,37.25,37.25,38.15,37.0,37.65,3139000
2025-02-06,40.95,40.95,40.95,37.6,37.65,9912000
2025-02-07,40.2,40.2,41.8,40.1,41.3,18102000
2025-02-10,40.3,40.3,41.95,38.5,39.55,13636000
2025-02-11,38.3,38.3,39.7,38.3,38.8,5657000
2025-02-12,40.45,40.45,42.1,38.6,38.8,19931000
2025-02-13,41.0,41.0,41.0,39.85,40.65,7325000
2025-02-14,40.6,40.6,43.75,39.65,41.7,18226000
2025-02-17,41.05,41.05,41.05,39.7,40.1,4185000
2025-02-18,41.5,41.5,44.2,41.45,41.7,20874000
2025-02-19,40.85,40.85,41.5,40.5,41.35,5102000
2025-02-20,40.35,40.35,41.6,40.35,41.2,3625000
2025-02-21,38.45,38.45,40.25,38.4,40.05,6092000
2025-02-24,39.0,39.0,39.65,37.45,37.5,3781000
2025-02-25,38.8,38.8,39.35,37.8,38.65,2790000
2025-02-26,39.15,39.15,40.6,38.65,38.9,7393000
2025-02-27,38.15,38.15,40.25,38.15,39.35,3832000
2025-03-03,37.0,37.0,38.1,36.4,37.65,2133000
2025-03-04,37.8,37.8,38.1,36.15,36.4,2203000
2025-03-05,38.1,38.1,38.8,37.8,38.3,1466000
2025-03-06,37.4,37.4,38.4,37.25,38.05,1216000
2025-03-07,36.3,36.3,37.55,36.3,37.4,1177000
2025-03-10,36.2,36.2,36.55,35.75,36.1,974000
2025-03-11,35.2,35.2,35.8,34.25,35.35,1450000
2025-03-12,36.6,36.6,37.05,35.6,35.6,1419000
2025-03-13,36.25,36.25,37.45,35.8,36.9,1260000
2025-03-14,36.5,36.5,36.55,35.8,36.45,657000
2025-03-17,36.35,36.35,37.15,36.15,36.85,570000
2025-03-18,38.05,38.05,38.95,36.65,36.8,3636000
2025-03-19,38.25,38.25,38.55,37.7,38.05,1595000
2025-03-20,38.0,38.0,39.1,37.7,38.7,2006000
2025-03-21,37.0,37.0,38.1,37.0,37.85,1362000
2025-03-24,36.75,36.75,37.7,36.5,37.5,1014000
2025-03-25,35.8,35.8,37.2,35.75,37.2,1082000
2025-03-26,35.15,35.15,36.5,35.15,36.1,1008000
2025-03-27,33.7,33.7,34.8,33.6,34.8,950000
2025-03-28,32.8,32.8,34.55,31.75,33.4,1262000
2025-03-31,30.1,30.1,31.9,30.05,31.15,1407000
2025-04-01,30.5,30.5,31.15,30.05,30.1,975000
2025-04-02,30.75,30.75,31.0,30.25,30.65,463000
2025-04-07,27.7,27.7,27.7,27.7,27.7,77000
2025-04-08,24.95,24.95,25.85,24.95,25.0,1739000
2025-04-09,22.5,22.5,23.5,22.5,22.95,1357000
2025-04-10,24.75,24.75,24.75,24.75,24.75,400000
2025-04-11,24.0,24.0,24.2,22.3,22.3,1375000
2025-04-14,25.0,25.0,25.8,24.85,24.9,775000
2025-04-15,27.5,27.5,27.5,26.15,26.65,1831000
2025-04-16,27.15,27.15,29.1,26.9,29.1,3972000
2025-04-17,26.5,26.5,27.3,26.35,26.9,804000
2025-04-18,26.25,26.25,27.25,26.2,26.85,542000
2025-04-21,24.8,24.8,26.55,24.8,26.4,872000
2025-04-22,24.8,24.8,25.35,24.65,25.05,817000
2025-04-23,26.0,26.0,26.4,25.7,25.85,1025000
2025-04-24,26.45,26.45,26.95,26.15,26.35,1039000
2025-04-25,27.9,27.9,28.55,26.45,27.0,2515000
2025-04-28,27.9,27.9,28.05,27.2,28.05,896000
2025-04-29,28.2,28.2,28.25,27.45,27.75,814000
2025-04-30,27.45,27.45,28.45,27.45,28.3,822000
2025-05-02,28.75,28.75,30.15,28.0,28.0,4867000
2025-05-05,26.4,26.4,28.95,25.9,28.8,2066000
2025-05-06,26.8,26.8,27.2,26.3,26.3,679000
2025-05-07,26.4,26.4,27.2,26.4,27.2,382000
2025-05-08,26.75,26.75,27.05,26.4,26.5,841000
2025-05-09,26.95,26.95,27.4,26.4,27.05,560000
2025-05-12,28.45,28.45,29.4,27.05,27.05,2790000
2025-05-13,28.5,28.5,29.4,27.8,29.05,1519000
2025-05-14,29.7,29.7,30.3,28.3,28.65,4688000
2025-05-15,28.8,28.8,30.0,28.65,29.45,2172000
2025-05-16,28.6,28.6,29.7,28.6,28.75,1921000
2025-05-19,28.25,28.25,29.85,28.15,28.85,2099000
2025-05-20,27.9,27.9,28.7,27.9,28.65,640000
2025-05-21,28.3,28.3,28.7,28.1,28.1,694000
2025-05-22,31.1,31.1,31.1,29.0,29.2,17442000
2025-05-23,34.2,34.2,34.2,31.1,31.35,22671000
2025-05-26,37.6,37.6,37.6,34.1,34.45,53384000
2025-05-27,38.45,38.45,39.35,36.3,38.5,59877000
2025-05-28,37.15,37.15,39.15,37.15,38.7,21974000
2025-05-29,38.0,38.0,40.5,36.5,37.15,73719000
2025-06-02,35.6,35.6,37.2,34.7,37.2,3864000
2025-06-03,36.35,36.35,36.5,35.6,36.1,1425000
2025-06-04,37.5,37.5,37.9,36.35,36.35,1420000
2025-06-05,37.15,37.15,37.6,36.4,37.6,726000
2025-06-06,36.15,36.15,37.8,36.1,37.8,701000
2025-06-09,36.55,36.55,36.7,35.75,36.5,732000
2025-06-10,36.15,36.15,37.0,35.55,37.0,711000
2025-06-11,35.95,35.95,36.5,35.8,36.5,569000
2025-06-12,36.3,36.3,37.0,35.75,35.95,694000
2025-06-13,35.2,35.2,36.0,35.15,35.15,695000
2025-06-16,38.0,38.0,38.0,35.2,35.5,2128000
2025-06-17,38.4,38.4,38.45,37.0,38.0,2399000
2025-06-18,42.2,42.2,42.2,39.2,39.4,18967000
2025-06-19,39.5,39.5,44.25,39.5,43.15,63458000
2025-06-20,39.2,39.2,41.75,39.05,39.1,28463000
2025-06-23,38.8,38.8,39.8,37.25,38.35,8132000
2025-06-24,39.95,39.95,39.95,38.5,39.5,8888000
2025-06-25,40.15,40.15,42.5,39.55,40.05,15791000
2025-06-26,39.3,39.3,40.55,38.8,40.4,6737000
2025-06-27,38.4,38.4,40.45,38.4,39.9,4900000
2025-06-30,39.45,39.45,41.5,38.65,38.8,25426000
2025-07-01,39.8,39.8,40.3,39.15,39.85,7478000
2025-07-02,39.05,39.05,40.35,39.05,39.6,3784000
2025-07-03,38.6,38.6,39.45,38.5,39.25,2390000
2025-07-04,36.65,36.65,38.6,36.65,38.5,3821000
2025-07-07,36.25,36.25,37.7,35.9,36.7,3081000
2025-07-08,36.4,36.4,36.85,35.7,36.5,2116000
2025-07-09,38.1,38.1,38.1,36.3,37.05,2754000
2025-07-10,39.05,39.05,41.35,38.2,38.2,14663000
2025-07-11,38.45,38.45,38.9,38.0,38.75,2703000
2025-07-14,37.2,37.2,38.3,37.2,38.05,1652000
2025-07-15,37.7,37.7,38.15,37.35,37.35,1782000
2025-07-16,37.7,37.7,39.4,37.55,37.65,3178000
2025-07-17,38.4,38.4,38.75,37.7,37.7,1899000
2025-07-18,38.2,38.2,39.0,37.6,39.0,1711000
2025-07-21,38.4,38.4,38.95,37.5,38.2,1557000
2025-07-22,37.8,37.8,40.5,37.8,38.3,15273000
2025-07-23,37.55,37.55,38.25,37.05,38.0,3104000
2025-07-24,37.95,37.95,38.3,37.1,37.9,1907000
2025-07-25,37.2,37.2,38.3,37.2,38.1,1484000
2025-07-28,37.9,37.9,38.15,36.75,37.7,1687000
2025-07-29,38.2,38.2,38.25,36.7,37.8,2147000
2025-07-30,39.1,39.1,40.6,39.0,39.75,14790000
2025-07-31,41.6,41.6,42.75,39.4,39.45,22539000
2025-08-01,45.75,45.75,45.75,40.55,41.35,37261000
2025-08-04,50.3,50.3,50.3,45.8,45.8,63968000
2025-08-05,47.8,47.8,52.4,47.65,51.5,63381000
2025-08-06,47.6,47.6,50.8,47.55,49.15,35087000
2025-08-07,47.6,47.6,48.3,46.2,47.8,14053000
2025-08-08,48.25,48.25,49.4,46.9,48.15,14867000
2025-08-11,47.45,47.45,48.75,45.8,47.55,11140000
2025-08-12,47.5,47.5,50.0,47.3,47.95,21777000
2025-08-13,49.5,49.5,51.0,47.35,48.05,34066000
2025-08-14,48.35,48.35,53.8,48.25,51.0,31332000
2025-08-15,49.8,49.8,52.4,49.1,49.1,40211000
2025-08-18,52.6,52.6,53.3,49.2,49.85,29436000
2025-08-19,51.8,51.8,57.0,51.5,54.5,33287000
2025-08-20,50.6,50.6,53.5,50.4,52.9,19041000
2025-08-21,53.0,53.0,54.4,50.8,50.8,31483000
2025-08-22,51.5,51.5,54.1,50.9,53.4,16706000
2025-08-25,52.6,52.6,53.0,51.0,52.4,12640000
2025-08-26,53.4,53.4,53.4,51.7,52.6,13408000
2025-08-27,53.2,53.2,54.6,52.7,54.3,18339000
2025-08-28,51.7,51.7,53.7,51.7,53.5,8881000
2025-08-29,50.3,50.3,52.7,50.3,52.2,7845000
2025-09-01,55.3,55.3,55.3,50.4,50.5,41623000
2025-09-02,57.2,57.2,60.8,56.2,58.0,104170000
2025-09-03,59.0,59.0,60.8,56.3,57.5,48196000
2025-09-04,56.5,56.5,60.0,55.1,59.5,21645000
2025-09-05,55.0,55.0,57.2,55.0,56.5,9930000
2025-09-08,53.3,53.3,55.2,52.8,54.7,8944000
2025-09-09,51.7,51.7,54.6,51.1,53.4,8582000
2025-09-10,51.6,51.6,52.7,51.6,51.8,4503000
2025-09-11,50.8,50.8,54.4,50.5,51.8,13320000
2025-09-12,48.75,48.75,51.5,48.65,51.3,8747000
2025-09-15,47.6,47.6,49.5,47.05,48.7,4630000
2025-09-16,49.65,49.65,50.8,47.75,48.0,7962000
2025-09-17,52.3,52.3,52.6,50.2,50.2,14460000
2025-09-18,51.9,51.9,53.9,51.5,52.6,13890000
2025-09-19,51.4,51.4,53.9,51.4,53.0,8472000
2025-09-22,51.0,51.0,52.4,50.3,51.0,3397000
2025-09-23,49.95,49.95,51.8,49.55,50.9,4742000
2025-09-24,50.5,50.5,52.3,50.1,50.1,9104000
2025-09-25,48.35,48.35,50.1,48.1,49.6,4111000
2025-09-26,45.8,45.8,48.0,45.65,47.75,4085000
2025-09-30,46.25,46.25,46.8,46.0,46.25,1723000
2025-10-01,45.8,45.8,46.95,45.7,46.25,1460000
2025-10-02,46.2,46.2,47.95,45.6,46.0,3671000
2025-10-03,45.55,45.55,46.8,45.1,46.3,2114000
2025-10-07,45.65,45.65,46.55,45.3,46.5,1568000
2025-10-08,44.05,44.05,45.45,43.55,45.45,2474000
2025-10-09,44.1,44.1,44.7,43.6,43.95,2303000
2025-10-13,43.6,43.6,44.0,40.3,40.35,2176000
2025-10-14,42.2,42.2,45.1,41.55,43.6,2776000
2025-10-15,43.0,43.0,43.2,42.35,43.1,1284000
2025-10-16,44.6,44.6,44.85,42.8,43.55,3554000
2025-10-17,42.6,42.6,44.15,42.5,43.95,1931000
2025-10-20,42.5,42.5,43.1,42.0,43.1,1206000
2025-10-21,43.5,43.5,43.7,42.8,42.8,1180000
2025-10-22,43.4,43.4,43.85,42.7,43.2,824000
2025-10-23,42.3,42.3,43.25,42.1,43.25,1029000
2025-10-27,43.75,43.75,43.9,42.5,43.15,1722000
2025-10-28,42.6,42.6,43.75,42.1,43.75,1679000
2025-10-29,41.65,41.65,43.85,41.65,43.45,1467000
2025-10-30,40.95,40.95,42.15,40.85,42.0,1176000
2025-10-31,41.3,41.3,41.5,40.7,40.95,844000
2025-11-03,41.8,41.8,42.3,40.6,40.85,1081000
2025-11-04,40.95,40.95,42.7,40.95,42.35,1966000
2025-11-05,41.0,41.0,41.8,39.35,40.3,1779000
2025-11-06,40.75,40.75,41.65,40.3,41.2,1289000
2025-11-07,39.85,39.85,40.55,39.35,40.5,1267000
2025-11-10,39.65,39.65,40.25,39.25,40.2,926000
2025-11-11,39.35,39.35,40.35,39.35,39.85,977000
2025-11-12,43.25,43.25,43.25,40.25,40.25,3857000
2025-11-13,41.1,41.1,44.25,41.1,42.8,7364000
2025-11-14,39.5,39.5,41.55,39.5,40.5,2636000
2025-11-17,39.65,39.65,41.1,39.65,40.0,1255000
2025-11-18,38.0,38.0,39.65,38.0,39.65,1418000
2025-11-19,37.45,37.45,38.4,36.85,38.1,935000
2025-11-20,38.4,38.4,38.9,37.9,38.75,971000
2025-11-21,36.95,36.95,37.95,36.6,37.55,749000
2025-11-24,37.9,37.9,38.6,37.05,37.2,1053000
2025-11-25,38.85,38.85,39.1,38.4,38.5,797000
2025-11-26,39.35,39.35,40.1,39.1,39.3,1853000
2025-11-27,39.8,39.8,40.1,39.2,39.9,573000
2025-11-28,40.2,40.2,40.8,39.95,40.5,815000
2025-12-01,40.0,40.0,40.55,40.0,40.3,592000
2025-12-02,39.8,39.8,40.45,39.6,40.45,518000
2025-12-03,40.0,40.0,40.5,40.0,40.1,528000
2025-12-04,40.45,40.45,40.65,40.0,40.3,593000
2025-12-05,41.05,41.05,41.85,40.0,41.45,1643000
2025-12-08,42.2,42.2,43.75,41.4,43.75,4095000
2025-12-09,41.6,41.6,41.95,41.25,41.55,1283000
2025-12-10,41.8,41.8,45.75,41.8,43.75,10834000
2025-12-11,41.4,41.4,43.2,41.0,41.3,3455000
2025-12-12,40.85,40.85,42.4,40.7,42.3,1249000
2025-12-15,41.3,41.3,41.6,40.0,40.25,977000
2025-12-16,39.95,39.95,41.3,39.4,41.3,707000
2025-12-17,39.85,39.85,40.7,39.75,40.35,441000
2025-12-18,38.8,38.8,39.8,38.8,39.55,584000
2025-12-19,39.55,39.55,40.0,39.25,39.35,652000
2025-12-22,40.4,40.4,40.8,40.15,40.6,504000
2025-12-23,39.8,39.8,40.9,39.75,40.9,491000
2025-12-24,40.15,40.15,41.35,39.9,40.8,1173000
2025-12-26,39.25,39.25,40.3,39.1,40.3,1046000
2025-12-29,39.15,39.15,40.2,39.1,39.45,567000
2025-12-30,38.65,38.65,39.35,38.0,39.15,852000
2025-12-31,38.15,38.15,39.2,38.15,38.95,720000
2026-01-02,38.65,38.65,38.9,38.2,38.2,442000
2026-01-05,40.65,40.65,41.75,38.85,38.85,4269000
2026-01-06,39.85,39.85,40.9,39.8,40.9,2095000
2026-01-07,39.15,39.15,40.05,39.05,39.9,1244000
2026-01-08,37.8,37.8,39.15,37.8,39.1,1599000
2026-01-09,39.6,39.6,40.9,39.0,39.55,2966000
2026-01-12,39.25,39.25,40.4,39.1,40.2,1063000
2026-01-13,38.25,38.25,39.45,38.1,39.4,1048000
2026-01-14,40.6,40.6,40.75,38.2,38.3,2104000
2026-01-15,40.95,40.95,42.1,39.9,40.8,7357000
2026-01-16,40.9,40.9,42.0,40.3,41.15,2604000
2026-01-19,41.2,41.2,42.6,40.65,40.95,2835000
2026-01-20,41.1,41.1,41.95,41.05,41.5,1850000
2026-01-21,39.6,39.6,40.85,39.6,40.8,1235000
2026-01-22,41.75,41.75,42.0,39.85,40.2,2650000
2026-01-23,40.8,40.8,44.5,40.55,43.7,6437000
2026-01-26,43.75,43.75,44.75,40.9,40.9,7733000
2026-01-27,41.75,41.75,43.9,41.5,43.85,4301000
2026-01-28,41.15,41.15,42.75,40.85,41.8,2361000
2026-01-29,40.0,40.0,41.4,39.3,41.15,2252000
2026-01-30,38.3,38.3,40.4,37.95,40.1,2257000
2026-02-02,36.95,36.95,37.4,36.5,37.35,1574000
2026-02-03,36.65,36.65,38.0,36.35,37.8,1076000
2026-02-04,37.75,37.75,37.75,36.3,36.65,703000
2026-02-05,36.8,36.8,37.85,36.65,37.65,552000
2026-02-06,35.85,35.85,36.55,34.9,36.55,923000
2026-02-09,36.35,36.35,37.4,36.15,36.85,434000
2026-02-10,35.85,35.85,36.55,35.45,36.55,457000
2026-02-11,35.75,35.75,36.45,35.15,35.85,893000
2026-02-23,37.2,37.2,37.3,35.75,36.1,683000
2026-02-24,39.5,39.5,39.6,37.9,38.1,2419000
2026-02-25,38.5,38.5,39.8,38.15,39.8,1244000
2026-02-26,39.5,39.5,40.4,38.1,38.5,1834000
2026-03-02,40.4,40.4,40.85,38.0,38.5,1842000
2026-03-03,39.1,39.1,42.4,39.05,40.8,4930000
2026-03-04,36.5,36.5,38.7,36.3,38.35,1414000
2026-03-05,37.8,37.8,38.3,37.1,37.9,913000
2026-03-06,37.85,37.85,38.4,37.15,37.3,603000
2026-03-09,35.1,35.1,35.95,34.5,35.85,1677000
2026-03-10,36.6,36.6,37.2,36.0,36.15,1052000
2026-03-11,38.05,38.05,38.5,37.0,37.85,1136000
2026-03-12,37.45,37.45,38.5,37.3,38.3,674000
2026-03-13,37.2,37.2,38.1,36.45,36.8,537000
2026-03-16,37.0,37.0,37.65,36.8,37.6,576000
2026-03-17,37.2,37.2,37.95,37.05,37.3,504000
2026-03-18,37.4,37.4,37.7,36.7,37.7,547000
2026-03-19,36.35,36.35,37.4,36.2,37.35,735000
2026-03-20,35.5,35.5,36.75,35.35,36.35,887000
2026-03-23,34.25,34.25,35.3,33.9,34.2,611000
2026-03-24,34.1,34.1,35.8,33.6,35.8,617000
2026-03-25,34.35,34.35,34.8,34.1,34.45,327000
2026-03-26,33.85,33.85,34.85,33.8,34.7,522000
2026-03-27,33.45,33.45,33.55,32.65,33.4,551000
2026-03-30,32.7,32.7,33.0,32.3,32.7,488000
2026-03-31,31.1,31.1,32.9,31.1,32.7,789000
2026-04-01,31.9,31.9,32.5,31.9,32.0,331000
2026-04-02,31.15,31.15,32.9,31.1,32.2,311000
2026-04-07,31.05,31.05,31.7,31.0,31.5,302000
2026-04-08,32.5,32.5,32.55,31.5,31.5,342000
2026-04-09,31.9,31.9,33.3,31.9,33.3,280000
2026-04-10,31.6,31.6,32.3,31.4,32.15,336000
2026-04-13,32.5,32.5,32.85,31.1,31.1,680000
2026-04-14,32.9,32.9,33.7,32.6,33.1,457000
2026-04-15,33.2,33.2,34.7,33.15,33.55,1108000
2026-04-16,33.25,33.25,33.55,32.85,33.3,492000
2026-04-17,33.4,33.4,34.3,33.25,33.6,868000
2026-04-20,33.0,33.0,34.05,33.0,33.95,613000
2026-04-21,33.2,33.2,33.85,33.1,33.25,566000
2026-04-22,33.75,33.75,34.3,33.4,33.7,1023000
2026-04-23,31.5,31.5,34.3,30.6,34.3,1235000
2026-04-24,30.5,30.5,32.15,30.5,32.0,673000
2026-04-27,30.75,30.75,31.85,29.6,31.85,730000
2026-04-28,30.8,30.8,31.1,30.2,30.7,282000
2026-04-29,30.55,30.55,30.8,30.35,30.45,307000
2026-04-30,30.5,30.5,31.0,30.45,30.8,317000
2026-05-04,30.45,30.45,31.2,30.4,30.65,397000
2026-05-05,30.95,30.95,30.95,30.35,30.45,362000
2026-05-06,30.45,30.45,31.4,30.15,31.2,633000
2026-05-07,31.35,31.35,31.45,30.4,30.7,689000
2026-05-08,30.25,30.25,32.25,30.25,31.7,898000
2026-05-11,30.7,30.7,30.85,30.3,30.4,557000
2026-05-12,31.1,31.1,31.1,30.45,31.1,461000
2026-05-13,30.2,30.2,30.9,30.1,30.9,505000
2026-05-14,33.2,33.2,33.2,30.25,30.5,1726000
2026-05-15,36.5,36.5,36.5,35.7,36.4,2968000
2026-05-18,37.25,37.25,39.8,37.2,38.8,12394000
2026-05-19,39.55,39.55,40.2,36.6,37.5,8531000
2026-05-20,40.5,40.5,42.35,39.15,39.65,10752000
2026-05-21,40.65,40.65,41.95,39.35,40.3,8007000
2026-05-22,41.1,41.1,42.15,39.6,40.45,7591000
2026-05-25,42.3,42.3,44.95,40.45,41.2,8046000
2026-05-26,40.5,40.5,43.0,39.75,42.5,4699000
2026-05-27,39.8,39.8,41.15,39.5,40.9,2252000
2026-05-28,39.35,39.35,40.9,38.5,40.05,2190000
2026-05-29,40.2,40.2,40.65,39.35,40.35,1470000
2026-06-01,40.2,40.2,42.95,40.15,41.0,2501000
2026-06-02,41.15,41.15,42.6,40.25,40.45,5617000
2026-06-03,40.75,40.75,41.8,40.3,41.5,2429000
2026-06-04,39.4,39.4,41.1,39.2,40.75,1490000
2026-06-05,38.3,38.3,39.4,37.7,39.4,1107000
2026-06-08,36.75,36.75,37.35,34.6,34.7,1292000
2026-06-09,38.75,38.75,39.35,36.35,36.65,1462000
2026-06-10,37.0,37.0,40.25,37.0,38.4,1769000
2026-06-11,35.5,35.5,37.35,35.2,36.6,1007000
2026-06-12,35.85,35.85,36.8,35.85,36.6,646000
2026-06-15,39.4,39.4,39.4,37.5,37.5,2376000
2026-06-16,38.15,38.15,41.1,38.15,41.0,2381000
2026-06-17,39.9,39.9,41.05,38.15,38.15,2819000
2026-06-18,39.7,39.7,41.5,39.4,41.0,1577000
2026-06-22,40.0,40.0,41.35,39.8,39.8,2361000
2026-06-23,38.6,38.6,40.45,38.35,40.4,1190000
2026-06-24,40.5,40.5,40.95,39.15,39.55,2773000
2026-06-25,39.4,39.4,41.65,39.4,41.0,2604000
2026-06-26,37.05,37.05,40.25,37.05,39.4,1621000
2026-06-29,35.9,35.9,37.65,35.6,37.25,1429000
2026-06-30,36.95,36.95,37.2,36.1,36.4,599000
2026-07-01,36.0,36.0,37.35,35.95,37.3,777000
2026-07-02,36.75,36.75,37.85,36.0,36.0,813000
2026-07-03,40.4,40.4,40.4,36.3,36.75,2900000
2026-07-06,39.4,39.4,40.55,38.8,40.4,3794000
2026-07-07,38.65,38.65,41.8,38.65,39.7,3510000
2026-07-08,38.6,38.6,39.6,37.6,38.8,2099000
2026-07-09,37.7,37.7,39.0,37.7,38.8,844000
2026-07-13,37.1,37.1,38.5,37.0,38.0,703000
2026-07-14,35.75,35.75,37.2,34.5,37.0,1147000
2026-07-15,35.7,35.7,36.4,35.35,36.1,650000
2026-07-16,35.2,35.2,35.7,35.0,35.5,309000
2026-07-17,31.8,31.8,34.45,31.7,34.45,1135000
2026-07-20,30.95,30.95,31.8,29.6,31.8,981000
2026-07-21,31.7,31.7,31.85,31.15,31.25,363000
2026-07-22,31.85,31.85,32.6,31.6,32.1,368000
2026-07-23,31.35,31.35,32.3,31.15,32.05,414000
2026-07-24,30.3,30.3,31.75,30.3,31.2,477000
2026-07-27,30.6,30.6,30.6,29.9,30.0,362000
2026-07-28,29.15,29.15,30.2,29.05,29.85,625000
2026-07-29,27.3,27.3,29.7,26.25,29.25,1245000
2026-07-30,26.75,26.75,27.75,26.2,27.0,595000
2026-07-31,28.85,28.85,29.0,28.0,28.0,422000
2026-08-03,29.5,29.5,29.75,28.5,28.6,237000
2026-08-04,30.3,30.3,30.3,29.3,29.55,293000
2026-08-05,30.6,30.6,31.35,30.6,31.3,377000
2026-08-06,30.35,30.35,30.85,30.0,30.65,236000
2026-08-07,30.2,30.2,30.95,30.2,30.35,210000
2026-08-10,30.85,30.85,31.1,30.4,30.6,429000
2026-08-11,31.4,31.4,31.8,30.65,31.5,413000
2026-08-12,31.8,31.8,32.65,31.65,31.75,394000
2026-08-13,31.65,31.65,32.3,31.65,32.2,285000
2026-08-14,31.45,31.45,31.85,31.2,31.75,292000
2026-08-17,31.05,31.05,31.85,30.8,31.6,561000
2026-08-18,30.5,30.5,31.55,30.5,31.55,278000
2026-08-19,30.5,30.5,30.85,30.0,30.45,205000
2026-08-20,30.4,30.4,31.25,30.35,30.85,276000
2026-08-21,30.5,30.5,30.55,30.2,30.35,94000
2026-08-24,30.15,30.15,30.6,30.15,30.5,159118
2026-08-25,30.45,30.45,30.45,29.7,30.3,144637
2026-08-26,30.7,30.7,31.0,30.5,30.6,182336
2026-08-27,31.25,31.25,31.95,31.0,31.1,451860
2026-08-28,31.0,31.0,31.65,30.9,31.65,197060
2026-08-31,30.45,30.45,31.2,30.3,31.0,172335
2026-09-01,30.6,30.6,30.85,30.3,30.6,195428
2026-09-02,30.2,30.2,30.6,30.1,30.1,223442
2026-09-03,29.55,29.55,31.2,29.55,30.45,491288
2026-09-04,30.0,30.0,30.65,29.5,30.15,267622
2026-09-07,29.85,29.85,30.2,29.75,30.05,159476
2026-09-08,29.7,29.7,30.3,29.7,29.9,247147
