Date,Adj Close,Close,High,Low,Open,Volume
2016-08-12,11.2,11.2,11.35,11.15,11.15,44518
2016-08-15,11.2,11.2,11.35,11.15,11.15,44518
2016-08-16,11.2,11.2,11.35,11.15,11.15,44518
2016-08-17,11.2,11.2,11.35,11.15,11.15,44518
2016-08-18,11.2,11.2,11.35,11.15,11.15,44518
2016-08-19,11.2,11.2,11.35,11.15,11.15,44518
2016-08-22,11.2,11.2,11.35,11.15,11.15,44518
2016-08-23,11.2,11.2,11.35,11.15,11.15,44518
2016-08-24,11.2,11.2,11.35,11.15,11.15,44518
2016-08-25,11.2,11.2,11.35,11.15,11.15,44518
2016-08-26,11.2,11.2,11.35,11.15,11.15,44518
2016-08-29,11.2,11.2,11.35,11.15,11.15,44518
2016-08-30,11.2,11.2,11.35,11.15,11.15,44518
2016-08-31,11.2,11.2,11.35,11.15,11.15,44518
2016-09-01,11.2,11.2,11.35,11.15,11.15,44518
2016-09-02,11.2,11.2,11.35,11.15,11.15,44518
2016-09-05,11.2,11.2,11.35,11.15,11.15,44518
2016-09-06,11.2,11.2,11.35,11.15,11.15,44518
2016-09-07,11.2,11.2,11.35,11.15,11.15,44518
2016-09-08,11.2,11.2,11.35,11.15,11.15,44518
2016-09-09,11.2,11.2,11.35,11.15,11.15,44518
2016-09-12,11.2,11.2,11.35,11.15,11.15,44518
2016-09-13,11.2,11.2,11.35,11.15,11.15,44518
2016-09-14,11.2,11.2,11.35,11.15,11.15,44518
2016-09-19,11.2,11.2,11.35,11.15,11.15,44518
2016-09-20,11.2,11.2,11.35,11.15,11.15,44518
2016-09-21,11.2,11.2,11.35,11.15,11.15,44518
2016-09-22,11.2,11.2,11.35,11.15,11.15,44518
2016-09-23,11.2,11.2,11.35,11.15,11.15,44518
2016-09-26,11.2,11.2,11.35,11.15,11.15,44518
2016-09-29,11.2,11.2,11.35,11.15,11.15,44518
2016-09-30,11.2,11.2,11.35,11.15,11.15,44518
2016-10-03,11.2,11.2,11.35,11.15,11.15,44518
2016-10-04,11.2,11.2,11.35,11.15,11.15,44518
2016-10-05,11.2,11.2,11.35,11.15,11.15,44518
2016-10-06,11.2,11.2,11.35,11.15,11.15,44518
2016-10-07,11.2,11.2,11.35,11.15,11.15,44518
2016-10-11,11.2,11.2,11.35,11.15,11.15,44518
2016-10-12,11.2,11.2,11.35,11.15,11.15,44518
2016-10-13,11.2,11.2,11.35,11.15,11.15,44518
2016-10-14,11.2,11.2,11.35,11.15,11.15,44518
2016-10-17,11.2,11.2,11.35,11.15,11.15,44518
2016-10-18,11.2,11.2,11.35,11.15,11.15,44518
2016-10-19,11.2,11.2,11.35,11.15,11.15,44518
2016-10-20,11.2,11.2,11.35,11.15,11.15,44518
2016-10-21,11.2,11.2,11.35,11.15,11.15,44518
2016-10-24,11.2,11.2,11.35,11.15,11.15,44518
2016-10-25,11.2,11.2,11.35,11.15,11.15,44518
2016-10-26,11.2,11.2,11.35,11.15,11.15,44518
2016-10-27,11.2,11.2,11.35,11.15,11.15,44518
2016-10-28,11.2,11.2,11.35,11.15,11.15,44518
2016-10-31,11.2,11.2,11.35,11.15,11.15,44518
2016-11-01,11.2,11.2,11.35,11.15,11.15,44518
2016-11-02,11.2,11.2,11.35,11.15,11.15,44518
2016-11-03,11.2,11.2,11.35,11.15,11.15,44518
2016-11-04,11.2,11.2,11.35,11.15,11.15,44518
2016-11-07,11.2,11.2,11.35,11.15,11.15,44518
2016-11-08,11.2,11.2,11.35,11.15,11.15,44518
2016-11-09,11.2,11.2,11.35,11.15,11.15,44518
2016-11-10,11.2,11.2,11.35,11.15,11.15,44518
2016-11-11,11.2,11.2,11.35,11.15,11.15,44518
2016-11-14,11.2,11.2,11.35,11.15,11.15,44518
2016-11-15,11.2,11.2,11.35,11.15,11.15,44518
2016-11-16,11.2,11.2,11.35,11.15,11.15,44518
2016-11-17,11.2,11.2,11.35,11.15,11.15,44518
2016-11-18,11.2,11.2,11.35,11.15,11.15,44518
2016-11-21,11.2,11.2,11.35,11.15,11.15,44518
2016-11-22,11.2,11.2,11.35,11.15,11.15,44518
2016-11-23,11.2,11.2,11.35,11.15,11.15,44518
2016-11-24,11.2,11.2,11.35,11.15,11.15,44518
2016-11-25,11.2,11.2,11.35,11.15,11.15,44518
2016-11-28,11.2,11.2,11.35,11.15,11.15,44518
2016-11-29,11.2,11.2,11.35,11.15,11.15,44518
2016-11-30,11.2,11.2,11.35,11.15,11.15,44518
2016-12-01,11.2,11.2,11.35,11.15,11.15,44518
2016-12-02,11.2,11.2,11.35,11.15,11.15,44518
2016-12-05,11.2,11.2,11.35,11.15,11.15,44518
2016-12-06,11.2,11.2,11.35,11.15,11.15,44518
2016-12-07,11.2,11.2,11.35,11.15,11.15,44518
2016-12-08,11.2,11.2,11.35,11.15,11.15,44518
2016-12-09,11.2,11.2,11.35,11.15,11.15,44518
2016-12-12,11.2,11.2,11.35,11.15,11.15,44518
2016-12-13,11.2,11.2,11.35,11.15,11.15,44518
2016-12-14,11.2,11.2,11.35,11.15,11.15,44518
2016-12-15,11.2,11.2,11.35,11.15,11.15,44518
2016-12-16,11.2,11.2,11.35,11.15,11.15,44518
2016-12-19,11.2,11.2,11.35,11.15,11.15,44518
2016-12-20,11.2,11.2,11.35,11.15,11.15,44518
2016-12-21,11.2,11.2,11.35,11.15,11.15,44518
2016-12-22,11.2,11.2,11.35,11.15,11.15,44518
2016-12-23,11.2,11.2,11.35,11.15,11.15,44518
2016-12-26,11.2,11.2,11.35,11.15,11.15,44518
2016-12-27,11.2,11.2,11.35,11.15,11.15,44518
2016-12-28,11.2,11.2,11.35,11.15,11.15,44518
2016-12-29,11.2,11.2,11.35,11.15,11.15,44518
2016-12-30,11.2,11.2,11.35,11.15,11.15,44518
2017-01-03,11.2,11.2,11.35,11.15,11.15,44518
2017-01-04,11.2,11.2,11.35,11.15,11.15,44518
2017-01-05,11.2,11.2,11.35,11.15,11.15,44518
2017-01-06,11.2,11.2,11.35,11.15,11.15,44518
2017-01-09,11.2,11.2,11.35,11.15,11.15,44518
2017-01-10,11.2,11.2,11.35,11.15,11.15,44518
2017-01-11,11.2,11.2,11.35,11.15,11.15,44518
2017-01-12,11.2,11.2,11.35,11.15,11.15,44518
2017-01-13,11.2,11.2,11.35,11.15,11.15,44518
2017-01-16,11.2,11.2,11.35,11.15,11.15,44518
2017-01-17,11.2,11.2,11.35,11.15,11.15,44518
2017-01-18,11.2,11.2,11.35,11.15,11.15,44518
2017-01-19,11.2,11.2,11.35,11.15,11.15,44518
2017-01-20,11.2,11.2,11.35,11.15,11.15,44518
2017-01-23,11.2,11.2,11.35,11.15,11.15,44518
2017-01-24,11.2,11.2,11.35,11.15,11.15,44518
2017-02-02,11.2,11.2,11.35,11.15,11.15,44518
2017-02-03,11.2,11.2,11.35,11.15,11.15,44518
2017-02-06,11.2,11.2,11.35,11.15,11.15,44518
2017-02-07,11.2,11.2,11.35,11.15,11.15,44518
2017-02-08,11.2,11.2,11.35,11.15,11.15,44518
2017-02-09,11.2,11.2,11.35,11.15,11.15,44518
2017-02-10,11.2,11.2,11.35,11.15,11.15,44518
2017-02-13,11.2,11.2,11.35,11.15,11.15,44518
2017-02-14,11.2,11.2,11.35,11.15,11.15,44518
2017-02-15,11.2,11.2,11.35,11.15,11.15,44518
2017-02-16,11.2,11.2,11.35,11.15,11.15,44518
2017-02-17,11.2,11.2,11.35,11.15,11.15,44518
2017-02-20,11.2,11.2,11.35,11.15,11.15,44518
2017-02-21,11.2,11.2,11.35,11.15,11.15,44518
2017-02-22,11.2,11.2,11.35,11.15,11.15,44518
2017-02-23,11.2,11.2,11.35,11.15,11.15,44518
2017-02-24,11.2,11.2,11.35,11.15,11.15,44518
2017-03-01,11.2,11.2,11.35,11.15,11.15,44518
2017-03-02,11.2,11.2,11.35,11.15,11.15,44518
2017-03-03,11.2,11.2,11.35,11.15,11.15,44518
2017-03-06,11.2,11.2,11.35,11.15,11.15,44518
2017-03-07,11.2,11.2,11.35,11.15,11.15,44518
2017-03-08,11.2,11.2,11.35,11.15,11.15,44518
2017-03-09,11.2,11.2,11.35,11.15,11.15,44518
2017-03-10,11.2,11.2,11.35,11.15,11.15,44518
2017-03-13,11.2,11.2,11.35,11.15,11.15,44518
2017-03-14,11.2,11.2,11.35,11.15,11.15,44518
2017-03-15,11.2,11.2,11.35,11.15,11.15,44518
2017-03-16,11.2,11.2,11.35,11.15,11.15,44518
2017-03-17,11.2,11.2,11.35,11.15,11.15,44518
2017-03-20,11.2,11.2,11.35,11.15,11.15,44518
2017-03-21,11.2,11.2,11.35,11.15,11.15,44518
2017-03-22,11.2,11.2,11.35,11.15,11.15,44518
2017-03-23,11.2,11.2,11.35,11.15,11.15,44518
2017-03-24,11.2,11.2,11.35,11.15,11.15,44518
2017-03-27,11.2,11.2,11.35,11.15,11.15,44518
2017-03-28,11.2,11.2,11.35,11.15,11.15,44518
2017-03-29,11.2,11.2,11.35,11.15,11.15,44518
2017-03-30,11.2,11.2,11.35,11.15,11.15,44518
2017-03-31,11.2,11.2,11.35,11.15,11.15,44518
2017-04-05,11.2,11.2,11.35,11.15,11.15,44518
2017-04-06,11.2,11.2,11.35,11.15,11.15,44518
2017-04-07,11.2,11.2,11.35,11.15,11.15,44518
2017-04-10,11.2,11.2,11.35,11.15,11.15,44518
2017-04-11,11.2,11.2,11.35,11.15,11.15,44518
2017-04-12,11.2,11.2,11.35,11.15,11.15,44518
2017-04-13,11.2,11.2,11.35,11.15,11.15,44518
2017-04-14,11.2,11.2,11.35,11.15,11.15,44518
2017-04-17,11.2,11.2,11.35,11.15,11.15,44518
2017-04-18,11.2,11.2,11.35,11.15,11.15,44518
2017-04-19,11.2,11.2,11.35,11.15,11.15,44518
2017-04-21,11.2,11.2,11.35,11.15,11.15,44518
2017-04-24,11.2,11.2,11.35,11.15,11.15,44518
2017-04-25,11.2,11.2,11.35,11.15,11.15,44518
2017-04-26,11.2,11.2,11.35,11.15,11.15,44518
2017-04-27,11.2,11.2,11.35,11.15,11.15,44518
2017-04-28,11.2,11.2,11.35,11.15,11.15,44518
2017-05-02,11.2,11.2,11.35,11.15,11.15,44518
2017-05-03,11.2,11.2,11.35,11.15,11.15,44518
2017-05-04,11.2,11.2,11.35,11.15,11.15,44518
2017-05-05,11.2,11.2,11.35,11.15,11.15,44518
2017-05-08,11.2,11.2,11.35,11.15,11.15,44518
2017-05-09,11.2,11.2,11.35,11.15,11.15,44518
2017-05-10,11.2,11.2,11.35,11.15,11.15,44518
2017-05-11,11.2,11.2,11.35,11.15,11.15,44518
2017-05-12,11.2,11.2,11.35,11.15,11.15,44518
2017-05-15,11.2,11.2,11.35,11.15,11.15,44518
2017-05-16,11.2,11.2,11.35,11.15,11.15,44518
2017-05-17,11.2,11.2,11.35,11.15,11.15,44518
2017-05-18,11.2,11.2,11.35,11.15,11.15,44518
2017-05-19,11.2,11.2,11.35,11.15,11.15,44518
2017-05-22,11.2,11.2,11.35,11.15,11.15,44518
2017-05-23,11.2,11.2,11.35,11.15,11.15,44518
2017-05-24,11.2,11.2,11.35,11.15,11.15,44518
2017-05-25,11.2,11.2,11.35,11.15,11.15,44518
2017-05-26,11.2,11.2,11.35,11.15,11.15,44518
2017-05-31,11.2,11.2,11.35,11.15,11.15,44518
2017-06-01,11.2,11.2,11.35,11.15,11.15,44518
2017-06-02,11.2,11.2,11.35,11.15,11.15,44518
2017-06-05,11.2,11.2,11.35,11.15,11.15,44518
2017-06-06,11.2,11.2,11.35,11.15,11.15,44518
2017-06-07,11.2,11.2,11.35,11.15,11.15,44518
2017-06-08,11.2,11.2,11.35,11.15,11.15,44518
2017-06-09,11.2,11.2,11.35,11.15,11.15,44518
2017-06-12,11.2,11.2,11.35,11.15,11.15,44518
2017-06-13,11.2,11.2,11.35,11.15,11.15,44518
2017-06-14,11.2,11.2,11.35,11.15,11.15,44518
2017-06-15,11.2,11.2,11.35,11.15,11.15,44518
2017-06-16,11.2,11.2,11.35,11.15,11.15,44518
2017-06-19,11.2,11.2,11.35,11.15,11.15,44518
2017-06-20,11.2,11.2,11.35,11.15,11.15,44518
2017-06-21,11.2,11.2,11.35,11.15,11.15,44518
2017-06-22,11.2,11.2,11.35,11.15,11.15,44518
2017-06-23,11.2,11.2,11.35,11.15,11.15,44518
2017-06-26,11.2,11.2,11.35,11.15,11.15,44518
2017-06-27,11.2,11.2,11.35,11.15,11.15,44518
2017-06-28,11.2,11.2,11.35,11.15,11.15,44518
2017-06-29,11.2,11.2,11.35,11.15,11.15,44518
2017-06-30,11.2,11.2,11.35,11.15,11.15,44518
2017-07-03,11.2,11.2,11.35,11.15,11.15,44518
2017-07-04,11.2,11.2,11.35,11.15,11.15,44518
2017-07-05,11.2,11.2,11.35,11.15,11.15,44518
2017-07-06,11.2,11.2,11.35,11.15,11.15,44518
2017-07-07,11.2,11.2,11.35,11.15,11.15,44518
2017-07-10,11.2,11.2,11.35,11.15,11.15,44518
2017-07-11,11.2,11.2,11.35,11.15,11.15,44518
2017-07-12,11.2,11.2,11.35,11.15,11.15,44518
2017-07-13,11.2,11.2,11.35,11.15,11.15,44518
2017-07-14,11.2,11.2,11.35,11.15,11.15,44518
2017-07-17,11.2,11.2,11.35,11.15,11.15,44518
2017-07-18,11.2,11.2,11.35,11.15,11.15,44518
2017-07-19,11.2,11.2,11.35,11.15,11.15,44518
2017-07-20,11.2,11.2,11.35,11.15,11.15,44518
2017-07-21,11.2,11.2,11.35,11.15,11.15,44518
2017-07-24,11.2,11.2,11.35,11.15,11.15,44518
2017-07-25,11.2,11.2,11.35,11.15,11.15,44518
2017-07-26,11.2,11.2,11.35,11.15,11.15,44518
2017-07-27,11.2,11.2,11.35,11.15,11.15,44518
2017-07-28,11.2,11.2,11.35,11.15,11.15,44518
2017-07-31,11.2,11.2,11.35,11.15,11.15,44518
2017-08-01,11.2,11.2,11.35,11.15,11.15,44518
2017-08-02,11.2,11.2,11.35,11.15,11.15,44518
2017-08-03,11.2,11.2,11.35,11.15,11.15,44518
2017-08-04,11.2,11.2,11.35,11.15,11.15,44518
2017-08-07,11.2,11.2,11.35,11.15,11.15,44518
2017-08-08,11.2,11.2,11.35,11.15,11.15,44518
2017-08-09,11.2,11.2,11.35,11.15,11.15,44518
2017-08-10,11.2,11.2,11.35,11.15,11.15,44518
2017-08-11,11.2,11.2,11.35,11.15,11.15,44518
2017-08-14,11.2,11.2,11.35,11.15,11.15,44518
2017-08-15,11.2,11.2,11.35,11.15,11.15,44518
2017-08-16,11.2,11.2,11.35,11.15,11.15,44518
2017-08-17,11.2,11.2,11.35,11.15,11.15,44518
2017-08-18,11.2,11.2,11.35,11.15,11.15,44518
2017-08-21,11.2,11.2,11.35,11.15,11.15,44518
2017-08-22,11.2,11.2,11.35,11.15,11.15,44518
2017-08-23,11.2,11.2,11.35,11.15,11.15,44518
2017-08-24,11.2,11.2,11.35,11.15,11.15,44518
2017-08-25,11.2,11.2,11.35,11.15,11.15,44518
2017-08-28,11.2,11.2,11.35,11.15,11.15,44518
2017-08-29,11.2,11.2,11.35,11.15,11.15,44518
2017-08-30,11.2,11.2,11.35,11.15,11.15,44518
2017-08-31,11.2,11.2,11.35,11.15,11.15,44518
2017-09-01,11.2,11.2,11.35,11.15,11.15,44518
2017-09-04,11.2,11.2,11.35,11.15,11.15,44518
2017-09-05,11.2,11.2,11.35,11.15,11.15,44518
2017-09-06,11.2,11.2,11.35,11.15,11.15,44518
2017-09-07,11.2,11.2,11.35,11.15,11.15,44518
2017-09-08,11.2,11.2,11.35,11.15,11.15,44518
2017-09-11,11.2,11.2,11.35,11.15,11.15,44518
2017-09-12,11.2,11.2,11.35,11.15,11.15,44518
2017-09-13,11.2,11.2,11.35,11.15,11.15,44518
2017-09-14,11.2,11.2,11.35,11.15,11.15,44518
2017-09-15,11.2,11.2,11.35,11.15,11.15,44518
2017-09-18,11.2,11.2,11.35,11.15,11.15,44518
2017-09-19,11.2,11.2,11.35,11.15,11.15,44518
2017-09-20,11.2,11.2,11.35,11.15,11.15,44518
2017-09-21,11.2,11.2,11.35,11.15,11.15,44518
2017-09-22,11.2,11.2,11.35,11.15,11.15,44518
2017-09-25,11.2,11.2,11.35,11.15,11.15,44518
2017-09-26,11.2,11.2,11.35,11.15,11.15,44518
2017-09-27,11.2,11.2,11.35,11.15,11.15,44518
2017-09-28,11.2,11.2,11.35,11.15,11.15,44518
2017-09-29,11.2,11.2,11.35,11.15,11.15,44518
2017-10-02,11.2,11.2,11.35,11.15,11.15,44518
2017-10-03,11.2,11.2,11.35,11.15,11.15,44518
2017-10-05,11.2,11.2,11.35,11.15,11.15,44518
2017-10-06,11.2,11.2,11.35,11.15,11.15,44518
2017-10-11,11.2,11.2,11.35,11.15,11.15,44518
2017-10-12,11.2,11.2,11.35,11.15,11.15,44518
2017-10-13,11.2,11.2,11.35,11.15,11.15,44518
2017-10-16,11.2,11.2,11.35,11.15,11.15,44518
2017-10-17,11.2,11.2,11.35,11.15,11.15,44518
2017-10-18,11.2,11.2,11.35,11.15,11.15,44518
2017-10-19,11.2,11.2,11.35,11.15,11.15,44518
2017-10-20,11.2,11.2,11.35,11.15,11.15,44518
2017-10-23,11.2,11.2,11.35,11.15,11.15,44518
2017-10-24,11.2,11.2,11.35,11.15,11.15,44518
2017-10-25,11.2,11.2,11.35,11.15,11.15,44518
2017-10-26,11.2,11.2,11.35,11.15,11.15,44518
2017-10-27,11.2,11.2,11.35,11.15,11.15,44518
2017-10-30,11.2,11.2,11.35,11.15,11.15,44518
2017-10-31,11.2,11.2,11.35,11.15,11.15,44518
2017-11-01,11.2,11.2,11.35,11.15,11.15,44518
2017-11-02,11.2,11.2,11.35,11.15,11.15,44518
2017-11-03,11.2,11.2,11.35,11.15,11.15,44518
2017-11-06,11.2,11.2,11.35,11.15,11.15,44518
2017-11-07,11.2,11.2,11.35,11.15,11.15,44518
2017-11-08,11.2,11.2,11.35,11.15,11.15,44518
2017-11-09,11.2,11.2,11.35,11.15,11.15,44518
2017-11-10,11.2,11.2,11.35,11.15,11.15,44518
2017-11-13,11.2,11.2,11.35,11.15,11.15,44518
2017-11-14,11.2,11.2,11.35,11.15,11.15,44518
2017-11-15,11.2,11.2,11.35,11.15,11.15,44518
2017-11-16,11.2,11.2,11.35,11.15,11.15,44518
2017-11-17,11.2,11.2,11.35,11.15,11.15,44518
2017-11-20,11.2,11.2,11.35,11.15,11.15,44518
2017-11-21,11.2,11.2,11.35,11.15,11.15,44518
2017-11-22,11.2,11.2,11.35,11.15,11.15,44518
2017-11-23,11.2,11.2,11.35,11.15,11.15,44518
2017-11-24,11.2,11.2,11.35,11.15,11.15,44518
2017-11-27,11.2,11.2,11.35,11.15,11.15,44518
2017-11-28,11.2,11.2,11.35,11.15,11.15,44518
2017-11-29,11.2,11.2,11.35,11.15,11.15,44518
2017-11-30,11.2,11.2,11.35,11.15,11.15,44518
2017-12-01,11.2,11.2,11.35,11.15,11.15,44518
2017-12-04,11.2,11.2,11.35,11.15,11.15,44518
2017-12-05,11.2,11.2,11.35,11.15,11.15,44518
2017-12-06,11.2,11.2,11.35,11.15,11.15,44518
2017-12-07,11.2,11.2,11.35,11.15,11.15,44518
2017-12-08,11.2,11.2,11.35,11.15,11.15,44518
2017-12-11,11.2,11.2,11.35,11.15,11.15,44518
2017-12-12,11.2,11.2,11.35,11.15,11.15,44518
2017-12-13,11.2,11.2,11.35,11.15,11.15,44518
2017-12-14,11.2,11.2,11.35,11.15,11.15,44518
2017-12-15,11.2,11.2,11.35,11.15,11.15,44518
2017-12-18,11.2,11.2,11.35,11.15,11.15,44518
2017-12-19,11.2,11.2,11.35,11.15,11.15,44518
2017-12-20,11.2,11.2,11.35,11.15,11.15,44518
2017-12-21,11.2,11.2,11.35,11.15,11.15,44518
2017-12-22,11.2,11.2,11.35,11.15,11.15,44518
2017-12-25,11.2,11.2,11.35,11.15,11.15,44518
2017-12-26,11.2,11.2,11.35,11.15,11.15,44518
2017-12-27,11.2,11.2,11.35,11.15,11.15,44518
2017-12-28,11.2,11.2,11.35,11.15,11.15,44518
2017-12-29,11.2,11.2,11.35,11.15,11.15,44518
2018-01-02,11.2,11.2,11.35,11.15,11.15,44518
2018-01-03,11.2,11.2,11.35,11.15,11.15,44518
2018-01-04,11.2,11.2,11.35,11.15,11.15,44518
2018-01-05,11.2,11.2,11.35,11.15,11.15,44518
2018-01-08,11.2,11.2,11.35,11.15,11.15,44518
2018-01-09,11.2,11.2,11.35,11.15,11.15,44518
2018-01-10,11.2,11.2,11.35,11.15,11.15,44518
2018-01-11,11.2,11.2,11.35,11.15,11.15,44518
2018-01-12,11.2,11.2,11.35,11.15,11.15,44518
2018-01-15,11.2,11.2,11.35,11.15,11.15,44518
2018-01-16,11.2,11.2,11.35,11.15,11.15,44518
2018-01-17,11.2,11.2,11.35,11.15,11.15,44518
2018-01-18,11.2,11.2,11.35,11.15,11.15,44518
2018-01-19,11.2,11.2,11.35,11.15,11.15,44518
2018-01-22,11.2,11.2,11.35,11.15,11.15,44518
2018-01-23,11.2,11.2,11.35,11.15,11.15,44518
2018-01-24,11.2,11.2,11.35,11.15,11.15,44518
2018-01-25,11.2,11.2,11.35,11.15,11.15,44518
2018-01-26,11.2,11.2,11.35,11.15,11.15,44518
2018-01-29,11.2,11.2,11.35,11.15,11.15,44518
2018-01-30,11.2,11.2,11.35,11.15,11.15,44518
2018-01-31,11.2,11.2,11.35,11.15,11.15,44518
2018-02-01,11.2,11.2,11.35,11.15,11.15,44518
2018-02-02,11.2,11.2,11.35,11.15,11.15,44518
2018-02-05,11.2,11.2,11.35,11.15,11.15,44518
2018-02-06,11.2,11.2,11.35,11.15,11.15,44518
2018-02-07,11.2,11.2,11.35,11.15,11.15,44518
2018-02-08,11.2,11.2,11.35,11.15,11.15,44518
2018-02-09,11.2,11.2,11.35,11.15,11.15,44518
2018-02-12,11.2,11.2,11.35,11.15,11.15,44518
2018-02-21,11.2,11.2,11.35,11.15,11.15,44518
2018-02-22,11.2,11.2,11.35,11.15,11.15,44518
2018-02-23,11.2,11.2,11.35,11.15,11.15,44518
2018-02-26,11.2,11.2,11.35,11.15,11.15,44518
2018-02-27,11.2,11.2,11.35,11.15,11.15,44518
2018-03-01,11.2,11.2,11.35,11.15,11.15,44518
2018-03-02,11.2,11.2,11.35,11.15,11.15,44518
2018-03-05,11.2,11.2,11.35,11.15,11.15,44518
2018-03-06,11.2,11.2,11.35,11.15,11.15,44518
2018-03-07,11.2,11.2,11.35,11.15,11.15,44518
2018-03-08,11.2,11.2,11.35,11.15,11.15,44518
2018-03-09,11.2,11.2,11.35,11.15,11.15,44518
2018-03-12,11.2,11.2,11.35,11.15,11.15,44518
2018-03-13,11.2,11.2,11.35,11.15,11.15,44518
2018-03-14,11.2,11.2,11.35,11.15,11.15,44518
2018-03-15,11.2,11.2,11.35,11.15,11.15,44518
2018-03-16,11.2,11.2,11.35,11.15,11.15,44518
2018-03-19,11.2,11.2,11.35,11.15,11.15,44518
2018-03-20,11.2,11.2,11.35,11.15,11.15,44518
2018-03-21,11.2,11.2,11.35,11.15,11.15,44518
2018-03-22,11.2,11.2,11.35,11.15,11.15,44518
2018-03-23,11.2,11.2,11.35,11.15,11.15,44518
2018-03-26,11.2,11.2,11.35,11.15,11.15,44518
2018-03-27,11.2,11.2,11.35,11.15,11.15,44518
2018-03-28,11.2,11.2,11.35,11.15,11.15,44518
2018-03-29,11.2,11.2,11.35,11.15,11.15,44518
2018-03-30,11.2,11.2,11.35,11.15,11.15,44518
2018-04-02,11.2,11.2,11.35,11.15,11.15,44518
2018-04-03,11.2,11.2,11.35,11.15,11.15,44518
2018-04-09,11.2,11.2,11.35,11.15,11.15,44518
2018-04-10,11.2,11.2,11.35,11.15,11.15,44518
2018-04-11,11.2,11.2,11.35,11.15,11.15,44518
2018-04-12,11.2,11.2,11.35,11.15,11.15,44518
2018-04-13,11.2,11.2,11.35,11.15,11.15,44518
2018-04-16,11.2,11.2,11.35,11.15,11.15,44518
2018-04-17,11.2,11.2,11.35,11.15,11.15,44518
2018-04-18,11.2,11.2,11.35,11.15,11.15,44518
2018-04-19,11.2,11.2,11.35,11.15,11.15,44518
2018-04-20,11.2,11.2,11.35,11.15,11.15,44518
2018-04-23,11.2,11.2,11.35,11.15,11.15,44518
2018-04-24,11.2,11.2,11.35,11.15,11.15,44518
2018-04-25,11.2,11.2,11.35,11.15,11.15,44518
2018-04-26,11.2,11.2,11.35,11.15,11.15,44518
2018-04-27,11.2,11.2,11.35,11.15,11.15,44518
2018-04-30,11.2,11.2,11.35,11.15,11.15,44518
2018-05-02,11.2,11.2,11.35,11.15,11.15,44518
2018-05-03,11.2,11.2,11.35,11.15,11.15,44518
2018-05-04,11.2,11.2,11.35,11.15,11.15,44518
2018-05-07,11.2,11.2,11.35,11.15,11.15,44518
2018-05-08,11.2,11.2,11.35,11.15,11.15,44518
2018-05-09,11.2,11.2,11.35,11.15,11.15,44518
2018-05-10,11.2,11.2,11.35,11.15,11.15,44518
2018-05-11,11.2,11.2,11.35,11.15,11.15,44518
2018-05-14,11.2,11.2,11.35,11.15,11.15,44518
2018-05-15,11.2,11.2,11.35,11.15,11.15,44518
2018-05-16,11.2,11.2,11.35,11.15,11.15,44518
2018-05-17,11.2,11.2,11.35,11.15,11.15,44518
2018-05-18,11.2,11.2,11.35,11.15,11.15,44518
2018-05-21,11.2,11.2,11.35,11.15,11.15,44518
2018-05-22,11.2,11.2,11.35,11.15,11.15,44518
2018-05-23,11.2,11.2,11.35,11.15,11.15,44518
2018-05-24,11.2,11.2,11.35,11.15,11.15,44518
2018-05-25,11.2,11.2,11.35,11.15,11.15,44518
2018-05-28,11.2,11.2,11.35,11.15,11.15,44518
2018-05-29,11.2,11.2,11.35,11.15,11.15,44518
2018-05-30,11.2,11.2,11.35,11.15,11.15,44518
2018-05-31,11.2,11.2,11.35,11.15,11.15,44518
2018-06-01,11.2,11.2,11.35,11.15,11.15,44518
2018-06-04,11.2,11.2,11.35,11.15,11.15,44518
2018-06-05,11.2,11.2,11.35,11.15,11.15,44518
2018-06-06,11.2,11.2,11.35,11.15,11.15,44518
2018-06-07,11.2,11.2,11.35,11.15,11.15,44518
2018-06-08,11.2,11.2,11.35,11.15,11.15,44518
2018-06-11,11.2,11.2,11.35,11.15,11.15,44518
2018-06-12,11.2,11.2,11.35,11.15,11.15,44518
2018-06-13,11.2,11.2,11.35,11.15,11.15,44518
2018-06-14,11.2,11.2,11.35,11.15,11.15,44518
2018-06-15,11.2,11.2,11.35,11.15,11.15,44518
2018-06-19,11.2,11.2,11.35,11.15,11.15,44518
2018-06-20,11.2,11.2,11.35,11.15,11.15,44518
2018-06-21,11.2,11.2,11.35,11.15,11.15,44518
2018-06-22,11.2,11.2,11.35,11.15,11.15,44518
2018-06-25,11.2,11.2,11.35,11.15,11.15,44518
2018-06-26,11.2,11.2,11.35,11.15,11.15,44518
2018-06-27,11.2,11.2,11.35,11.15,11.15,44518
2018-06-28,11.2,11.2,11.35,11.15,11.15,44518
2018-06-29,11.2,11.2,11.35,11.15,11.15,44518
2018-07-02,11.2,11.2,11.35,11.15,11.15,44518
2018-07-03,11.2,11.2,11.35,11.15,11.15,44518
2018-07-04,11.2,11.2,11.35,11.15,11.15,44518
2018-07-05,11.2,11.2,11.35,11.15,11.15,44518
2018-07-06,11.2,11.2,11.35,11.15,11.15,44518
2018-07-09,11.2,11.2,11.35,11.15,11.15,44518
2018-07-10,11.2,11.2,11.35,11.15,11.15,44518
2018-07-11,11.2,11.2,11.35,11.15,11.15,44518
2018-07-12,11.2,11.2,11.35,11.15,11.15,44518
2018-07-13,11.2,11.2,11.35,11.15,11.15,44518
2018-07-16,11.2,11.2,11.35,11.15,11.15,44518
2018-07-17,11.2,11.2,11.35,11.15,11.15,44518
2018-07-18,11.2,11.2,11.35,11.15,11.15,44518
2018-07-19,11.2,11.2,11.35,11.15,11.15,44518
2018-07-20,11.2,11.2,11.35,11.15,11.15,44518
2018-07-23,11.2,11.2,11.35,11.15,11.15,44518
2018-07-24,11.2,11.2,11.35,11.15,11.15,44518
2018-07-25,11.2,11.2,11.35,11.15,11.15,44518
2018-07-26,11.2,11.2,11.35,11.15,11.15,44518
2018-07-27,11.2,11.2,11.35,11.15,11.15,44518
2018-07-30,11.2,11.2,11.35,11.15,11.15,44518
2018-07-31,11.2,11.2,11.35,11.15,11.15,44518
2018-08-01,11.2,11.2,11.35,11.15,11.15,44518
2018-08-02,11.2,11.2,11.35,11.15,11.15,44518
2018-08-03,11.2,11.2,11.35,11.15,11.15,44518
2018-08-06,11.2,11.2,11.35,11.15,11.15,44518
2018-08-07,11.2,11.2,11.35,11.15,11.15,44518
2018-08-08,11.2,11.2,11.35,11.15,11.15,44518
2018-08-09,11.2,11.2,11.35,11.15,11.15,44518
2018-08-10,11.2,11.2,11.35,11.15,11.15,44518
2018-08-13,11.2,11.2,11.35,11.15,11.15,44518
2018-08-14,11.2,11.2,11.35,11.15,11.15,44518
2018-08-15,11.2,11.2,11.35,11.15,11.15,44518
2018-08-16,11.2,11.2,11.35,11.15,11.15,44518
2018-08-17,11.2,11.2,11.35,11.15,11.15,44518
2018-08-20,11.2,11.2,11.35,11.15,11.15,44518
2018-08-21,11.2,11.2,11.35,11.15,11.15,44518
2018-08-22,11.2,11.2,11.35,11.15,11.15,44518
2018-08-23,11.2,11.2,11.35,11.15,11.15,44518
2018-08-24,11.2,11.2,11.35,11.15,11.15,44518
2018-08-27,11.2,11.2,11.35,11.15,11.15,44518
2018-08-28,11.2,11.2,11.35,11.15,11.15,44518
2018-08-29,11.2,11.2,11.35,11.15,11.15,44518
2018-08-30,11.2,11.2,11.35,11.15,11.15,44518
2018-08-31,11.2,11.2,11.35,11.15,11.15,44518
2018-09-03,11.2,11.2,11.35,11.15,11.15,44518
2018-09-04,11.2,11.2,11.35,11.15,11.15,44518
2018-09-05,11.2,11.2,11.35,11.15,11.15,44518
2018-09-06,11.2,11.2,11.35,11.15,11.15,44518
2018-09-07,11.2,11.2,11.35,11.15,11.15,44518
2018-09-10,11.2,11.2,11.35,11.15,11.15,44518
2018-09-11,11.2,11.2,11.35,11.15,11.15,44518
2018-09-12,11.2,11.2,11.35,11.15,11.15,44518
2018-09-13,11.2,11.2,11.35,11.15,11.15,44518
2018-09-14,11.2,11.2,11.35,11.15,11.15,44518
2018-09-17,11.2,11.2,11.35,11.15,11.15,44518
2018-09-18,11.2,11.2,11.35,11.15,11.15,44518
2018-09-19,11.2,11.2,11.35,11.15,11.15,44518
2018-09-20,11.2,11.2,11.35,11.15,11.15,44518
2018-09-21,11.2,11.2,11.35,11.15,11.15,44518
2018-09-25,11.2,11.2,11.35,11.15,11.15,44518
2018-09-26,11.2,11.2,11.35,11.15,11.15,44518
2018-09-27,11.2,11.2,11.35,11.15,11.15,44518
2018-09-28,11.2,11.2,11.35,11.15,11.15,44518
2018-10-01,11.2,11.2,11.35,11.15,11.15,44518
2018-10-02,11.2,11.2,11.35,11.15,11.15,44518
2018-10-03,11.2,11.2,11.35,11.15,11.15,44518
2018-10-04,11.2,11.2,11.35,11.15,11.15,44518
2018-10-05,11.2,11.2,11.35,11.15,11.15,44518
2018-10-08,11.2,11.2,11.35,11.15,11.15,44518
2018-10-09,11.2,11.2,11.35,11.15,11.15,44518
2018-10-11,11.2,11.2,11.35,11.15,11.15,44518
2018-10-12,11.2,11.2,11.35,11.15,11.15,44518
2018-10-15,11.2,11.2,11.35,11.15,11.15,44518
2018-10-16,11.2,11.2,11.35,11.15,11.15,44518
2018-10-17,11.2,11.2,11.35,11.15,11.15,44518
2018-10-18,11.2,11.2,11.35,11.15,11.15,44518
2018-10-19,11.2,11.2,11.35,11.15,11.15,44518
2018-10-22,11.2,11.2,11.35,11.15,11.15,44518
2018-10-23,11.2,11.2,11.35,11.15,11.15,44518
2018-10-24,11.2,11.2,11.35,11.15,11.15,44518
2018-10-25,11.2,11.2,11.35,11.15,11.15,44518
2018-10-26,11.2,11.2,11.35,11.15,11.15,44518
2018-10-29,11.2,11.2,11.35,11.15,11.15,44518
2018-10-30,11.2,11.2,11.35,11.15,11.15,44518
2018-10-31,11.2,11.2,11.35,11.15,11.15,44518
2018-11-01,11.2,11.2,11.35,11.15,11.15,44518
2018-11-02,11.2,11.2,11.35,11.15,11.15,44518
2018-11-05,11.2,11.2,11.35,11.15,11.15,44518
2018-11-06,11.2,11.2,11.35,11.15,11.15,44518
2018-11-07,11.2,11.2,11.35,11.15,11.15,44518
2018-11-08,11.2,11.2,11.35,11.15,11.15,44518
2018-11-09,11.2,11.2,11.35,11.15,11.15,44518
2018-11-12,11.2,11.2,11.35,11.15,11.15,44518
2018-11-13,11.2,11.2,11.35,11.15,11.15,44518
2018-11-14,11.2,11.2,11.35,11.15,11.15,44518
2018-11-15,11.2,11.2,11.35,11.15,11.15,44518
2018-11-16,11.2,11.2,11.35,11.15,11.15,44518
2018-11-19,11.2,11.2,11.35,11.15,11.15,44518
2018-11-20,11.2,11.2,11.35,11.15,11.15,44518
2018-11-21,11.2,11.2,11.35,11.15,11.15,44518
2018-11-22,11.2,11.2,11.35,11.15,11.15,44518
2018-11-23,11.2,11.2,11.35,11.15,11.15,44518
2018-11-26,11.2,11.2,11.35,11.15,11.15,44518
2018-11-27,11.2,11.2,11.35,11.15,11.15,44518
2018-11-28,11.2,11.2,11.35,11.15,11.15,44518
2018-11-29,11.2,11.2,11.35,11.15,11.15,44518
2018-11-30,11.2,11.2,11.35,11.15,11.15,44518
2018-12-03,11.2,11.2,11.35,11.15,11.15,44518
2018-12-04,11.2,11.2,11.35,11.15,11.15,44518
2018-12-05,11.2,11.2,11.35,11.15,11.15,44518
2018-12-06,11.2,11.2,11.35,11.15,11.15,44518
2018-12-07,11.2,11.2,11.35,11.15,11.15,44518
2018-12-10,11.2,11.2,11.35,11.15,11.15,44518
2018-12-11,11.2,11.2,11.35,11.15,11.15,44518
2018-12-12,11.2,11.2,11.35,11.15,11.15,44518
2018-12-13,11.2,11.2,11.35,11.15,11.15,44518
2018-12-14,11.2,11.2,11.35,11.15,11.15,44518
2018-12-17,11.2,11.2,11.35,11.15,11.15,44518
2018-12-18,11.2,11.2,11.35,11.15,11.15,44518
2018-12-19,11.2,11.2,11.35,11.15,11.15,44518
2018-12-20,11.2,11.2,11.35,11.15,11.15,44518
2018-12-21,11.2,11.2,11.35,11.15,11.15,44518
2018-12-24,11.2,11.2,11.35,11.15,11.15,44518
2018-12-25,11.2,11.2,11.35,11.15,11.15,44518
2018-12-26,11.2,11.2,11.35,11.15,11.15,44518
2018-12-27,11.2,11.2,11.35,11.15,11.15,44518
2018-12-28,11.2,11.2,11.35,11.15,11.15,44518
2019-01-02,11.2,11.2,11.35,11.15,11.15,44518
2019-01-03,11.2,11.2,11.35,11.15,11.15,44518
2019-01-04,11.2,11.2,11.35,11.15,11.15,44518
2019-01-07,11.2,11.2,11.35,11.15,11.15,44518
2019-01-08,11.2,11.2,11.35,11.15,11.15,44518
2019-01-09,11.2,11.2,11.35,11.15,11.15,44518
2019-01-10,11.2,11.2,11.35,11.15,11.15,44518
2019-01-11,11.2,11.2,11.35,11.15,11.15,44518
2019-01-14,11.2,11.2,11.35,11.15,11.15,44518
2019-01-15,11.2,11.2,11.35,11.15,11.15,44518
2019-01-16,11.2,11.2,11.35,11.15,11.15,44518
2019-01-17,11.2,11.2,11.35,11.15,11.15,44518
2019-01-18,11.2,11.2,11.35,11.15,11.15,44518
2019-01-21,11.2,11.2,11.35,11.15,11.15,44518
2019-01-22,11.2,11.2,11.35,11.15,11.15,44518
2019-01-23,11.2,11.2,11.35,11.15,11.15,44518
2019-01-24,11.2,11.2,11.35,11.15,11.15,44518
2019-01-25,11.2,11.2,11.35,11.15,11.15,44518
2019-01-28,11.2,11.2,11.35,11.15,11.15,44518
2019-01-29,11.2,11.2,11.35,11.15,11.15,44518
2019-01-30,11.2,11.2,11.35,11.15,11.15,44518
2019-02-11,11.2,11.2,11.35,11.15,11.15,44518
2019-02-12,11.2,11.2,11.35,11.15,11.15,44518
2019-02-13,11.2,11.2,11.35,11.15,11.15,44518
2019-02-14,11.2,11.2,11.35,11.15,11.15,44518
2019-02-15,11.2,11.2,11.35,11.15,11.15,44518
2019-02-18,11.2,11.2,11.35,11.15,11.15,44518
2019-02-19,11.2,11.2,11.35,11.15,11.15,44518
2019-02-20,11.2,11.2,11.35,11.15,11.15,44518
2019-02-21,11.2,11.2,11.35,11.15,11.15,44518
2019-02-22,11.2,11.2,11.35,11.15,11.15,44518
2019-02-25,11.2,11.2,11.35,11.15,11.15,44518
2019-02-26,11.2,11.2,11.35,11.15,11.15,44518
2019-02-27,11.2,11.2,11.35,11.15,11.15,44518
2019-03-04,11.2,11.2,11.35,11.15,11.15,44518
2019-03-05,11.2,11.2,11.35,11.15,11.15,44518
2019-03-06,11.2,11.2,11.35,11.15,11.15,44518
2019-03-07,11.2,11.2,11.35,11.15,11.15,44518
2019-03-08,11.2,11.2,11.35,11.15,11.15,44518
2019-03-11,11.2,11.2,11.35,11.15,11.15,44518
2019-03-12,11.2,11.2,11.35,11.15,11.15,44518
2019-03-13,11.2,11.2,11.35,11.15,11.15,44518
2019-03-14,11.2,11.2,11.35,11.15,11.15,44518
2019-03-15,11.2,11.2,11.35,11.15,11.15,44518
2019-03-18,11.2,11.2,11.35,11.15,11.15,44518
2019-03-19,11.2,11.2,11.35,11.15,11.15,44518
2019-03-20,11.2,11.2,11.35,11.15,11.15,44518
2019-03-21,11.2,11.2,11.35,11.15,11.15,44518
2019-03-22,11.2,11.2,11.35,11.15,11.15,44518
2019-03-25,11.2,11.2,11.35,11.15,11.15,44518
2019-03-26,11.2,11.2,11.35,11.15,11.15,44518
2019-03-27,11.2,11.2,11.35,11.15,11.15,44518
2019-03-28,11.2,11.2,11.35,11.15,11.15,44518
2019-03-29,11.2,11.2,11.35,11.15,11.15,44518
2019-04-01,11.2,11.2,11.35,11.15,11.15,44518
2019-04-02,11.2,11.2,11.35,11.15,11.15,44518
2019-04-03,11.2,11.2,11.35,11.15,11.15,44518
2019-04-08,11.2,11.2,11.35,11.15,11.15,44518
2019-04-09,11.2,11.2,11.35,11.15,11.15,44518
2019-04-10,11.2,11.2,11.35,11.15,11.15,44518
2019-04-11,11.2,11.2,11.35,11.15,11.15,44518
2019-04-12,11.2,11.2,11.35,11.15,11.15,44518
2019-04-15,11.2,11.2,11.35,11.15,11.15,44518
2019-04-16,11.2,11.2,11.35,11.15,11.15,44518
2019-04-17,11.2,11.2,11.35,11.15,11.15,44518
2019-04-18,11.2,11.2,11.35,11.15,11.15,44518
2019-04-19,11.2,11.2,11.35,11.15,11.15,44518
2019-04-22,11.2,11.2,11.35,11.15,11.15,44518
2019-04-23,11.2,11.2,11.35,11.15,11.15,44518
2019-04-24,11.2,11.2,11.35,11.15,11.15,44518
2019-04-25,11.2,11.2,11.35,11.15,11.15,44518
2019-04-26,11.2,11.2,11.35,11.15,11.15,44518
2019-04-29,11.2,11.2,11.35,11.15,11.15,44518
2019-04-30,11.2,11.2,11.35,11.15,11.15,44518
2019-05-02,11.2,11.2,11.35,11.15,11.15,44518
2019-05-03,11.2,11.2,11.35,11.15,11.15,44518
2019-05-06,11.2,11.2,11.35,11.15,11.15,44518
2019-05-07,11.2,11.2,11.35,11.15,11.15,44518
2019-05-08,11.2,11.2,11.35,11.15,11.15,44518
2019-05-09,11.2,11.2,11.35,11.15,11.15,44518
2019-05-10,11.2,11.2,11.35,11.15,11.15,44518
2019-05-13,11.2,11.2,11.35,11.15,11.15,44518
2019-05-14,11.2,11.2,11.35,11.15,11.15,44518
2019-05-15,11.2,11.2,11.35,11.15,11.15,44518
2019-05-16,11.2,11.2,11.35,11.15,11.15,44518
2019-05-17,11.2,11.2,11.35,11.15,11.15,44518
2019-05-20,11.2,11.2,11.35,11.15,11.15,44518
2019-05-21,11.2,11.2,11.35,11.15,11.15,44518
2019-05-22,11.2,11.2,11.35,11.15,11.15,44518
2019-05-23,11.2,11.2,11.35,11.15,11.15,44518
2019-05-24,11.2,11.2,11.35,11.15,11.15,44518
2019-05-27,11.2,11.2,11.35,11.15,11.15,44518
2019-05-28,11.2,11.2,11.35,11.15,11.15,44518
2019-05-29,11.2,11.2,11.35,11.15,11.15,44518
2019-05-30,11.2,11.2,11.35,11.15,11.15,44518
2019-05-31,11.2,11.2,11.35,11.15,11.15,44518
2019-06-03,11.2,11.2,11.35,11.15,11.15,44518
2019-06-04,11.2,11.2,11.35,11.15,11.15,44518
2019-06-05,11.2,11.2,11.35,11.15,11.15,44518
2019-06-06,11.2,11.2,11.35,11.15,11.15,44518
2019-06-10,11.2,11.2,11.35,11.15,11.15,44518
2019-06-11,11.2,11.2,11.35,11.15,11.15,44518
2019-06-12,11.2,11.2,11.35,11.15,11.15,44518
2019-06-13,11.2,11.2,11.35,11.15,11.15,44518
2019-06-14,11.2,11.2,11.35,11.15,11.15,44518
2019-06-17,11.2,11.2,11.35,11.15,11.15,44518
2019-06-18,11.2,11.2,11.35,11.15,11.15,44518
2019-06-19,11.2,11.2,11.35,11.15,11.15,44518
2019-06-20,11.2,11.2,11.35,11.15,11.15,44518
2019-06-21,11.2,11.2,11.35,11.15,11.15,44518
2019-06-24,11.2,11.2,11.35,11.15,11.15,44518
2019-06-25,11.2,11.2,11.35,11.15,11.15,44518
2019-06-26,11.2,11.2,11.35,11.15,11.15,44518
2019-06-27,11.2,11.2,11.35,11.15,11.15,44518
2019-06-28,11.2,11.2,11.35,11.15,11.15,44518
2019-07-01,11.2,11.2,11.35,11.15,11.15,44518
2019-07-02,11.2,11.2,11.35,11.15,11.15,44518
2019-07-03,11.2,11.2,11.35,11.15,11.15,44518
2019-07-04,11.2,11.2,11.35,11.15,11.15,44518
2019-07-05,11.2,11.2,11.35,11.15,11.15,44518
2019-07-08,11.2,11.2,11.35,11.15,11.15,44518
2019-07-09,11.2,11.2,11.35,11.15,11.15,44518
2019-07-10,11.2,11.2,11.35,11.15,11.15,44518
2019-07-11,11.2,11.2,11.35,11.15,11.15,44518
2019-07-12,11.2,11.2,11.35,11.15,11.15,44518
2019-07-15,11.2,11.2,11.35,11.15,11.15,44518
2019-07-16,11.2,11.2,11.35,11.15,11.15,44518
2019-07-17,11.2,11.2,11.35,11.15,11.15,44518
2019-07-18,11.2,11.2,11.35,11.15,11.15,44518
2019-07-19,11.2,11.2,11.35,11.15,11.15,44518
2019-07-22,11.2,11.2,11.35,11.15,11.15,44518
2019-07-23,11.2,11.2,11.35,11.15,11.15,44518
2019-07-24,11.2,11.2,11.35,11.15,11.15,44518
2019-07-25,11.2,11.2,11.35,11.15,11.15,44518
2019-07-26,11.2,11.2,11.35,11.15,11.15,44518
2019-07-29,11.2,11.2,11.35,11.15,11.15,44518
2019-07-30,11.2,11.2,11.35,11.15,11.15,44518
2019-07-31,11.2,11.2,11.35,11.15,11.15,44518
2019-08-01,11.2,11.2,11.35,11.15,11.15,44518
2019-08-02,11.2,11.2,11.35,11.15,11.15,44518
2019-08-05,11.2,11.2,11.35,11.15,11.15,44518
2019-08-06,11.2,11.2,11.35,11.15,11.15,44518
2019-08-07,11.2,11.2,11.35,11.15,11.15,44518
2019-08-08,11.2,11.2,11.35,11.15,11.15,44518
2019-08-12,11.2,11.2,11.35,11.15,11.15,44518
2019-08-13,11.2,11.2,11.35,11.15,11.15,44518
2019-08-14,11.2,11.2,11.35,11.15,11.15,44518
2019-08-15,11.2,11.2,11.35,11.15,11.15,44518
2019-08-16,11.2,11.2,11.35,11.15,11.15,44518
2019-08-19,11.2,11.2,11.35,11.15,11.15,44518
2019-08-20,11.2,11.2,11.35,11.15,11.15,44518
2019-08-21,11.2,11.2,11.35,11.15,11.15,44518
2019-08-22,11.2,11.2,11.35,11.15,11.15,44518
2019-08-23,11.2,11.2,11.35,11.15,11.15,44518
2019-08-26,11.2,11.2,11.35,11.15,11.15,44518
2019-08-27,11.2,11.2,11.35,11.15,11.15,44518
2019-08-28,11.2,11.2,11.35,11.15,11.15,44518
2019-08-29,11.2,11.2,11.35,11.15,11.15,44518
2019-08-30,11.2,11.2,11.35,11.15,11.15,44518
2019-09-02,11.2,11.2,11.35,11.15,11.15,44518
2019-09-03,11.2,11.2,11.35,11.15,11.15,44518
2019-09-04,11.2,11.2,11.35,11.15,11.15,44518
2019-09-05,11.2,11.2,11.35,11.15,11.15,44518
2019-09-06,11.2,11.2,11.35,11.15,11.15,44518
2019-09-09,11.2,11.2,11.35,11.15,11.15,44518
2019-09-10,11.2,11.2,11.35,11.15,11.15,44518
2019-09-11,11.2,11.2,11.35,11.15,11.15,44518
2019-09-12,11.2,11.2,11.35,11.15,11.15,44518
2019-09-16,11.2,11.2,11.35,11.15,11.15,44518
2019-09-17,11.2,11.2,11.35,11.15,11.15,44518
2019-09-18,11.2,11.2,11.35,11.15,11.15,44518
2019-09-19,11.2,11.2,11.35,11.15,11.15,44518
2019-09-20,11.2,11.2,11.35,11.15,11.15,44518
2019-09-23,11.2,11.2,11.35,11.15,11.15,44518
2019-09-24,11.2,11.2,11.35,11.15,11.15,44518
2019-09-25,11.2,11.2,11.35,11.15,11.15,44518
2019-09-26,11.2,11.2,11.35,11.15,11.15,44518
2019-09-27,11.2,11.2,11.35,11.15,11.15,44518
2019-10-01,11.2,11.2,11.35,11.15,11.15,44518
2019-10-02,11.2,11.2,11.35,11.15,11.15,44518
2019-10-03,11.2,11.2,11.35,11.15,11.15,44518
2019-10-04,11.2,11.2,11.35,11.15,11.15,44518
2019-10-07,11.2,11.2,11.35,11.15,11.15,44518
2019-10-08,11.2,11.2,11.35,11.15,11.15,44518
2019-10-09,11.2,11.2,11.35,11.15,11.15,44518
2019-10-14,11.2,11.2,11.35,11.15,11.15,44518
2019-10-15,11.2,11.2,11.35,11.15,11.15,44518
2019-10-16,11.2,11.2,11.35,11.15,11.15,44518
2019-10-17,11.2,11.2,11.35,11.15,11.15,44518
2019-10-18,11.2,11.2,11.35,11.15,11.15,44518
2019-10-21,11.2,11.2,11.35,11.15,11.15,44518
2019-10-22,11.2,11.2,11.35,11.15,11.15,44518
2019-10-23,11.2,11.2,11.35,11.15,11.15,44518
2019-10-24,11.2,11.2,11.35,11.15,11.15,44518
2019-10-25,11.2,11.2,11.35,11.15,11.15,44518
2019-10-28,11.2,11.2,11.35,11.15,11.15,44518
2019-10-29,11.2,11.2,11.35,11.15,11.15,44518
2019-10-30,11.2,11.2,11.35,11.15,11.15,44518
2019-10-31,11.2,11.2,11.35,11.15,11.15,44518
2019-11-01,11.2,11.2,11.35,11.15,11.15,44518
2019-11-04,11.2,11.2,11.35,11.15,11.15,44518
2019-11-05,11.2,11.2,11.35,11.15,11.15,44518
2019-11-06,11.2,11.2,11.35,11.15,11.15,44518
2019-11-07,11.2,11.2,11.35,11.15,11.15,44518
2019-11-08,11.2,11.2,11.35,11.15,11.15,44518
2019-11-11,11.2,11.2,11.35,11.15,11.15,44518
2019-11-12,11.2,11.2,11.35,11.15,11.15,44518
2019-11-13,11.2,11.2,11.35,11.15,11.15,44518
2019-11-14,11.2,11.2,11.35,11.15,11.15,44518
2019-11-20,11.2,11.2,11.35,11.15,11.15,44518
2019-11-21,11.2,11.2,11.35,11.15,11.15,44518
2019-11-22,11.2,11.2,11.35,11.15,11.15,44518
2019-11-25,11.2,11.2,11.35,11.15,11.15,44518
2019-11-26,11.2,11.2,11.35,11.15,11.15,44518
2019-11-27,11.2,11.2,11.35,11.15,11.15,44518
2019-11-28,11.2,11.2,11.35,11.15,11.15,44518
2019-11-29,11.2,11.2,11.35,11.15,11.15,44518
2019-12-02,11.2,11.2,11.35,11.15,11.15,44518
2019-12-03,11.2,11.2,11.35,11.15,11.15,44518
2019-12-04,11.2,11.2,11.35,11.15,11.15,44518
2019-12-05,11.2,11.2,11.35,11.15,11.15,44518
2019-12-06,11.2,11.2,11.35,11.15,11.15,44518
2019-12-09,11.2,11.2,11.35,11.15,11.15,44518
2019-12-10,11.2,11.2,11.35,11.15,11.15,44518
2019-12-11,11.2,11.2,11.35,11.15,11.15,44518
2019-12-12,11.2,11.2,11.35,11.15,11.15,44518
2019-12-13,11.2,11.2,11.35,11.15,11.15,44518
2019-12-16,11.2,11.2,11.35,11.15,11.15,44518
2019-12-17,11.2,11.2,11.35,11.15,11.15,44518
2019-12-18,11.2,11.2,11.35,11.15,11.15,44518
2019-12-19,11.2,11.2,11.35,11.15,11.15,44518
2019-12-20,11.2,11.2,11.35,11.15,11.15,44518
2019-12-23,11.2,11.2,11.35,11.15,11.15,44518
2019-12-24,11.2,11.2,11.35,11.15,11.15,44518
2019-12-25,11.2,11.2,11.35,11.15,11.15,44518
2019-12-26,11.2,11.2,11.35,11.15,11.15,44518
2019-12-27,11.2,11.2,11.35,11.15,11.15,44518
2019-12-30,11.2,11.2,11.35,11.15,11.15,44518
2019-12-31,11.2,11.2,11.35,11.15,11.15,44518
2020-01-02,11.2,11.2,11.35,11.15,11.15,44518
2020-01-03,11.2,11.2,11.35,11.15,11.15,44518
2020-01-06,11.2,11.2,11.35,11.15,11.15,44518
2020-01-07,11.2,11.2,11.35,11.15,11.15,44518
2020-01-08,11.2,11.2,11.35,11.15,11.15,44518
2020-01-09,11.2,11.2,11.35,11.15,11.15,44518
2020-01-10,11.2,11.2,11.35,11.15,11.15,44518
2020-01-13,11.2,11.2,11.35,11.15,11.15,44518
2020-01-14,11.2,11.2,11.35,11.15,11.15,44518
2020-01-15,11.2,11.2,11.35,11.15,11.15,44518
2020-01-16,11.2,11.2,11.35,11.15,11.15,44518
2020-01-17,11.2,11.2,11.35,11.15,11.15,44518
2020-01-20,11.2,11.2,11.35,11.15,11.15,44518
2020-01-30,11.2,11.2,11.35,11.15,11.15,44518
2020-01-31,11.2,11.2,11.35,11.15,11.15,44518
2020-02-03,11.2,11.2,11.35,11.15,11.15,44518
2020-02-04,11.2,11.2,11.35,11.15,11.15,44518
2020-02-05,11.2,11.2,11.35,11.15,11.15,44518
2020-02-06,11.2,11.2,11.35,11.15,11.15,44518
2020-02-07,11.2,11.2,11.35,11.15,11.15,44518
2020-02-10,11.2,11.2,11.35,11.15,11.15,44518
2020-02-11,11.2,11.2,11.35,11.15,11.15,44518
2020-02-12,11.2,11.2,11.35,11.15,11.15,44518
2020-02-13,11.2,11.2,11.35,11.15,11.15,44518
2020-02-14,11.2,11.2,11.35,11.15,11.15,44518
2020-02-17,11.2,11.2,11.35,11.15,11.15,44518
2020-02-18,11.2,11.2,11.35,11.15,11.15,44518
2020-02-19,11.2,11.2,11.35,11.15,11.15,44518
2020-02-20,11.2,11.2,11.35,11.15,11.15,44518
2020-02-21,11.2,11.2,11.35,11.15,11.15,44518
2020-02-24,11.2,11.2,11.35,11.15,11.15,44518
2020-02-25,11.2,11.2,11.35,11.15,11.15,44518
2020-02-26,11.2,11.2,11.35,11.15,11.15,44518
2020-02-27,11.2,11.2,11.35,11.15,11.15,44518
2020-03-02,11.2,11.2,11.35,11.15,11.15,44518
2020-03-03,11.2,11.2,11.35,11.15,11.15,44518
2020-03-04,11.2,11.2,11.35,11.15,11.15,44518
2020-03-05,11.2,11.2,11.35,11.15,11.15,44518
2020-03-06,11.2,11.2,11.35,11.15,11.15,44518
2020-03-09,11.2,11.2,11.35,11.15,11.15,44518
2020-03-10,11.2,11.2,11.35,11.15,11.15,44518
2020-03-11,11.2,11.2,11.35,11.15,11.15,44518
2020-03-12,11.2,11.2,11.35,11.15,11.15,44518
2020-03-13,11.2,11.2,11.35,11.15,11.15,44518
2020-03-16,11.2,11.2,11.35,11.15,11.15,44518
2020-03-17,11.2,11.2,11.35,11.15,11.15,44518
2020-03-18,11.2,11.2,11.35,11.15,11.15,44518
2020-03-19,11.2,11.2,11.35,11.15,11.15,44518
2020-03-20,11.2,11.2,11.35,11.15,11.15,44518
2020-03-23,11.2,11.2,11.35,11.15,11.15,44518
2020-03-24,11.2,11.2,11.35,11.15,11.15,44518
2020-03-25,11.2,11.2,11.35,11.15,11.15,44518
2020-03-26,11.2,11.2,11.35,11.15,11.15,44518
2020-03-27,11.2,11.2,11.35,11.15,11.15,44518
2020-03-30,11.2,11.2,11.35,11.15,11.15,44518
2020-03-31,11.2,11.2,11.35,11.15,11.15,44518
2020-04-01,11.2,11.2,11.35,11.15,11.15,44518
2020-04-07,11.2,11.2,11.35,11.15,11.15,44518
2020-04-08,11.2,11.2,11.35,11.15,11.15,44518
2020-04-09,11.2,11.2,11.35,11.15,11.15,44518
2020-04-10,11.2,11.2,11.35,11.15,11.15,44518
2020-04-13,11.2,11.2,11.35,11.15,11.15,44518
2020-04-14,11.2,11.2,11.35,11.15,11.15,44518
2020-04-15,11.2,11.2,11.35,11.15,11.15,44518
2020-04-16,11.2,11.2,11.35,11.15,11.15,44518
2020-04-17,11.2,11.2,11.35,11.15,11.15,44518
2020-04-20,11.2,11.2,11.35,11.15,11.15,44518
2020-04-21,11.2,11.2,11.35,11.15,11.15,44518
2020-04-22,11.2,11.2,11.35,11.15,11.15,44518
2020-04-23,11.2,11.2,11.35,11.15,11.15,44518
2020-04-24,11.2,11.2,11.35,11.15,11.15,44518
2020-04-27,11.2,11.2,11.35,11.15,11.15,44518
2020-04-28,11.2,11.2,11.35,11.15,11.15,44518
2020-04-29,11.2,11.2,11.35,11.15,11.15,44518
2020-05-04,11.2,11.2,11.35,11.15,11.15,44518
2020-05-05,11.2,11.2,11.35,11.15,11.15,44518
2020-05-06,11.2,11.2,11.35,11.15,11.15,44518
2020-05-07,11.2,11.2,11.35,11.15,11.15,44518
2020-05-08,11.2,11.2,11.35,11.15,11.15,44518
2020-05-11,11.2,11.2,11.35,11.15,11.15,44518
2020-05-12,11.2,11.2,11.35,11.15,11.15,44518
2020-05-13,11.2,11.2,11.35,11.15,11.15,44518
2020-05-14,11.2,11.2,11.35,11.15,11.15,44518
2020-05-15,11.2,11.2,11.35,11.15,11.15,44518
2020-05-18,11.2,11.2,11.35,11.15,11.15,44518
2020-05-19,11.2,11.2,11.35,11.15,11.15,44518
2020-05-20,11.2,11.2,11.35,11.15,11.15,44518
2020-05-21,11.2,11.2,11.35,11.15,11.15,44518
2020-05-22,11.2,11.2,11.35,11.15,11.15,44518
2020-05-25,11.2,11.2,11.35,11.15,11.15,44518
2020-05-26,11.2,11.2,11.35,11.15,11.15,44518
2020-05-27,11.2,11.2,11.35,11.15,11.15,44518
2020-05-28,11.2,11.2,11.35,11.15,11.15,44518
2020-05-29,11.2,11.2,11.35,11.15,11.15,44518
2020-06-01,11.2,11.2,11.35,11.15,11.15,44518
2020-06-02,11.2,11.2,11.35,11.15,11.15,44518
2020-06-03,11.2,11.2,11.35,11.15,11.15,44518
2020-06-04,11.2,11.2,11.35,11.15,11.15,44518
2020-06-05,11.2,11.2,11.35,11.15,11.15,44518
2020-06-08,11.2,11.2,11.35,11.15,11.15,44518
2020-06-09,11.2,11.2,11.35,11.15,11.15,44518
2020-06-10,11.2,11.2,11.35,11.15,11.15,44518
2020-06-11,11.2,11.2,11.35,11.15,11.15,44518
2020-06-12,11.2,11.2,11.35,11.15,11.15,44518
2020-06-15,11.2,11.2,11.35,11.15,11.15,44518
2020-06-16,11.2,11.2,11.35,11.15,11.15,44518
2020-06-17,11.2,11.2,11.35,11.15,11.15,44518
2020-06-18,11.2,11.2,11.35,11.15,11.15,44518
2020-06-19,11.2,11.2,11.35,11.15,11.15,44518
2020-06-22,11.2,11.2,11.35,11.15,11.15,44518
2020-06-23,11.2,11.2,11.35,11.15,11.15,44518
2020-06-24,11.2,11.2,11.35,11.15,11.15,44518
2020-06-29,11.2,11.2,11.35,11.15,11.15,44518
2020-06-30,11.2,11.2,11.35,11.15,11.15,44518
2020-07-01,11.2,11.2,11.35,11.15,11.15,44518
2020-07-02,11.2,11.2,11.35,11.15,11.15,44518
2020-07-03,11.2,11.2,11.35,11.15,11.15,44518
2020-07-06,11.2,11.2,11.35,11.15,11.15,44518
2020-07-07,11.2,11.2,11.35,11.15,11.15,44518
2020-07-08,11.2,11.2,11.35,11.15,11.15,44518
2020-07-09,11.2,11.2,11.35,11.15,11.15,44518
2020-07-10,11.2,11.2,11.35,11.15,11.15,44518
2020-07-13,11.2,11.2,11.35,11.15,11.15,44518
2020-07-14,11.2,11.2,11.35,11.15,11.15,44518
2020-07-15,11.2,11.2,11.35,11.15,11.15,44518
2020-07-16,11.2,11.2,11.35,11.15,11.15,44518
2020-07-17,11.2,11.2,11.35,11.15,11.15,44518
2020-07-20,11.2,11.2,11.35,11.15,11.15,44518
2020-07-21,11.2,11.2,11.35,11.15,11.15,44518
2020-07-22,11.2,11.2,11.35,11.15,11.15,44518
2020-07-23,11.2,11.2,11.35,11.15,11.15,44518
2020-07-24,11.2,11.2,11.35,11.15,11.15,44518
2020-07-27,11.2,11.2,11.35,11.15,11.15,44518
2020-07-28,11.2,11.2,11.35,11.15,11.15,44518
2020-07-29,11.2,11.2,11.35,11.15,11.15,44518
2020-07-30,11.2,11.2,11.35,11.15,11.15,44518
2020-07-31,11.2,11.2,11.35,11.15,11.15,44518
2020-08-03,11.2,11.2,11.35,11.15,11.15,44518
2020-08-04,11.2,11.2,11.35,11.15,11.15,44518
2020-08-05,11.2,11.2,11.35,11.15,11.15,44518
2020-08-06,11.2,11.2,11.35,11.15,11.15,44518
2020-08-07,11.2,11.2,11.35,11.15,11.15,44518
2020-08-10,11.2,11.2,11.35,11.15,11.15,44518
2020-08-11,11.2,11.2,11.35,11.15,11.15,44518
2020-08-12,11.2,11.2,11.35,11.15,11.15,44518
2020-08-13,11.2,11.2,11.35,11.15,11.15,44518
2020-08-14,11.2,11.2,11.35,11.15,11.15,44518
2020-08-17,11.2,11.2,11.35,11.15,11.15,44518
2020-08-18,11.2,11.2,11.35,11.15,11.15,44518
2020-08-19,11.2,11.2,11.35,11.15,11.15,44518
2020-08-20,11.2,11.2,11.35,11.15,11.15,44518
2020-08-21,11.2,11.2,11.35,11.15,11.15,44518
2020-08-24,11.2,11.2,11.35,11.15,11.15,44518
2020-08-25,11.2,11.2,11.35,11.15,11.15,44518
2020-08-26,11.2,11.2,11.35,11.15,11.15,44518
2020-08-27,11.2,11.2,11.35,11.15,11.15,44518
2020-08-28,11.2,11.2,11.35,11.15,11.15,44518
2020-08-31,11.2,11.2,11.35,11.15,11.15,44518
2020-09-01,11.2,11.2,11.35,11.15,11.15,44518
2020-09-02,11.2,11.2,11.35,11.15,11.15,44518
2020-09-03,11.2,11.2,11.35,11.15,11.15,44518
2020-09-04,11.2,11.2,11.35,11.15,11.15,44518
2020-09-07,11.2,11.2,11.35,11.15,11.15,44518
2020-09-08,11.2,11.2,11.35,11.15,11.15,44518
2020-09-09,11.2,11.2,11.35,11.15,11.15,44518
2020-09-10,11.2,11.2,11.35,11.15,11.15,44518
2020-09-11,11.2,11.2,11.35,11.15,11.15,44518
2020-09-14,11.2,11.2,11.35,11.15,11.15,44518
2020-09-15,11.2,11.2,11.35,11.15,11.15,44518
2020-09-16,11.2,11.2,11.35,11.15,11.15,44518
2020-09-17,11.2,11.2,11.35,11.15,11.15,44518
2020-09-18,11.2,11.2,11.35,11.15,11.15,44518
2020-09-21,11.2,11.2,11.35,11.15,11.15,44518
2020-09-22,11.2,11.2,11.35,11.15,11.15,44518
2020-09-23,11.2,11.2,11.35,11.15,11.15,44518
2020-09-24,11.2,11.2,11.35,11.15,11.15,44518
2020-09-25,11.2,11.2,11.35,11.15,11.15,44518
2020-09-28,11.2,11.2,11.35,11.15,11.15,44518
2020-09-29,11.2,11.2,11.35,11.15,11.15,44518
2020-09-30,11.2,11.2,11.35,11.15,11.15,44518
2020-10-05,11.2,11.2,11.35,11.15,11.15,44518
2020-10-06,11.2,11.2,11.35,11.15,11.15,44518
2020-10-07,11.2,11.2,11.35,11.15,11.15,44518
2020-10-08,11.2,11.2,11.35,11.15,11.15,44518
2020-10-12,11.2,11.2,11.35,11.15,11.15,44518
2020-10-13,11.2,11.2,11.35,11.15,11.15,44518
2020-10-14,11.2,11.2,11.35,11.15,11.15,44518
2020-10-15,11.2,11.2,11.35,11.15,11.15,44518
2020-10-16,11.2,11.2,11.35,11.15,11.15,44518
2020-10-19,11.2,11.2,11.35,11.15,11.15,44518
2020-10-20,11.2,11.2,11.35,11.15,11.15,44518
2020-10-21,11.2,11.2,11.35,11.15,11.15,44518
2020-10-22,11.2,11.2,11.35,11.15,11.15,44518
2020-10-23,11.2,11.2,11.35,11.15,11.15,44518
2020-10-26,11.2,11.2,11.35,11.15,11.15,44518
2020-10-27,11.2,11.2,11.35,11.15,11.15,44518
2020-10-28,11.2,11.2,11.35,11.15,11.15,44518
2020-10-29,11.2,11.2,11.35,11.15,11.15,44518
2020-10-30,11.2,11.2,11.35,11.15,11.15,44518
2020-11-02,11.2,11.2,11.35,11.15,11.15,44518
2020-11-03,11.2,11.2,11.35,11.15,11.15,44518
2020-11-04,11.2,11.2,11.35,11.15,11.15,44518
2020-11-05,11.2,11.2,11.35,11.15,11.15,44518
2020-11-06,11.2,11.2,11.35,11.15,11.15,44518
2020-11-09,11.2,11.2,11.35,11.15,11.15,44518
2020-11-10,11.2,11.2,11.35,11.15,11.15,44518
2020-11-11,11.2,11.2,11.35,11.15,11.15,44518
2020-11-12,11.2,11.2,11.35,11.15,11.15,44518
2020-11-13,11.2,11.2,11.35,11.15,11.15,44518
2020-11-16,11.2,11.2,11.35,11.15,11.15,44518
2020-11-17,11.2,11.2,11.35,11.15,11.15,44518
2020-11-18,11.2,11.2,11.35,11.15,11.15,44518
2020-11-19,11.2,11.2,11.35,11.15,11.15,44518
2020-11-20,11.2,11.2,11.35,11.15,11.15,44518
2020-11-23,11.2,11.2,11.35,11.15,11.15,44518
2020-11-24,11.2,11.2,11.35,11.15,11.15,44518
2020-11-25,11.2,11.2,11.35,11.15,11.15,44518
2020-11-26,11.2,11.2,11.35,11.15,11.15,44518
2020-11-27,11.2,11.2,11.35,11.15,11.15,44518
2020-11-30,11.2,11.2,11.35,11.15,11.15,44518
2020-12-01,11.2,11.2,11.35,11.15,11.15,44518
2020-12-02,11.2,11.2,11.35,11.15,11.15,44518
2020-12-04,11.2,11.2,11.35,11.15,11.15,44518
2020-12-07,11.2,11.2,11.35,11.15,11.15,44518
2020-12-08,11.2,11.2,11.35,11.15,11.15,44518
2020-12-09,11.2,11.2,11.35,11.15,11.15,44518
2020-12-10,11.2,11.2,11.35,11.15,11.15,44518
2020-12-11,11.2,11.2,11.35,11.15,11.15,44518
2020-12-14,11.2,11.2,11.35,11.15,11.15,44518
2020-12-15,11.2,11.2,11.35,11.15,11.15,44518
2020-12-16,11.2,11.2,11.35,11.15,11.15,44518
2020-12-17,11.2,11.2,11.35,11.15,11.15,44518
2020-12-18,11.2,11.2,11.35,11.15,11.15,44518
2020-12-21,11.2,11.2,11.35,11.15,11.15,44518
2020-12-22,11.2,11.2,11.35,11.15,11.15,44518
2020-12-23,11.2,11.2,11.35,11.15,11.15,44518
2020-12-24,11.2,11.2,11.35,11.15,11.15,44518
2020-12-25,11.2,11.2,11.35,11.15,11.15,44518
2020-12-28,11.2,11.2,11.35,11.15,11.15,44518
2020-12-29,11.2,11.2,11.35,11.15,11.15,44518
2020-12-30,11.2,11.2,11.35,11.15,11.15,44518
2020-12-31,11.2,11.2,11.35,11.15,11.15,44518
2021-01-04,11.2,11.2,11.35,11.15,11.15,44518
2021-01-05,11.2,11.2,11.35,11.15,11.15,44518
2021-01-06,11.2,11.2,11.35,11.15,11.15,44518
2021-01-07,11.2,11.2,11.35,11.15,11.15,44518
2021-01-08,11.2,11.2,11.35,11.15,11.15,44518
2021-01-11,11.2,11.2,11.35,11.15,11.15,44518
2021-01-12,11.2,11.2,11.35,11.15,11.15,44518
2021-01-13,11.2,11.2,11.35,11.15,11.15,44518
2021-01-14,11.2,11.2,11.35,11.15,11.15,44518
2021-01-15,11.2,11.2,11.35,11.15,11.15,44518
2021-01-18,11.2,11.2,11.35,11.15,11.15,44518
2021-01-19,11.2,11.2,11.35,11.15,11.15,44518
2021-01-20,11.2,11.2,11.35,11.15,11.15,44518
2021-01-21,11.2,11.2,11.35,11.15,11.15,44518
2021-01-22,11.2,11.2,11.35,11.15,11.15,44518
2021-01-25,11.2,11.2,11.35,11.15,11.15,44518
2021-01-26,11.2,11.2,11.35,11.15,11.15,44518
2021-01-27,11.2,11.2,11.35,11.15,11.15,44518
2021-01-28,11.2,11.2,11.35,11.15,11.15,44518
2021-01-29,11.2,11.2,11.35,11.15,11.15,44518
2021-02-01,11.2,11.2,11.35,11.15,11.15,44518
2021-02-02,11.2,11.2,11.35,11.15,11.15,44518
2021-02-03,11.2,11.2,11.35,11.15,11.15,44518
2021-02-04,11.2,11.2,11.35,11.15,11.15,44518
2021-02-05,11.2,11.2,11.35,11.15,11.15,44518
2021-02-17,11.2,11.2,11.35,11.15,11.15,44518
2021-02-18,11.2,11.2,11.35,11.15,11.15,44518
2021-02-19,11.2,11.2,11.35,11.15,11.15,44518
2021-02-22,11.2,11.2,11.35,11.15,11.15,44518
2021-02-23,11.2,11.2,11.35,11.15,11.15,44518
2021-02-24,11.2,11.2,11.35,11.15,11.15,44518
2021-02-25,11.2,11.2,11.35,11.15,11.15,44518
2021-02-26,11.2,11.2,11.35,11.15,11.15,44518
2021-03-02,11.2,11.2,11.35,11.15,11.15,44518
2021-03-03,11.2,11.2,11.35,11.15,11.15,44518
2021-03-04,11.2,11.2,11.35,11.15,11.15,44518
2021-03-05,11.2,11.2,11.35,11.15,11.15,44518
2021-03-08,11.2,11.2,11.35,11.15,11.15,44518
2021-03-09,11.2,11.2,11.35,11.15,11.15,44518
2021-03-10,11.2,11.2,11.35,11.15,11.15,44518
2021-03-11,11.2,11.2,11.35,11.15,11.15,44518
2021-03-12,11.2,11.2,11.35,11.15,11.15,44518
2021-03-15,11.2,11.2,11.35,11.15,11.15,44518
2021-03-16,11.2,11.2,11.35,11.15,11.15,44518
2021-03-17,11.2,11.2,11.35,11.15,11.15,44518
2021-03-18,11.2,11.2,11.35,11.15,11.15,44518
2021-03-19,11.2,11.2,11.35,11.15,11.15,44518
2021-03-22,11.2,11.2,11.35,11.15,11.15,44518
2021-03-23,11.2,11.2,11.35,11.15,11.15,44518
2021-03-24,11.2,11.2,11.35,11.15,11.15,44518
2021-03-25,11.2,11.2,11.35,11.15,11.15,44518
2021-03-26,11.2,11.2,11.35,11.15,11.15,44518
2021-03-29,11.2,11.2,11.35,11.15,11.15,44518
2021-03-30,11.2,11.2,11.35,11.15,11.15,44518
2021-03-31,11.2,11.2,11.35,11.15,11.15,44518
2021-04-01,11.2,11.2,11.35,11.15,11.15,44518
2021-04-06,11.2,11.2,11.35,11.15,11.15,44518
2021-04-07,11.2,11.2,11.35,11.15,11.15,44518
2021-04-08,11.2,11.2,11.35,11.15,11.15,44518
2021-04-09,11.2,11.2,11.35,11.15,11.15,44518
2021-04-12,11.2,11.2,11.35,11.15,11.15,44518
2021-04-13,11.2,11.2,11.35,11.15,11.15,44518
2021-04-14,11.2,11.2,11.35,11.15,11.15,44518
2021-04-15,11.2,11.2,11.35,11.15,11.15,44518
2021-04-16,11.2,11.2,11.35,11.15,11.15,44518
2021-04-19,11.2,11.2,11.35,11.15,11.15,44518
2021-04-20,11.2,11.2,11.35,11.15,11.15,44518
2021-04-21,11.2,11.2,11.35,11.15,11.15,44518
2021-04-22,11.2,11.2,11.35,11.15,11.15,44518
2021-04-23,11.2,11.2,11.35,11.15,11.15,44518
2021-04-26,11.2,11.2,11.35,11.15,11.15,44518
2021-04-27,11.2,11.2,11.35,11.15,11.15,44518
2021-04-28,11.2,11.2,11.35,11.15,11.15,44518
2021-04-29,11.2,11.2,11.35,11.15,11.15,44518
2021-05-03,11.2,11.2,11.35,11.15,11.15,44518
2021-05-04,11.2,11.2,11.35,11.15,11.15,44518
2021-05-05,11.2,11.2,11.35,11.15,11.15,44518
2021-05-06,11.2,11.2,11.35,11.15,11.15,44518
2021-05-07,11.2,11.2,11.35,11.15,11.15,44518
2021-05-10,11.2,11.2,11.35,11.15,11.15,44518
2021-05-11,11.2,11.2,11.35,11.15,11.15,44518
2021-05-12,11.2,11.2,11.35,11.15,11.15,44518
2021-05-13,11.2,11.2,11.35,11.15,11.15,44518
2021-05-14,11.2,11.2,11.35,11.15,11.15,44518
2021-05-17,11.2,11.2,11.35,11.15,11.15,44518
2021-05-18,11.2,11.2,11.35,11.15,11.15,44518
2021-05-19,11.2,11.2,11.35,11.15,11.15,44518
2021-05-20,11.2,11.2,11.35,11.15,11.15,44518
2021-05-21,11.2,11.2,11.35,11.15,11.15,44518
2021-05-24,11.2,11.2,11.35,11.15,11.15,44518
2021-05-25,11.2,11.2,11.35,11.15,11.15,44518
2021-05-26,11.2,11.2,11.35,11.15,11.15,44518
2021-05-27,11.2,11.2,11.35,11.15,11.15,44518
2021-05-28,11.2,11.2,11.35,11.15,11.15,44518
2021-05-31,11.2,11.2,11.35,11.15,11.15,44518
2021-06-01,11.2,11.2,11.35,11.15,11.15,44518
2021-06-02,11.2,11.2,11.35,11.15,11.15,44518
2021-06-03,11.2,11.2,11.35,11.15,11.15,44518
2021-06-04,11.2,11.2,11.35,11.15,11.15,44518
2021-06-07,11.2,11.2,11.35,11.15,11.15,44518
2021-06-08,11.2,11.2,11.35,11.15,11.15,44518
2021-06-09,11.2,11.2,11.35,11.15,11.15,44518
2021-06-10,11.2,11.2,11.35,11.15,11.15,44518
2021-06-11,11.2,11.2,11.35,11.15,11.15,44518
2021-06-15,11.2,11.2,11.35,11.15,11.15,44518
2021-06-16,11.2,11.2,11.35,11.15,11.15,44518
2021-06-17,11.2,11.2,11.35,11.15,11.15,44518
2021-06-18,11.2,11.2,11.35,11.15,11.15,44518
2021-06-21,11.2,11.2,11.35,11.15,11.15,44518
2021-06-22,11.2,11.2,11.35,11.15,11.15,44518
2021-06-23,11.2,11.2,11.35,11.15,11.15,44518
2021-06-24,11.2,11.2,11.35,11.15,11.15,44518
2021-06-25,11.2,11.2,11.35,11.15,11.15,44518
2021-06-28,11.2,11.2,11.35,11.15,11.15,44518
2021-06-29,11.2,11.2,11.35,11.15,11.15,44518
2021-06-30,11.2,11.2,11.35,11.15,11.15,44518
2021-07-01,11.2,11.2,11.35,11.15,11.15,44518
2021-07-02,11.2,11.2,11.35,11.15,11.15,44518
2021-07-05,11.2,11.2,11.35,11.15,11.15,44518
2021-07-06,11.2,11.2,11.35,11.15,11.15,44518
2021-07-07,11.2,11.2,11.35,11.15,11.15,44518
2021-07-08,11.2,11.2,11.35,11.15,11.15,44518
2021-07-09,11.2,11.2,11.35,11.15,11.15,44518
2021-07-12,11.2,11.2,11.35,11.15,11.15,44518
2021-07-13,11.2,11.2,11.35,11.15,11.15,44518
2021-07-14,11.2,11.2,11.35,11.15,11.15,44518
2021-07-15,11.2,11.2,11.35,11.15,11.15,44518
2021-07-16,11.2,11.2,11.35,11.15,11.15,44518
2021-07-19,11.2,11.2,11.35,11.15,11.15,44518
2021-07-20,11.2,11.2,11.35,11.15,11.15,44518
2021-07-21,11.2,11.2,11.35,11.15,11.15,44518
2021-07-22,11.2,11.2,11.35,11.15,11.15,44518
2021-07-23,11.2,11.2,11.35,11.15,11.15,44518
2021-07-26,11.2,11.2,11.35,11.15,11.15,44518
2021-07-27,11.2,11.2,11.35,11.15,11.15,44518
2021-07-28,11.2,11.2,11.35,11.15,11.15,44518
2021-07-29,11.2,11.2,11.35,11.15,11.15,44518
2021-07-30,11.2,11.2,11.35,11.15,11.15,44518
2021-08-02,11.2,11.2,11.35,11.15,11.15,44518
2021-08-03,11.2,11.2,11.35,11.15,11.15,44518
2021-08-04,11.2,11.2,11.35,11.15,11.15,44518
2021-08-05,11.2,11.2,11.35,11.15,11.15,44518
2021-08-06,11.2,11.2,11.35,11.15,11.15,44518
2021-08-09,23.8,23.8,23.95,23.65,23.9,371000
2021-08-10,23.6,23.6,23.8,23.5,23.7,408000
2021-08-11,23.45,23.45,23.75,23.2,23.5,445000
2021-08-12,23.2,23.2,23.45,23.0,23.45,497000
2021-08-13,22.85,22.85,23.35,22.8,23.25,706000
2021-08-16,23.0,23.0,23.5,22.4,22.8,1103000
2021-08-17,18.65,18.65,20.1,18.65,20.0,1305000
2021-08-18,17.7,17.7,18.25,16.8,18.1,2165000
2021-08-19,17.3,17.3,17.55,16.95,17.55,772000
2021-08-20,17.55,17.55,17.65,17.05,17.1,443000
2021-08-23,17.4,17.4,17.7,17.2,17.45,411000
2021-08-24,17.6,17.6,17.75,17.25,17.4,831000
2021-08-25,18.4,18.4,18.5,17.75,17.75,303000
2021-08-26,18.0,18.0,18.45,17.9,18.4,261000
2021-08-27,17.95,17.95,18.2,17.8,18.2,167000
2021-08-30,17.9,17.9,18.25,17.85,18.25,115000
2021-08-31,17.7,17.7,17.9,17.55,17.9,193000
2021-09-01,18.55,18.55,18.95,17.7,17.7,430000
2021-09-02,17.95,17.95,18.7,17.95,18.45,251000
2021-09-03,17.8,17.8,18.2,17.8,18.0,475000
2021-09-06,17.7,17.7,18.0,17.55,17.8,183000
2021-09-07,18.15,18.15,18.6,17.4,17.6,6618000
2021-09-08,17.95,17.95,18.15,17.75,18.0,356000
2021-09-09,18.1,18.1,18.15,17.7,17.95,144000
2021-09-10,18.3,18.3,18.3,17.9,18.25,222000
2021-09-13,18.25,18.25,18.35,18.05,18.35,228000
2021-09-14,17.95,17.95,18.45,17.8,18.45,276000
2021-09-15,17.35,17.35,17.85,17.2,17.85,377000
2021-09-16,16.95,16.95,17.3,16.9,17.3,513000
2021-09-17,17.2,17.2,17.2,17.0,17.2,77000
2021-09-22,16.7,16.7,17.0,16.55,17.0,155000
2021-09-23,16.75,16.75,17.2,16.75,17.2,127000
2021-09-24,17.0,17.0,17.1,16.75,17.0,160000
2021-09-27,17.3,17.3,17.4,17.0,17.1,136000
2021-09-28,17.25,17.25,17.35,17.0,17.2,88000
2021-09-29,17.15,17.15,17.3,17.05,17.25,51000
2021-09-30,17.0,17.0,17.4,16.8,17.0,967000
2021-10-01,16.8,16.8,17.1,16.8,17.0,339000
2021-10-04,16.1,16.1,16.95,16.1,16.85,185000
2021-10-05,16.55,16.55,17.65,15.15,16.0,16707000
2021-10-06,16.5,16.5,16.95,16.4,16.5,506000
2021-10-07,16.7,16.7,16.9,16.5,16.5,132000
2021-10-08,16.6,16.6,17.1,16.55,16.6,265000
2021-10-12,16.35,16.35,16.75,16.2,16.5,448000
2021-10-13,16.0,16.0,16.45,15.75,16.45,377000
2021-10-14,15.9,15.9,16.0,15.5,15.9,265000
2021-10-15,15.9,15.9,16.1,15.55,15.9,227000
2021-10-18,15.7,15.7,15.9,15.5,15.9,192000
2021-10-19,15.65,15.65,15.75,15.65,15.65,94000
2021-10-20,15.5,15.5,15.95,15.4,15.65,295000
2021-10-21,15.6,15.6,15.8,15.5,15.65,114000
2021-10-22,15.5,15.5,15.5,15.3,15.5,104000
2021-10-25,15.55,15.55,15.65,15.3,15.5,184000
2021-10-26,15.45,15.45,15.7,15.35,15.55,125000
2021-10-27,15.5,15.5,15.5,15.3,15.5,163000
2021-10-28,15.85,15.85,15.85,15.5,15.5,154000
2021-10-29,15.9,15.9,15.95,15.55,15.9,97000
2021-11-01,16.15,16.15,16.2,15.9,15.9,206000
2021-11-02,16.25,16.25,16.5,16.15,16.3,156000
2021-11-03,16.35,16.35,16.45,16.1,16.3,110000
2021-11-04,16.45,16.45,16.5,16.35,16.35,161000
2021-11-05,16.6,16.6,16.6,16.35,16.5,94000
2021-11-08,16.65,16.65,16.7,16.35,16.6,108000
2021-11-09,16.55,16.55,16.65,16.45,16.65,138000
2021-11-10,16.3,16.3,16.55,16.15,16.5,157000
2021-11-11,16.2,16.2,16.35,15.9,16.2,293000
2021-11-12,16.0,16.0,16.15,15.85,16.15,98000
2021-11-15,15.95,15.95,16.15,15.95,16.0,141000
2021-11-16,16.3,16.3,16.5,16.0,16.15,414000
2021-11-17,16.4,16.4,16.6,16.3,16.5,245000
2021-11-18,16.15,16.15,16.45,16.0,16.4,208000
2021-11-19,16.1,16.1,16.15,16.0,16.15,169000
2021-11-22,16.1,16.1,16.2,15.95,15.95,130000
2021-11-23,15.9,15.9,16.0,15.9,15.95,130000
2021-11-24,15.95,15.95,16.0,15.8,15.9,115000
2021-11-25,15.9,15.9,16.0,15.9,15.9,81000
2021-11-26,15.55,15.55,15.95,15.55,15.9,216000
2021-11-29,15.5,15.5,15.5,15.15,15.2,89000
2021-11-30,15.7,15.7,15.8,15.6,15.6,65000
2021-12-01,15.8,15.8,15.9,15.55,15.65,94000
2021-12-02,15.65,15.65,15.8,15.55,15.6,87000
2021-12-03,15.95,15.95,16.0,15.6,15.6,69000
2021-12-06,16.0,16.0,16.2,15.95,16.0,93000
2021-12-07,16.1,16.1,16.15,16.0,16.1,120000
2021-12-08,16.05,16.05,16.15,16.0,16.0,88000
2021-12-09,16.0,16.0,16.05,15.95,16.05,137000
2021-12-10,16.05,16.05,16.1,15.9,15.95,72000
2021-12-13,17.65,17.65,17.65,16.1,16.1,2168000
2021-12-14,19.4,19.4,19.4,18.05,18.05,8928000
2021-12-15,18.2,18.2,18.9,18.05,18.5,2877000
2021-12-16,18.2,18.2,18.95,18.2,18.6,1028000
2021-12-17,17.75,17.75,18.45,17.6,18.45,702000
2021-12-20,17.4,17.4,17.9,17.2,17.75,458000
2021-12-21,19.1,19.1,19.1,17.3,17.3,2857000
2021-12-22,18.35,18.35,19.5,18.35,19.5,2262000
2021-12-23,18.35,18.35,18.6,18.15,18.5,492000
2021-12-24,18.45,18.45,18.9,18.3,18.45,420000
2021-12-27,18.45,18.45,18.8,18.25,18.45,361000
2021-12-28,18.25,18.25,18.7,18.25,18.7,330000
2021-12-29,18.25,18.25,18.8,18.0,18.3,1011000
2021-12-30,18.6,18.6,19.2,18.35,18.5,985000
2022-01-03,18.95,18.95,19.25,18.5,18.65,947000
2022-01-04,19.0,19.0,19.6,18.75,19.35,1415000
2022-01-05,18.8,18.8,19.15,18.75,19.15,545000
2022-01-06,18.6,18.6,18.9,18.4,18.5,355000
2022-01-07,18.15,18.15,18.85,18.15,18.45,553000
2022-01-10,18.5,18.5,18.8,18.05,18.15,220000
2022-01-11,18.0,18.0,18.4,18.0,18.3,460000
2022-01-12,17.5,17.5,18.25,17.3,18.25,410000
2022-01-13,17.5,17.5,17.8,17.45,17.8,99000
2022-01-14,17.0,17.0,17.5,16.8,17.5,268000
2022-01-17,17.5,17.5,17.55,17.0,17.0,150000
2022-01-18,17.55,17.55,17.7,17.4,17.7,78000
2022-01-19,17.6,17.6,17.65,17.35,17.55,88000
2022-01-20,17.5,17.5,17.8,17.5,17.8,60000
2022-01-21,17.1,17.1,17.5,17.1,17.5,131000
2022-01-24,16.5,16.5,16.9,16.25,16.9,248000
2022-01-25,16.35,16.35,16.85,16.2,16.85,157000
2022-01-26,16.6,16.6,16.85,16.05,16.05,110000
2022-02-07,17.1,17.1,17.1,16.45,16.6,134000
2022-02-08,17.15,17.15,17.2,16.9,17.1,63000
2022-02-09,17.25,17.25,17.45,17.15,17.25,73000
2022-02-10,17.15,17.15,17.45,17.0,17.2,94000
2022-02-11,17.3,17.3,17.3,17.0,17.0,84000
2022-02-14,17.0,17.0,17.0,16.7,16.8,182000
2022-02-15,17.0,17.0,17.25,16.9,16.95,82000
2022-02-16,17.3,17.3,17.45,17.0,17.2,92000
2022-02-17,17.25,17.25,17.35,17.1,17.35,112000
2022-02-18,18.15,18.15,18.2,17.05,17.2,491000
2022-02-21,18.2,18.2,18.5,18.0,18.35,471000
2022-02-22,18.1,18.1,18.2,17.6,18.2,242000
2022-02-23,17.95,17.95,18.1,17.85,18.1,196000
2022-02-24,17.5,17.5,17.95,17.25,17.95,175000
2022-02-25,17.9,17.9,17.9,17.25,17.5,268000
2022-03-01,17.85,17.85,18.0,17.8,17.9,135000
2022-03-02,17.5,17.5,17.8,17.5,17.8,109000
2022-03-03,17.45,17.45,17.85,17.3,17.5,92000
2022-03-04,17.25,17.25,17.5,17.2,17.5,122000
2022-03-07,16.8,16.8,17.85,16.45,17.25,212000
2022-03-08,16.35,16.35,16.8,16.0,16.6,337000
2022-03-09,16.45,16.45,16.65,16.0,16.0,157000
2022-03-10,16.65,16.65,16.75,16.45,16.65,144000
2022-03-11,17.15,17.15,17.7,16.7,16.75,535000
2022-03-14,17.0,17.0,17.2,16.7,17.2,224000
2022-03-15,16.45,16.45,16.9,16.4,16.9,141000
2022-03-16,16.55,16.55,16.65,16.4,16.55,130000
2022-03-17,16.75,16.75,16.8,16.6,16.6,111000
2022-03-18,17.0,17.0,17.0,16.6,16.9,84000
2022-03-21,16.75,16.75,16.95,16.7,16.75,98000
2022-03-22,16.85,16.85,16.85,16.7,16.7,48000
2022-03-23,16.9,16.9,16.9,16.7,16.9,72000
2022-03-24,16.85,16.85,16.9,16.7,16.9,60000
2022-03-25,16.6,16.6,16.85,16.55,16.75,85000
2022-03-28,16.5,16.5,16.5,16.3,16.5,112000
2022-03-29,16.35,16.35,16.45,16.3,16.45,99000
2022-03-30,16.45,16.45,16.5,16.35,16.45,96000
2022-03-31,16.35,16.35,16.45,16.3,16.45,109000
2022-04-01,16.15,16.15,16.5,16.05,16.4,113000
2022-04-06,16.4,16.4,16.5,15.95,16.1,372000
2022-04-07,15.95,15.95,16.45,15.95,16.4,357000
2022-04-08,16.0,16.0,16.05,15.95,16.0,57000
2022-04-11,15.55,15.55,15.95,15.4,15.95,201000
2022-04-12,15.25,15.25,15.6,15.25,15.35,122000
2022-04-13,15.45,15.45,15.6,15.2,15.25,248000
2022-04-14,15.3,15.3,15.45,15.25,15.45,68000
2022-04-15,15.3,15.3,15.45,15.1,15.45,145000
2022-04-18,15.05,15.05,15.3,15.05,15.3,78000
2022-04-19,15.15,15.15,15.2,15.1,15.1,58000
2022-04-20,15.25,15.25,15.4,15.1,15.4,54000
2022-04-21,15.25,15.25,15.3,15.15,15.3,49000
2022-04-22,15.15,15.15,15.3,15.1,15.1,64000
2022-04-25,14.6,14.6,15.15,14.0,15.15,224000
2022-04-26,14.5,14.5,14.6,14.3,14.6,180000
2022-04-27,13.9,13.9,14.25,13.6,14.0,302000
2022-04-28,13.9,13.9,14.0,13.7,13.7,147000
2022-04-29,14.1,14.1,14.2,14.0,14.0,65000
2022-05-03,13.9,13.9,14.1,13.55,14.1,53000
2022-05-04,13.85,13.85,14.0,13.85,13.9,164000
2022-05-05,14.0,14.0,14.2,13.85,13.9,134000
2022-05-06,13.95,13.95,13.95,13.7,13.9,71000
2022-05-09,13.6,13.6,13.85,13.35,13.8,74000
2022-05-10,13.9,13.9,13.9,13.25,13.5,110000
2022-05-11,13.45,13.45,14.05,13.3,13.75,128000
2022-05-12,13.0,13.0,13.3,13.0,13.2,198000
2022-05-13,12.95,12.95,13.0,12.75,13.0,182000
2022-05-16,12.75,12.75,13.0,12.55,12.95,79000
2022-05-17,12.95,12.95,13.0,12.75,12.75,72000
2022-05-18,14.2,14.2,14.2,12.95,12.95,446000
2022-05-19,13.9,13.9,13.95,13.4,13.45,376000
2022-05-20,13.95,13.95,14.4,13.9,13.9,107000
2022-05-23,14.1,14.1,14.35,14.05,14.35,68000
2022-05-24,13.85,13.85,14.25,13.75,14.2,144000
2022-05-25,13.95,13.95,14.05,13.8,14.0,36000
2022-05-26,13.95,13.95,14.15,13.85,14.15,26000
2022-05-27,14.1,14.1,14.75,14.05,14.05,233000
2022-05-30,14.3,14.3,14.5,14.3,14.3,56000
2022-05-31,14.35,14.35,14.45,14.3,14.45,49000
2022-06-01,14.35,14.35,14.6,14.25,14.6,58000
2022-06-02,14.25,14.25,14.55,14.25,14.35,39000
2022-06-06,14.15,14.15,14.55,14.1,14.55,26000
2022-06-07,14.15,14.15,14.35,14.15,14.2,22000
2022-06-08,14.25,14.25,14.4,14.15,14.4,70000
2022-06-09,14.25,14.25,14.35,14.2,14.35,25000
2022-06-10,14.2,14.2,14.3,14.1,14.3,35000
2022-06-13,13.75,13.75,14.1,13.75,14.1,52000
2022-06-14,13.4,13.4,13.65,13.4,13.6,92000
2022-06-15,13.4,13.4,13.7,13.35,13.55,109000
2022-06-16,13.5,13.5,14.7,13.45,13.5,1206000
2022-06-17,13.1,13.1,13.6,13.05,13.4,243000
2022-06-20,12.7,12.7,13.25,12.6,13.25,190000
2022-06-21,13.0,13.0,13.1,12.85,12.9,96000
2022-06-22,12.85,12.85,13.1,12.8,13.1,83000
2022-06-23,12.7,12.7,13.05,12.65,13.0,69000
2022-06-24,12.9,12.9,13.1,12.65,12.9,42000
2022-06-27,13.0,13.0,13.1,12.85,12.85,60000
2022-06-28,13.1,13.1,13.2,12.8,13.0,43000
2022-06-29,13.0,13.0,13.25,12.9,13.25,25000
2022-06-30,12.65,12.65,12.85,12.6,12.85,83000
2022-07-01,11.75,11.75,12.55,11.75,12.55,251000
2022-07-04,11.9,11.9,12.1,11.75,12.0,106000
2022-07-05,12.05,12.05,12.05,11.85,12.0,50000
2022-07-06,11.75,11.75,12.0,11.6,12.0,121000
2022-07-07,12.2,12.2,12.25,11.75,11.8,104000
2022-07-08,12.0,12.0,12.4,12.0,12.4,100000
2022-07-11,12.0,12.0,12.2,11.75,12.0,791000
2022-07-12,11.3,11.3,11.95,10.95,11.95,341000
2022-07-13,11.65,11.65,11.85,11.6,11.65,126000
2022-07-14,12.35,12.35,12.35,11.75,11.8,172000
2022-07-15,12.2,12.2,12.5,12.2,12.45,106000
2022-07-18,12.1,12.1,12.3,12.05,12.3,65000
2022-07-19,12.2,12.2,12.2,12.05,12.1,28000
2022-07-20,12.2,12.2,12.5,12.15,12.3,113000
2022-07-21,12.3,12.3,12.3,12.2,12.2,28000
2022-07-22,12.2,12.2,12.4,12.15,12.15,48000
2022-07-25,12.3,12.3,12.3,12.05,12.05,48000
2022-07-26,12.2,12.2,12.35,12.2,12.3,35000
2022-07-27,12.3,12.3,12.3,12.1,12.1,24000
2022-07-28,12.25,12.25,12.3,12.25,12.3,32000
2022-07-29,12.35,12.35,12.45,12.15,12.15,91000
2022-08-01,12.55,12.55,12.6,12.35,12.35,106000
2022-08-02,13.25,13.25,13.55,12.5,12.5,622000
2022-08-03,13.15,13.15,13.5,13.1,13.3,271000
2022-08-04,12.8,12.8,13.35,12.6,13.3,187000
2022-08-05,13.25,13.25,13.3,12.85,12.85,94000
2022-08-08,13.05,13.05,13.25,13.05,13.25,28000
2022-08-09,14.35,14.35,14.35,13.05,13.05,1017000
2022-08-10,14.15,14.15,15.1,14.0,14.6,1743000
2022-08-11,13.8,13.8,14.2,13.7,13.9,690000
2022-08-12,14.0,14.0,14.0,13.7,13.85,130000
2022-08-15,14.0,14.0,14.1,13.9,14.0,128000
2022-08-16,13.8,13.8,14.05,13.8,14.05,109000
2022-08-17,13.65,13.65,13.8,13.6,13.8,142000
2022-08-18,13.85,13.85,14.1,13.6,13.6,197000
2022-08-19,14.3,14.3,14.6,13.85,13.9,380000
2022-08-22,14.0,14.0,14.35,13.95,14.35,118000
2022-08-23,13.95,13.95,14.1,13.9,14.0,87000
2022-08-24,14.0,14.0,14.2,14.0,14.0,88000
2022-08-25,13.85,13.85,14.0,13.85,14.0,82000
2022-08-26,14.2,14.2,14.7,14.05,14.05,219000
2022-08-29,14.15,14.15,14.3,13.75,13.75,157000
2022-08-30,14.15,14.15,14.25,14.05,14.15,63000
2022-08-31,14.15,14.15,14.15,14.0,14.05,63000
2022-09-01,13.95,13.95,14.15,13.9,14.05,43000
2022-09-02,13.85,13.85,13.95,13.8,13.95,53000
2022-09-05,13.6,13.6,13.85,13.5,13.85,89000
2022-09-06,13.45,13.45,13.8,13.3,13.6,68000
2022-09-07,13.1,13.1,13.3,13.1,13.3,62000
2022-09-08,13.45,13.45,13.7,13.3,13.7,65000
2022-09-12,13.5,13.5,13.6,13.4,13.5,48000
2022-09-13,14.1,14.1,14.25,13.5,13.5,386000
2022-09-14,14.0,14.0,14.05,13.8,13.85,81000
2022-09-15,14.4,14.4,14.45,13.9,13.95,354000
2022-09-16,14.05,14.05,14.5,14.05,14.4,122000
2022-09-19,13.65,13.65,13.95,13.65,13.85,86000
2022-09-20,13.5,13.5,13.65,13.5,13.65,64000
2022-09-21,13.35,13.35,13.6,13.35,13.6,37000
2022-09-22,13.4,13.4,13.6,13.35,13.35,80000
2022-09-23,13.15,13.15,14.0,13.15,13.45,314000
2022-09-26,12.95,12.95,13.1,11.9,13.1,189000
2022-09-27,12.95,12.95,12.95,12.6,12.6,79000
2022-09-28,11.9,11.9,12.7,11.85,12.7,175000
2022-09-29,12.1,12.1,12.2,12.0,12.0,146000
2022-09-30,12.25,12.25,12.25,11.85,11.85,19000
2022-10-03,12.3,12.3,12.35,12.1,12.25,34000
2022-10-04,12.4,12.4,12.5,12.3,12.4,31000
2022-10-05,12.4,12.4,12.65,12.35,12.4,36000
2022-10-06,12.3,12.3,12.65,12.15,12.65,101000
2022-10-07,12.35,12.35,12.35,12.1,12.35,16000
2022-10-11,11.8,11.8,12.25,11.75,12.0,167000
2022-10-12,11.75,11.75,11.85,11.5,11.7,98000
2022-10-13,11.2,11.2,11.75,11.2,11.6,248000
2022-10-14,11.6,11.6,11.9,11.4,11.55,81000
2022-10-17,11.45,11.45,11.45,11.35,11.4,23000
2022-10-18,11.45,11.45,11.5,11.35,11.5,38000
2022-10-19,11.4,11.4,11.5,11.35,11.5,23000
2022-10-20,11.25,11.25,11.35,11.0,11.35,73000
2022-10-21,11.3,11.3,11.3,11.2,11.3,74000
2022-10-24,11.15,11.15,11.45,11.15,11.35,45000
2022-10-25,11.2,11.2,11.3,11.15,11.15,75000
2022-10-26,12.0,12.0,12.3,11.6,11.6,1075000
2022-10-27,12.0,12.0,12.15,11.7,12.0,292000
2022-10-28,11.6,11.6,11.95,11.6,11.75,51000
2022-10-31,11.6,11.6,11.65,11.5,11.65,29000
2022-11-01,11.6,11.6,11.8,11.5,11.6,67000
2022-11-02,11.8,11.8,11.85,11.6,11.6,51000
2022-11-03,11.8,11.8,11.8,11.5,11.6,63000
2022-11-04,11.95,11.95,11.95,11.6,11.8,53000
2022-11-07,11.95,11.95,12.1,11.8,12.0,84000
2022-11-08,11.9,11.9,12.05,11.9,11.95,71000
2022-11-09,11.95,11.95,12.3,11.85,11.85,74000
2022-11-10,11.95,11.95,12.15,11.85,12.15,33000
2022-11-11,11.95,11.95,12.2,11.85,12.2,95000
2022-11-14,12.05,12.05,12.1,11.9,11.9,44000
2022-11-15,12.1,12.1,12.1,11.85,11.85,73000
2022-11-16,12.15,12.15,12.4,12.05,12.2,95000
2022-11-17,12.3,12.3,12.3,12.05,12.1,105000
2022-11-18,12.2,12.2,12.25,12.2,12.2,15000
2022-11-21,12.1,12.1,12.2,12.1,12.2,38000
2022-11-22,12.15,12.15,12.2,12.0,12.1,69000
2022-11-23,12.05,12.05,12.25,12.05,12.15,58000
2022-11-24,12.35,12.35,13.1,12.1,12.15,708000
2022-11-25,12.45,12.45,12.6,12.35,12.45,200000
2022-11-28,12.45,12.45,12.65,12.35,12.55,86000
2022-11-29,13.0,13.0,13.65,12.8,12.8,2206000
2022-11-30,13.2,13.2,13.2,12.8,12.85,256000
2022-12-01,13.2,13.2,13.25,13.1,13.2,176000
2022-12-02,13.2,13.2,13.25,13.05,13.1,53000
2022-12-05,13.3,13.3,13.5,13.15,13.5,138000
2022-12-06,13.15,13.15,13.3,13.05,13.15,49000
2022-12-07,12.8,12.8,13.4,12.7,13.25,239000
2022-12-08,12.75,12.75,12.8,12.7,12.75,23000
2022-12-09,12.65,12.65,12.95,12.6,12.95,52000
2022-12-12,12.6,12.6,12.65,12.5,12.5,21000
2022-12-13,12.8,12.8,13.0,12.6,12.6,160000
2022-12-14,12.9,12.9,13.0,12.8,12.8,53000
2022-12-15,12.9,12.9,12.95,12.9,12.9,17000
2022-12-16,12.75,12.75,12.9,12.6,12.8,47000
2022-12-19,12.65,12.65,12.8,12.55,12.8,19000
2022-12-20,12.3,12.3,12.6,12.3,12.55,107000
2022-12-21,12.35,12.35,12.45,12.25,12.35,76000
2022-12-22,12.5,12.5,12.6,12.4,12.6,61000
2022-12-23,12.5,12.5,12.5,12.3,12.5,14000
2022-12-26,12.5,12.5,12.5,12.3,12.5,74000
2022-12-27,12.5,12.5,12.5,12.4,12.5,21000
2022-12-28,12.35,12.35,12.5,12.35,12.5,34000
2022-12-29,12.45,12.45,12.75,12.3,12.75,15000
2022-12-30,12.5,12.5,12.5,12.35,12.45,26000
2023-01-03,12.55,12.55,12.55,12.3,12.35,53000
2023-01-04,12.45,12.45,12.55,12.3,12.55,96000
2023-01-05,12.4,12.4,12.75,12.3,12.45,116000
2023-01-06,12.4,12.4,12.5,12.3,12.35,30000
2023-01-09,12.4,12.4,12.5,12.35,12.45,72000
2023-01-10,12.4,12.4,12.5,12.4,12.4,18000
2023-01-11,12.6,12.6,12.6,12.35,12.35,60000
2023-01-12,12.6,12.6,12.7,12.55,12.65,19000
2023-01-13,12.5,12.5,12.6,12.35,12.5,70000
2023-01-16,12.6,12.6,12.6,12.45,12.45,50000
2023-01-17,12.6,12.6,12.6,12.55,12.6,64000
2023-01-30,12.75,12.75,12.85,12.7,12.7,99000
2023-01-31,12.8,12.8,12.85,12.7,12.7,32000
2023-02-01,13.0,13.0,13.0,12.7,12.75,110000
2023-02-02,13.4,13.4,13.45,13.1,13.1,134000
2023-02-03,13.75,13.75,14.4,13.6,13.8,542000
2023-02-06,13.8,13.8,13.8,13.5,13.7,269000
2023-02-07,13.75,13.75,13.8,13.6,13.8,142000
2023-02-08,13.7,13.7,13.8,13.6,13.8,77000
2023-02-09,13.55,13.55,13.75,13.55,13.75,80000
2023-02-10,13.5,13.5,13.6,13.45,13.45,78000
2023-02-13,13.4,13.4,13.5,13.35,13.45,127000
2023-02-14,13.55,13.55,13.6,13.35,13.45,110000
2023-02-15,13.45,13.45,13.6,13.4,13.45,88000
2023-02-16,13.55,13.55,13.65,13.55,13.6,108000
2023-02-17,14.0,14.0,14.2,13.65,13.65,378000
2023-02-20,13.95,13.95,14.25,13.9,13.95,386000
2023-02-21,13.95,13.95,14.05,13.7,14.0,154000
2023-02-22,13.85,13.85,13.95,13.8,13.85,43000
2023-02-23,13.9,13.9,14.0,13.85,13.9,62000
2023-02-24,13.85,13.85,14.0,13.75,13.9,249000
2023-03-01,13.85,13.85,13.85,13.65,13.75,68000
2023-03-02,13.9,13.9,13.95,13.85,13.85,95000
2023-03-03,13.9,13.9,14.0,13.85,14.0,56000
2023-03-06,14.45,14.45,14.85,13.9,13.95,460000
2023-03-07,14.4,14.4,14.55,14.35,14.55,111000
2023-03-08,14.55,14.55,14.65,14.25,14.5,102000
2023-03-09,14.5,14.5,14.6,14.4,14.55,77000
2023-03-10,14.25,14.25,14.65,14.2,14.55,125000
2023-03-13,13.95,13.95,14.3,13.9,14.25,96000
2023-03-14,13.9,13.9,14.15,13.8,14.15,56000
2023-03-15,13.8,13.8,14.0,13.75,13.8,128000
2023-03-16,13.5,13.5,13.8,13.4,13.7,108000
2023-03-17,13.6,13.6,13.6,13.4,13.4,36000
2023-03-20,13.65,13.65,13.8,13.5,13.6,132000
2023-03-21,13.8,13.8,13.85,13.65,13.65,25000
2023-03-22,13.85,13.85,14.0,13.8,13.95,41000
2023-03-23,13.9,13.9,14.25,13.8,13.8,88000
2023-03-24,14.2,14.2,14.25,14.05,14.25,142000
2023-03-27,14.2,14.2,14.75,14.15,14.5,238000
2023-03-28,14.1,14.1,14.35,14.05,14.35,46000
2023-03-29,13.85,13.85,14.2,13.85,14.2,127000
2023-03-30,13.9,13.9,14.1,13.9,14.1,81000
2023-03-31,14.0,14.0,14.15,13.95,14.15,70000
2023-04-06,14.1,14.1,14.2,13.9,14.0,68000
2023-04-07,14.4,14.4,14.65,14.2,14.25,612000
2023-04-10,14.75,14.75,14.8,14.4,14.45,507000
2023-04-11,16.2,16.2,16.2,15.4,15.4,1650000
2023-04-12,17.05,17.05,17.75,16.55,16.6,4271000
2023-04-13,17.3,17.3,17.4,16.75,16.8,921000
2023-04-14,16.95,16.95,17.3,16.9,17.1,639000
2023-04-17,17.0,17.0,17.15,16.75,16.9,716000
2023-04-18,18.15,18.15,18.15,16.95,17.1,3361000
2023-04-19,18.95,18.95,19.8,18.2,18.8,4040000
2023-04-20,17.8,17.8,19.0,17.75,18.95,1667000
2023-04-21,16.6,16.6,18.4,16.6,17.95,1478000
2023-04-24,17.0,17.0,17.1,16.7,16.7,330000
2023-04-25,17.05,17.05,18.3,16.9,17.7,1124000
2023-04-26,17.3,17.3,17.4,16.85,17.1,429000
2023-04-27,18.0,18.0,18.5,17.25,17.45,1508000
2023-04-28,18.3,18.3,18.9,18.2,18.5,1262000
2023-05-02,18.95,18.95,20.0,18.9,18.95,1912000
2023-05-03,18.8,18.8,19.2,18.35,18.7,857000
2023-05-04,19.4,19.4,20.0,18.6,18.8,2192000
2023-05-05,19.45,19.45,20.0,19.35,19.4,1474000
2023-05-08,20.3,20.3,20.45,19.55,19.95,1767000
2023-05-09,19.5,19.5,20.5,19.35,20.3,1431000
2023-05-10,20.5,20.5,21.1,19.85,19.9,3778000
2023-05-11,20.55,20.55,22.3,20.1,21.9,5233000
2023-05-12,20.3,20.3,20.8,19.5,20.2,1499000
2023-05-15,19.75,19.75,20.3,19.6,20.3,950000
2023-05-16,19.95,19.95,20.3,19.85,20.05,479000
2023-05-17,20.0,20.0,20.45,19.9,20.45,612000
2023-05-18,19.6,19.6,20.4,19.55,20.25,828000
2023-05-19,19.55,19.55,19.9,19.2,19.7,1016000
2023-05-22,21.5,21.5,21.5,19.6,19.6,2376000
2023-05-23,23.65,23.65,23.65,22.4,22.5,7827000
2023-05-24,24.5,24.5,25.3,23.65,24.2,13446000
2023-05-25,24.7,24.7,26.4,23.8,24.1,12487000
2023-05-26,24.9,24.9,25.55,24.35,24.75,5456000
2023-05-29,24.95,24.95,26.05,24.45,25.2,4860000
2023-05-30,24.75,24.75,24.95,24.05,24.95,2978000
2023-05-31,24.65,24.65,25.45,24.6,25.2,2282000
2023-06-01,24.9,24.9,25.2,24.1,25.1,1992000
2023-06-02,24.8,24.8,25.8,24.8,25.1,3315000
2023-06-05,25.7,25.7,26.0,24.8,24.9,3956000
2023-06-06,25.35,25.35,25.9,24.85,25.15,2796000
2023-06-07,26.55,26.55,26.6,25.1,25.75,7327000
2023-06-08,25.5,25.5,26.85,25.5,26.6,4490000
2023-06-09,27.5,27.5,28.05,25.65,26.0,9203000
2023-06-12,25.95,25.95,26.7,25.6,26.7,5164000
2023-06-13,26.6,26.6,26.9,25.7,25.95,3678000
2023-06-14,26.45,26.45,26.7,26.0,26.3,2574000
2023-06-15,28.15,28.15,28.35,26.3,26.3,7082000
2023-06-16,29.1,29.1,29.55,28.1,28.4,18116000
2023-06-19,29.5,29.5,29.75,28.65,29.65,10149000
2023-06-20,31.0,31.0,32.0,29.2,29.2,14292000
2023-06-21,33.1,33.1,33.9,30.85,30.9,16638000
2023-06-26,32.95,32.95,33.45,31.2,32.75,7142000
2023-06-27,31.45,31.45,32.45,30.95,32.2,6839000
2023-06-28,30.5,30.5,32.3,30.5,31.55,4191000
2023-06-29,30.75,30.75,31.15,30.35,30.9,2819000
2023-06-30,30.9,30.9,31.8,30.9,31.45,2589000
2023-07-03,32.25,32.25,32.9,30.65,30.9,8848000
2023-07-04,31.65,31.65,31.95,30.9,31.95,3828000
2023-07-05,30.95,30.95,32.6,30.9,31.9,5144000
2023-07-06,31.6,31.6,32.45,30.0,30.6,6673000
2023-07-07,30.3,30.3,31.55,29.9,31.05,3857000
2023-07-10,31.8,31.8,32.45,30.1,30.3,7646000
2023-07-11,31.45,31.45,32.85,31.25,32.0,6976000
2023-07-12,31.1,31.1,32.6,30.85,31.5,5245000
2023-07-13,32.3,32.3,32.4,30.85,31.3,5877000
2023-07-14,31.65,31.65,33.2,31.3,33.0,8537000
2023-07-17,28.5,28.5,31.3,28.5,31.3,7754000
2023-07-18,27.15,27.15,28.0,26.5,28.0,5755000
2023-07-19,26.25,26.25,27.75,26.25,27.3,3077000
2023-07-20,27.95,27.95,28.15,26.15,26.25,4064000
2023-07-21,28.45,28.45,29.35,27.0,27.55,3529000
2023-07-24,28.6,28.6,29.45,28.3,29.0,2191000
2023-07-25,29.0,29.0,29.1,28.0,28.6,1893000
2023-07-26,29.35,29.35,30.35,28.25,28.95,6290000
2023-07-27,29.2,29.2,30.15,29.1,29.65,2030000
2023-07-28,30.85,30.85,30.85,28.6,29.25,5244000
2023-07-31,31.3,31.3,33.0,30.6,32.0,18231000
2023-08-01,34.1,34.1,34.15,31.3,31.85,19980000
2023-08-02,32.25,32.25,37.5,31.15,36.0,52255000
2023-08-04,30.45,30.45,32.8,29.6,32.3,13396000
2023-08-07,33.1,33.1,33.45,29.5,30.55,12846000
2023-08-08,34.75,34.75,35.4,32.8,33.65,29788000
2023-08-09,31.6,31.6,33.3,31.3,31.9,18487000
2023-08-10,31.75,31.75,32.95,30.7,31.95,13767000
2023-08-11,32.6,32.6,33.0,31.55,32.05,13319000
2023-08-14,31.55,31.55,32.3,30.3,32.05,6779000
2023-08-15,33.0,33.0,33.4,32.15,32.15,9780000
2023-08-16,34.0,34.0,34.5,32.3,32.8,12827000
2023-08-17,34.75,34.75,34.8,33.05,33.75,12684000
2023-08-18,33.6,33.6,35.1,33.6,34.55,13567000
2023-08-21,33.1,33.1,34.65,32.65,34.2,9680000
2023-08-22,34.3,34.3,34.5,32.75,33.7,15942000
2023-08-23,33.5,33.5,34.8,33.5,34.1,10260000
2023-08-24,32.8,32.8,34.1,32.1,33.8,7620000
2023-08-25,31.6,31.6,32.7,31.6,32.5,4091000
2023-08-28,29.8,29.8,31.95,29.7,31.95,5346000
2023-08-29,32.15,32.15,32.15,30.0,30.3,5773000
2023-08-30,33.85,33.85,34.7,32.0,32.9,23619000
2023-08-31,34.0,34.0,34.7,33.3,33.3,14807000
2023-09-01,33.65,33.65,34.5,33.25,34.45,8023000
2023-09-04,33.2,33.2,33.7,32.25,33.65,7786000
2023-09-05,33.0,33.0,33.7,32.55,32.8,4757000
2023-09-06,33.2,33.2,34.25,33.0,33.2,6987000
2023-09-07,32.5,32.5,33.35,32.3,33.0,3218000
2023-09-08,33.2,33.2,33.95,32.8,32.9,6016000
2023-09-11,32.05,32.05,33.15,31.95,33.0,3422000
2023-09-12,31.9,31.9,32.85,31.65,32.5,3586000
2023-09-13,31.7,31.7,32.05,31.15,31.7,2261000
2023-09-14,33.1,33.1,33.25,32.1,32.4,3375000
2023-09-15,33.8,33.8,34.0,32.65,33.35,7748000
2023-09-18,33.55,33.55,34.1,33.15,34.0,2964000
2023-09-19,32.85,32.85,34.25,32.6,33.85,4622000
2023-09-20,32.4,32.4,34.3,32.35,33.0,8650000
2023-09-21,31.9,31.9,33.0,31.45,32.7,4274000
2023-09-22,32.0,32.0,32.1,31.2,31.2,1788000
2023-09-25,31.95,31.95,32.15,31.35,31.9,1770000
2023-09-26,31.55,31.55,32.5,31.55,32.15,1478000
2023-09-27,32.65,32.65,33.45,31.35,31.55,4224000
2023-09-28,35.9,35.9,35.9,33.7,34.3,22404000
2023-10-02,39.45,39.45,39.45,37.3,38.5,33259000
2023-10-03,40.65,40.65,42.45,37.7,41.5,71180000
2023-10-04,41.3,41.3,42.2,39.35,39.6,56317000
2023-10-05,41.8,41.8,42.25,40.85,41.45,25658000
2023-10-06,42.5,42.5,44.7,42.2,42.7,37875000
2023-10-11,38.25,38.25,42.1,38.25,41.9,19751000
2023-10-12,37.4,37.4,38.6,37.25,37.5,16065000
2023-10-13,36.75,36.75,38.45,36.1,37.8,15104000
2023-10-16,35.5,35.5,37.05,35.5,36.3,6966000
2023-10-17,34.5,34.5,36.2,34.5,35.95,7134000
2023-10-18,33.0,33.0,35.1,32.8,35.1,6038000
2023-10-19,32.15,32.15,33.5,31.95,32.95,4858000
2023-10-20,30.6,30.6,31.85,30.6,31.85,5476000
2023-10-23,30.75,30.75,32.15,29.95,30.3,7097000
2023-10-24,31.65,31.65,31.75,30.6,30.75,3924000
2023-10-25,32.65,32.65,33.9,31.7,31.7,9146000
2023-10-26,31.6,31.6,32.35,31.6,31.8,3495000
2023-10-27,32.05,32.05,33.4,31.65,31.85,6127000
2023-10-30,31.6,31.6,32.9,31.6,32.15,3250000
2023-10-31,29.75,29.75,32.0,29.45,31.8,4929000
2023-11-01,30.9,30.9,31.35,29.75,29.75,3522000
2023-11-02,31.6,31.6,31.65,31.1,31.35,2927000
2023-11-03,31.5,31.5,32.25,31.5,31.75,2408000
2023-11-06,31.8,31.8,32.3,31.55,31.9,1898000
2023-11-07,31.4,31.4,32.35,31.3,31.8,2919000
2023-11-08,32.2,32.2,32.25,31.5,31.6,4223000
2023-11-09,31.65,31.65,32.5,31.3,32.45,2640000
2023-11-10,30.7,30.7,31.25,30.4,30.6,2539000
2023-11-13,31.85,31.85,32.2,30.95,31.0,3253000
2023-11-14,31.9,31.9,32.35,31.7,32.1,2041000
2023-11-15,31.25,31.25,32.45,31.25,32.0,2909000
2023-11-16,31.2,31.2,31.75,31.1,31.5,1657000
2023-11-17,31.15,31.15,31.45,30.9,31.3,1352000
2023-11-20,31.0,31.0,31.5,31.0,31.25,1291000
2023-11-21,34.1,34.1,34.1,31.25,31.35,21159000
2023-11-22,36.0,36.0,36.9,34.1,34.1,38457000
2023-11-23,35.3,35.3,36.35,34.9,35.65,11609000
2023-11-24,35.55,35.55,36.4,35.0,35.0,8123000
2023-11-27,35.6,35.6,36.8,34.95,36.0,7027000
2023-11-28,35.1,35.1,35.8,34.95,35.45,3784000
2023-11-29,35.25,35.25,36.2,35.05,35.1,4139000
2023-11-30,35.2,35.2,36.2,35.0,35.5,3798000
2023-12-01,36.25,36.25,36.6,35.2,35.5,5436000
2023-12-04,37.1,37.1,39.4,36.65,36.8,22188000
2023-12-05,37.7,37.7,38.5,36.05,36.5,9987000
2023-12-06,37.25,37.25,38.2,37.05,38.1,5383000
2023-12-07,37.45,37.45,38.25,36.95,37.0,4905000
2023-12-08,38.05,38.05,38.4,37.45,38.2,4822000
2023-12-11,37.85,37.85,38.3,35.5,37.95,8931000
2023-12-12,36.25,36.25,38.0,36.15,37.2,5367000
2023-12-13,36.5,36.5,37.8,36.4,36.4,4355000
2023-12-14,37.1,37.1,37.5,36.5,37.5,2614000
2023-12-15,36.6,36.6,38.1,36.5,37.4,3190000
2023-12-18,36.15,36.15,37.15,36.15,36.9,1236000
2023-12-19,36.1,36.1,36.45,35.25,36.15,2230000
2023-12-20,37.35,37.35,37.45,36.3,36.4,2577000
2023-12-21,36.7,36.7,37.7,36.5,36.8,1741000
2023-12-22,36.55,36.55,38.1,36.55,36.95,3377000
2023-12-25,37.75,37.75,38.5,36.75,36.85,7980000
2023-12-26,38.5,38.5,38.65,37.35,37.35,5760000
2023-12-27,39.0,39.0,39.15,38.05,38.85,7557000
2023-12-28,38.7,38.7,40.3,38.3,39.0,10879000
2023-12-29,38.2,38.2,39.25,37.3,38.7,5415000
2024-01-02,39.45,39.45,39.45,38.0,38.75,4466000
2024-01-03,39.35,39.35,41.6,38.7,38.9,18685000
2024-01-04,37.95,37.95,40.35,37.8,39.1,8281000
2024-01-05,38.4,38.4,38.4,37.65,38.15,2455000
2024-01-08,38.0,38.0,39.4,37.95,38.4,2968000
2024-01-09,38.3,38.3,39.1,37.6,38.5,3562000
2024-01-10,37.8,37.8,38.55,37.7,38.45,1817000
2024-01-11,38.65,38.65,38.95,38.1,38.35,3249000
2024-01-12,36.85,36.85,38.85,36.85,38.7,3099000
2024-01-15,36.8,36.8,37.7,36.7,37.4,2218000
2024-01-16,35.8,35.8,37.05,35.65,36.9,3009000
2024-01-17,35.65,35.65,36.45,35.35,36.05,1418000
2024-01-18,35.4,35.4,36.25,35.2,36.1,1201000
2024-01-19,36.05,36.05,36.4,35.6,36.0,1251000
2024-01-22,38.65,38.65,39.2,36.3,36.3,6502000
2024-01-23,37.8,37.8,39.05,37.6,38.65,3852000
2024-01-24,37.05,37.05,38.4,37.05,38.4,1431000
2024-01-25,36.2,36.2,37.65,36.0,37.2,2034000
2024-01-26,35.75,35.75,36.95,35.75,36.2,1418000
2024-01-29,36.8,36.8,36.8,35.6,35.75,1034000
2024-01-30,36.8,36.8,37.35,36.7,36.7,1347000
2024-01-31,36.15,36.15,36.9,36.0,36.8,757000
2024-02-01,35.9,35.9,36.7,35.85,36.2,1132000
2024-02-02,36.05,36.05,37.5,36.0,36.3,1557000
2024-02-05,35.45,35.45,36.0,35.35,35.95,1189000
2024-02-15,36.55,36.55,36.85,35.75,35.75,1477000
2024-02-16,37.4,37.4,37.4,36.55,36.55,1853000
2024-02-19,37.6,37.6,38.1,37.3,37.8,1614000
2024-02-20,36.45,36.45,38.0,36.2,38.0,1921000
2024-02-21,37.0,37.0,40.0,37.0,38.4,7320000
2024-02-22,36.8,36.8,37.8,36.65,36.9,1279000
2024-02-23,36.2,36.2,37.45,36.15,37.2,1359000
2024-02-26,36.15,36.15,36.5,35.8,36.05,1128000
2024-02-27,35.5,35.5,36.5,35.35,36.5,1666000
2024-02-29,36.85,36.85,37.95,35.55,35.6,7379000
2024-03-01,37.1,37.1,37.6,36.65,37.0,1963000
2024-03-04,37.05,37.05,37.8,37.05,37.45,1901000
2024-03-05,40.75,40.75,40.75,37.05,37.2,16840000
2024-03-06,42.5,42.5,43.55,40.1,41.1,64527000
2024-03-07,40.5,40.5,44.45,40.5,43.2,28875000
2024-03-08,38.55,38.55,42.4,38.35,42.3,15398000
2024-03-11,40.7,40.7,41.5,38.8,38.85,10536000
2024-03-12,42.25,42.25,44.6,41.0,41.0,26565000
2024-03-13,40.5,40.5,43.35,39.85,43.2,10370000
2024-03-14,38.75,38.75,40.55,38.45,40.5,4889000
2024-03-15,38.65,38.65,39.5,38.4,38.8,2894000
2024-03-18,38.95,38.95,39.45,38.65,38.85,2068000
2024-03-19,37.65,37.65,39.2,37.65,38.7,3236000
2024-03-20,36.95,36.95,38.2,36.75,37.75,2181000
2024-03-21,37.55,37.55,38.0,37.15,37.15,1596000
2024-03-22,37.65,37.65,38.2,37.4,37.4,1261000
2024-03-25,37.5,37.5,38.3,37.4,37.9,1745000
2024-03-26,36.2,36.2,38.2,36.15,37.7,2184000
2024-03-27,36.15,36.15,36.8,36.1,36.75,1253000
2024-03-28,37.35,37.35,39.0,36.6,36.9,6636000
2024-03-29,37.4,37.4,38.6,37.4,37.9,4302000
2024-04-01,37.4,37.4,37.9,36.9,37.9,1497000
2024-04-02,37.0,37.0,37.8,36.8,37.8,1226000
2024-04-03,37.05,37.05,37.85,36.4,36.8,1697000
2024-04-08,37.75,37.75,38.75,37.2,37.3,3595000
2024-04-09,37.5,37.5,38.15,37.3,38.05,1250000
2024-04-10,37.45,37.45,37.9,37.1,37.3,1196000
2024-04-11,35.75,35.75,36.45,35.3,35.3,2884000
2024-04-12,35.45,35.45,36.1,35.45,36.1,1395000
2024-04-15,35.45,35.45,35.9,35.4,35.75,911000
2024-04-16,33.5,33.5,35.45,33.5,35.45,1756000
2024-04-17,34.05,34.05,34.3,33.55,33.55,638000
2024-04-18,35.5,35.5,35.5,33.7,33.7,1390000
2024-04-19,34.1,34.1,35.5,33.0,35.5,1105000
2024-04-22,32.4,32.4,34.9,32.4,34.9,790000
2024-04-23,32.25,32.25,33.4,32.2,33.0,727000
2024-04-24,33.15,33.15,33.6,32.8,32.8,665000
2024-04-25,32.5,32.5,33.7,32.5,33.15,659000
2024-04-26,32.5,32.5,33.3,32.5,32.6,551000
2024-04-29,32.65,32.65,33.1,32.55,32.65,457000
2024-04-30,32.7,32.7,32.95,32.4,32.75,389000
2024-05-02,32.25,32.25,32.6,31.85,32.6,1004000
2024-05-03,31.8,31.8,32.85,31.8,32.85,731000
2024-05-06,31.15,31.15,32.3,31.15,32.0,1022000
2024-05-07,32.7,32.7,33.5,31.5,31.55,2662000
2024-05-08,32.1,32.1,32.5,32.05,32.5,618000
2024-05-09,31.4,31.4,32.8,31.4,31.8,907000
2024-05-10,31.35,31.35,31.75,30.05,31.6,1041000
2024-05-13,30.6,30.6,32.0,30.5,31.9,770000
2024-05-14,31.3,31.3,31.35,30.8,30.85,729000
2024-05-15,31.25,31.25,31.9,31.2,31.9,605000
2024-05-16,30.85,30.85,31.5,30.65,31.5,778000
2024-05-17,30.95,30.95,31.2,30.7,30.85,402000
2024-05-20,31.45,31.45,32.2,30.65,30.95,1048000
2024-05-21,33.55,33.55,33.85,31.8,31.9,3378000
2024-05-22,33.3,33.3,34.4,33.2,33.6,3083000
2024-05-23,33.55,33.55,34.55,32.6,33.45,1774000
2024-05-24,33.35,33.35,33.45,32.95,33.15,743000
2024-05-27,33.95,33.95,34.35,33.6,33.6,1358000
2024-05-28,33.65,33.65,34.4,33.65,34.2,1030000
2024-05-29,33.55,33.55,33.9,33.35,33.7,732000
2024-05-30,33.7,33.7,36.0,33.65,34.6,4766000
2024-05-31,34.4,34.4,35.2,33.85,33.95,2263000
2024-06-03,35.3,35.3,35.8,34.65,35.5,4870000
2024-06-04,34.05,34.05,35.5,34.05,35.3,1472000
2024-06-05,34.0,34.0,34.7,33.8,34.6,691000
2024-06-06,33.05,33.05,34.5,33.05,34.45,924000
2024-06-07,33.1,33.1,33.5,32.9,33.05,494000
2024-06-11,31.2,31.2,32.3,31.1,32.3,1606000
2024-06-12,31.2,31.2,31.3,30.8,31.3,496000
2024-06-13,31.0,31.0,31.65,30.9,31.35,518000
2024-06-14,31.1,31.1,31.35,30.95,31.0,386000
2024-06-17,30.9,30.9,31.2,30.8,31.1,443000
2024-06-18,30.65,30.65,31.3,30.5,31.0,575000
2024-06-19,30.2,30.2,31.1,30.2,30.75,730000
2024-06-20,30.7,30.7,30.7,30.2,30.3,456000
2024-06-21,30.9,30.9,31.0,30.7,30.7,368000
2024-06-24,30.4,30.4,30.7,30.35,30.65,434000
2024-06-25,30.1,30.1,30.5,29.5,30.4,839000
2024-06-26,29.8,29.8,30.7,29.8,30.7,692000
2024-06-27,29.55,29.55,30.15,29.5,29.7,707000
2024-06-28,30.3,30.3,30.35,29.6,29.6,553000
2024-07-01,29.75,29.75,30.6,29.75,30.55,592000
2024-07-02,29.4,29.4,29.8,29.35,29.8,594000
2024-07-03,29.6,29.6,30.0,29.45,30.0,521000
2024-07-04,29.55,29.55,29.75,29.4,29.7,567000
2024-07-05,30.45,30.45,30.6,29.6,29.6,801000
2024-07-08,29.95,29.95,30.6,29.85,30.6,718000
2024-07-09,29.4,29.4,30.4,29.2,30.4,530000
2024-07-10,29.5,29.5,30.25,29.2,29.25,485000
2024-07-11,28.3,28.3,29.15,28.25,29.1,1984000
2024-07-12,28.25,28.25,28.65,28.1,28.15,833000
2024-07-15,28.0,28.0,28.6,27.9,28.45,799000
2024-07-16,28.1,28.1,28.5,27.9,28.0,746000
2024-07-17,29.3,29.3,30.2,28.2,28.2,1541000
2024-07-18,28.75,28.75,29.6,28.55,29.6,670000
2024-07-19,28.65,28.65,29.25,28.4,29.1,738000
2024-07-22,27.25,27.25,29.1,27.25,29.1,1004000
2024-07-23,27.35,27.35,27.85,27.3,27.35,456000
2024-07-26,26.25,26.25,26.8,26.15,26.8,833000
2024-07-29,26.2,26.2,27.0,25.95,26.5,595000
2024-07-30,27.8,27.8,27.8,26.0,26.2,726000
2024-07-31,27.55,27.55,27.85,27.25,27.35,306000
2024-08-01,27.3,27.3,28.15,27.3,27.85,383000
2024-08-02,26.25,26.25,27.35,26.15,26.9,409000
2024-08-05,23.65,23.65,25.35,23.65,25.35,730000
2024-08-06,21.65,21.65,24.0,21.3,23.05,2063000
2024-08-07,23.8,23.8,23.8,21.65,21.65,822000
2024-08-08,23.7,23.7,24.3,23.4,23.8,902000
2024-08-09,23.85,23.85,24.6,23.8,24.0,430000
2024-08-12,24.3,24.3,24.8,24.2,24.8,337000
2024-08-13,24.05,24.05,24.45,24.0,24.4,203000
2024-08-14,23.9,23.9,24.3,23.8,24.15,287000
2024-08-15,24.15,24.15,24.5,23.85,24.0,539000
2024-08-16,24.3,24.3,24.6,24.25,24.45,282000
2024-08-19,23.95,23.95,24.5,23.9,24.35,366000
2024-08-20,24.5,24.5,25.5,24.0,24.2,785000
2024-08-21,24.15,24.15,24.65,24.05,24.2,208000
2024-08-22,24.1,24.1,24.3,24.1,24.3,130000
2024-08-23,23.8,23.8,24.3,23.5,24.1,214000
2024-08-26,26.15,26.15,26.15,23.9,23.95,1815000
2024-08-27,25.2,25.2,26.9,25.2,26.5,2478000
2024-08-28,25.3,25.3,25.7,25.2,25.3,507000
2024-08-29,25.0,25.0,25.15,24.6,25.0,388000
2024-08-30,24.95,24.95,25.3,24.95,25.1,220000
2024-09-02,24.3,24.3,25.35,24.3,25.0,379000
2024-09-03,23.8,23.8,24.5,23.8,24.35,321000
2024-09-04,22.6,22.6,23.05,21.8,23.05,444000
2024-09-05,22.6,22.6,23.25,22.6,22.85,244000
2024-09-06,22.95,22.95,23.1,22.65,22.65,149000
2024-09-09,23.15,23.15,23.15,22.4,22.85,176000
2024-09-10,22.2,22.2,23.5,22.1,23.5,274000
2024-09-11,21.65,21.65,22.4,21.45,21.5,339000
2024-09-12,22.0,22.0,22.2,21.85,21.85,230000
2024-09-13,22.0,22.0,22.2,21.8,22.15,142000
2024-09-16,22.25,22.25,22.45,22.05,22.35,181000
2024-09-18,22.3,22.3,22.6,22.2,22.6,176000
2024-09-19,22.8,22.8,22.9,22.3,22.5,286000
2024-09-20,22.65,22.65,23.05,22.6,22.95,199000
2024-09-23,22.9,22.9,23.1,22.7,22.9,136000
2024-09-24,22.65,22.65,22.95,22.55,22.9,123000
2024-09-25,22.9,22.9,23.4,22.8,22.8,237000
2024-09-26,22.85,22.85,23.3,22.8,23.1,163000
2024-09-27,23.05,23.05,23.4,22.95,23.1,216000
2024-09-30,22.9,22.9,23.3,22.85,22.85,204000
2024-10-01,22.7,22.7,23.05,22.6,23.05,136000
2024-10-04,22.5,22.5,22.9,22.45,22.9,131000
2024-10-07,23.0,23.0,23.1,22.55,22.55,163000
2024-10-08,22.85,22.85,23.0,22.55,23.0,136000
2024-10-09,22.15,22.15,23.05,22.15,22.95,228000
2024-10-11,21.85,21.85,22.7,21.85,22.25,229000
2024-10-14,22.1,22.1,22.2,21.7,21.85,157000
2024-10-15,24.3,24.3,24.3,22.35,22.35,955000
2024-10-16,23.1,23.1,24.3,23.1,24.3,1538000
2024-10-17,23.7,23.7,24.45,23.3,23.35,686000
2024-10-18,23.1,23.1,23.95,23.1,23.95,297000
2024-10-21,23.15,23.15,23.3,23.05,23.15,204000
2024-10-22,23.1,23.1,23.3,22.85,23.3,171000
2024-10-23,23.45,23.45,23.7,23.1,23.1,321000
2024-10-24,23.1,23.1,23.65,23.1,23.65,213000
2024-10-25,23.2,23.2,23.3,23.1,23.15,99000
2024-10-28,22.65,22.65,23.5,22.65,23.5,253000
2024-10-29,24.9,24.9,24.9,22.95,23.05,4738000
2024-10-30,25.05,25.05,27.3,25.0,25.8,11131000
2024-11-01,25.3,25.3,26.2,23.95,24.3,2022000
2024-11-04,23.85,23.85,25.15,23.7,25.1,1345000
2024-11-05,23.8,23.8,24.1,23.5,23.5,461000
2024-11-06,23.95,23.95,24.15,23.5,23.5,455000
2024-11-07,24.05,24.05,24.55,23.8,23.95,525000
2024-11-08,23.1,23.1,24.05,23.1,24.0,792000
2024-11-11,22.7,22.7,23.5,22.55,23.15,601000
2024-11-12,22.25,22.25,23.45,22.2,23.15,494000
2024-11-13,22.3,22.3,22.7,22.1,22.25,267000
2024-11-14,21.8,21.8,22.4,21.75,22.3,418000
2024-11-15,21.7,21.7,22.2,21.7,22.2,241000
2024-11-18,21.35,21.35,22.0,21.35,21.7,313000
2024-11-19,22.15,22.15,22.2,21.5,21.55,233000
2024-11-20,21.8,21.8,22.3,21.65,22.3,260000
2024-11-21,21.85,21.85,22.0,21.55,21.85,93000
2024-11-22,22.1,22.1,22.55,21.85,21.85,300000
2024-11-25,22.2,22.2,22.4,22.15,22.15,210000
2024-11-26,22.1,22.1,22.35,22.0,22.1,164000
2024-11-27,22.45,22.45,23.8,22.4,22.5,1246000
2024-11-28,21.9,21.9,22.45,21.7,22.45,333000
2024-11-29,21.95,21.95,22.2,21.75,21.75,114000
2024-12-02,21.75,21.75,22.05,21.75,22.05,141000
2024-12-03,22.0,22.0,22.3,21.95,22.05,416000
2024-12-04,22.2,22.2,22.3,21.95,22.2,181000
2024-12-05,22.0,22.0,22.45,22.0,22.45,123000
2024-12-06,21.85,21.85,22.25,21.85,22.05,208000
2024-12-09,21.5,21.5,21.85,21.5,21.85,241000
2024-12-10,20.85,20.85,21.7,20.8,21.7,443000
2024-12-11,20.35,20.35,20.85,20.1,20.85,257000
2024-12-12,20.65,20.65,21.45,20.35,20.35,481000
2024-12-13,20.0,20.0,21.0,19.95,21.0,293000
2024-12-16,19.05,19.05,19.9,19.0,19.9,565000
2024-12-17,19.4,19.4,19.65,19.3,19.3,204000
2024-12-18,19.45,19.45,19.5,19.0,19.15,139000
2024-12-19,19.35,19.35,19.55,19.1,19.2,81000
2024-12-20,19.2,19.2,19.65,19.05,19.35,96000
2024-12-23,19.55,19.55,20.35,19.25,19.25,281000
2024-12-24,19.55,19.55,19.9,19.45,19.7,89000
2024-12-25,19.75,19.75,19.8,19.6,19.6,50000
2024-12-26,19.95,19.95,20.35,19.8,19.8,226000
2024-12-27,19.6,19.6,20.5,19.6,20.05,281000
2024-12-30,19.3,19.3,19.75,19.25,19.55,159000
2024-12-31,19.45,19.45,19.6,19.1,19.2,94000
2025-01-02,19.5,19.5,19.8,19.25,19.55,73000
2025-01-03,19.3,19.3,19.55,19.15,19.45,122000
2025-01-06,19.65,19.65,19.7,19.25,19.55,117000
2025-01-07,19.55,19.55,19.9,19.55,19.7,95000
2025-01-08,19.65,19.65,19.95,19.4,19.55,174000
2025-01-09,19.1,19.1,19.8,19.1,19.7,173000
2025-01-10,18.55,18.55,19.35,18.4,18.5,310000
2025-01-13,17.0,17.0,18.5,17.0,18.5,928000
2025-01-14,17.35,17.35,17.55,17.0,17.0,326000
2025-01-15,17.35,17.35,17.55,17.25,17.55,148000
2025-01-16,18.05,18.05,18.85,17.75,17.85,790000
2025-01-17,19.2,19.2,19.5,18.05,18.5,1035000
2025-01-20,18.95,18.95,19.5,18.6,19.5,333000
2025-01-21,18.45,18.45,18.95,18.45,18.95,178000
2025-01-22,18.6,18.6,18.75,18.4,18.75,144000
2025-02-03,18.15,18.15,18.55,17.85,18.55,194000
2025-02-04,18.25,18.25,18.5,17.8,18.2,167000
2025-02-05,18.95,18.95,18.95,17.8,17.8,281000
2025-02-06,19.05,19.05,19.45,19.0,19.0,136000
2025-02-07,19.3,19.3,19.3,19.0,19.0,125000
2025-02-10,19.45,19.45,19.5,19.05,19.1,115000
2025-02-11,20.4,20.4,20.4,19.7,19.9,455000
2025-02-12,21.05,21.05,21.45,20.5,20.5,717000
2025-02-13,21.0,21.0,21.35,20.8,21.05,263000
2025-02-14,21.15,21.15,21.15,20.75,21.0,159000
2025-02-17,21.15,21.15,21.3,21.0,21.2,195000
2025-02-18,20.95,20.95,21.35,20.85,21.2,204000
2025-02-19,22.1,22.1,22.35,20.85,20.85,790000
2025-02-20,22.2,22.2,23.4,22.0,22.2,772000
2025-02-21,22.0,22.0,22.55,22.0,22.25,323000
2025-02-24,22.25,22.25,22.35,21.8,21.8,187000
2025-02-25,22.1,22.1,22.3,21.95,22.25,122000
2025-02-26,22.15,22.15,22.65,21.9,21.9,196000
2025-02-27,22.15,22.15,22.55,22.0,22.25,207000
2025-03-03,22.2,22.2,22.3,21.85,22.3,198000
2025-03-04,22.35,22.35,22.4,21.8,21.95,241000
2025-03-05,22.3,22.3,22.6,22.15,22.35,193000
2025-03-06,21.9,21.9,22.2,21.8,22.15,242000
2025-03-07,21.4,21.4,22.0,21.4,21.9,142000
2025-03-10,21.1,21.1,21.45,21.1,21.25,152000
2025-03-11,20.35,20.35,20.5,19.8,20.45,326000
2025-03-12,20.6,20.6,20.9,20.45,20.55,158000
2025-03-13,20.1,20.1,20.95,20.1,20.45,192000
2025-03-14,20.5,20.5,20.5,20.1,20.1,114000
2025-03-17,20.15,20.15,20.8,20.05,20.5,200000
2025-03-18,19.9,19.9,20.2,19.85,20.1,272000
2025-03-19,19.6,19.6,20.1,19.55,19.9,243000
2025-03-20,19.5,19.5,19.75,19.4,19.4,197000
2025-03-21,19.2,19.2,19.6,19.2,19.5,131000
2025-03-24,19.15,19.15,19.6,19.15,19.6,88000
2025-03-25,18.75,18.75,19.7,18.75,19.2,311000
2025-03-26,19.3,19.3,19.3,18.75,18.75,172000
2025-03-27,19.05,19.05,19.25,19.0,19.25,60000
2025-03-28,18.3,18.3,19.0,18.2,19.0,254000
2025-03-31,17.0,17.0,18.05,17.0,18.05,506000
2025-04-01,17.5,17.5,17.6,17.05,17.05,327000
2025-04-02,17.9,17.9,18.0,17.3,17.9,133000
2025-04-07,16.15,16.15,16.15,16.15,16.15,93000
2025-04-08,14.55,14.55,14.55,14.55,14.55,1535000
2025-04-09,13.1,13.1,13.95,13.1,13.5,840000
2025-04-10,14.0,14.0,14.4,13.65,14.0,1633000
2025-04-11,12.85,12.85,13.1,12.6,12.6,2103000
2025-04-14,13.6,13.6,13.95,13.2,13.95,841000
2025-04-15,14.95,14.95,14.95,13.85,14.05,1424000
2025-04-16,14.5,14.5,14.9,14.2,14.8,1075000
2025-04-17,14.75,14.75,14.95,14.2,14.25,424000
2025-04-18,15.3,15.3,15.85,14.65,14.65,820000
2025-04-21,14.85,14.85,15.45,14.8,15.3,453000
2025-04-22,14.6,14.6,14.95,14.5,14.85,220000
2025-04-23,15.05,15.05,15.35,14.8,15.35,149000
2025-04-24,14.9,14.9,15.35,14.9,15.35,203000
2025-04-25,15.0,15.0,15.3,14.9,15.2,343000
2025-04-28,15.5,15.5,15.65,15.15,15.15,462000
2025-04-29,16.2,16.2,16.3,15.6,15.7,337000
2025-04-30,17.05,17.05,17.3,16.5,16.6,687000
2025-05-02,17.45,17.45,17.5,17.0,17.5,386000
2025-05-05,17.25,17.25,18.25,16.05,17.5,470000
2025-05-06,17.55,17.55,17.6,17.15,17.25,194000
2025-05-07,16.85,16.85,17.45,16.65,17.45,364000
2025-05-08,17.7,17.7,17.7,16.75,16.75,321000
2025-05-09,17.95,17.95,18.45,17.6,17.6,279000
2025-05-12,18.55,18.55,18.55,18.1,18.1,310000
2025-05-13,18.7,18.7,19.45,18.65,18.8,319000
2025-05-14,18.55,18.55,19.3,18.5,18.7,288000
2025-05-15,18.55,18.55,19.0,18.5,18.55,142000
2025-05-16,18.7,18.7,18.8,18.4,18.75,196000
2025-05-19,19.2,19.2,19.95,18.7,18.7,849000
2025-05-20,20.65,20.65,21.05,19.15,19.65,1501000
2025-05-21,19.75,19.75,20.95,19.7,20.95,950000
2025-05-22,19.6,19.6,19.8,19.3,19.6,328000
2025-05-23,19.35,19.35,19.95,19.35,19.85,249000
2025-05-26,19.35,19.35,19.7,19.2,19.7,121000
2025-05-27,18.75,18.75,19.6,18.65,19.45,308000
2025-05-28,17.95,17.95,19.05,17.8,18.75,766000
2025-05-29,17.8,17.8,18.25,17.55,18.25,360000
2025-06-02,17.15,17.15,17.7,16.7,17.7,751000
2025-06-03,17.2,17.2,17.45,17.15,17.15,171000
2025-06-04,17.7,17.7,18.5,17.25,17.25,462000
2025-06-05,17.95,17.95,18.35,17.75,17.9,269000
2025-06-06,17.6,17.6,18.0,17.5,18.0,161000
2025-06-09,17.35,17.35,17.7,17.35,17.7,113000
2025-06-10,17.8,17.8,17.8,17.5,17.5,128000
2025-06-11,17.8,17.8,17.9,17.6,17.6,201000
2025-06-12,17.85,17.85,18.0,17.6,17.9,166000
2025-06-13,17.35,17.35,17.85,17.35,17.85,274000
2025-06-16,17.2,17.2,17.45,17.1,17.35,177000
2025-06-17,17.1,17.1,17.5,17.05,17.4,67000
2025-06-18,17.0,17.0,17.2,16.85,17.05,150000
2025-06-19,18.3,18.3,18.7,17.0,17.0,3107000
2025-06-20,18.3,18.3,19.5,18.0,18.1,3394000
2025-06-23,18.55,18.55,19.0,18.05,19.0,1694000
2025-06-24,18.35,18.35,19.6,18.3,18.8,1469000
2025-06-25,18.55,18.55,19.5,18.35,18.6,2231000
2025-06-26,18.6,18.6,19.0,18.45,18.75,780000
2025-06-27,18.15,18.15,18.7,18.05,18.6,587000
2025-06-30,17.85,17.85,18.2,17.7,18.15,499000
2025-07-01,18.1,18.1,18.3,17.9,17.9,349000
2025-07-02,18.1,18.1,18.35,17.85,18.0,434000
2025-07-03,17.9,17.9,18.3,17.85,18.3,228000
2025-07-04,17.5,17.5,18.15,17.25,18.15,257000
2025-07-07,17.1,17.1,17.65,17.1,17.65,178000
2025-07-08,16.85,16.85,17.1,16.6,17.1,249000
2025-07-09,16.85,16.85,17.0,16.75,16.85,117000
2025-07-10,16.55,16.55,16.85,16.4,16.85,179000
2025-07-11,16.65,16.65,16.9,16.15,16.55,465000
2025-07-14,16.45,16.45,16.8,16.4,16.8,113000
2025-07-15,17.1,17.1,17.15,16.4,16.5,310000
2025-07-16,16.95,16.95,17.45,16.95,17.45,164000
2025-07-17,17.0,17.0,17.2,16.75,17.05,314000
2025-07-18,17.0,17.0,17.1,16.55,17.1,395000
2025-07-21,16.85,16.85,17.05,16.8,17.0,106000
2025-07-22,16.25,16.25,17.0,16.2,17.0,401000
2025-07-23,16.45,16.45,16.7,16.4,16.4,145000
2025-07-24,16.5,16.5,16.75,16.4,16.5,108000
2025-07-25,16.3,16.3,16.55,16.3,16.5,87000
2025-07-28,16.55,16.55,17.15,16.3,16.3,624000
2025-07-29,16.25,16.25,16.55,16.2,16.55,216000
2025-07-30,16.2,16.2,16.3,16.05,16.25,120000
2025-07-31,15.75,15.75,16.2,15.75,16.2,197000
2025-08-01,16.2,16.2,16.25,15.5,15.65,307000
2025-08-04,16.55,16.55,16.9,16.15,16.2,284000
2025-08-05,16.8,16.8,16.9,16.5,16.65,165000
2025-08-06,16.7,16.7,16.8,16.6,16.8,77000
2025-08-07,16.75,16.75,16.9,16.5,16.7,308000
2025-08-08,16.7,16.7,17.25,16.65,16.8,378000
2025-08-11,16.4,16.4,16.7,16.3,16.7,204000
2025-08-12,16.6,16.6,16.65,16.4,16.45,241000
2025-08-13,17.1,17.1,17.45,16.75,16.75,347000
2025-08-14,17.0,17.0,17.3,16.9,17.3,152000
2025-08-15,17.55,17.55,17.65,16.95,17.0,409000
2025-08-18,18.9,18.9,19.1,17.6,17.6,1371000
2025-08-19,18.7,18.7,19.2,18.45,19.2,643000
2025-08-20,18.05,18.05,18.9,18.05,18.85,300000
2025-08-21,18.15,18.15,18.6,18.05,18.05,286000
2025-08-22,18.6,18.6,19.2,17.85,18.15,343000
2025-08-25,18.35,18.35,19.0,18.35,18.9,300000
2025-08-26,18.3,18.3,18.45,18.05,18.45,107000
2025-08-27,18.4,18.4,18.55,18.1,18.5,237000
2025-08-28,18.6,18.6,18.8,18.2,18.25,305000
2025-08-29,18.4,18.4,18.75,18.3,18.45,192000
2025-09-01,18.7,18.7,18.7,17.7,18.15,289000
2025-09-02,17.75,17.75,18.5,17.45,18.5,477000
2025-09-03,17.2,17.2,17.6,17.05,17.05,260000
2025-09-04,16.6,16.6,17.45,16.0,17.2,977000
2025-09-05,16.7,16.7,16.9,16.6,16.7,232000
2025-09-08,16.6,16.6,16.75,16.35,16.7,256000
2025-09-09,16.5,16.5,16.85,16.5,16.6,263000
2025-09-10,16.55,16.55,16.95,16.5,16.95,200000
2025-09-11,16.1,16.1,16.7,16.0,16.55,400000
2025-09-12,16.2,16.2,16.45,16.15,16.3,138000
2025-09-15,16.1,16.1,16.2,16.0,16.2,188000
2025-09-16,17.7,17.7,17.7,16.05,16.1,736000
2025-09-17,19.45,19.45,19.45,18.75,18.75,2264000
2025-09-18,19.6,19.6,20.05,19.15,19.3,2154000
2025-09-19,20.25,20.25,20.8,19.65,19.65,1129000
2025-09-22,19.55,19.55,20.35,19.5,20.35,657000
2025-09-23,19.1,19.1,19.55,18.8,19.55,634000
2025-09-24,19.0,19.0,19.3,18.85,19.1,419000
2025-09-25,18.85,18.85,19.35,18.8,19.0,150000
2025-09-26,18.05,18.05,18.8,17.9,18.8,375000
2025-09-30,18.65,18.65,18.8,18.05,18.05,244000
2025-10-01,18.2,18.2,19.0,18.0,19.0,328000
2025-10-02,18.35,18.35,18.7,18.2,18.2,169000
2025-10-03,18.45,18.45,18.55,18.0,18.4,189000
2025-10-07,18.6,18.6,19.1,18.45,18.45,304000
2025-10-08,18.65,18.65,18.65,18.25,18.55,222000
2025-10-09,18.8,18.8,19.8,18.6,19.8,273000
2025-10-13,18.75,18.75,18.75,18.0,18.1,137000
2025-10-14,17.5,17.5,19.25,17.5,19.25,409000
2025-10-15,17.75,17.75,17.9,17.6,17.65,202000
2025-10-16,18.2,18.2,19.0,18.0,18.2,274000
2025-10-17,18.7,18.7,18.75,18.2,18.2,247000
2025-10-20,18.4,18.4,18.7,18.3,18.7,150000
2025-10-21,18.25,18.25,18.6,18.25,18.5,223000
2025-10-22,18.35,18.35,18.75,18.05,18.05,163000
2025-10-23,18.2,18.2,18.6,17.95,18.35,202000
2025-10-27,17.95,17.95,18.5,17.75,18.2,236000
2025-10-28,17.3,17.3,17.8,17.3,17.8,298000
2025-10-29,17.25,17.25,17.55,17.05,17.5,292000
2025-10-30,17.2,17.2,17.5,17.15,17.5,273000
2025-10-31,17.15,17.15,17.4,17.1,17.25,51000
2025-11-03,17.25,17.25,18.0,17.15,17.15,246000
2025-11-04,17.2,17.2,17.7,16.85,17.7,281000
2025-11-05,16.75,16.75,16.9,16.5,16.9,233000
2025-11-06,16.75,16.75,17.0,16.6,17.0,80000
2025-11-07,17.05,17.05,17.15,16.7,16.75,107000
2025-11-10,16.85,16.85,17.05,16.7,16.8,129000
2025-11-11,17.0,17.0,17.3,16.75,16.85,167000
2025-11-12,17.2,17.2,17.3,16.95,17.1,158000
2025-11-13,16.9,16.9,17.2,16.9,17.2,165000
2025-11-14,17.0,17.0,17.25,16.6,16.65,204000
2025-11-17,16.65,16.65,17.4,16.35,17.4,298000
2025-11-18,16.5,16.5,16.7,16.2,16.5,171000
2025-11-19,16.25,16.25,16.5,16.25,16.5,172000
2025-11-20,16.35,16.35,16.6,16.25,16.25,254000
2025-11-21,16.25,16.25,16.65,16.15,16.5,214000
2025-11-24,17.45,17.45,17.8,16.7,17.6,348000
2025-11-25,16.8,16.8,17.6,16.8,17.4,132000
2025-11-26,17.15,17.15,17.2,16.95,17.1,76000
2025-11-27,17.4,17.4,17.7,17.25,17.3,166000
2025-11-28,17.5,17.5,17.7,17.2,17.3,85000
2025-12-01,17.9,17.9,18.1,17.5,17.55,286000
2025-12-02,17.75,17.75,18.15,17.5,18.15,136000
2025-12-03,17.9,17.9,17.9,17.6,17.7,166000
2025-12-04,17.8,17.8,18.0,17.7,17.7,87000
2025-12-05,17.75,17.75,18.05,17.6,17.75,177000
2025-12-08,18.0,18.0,18.4,17.9,17.95,208000
2025-12-09,18.4,18.4,18.4,17.55,18.1,399000
2025-12-10,18.3,18.3,18.5,18.0,18.35,167000
2025-12-11,18.05,18.05,18.25,17.8,18.25,204000
2025-12-12,17.9,17.9,18.0,17.8,18.0,99000
2025-12-15,17.75,17.75,18.0,17.7,17.8,97000
2025-12-16,17.45,17.45,17.65,17.35,17.65,118000
2025-12-17,17.5,17.5,17.8,17.4,17.8,73000
2025-12-18,17.8,17.8,18.1,17.55,18.1,93000
2025-12-19,18.05,18.05,18.15,17.8,17.8,236000
2025-12-22,18.6,18.6,18.7,18.3,18.3,565000
2025-12-23,17.8,17.8,18.0,17.7,18.0,212000
2025-12-24,17.95,17.95,18.0,17.75,17.75,122000
2025-12-26,17.7,17.7,18.0,17.65,18.0,173000
2025-12-29,17.65,17.65,17.7,17.5,17.6,113000
2025-12-30,17.4,17.4,17.5,17.3,17.5,152000
2025-12-31,17.05,17.05,17.2,16.95,17.2,220000
2026-01-02,16.8,16.8,17.1,16.75,17.1,231000
2026-01-05,16.3,16.3,16.8,16.2,16.8,323000
2026-01-06,16.75,16.75,16.85,16.3,16.3,137000
2026-01-07,16.75,16.75,17.1,16.35,17.1,240000
2026-01-08,16.5,16.5,16.7,16.3,16.7,198000
2026-01-09,16.35,16.35,16.5,16.2,16.45,271000
2026-01-12,16.65,16.65,16.8,16.3,16.5,481000
2026-01-13,16.1,16.1,16.8,16.0,16.8,977000
2026-01-14,16.4,16.4,16.6,16.15,16.3,400000
2026-01-15,16.3,16.3,16.5,16.2,16.5,164000
2026-01-16,16.3,16.3,16.45,16.25,16.3,282000
2026-01-19,16.35,16.35,16.5,16.3,16.5,394000
2026-01-20,16.4,16.4,16.7,16.3,16.35,396000
2026-01-21,15.8,15.8,16.1,15.25,16.0,1292000
2026-01-22,15.85,15.85,15.95,15.75,15.85,597000
2026-01-23,15.7,15.7,15.9,15.65,15.75,459000
2026-01-26,15.8,15.8,15.8,15.6,15.7,296000
2026-01-27,15.85,15.85,16.0,15.8,15.8,264000
2026-01-28,15.95,15.95,16.0,15.8,15.85,272000
2026-01-29,15.8,15.8,15.9,15.75,15.9,191000
2026-01-30,15.65,15.65,15.7,15.55,15.7,174000
2026-02-02,15.2,15.2,15.8,15.2,15.8,273000
2026-02-03,15.05,15.05,15.5,14.9,15.3,301000
2026-02-04,15.45,15.45,15.5,14.8,15.0,314000
2026-02-05,15.15,15.15,15.4,15.15,15.4,106000
2026-02-06,14.8,14.8,15.05,14.55,15.05,311000
2026-02-09,14.7,14.7,14.95,14.6,14.95,235000
2026-02-10,14.55,14.55,14.65,14.35,14.65,257000
2026-02-11,14.55,14.55,14.7,14.35,14.5,394000
2026-02-23,14.9,14.9,15.1,14.5,14.55,538000
2026-02-24,15.15,15.15,15.15,14.9,14.9,302000
2026-02-25,15.25,15.25,15.35,15.15,15.2,225000
2026-02-26,15.05,15.05,15.35,15.0,15.25,284000
2026-03-02,15.0,15.0,15.05,14.9,14.9,260000
2026-03-03,14.65,14.65,15.0,14.55,15.0,234000
2026-03-04,14.0,14.0,14.65,13.85,14.65,244000
2026-03-05,14.5,14.5,14.65,14.2,14.2,220000
2026-03-06,14.65,14.65,14.7,14.0,14.0,106000
2026-03-09,13.6,13.6,14.1,13.4,14.0,499000
2026-03-10,14.0,14.0,14.45,13.8,14.0,112000
2026-03-11,14.2,14.2,14.3,14.0,14.0,239000
2026-03-12,14.05,14.05,14.2,13.8,13.95,358000
2026-03-13,13.95,13.95,14.0,13.7,13.95,213000
2026-03-16,13.9,13.9,14.0,13.7,13.95,172000
2026-03-17,14.05,14.05,14.15,13.9,14.0,209000
2026-03-18,13.95,13.95,14.05,13.55,14.05,208000
2026-03-19,13.65,13.65,13.95,13.65,13.9,234000
2026-03-20,13.6,13.6,13.8,13.45,13.8,203000
2026-03-23,13.3,13.3,13.65,13.3,13.6,304000
2026-03-24,13.05,13.05,13.35,12.9,13.35,338000
2026-03-25,13.3,13.3,13.5,13.1,13.1,227000
2026-03-26,13.15,13.15,13.35,13.05,13.35,107000
2026-03-27,13.15,13.15,13.2,12.9,13.1,139000
2026-03-30,12.9,12.9,13.05,12.8,12.85,192000
2026-03-31,12.5,12.5,12.85,12.45,12.65,339000
2026-04-01,12.7,12.7,12.85,12.5,12.7,219000
2026-04-02,12.5,12.5,12.75,12.3,12.55,160000
2026-04-07,12.4,12.4,12.5,12.25,12.4,171000
2026-04-08,12.65,12.65,12.65,12.4,12.5,171000
2026-04-09,12.5,12.5,12.6,12.3,12.6,219000
2026-04-10,12.55,12.55,12.6,12.4,12.5,216000
2026-04-13,12.35,12.35,12.6,12.25,12.25,109000
2026-04-14,12.05,12.05,12.35,12.05,12.35,438000
2026-04-15,12.15,12.15,12.2,11.9,12.0,707000
2026-04-16,12.15,12.15,12.25,12.05,12.15,240000
2026-04-17,13.35,13.35,13.35,12.1,12.1,515000
2026-04-20,14.65,14.65,14.65,14.6,14.65,710000
2026-04-21,14.4,14.4,16.0,14.0,16.0,1655000
2026-04-22,14.5,14.5,14.9,14.1,14.4,490000
2026-04-23,13.7,13.7,14.45,13.5,14.45,324000
2026-04-24,13.5,13.5,13.8,13.35,13.7,272000
2026-04-27,13.1,13.1,13.7,12.95,13.7,293000
2026-04-28,13.4,13.4,13.45,12.95,13.15,273000
2026-04-29,13.15,13.15,13.5,13.15,13.25,196000
2026-04-30,13.0,13.0,13.15,12.95,13.1,152000
2026-05-04,12.8,12.8,13.5,12.6,13.5,325000
2026-05-05,12.9,12.9,13.2,12.65,12.8,261000
2026-05-06,12.95,12.95,13.3,12.75,12.9,229000
2026-05-07,12.9,12.9,12.95,12.65,12.95,284000
2026-05-08,12.6,12.6,12.95,12.6,12.9,253000
2026-05-11,12.75,12.75,12.95,12.7,12.95,154000
2026-05-12,12.3,12.3,12.65,12.1,12.65,498000
2026-05-13,12.2,12.2,12.45,12.0,12.2,537000
2026-05-14,12.05,12.05,12.9,11.95,12.9,434000
2026-05-15,12.05,12.05,12.35,12.0,12.1,505000
2026-05-18,12.0,12.0,12.1,11.9,12.1,233000
2026-05-19,11.8,11.8,12.3,11.75,12.05,422000
2026-05-20,11.8,11.8,11.95,11.7,11.75,153000
2026-05-21,11.95,11.95,12.1,11.8,11.85,263000
2026-05-22,11.95,11.95,12.15,11.9,12.1,396000
2026-05-25,12.4,12.4,12.4,11.8,12.0,902000
2026-05-26,12.15,12.15,12.4,12.0,12.4,352000
2026-05-27,11.85,11.85,12.1,11.8,12.05,386000
2026-05-28,11.75,11.75,12.05,11.65,11.65,305000
2026-05-29,11.8,11.8,11.95,11.7,11.8,196000
2026-06-01,12.1,12.1,12.15,11.65,11.8,448000
2026-06-02,13.3,13.3,13.3,11.95,12.0,1481000
2026-06-03,14.6,14.6,14.6,13.3,13.4,2615000
2026-06-04,13.9,13.9,14.6,13.9,14.6,1394000
2026-06-05,13.65,13.65,13.85,13.35,13.85,362000
2026-06-08,12.9,12.9,12.95,12.4,12.4,259000
2026-06-09,13.0,13.0,13.25,12.85,12.9,231000
2026-06-10,12.7,12.7,13.0,12.55,13.0,280000
2026-06-11,12.5,12.5,12.75,12.4,12.7,251000
2026-06-12,12.55,12.55,12.85,12.55,12.6,158000
2026-06-15,12.55,12.55,12.75,12.55,12.55,132000
2026-06-16,12.3,12.3,12.55,12.3,12.55,141000
2026-06-17,12.5,12.5,12.6,12.35,12.6,173000
2026-06-18,12.6,12.6,12.7,12.5,12.6,179000
2026-06-22,12.7,12.7,12.9,12.5,12.55,218000
2026-06-23,12.65,12.65,12.7,12.55,12.65,134000
2026-06-24,12.75,12.75,12.75,12.5,12.55,227000
2026-06-25,12.5,12.5,12.75,12.5,12.75,214000
2026-06-26,12.0,12.0,12.5,12.0,12.5,290000
2026-06-29,12.2,12.2,12.3,12.0,12.0,133000
2026-06-30,13.3,13.3,13.4,12.3,12.3,658000
2026-07-01,12.95,12.95,13.25,12.8,13.25,449000
2026-07-02,12.95,12.95,13.0,12.8,12.8,156000
2026-07-03,13.4,13.4,13.45,12.95,13.1,327000
2026-07-06,13.4,13.4,13.65,13.3,13.65,320000
2026-07-07,13.0,13.0,13.5,13.0,13.4,176000
2026-07-08,12.95,12.95,13.0,12.8,12.8,110000
2026-07-09,12.9,12.9,13.05,12.8,12.8,82000
2026-07-13,13.0,13.0,13.6,12.8,13.6,261000
2026-07-14,12.7,12.7,13.1,12.6,13.0,289000
2026-07-15,12.95,12.95,13.2,12.7,12.7,93000
2026-07-16,12.85,12.85,13.1,12.85,12.85,133000
2026-07-17,12.3,12.3,12.75,12.25,12.6,228000
2026-07-20,12.35,12.35,12.55,12.0,12.3,110000
2026-07-21,12.5,12.5,12.55,12.3,12.3,57000
2026-07-22,12.8,12.8,12.9,12.5,12.5,106000
2026-07-23,12.7,12.7,13.25,12.5,13.1,126000
2026-07-24,12.3,12.3,12.6,12.15,12.4,151000
2026-07-27,12.3,12.3,12.35,12.05,12.3,196000
2026-07-28,11.7,11.7,12.1,11.7,12.1,331000
2026-07-29,11.55,11.55,11.8,10.95,11.8,377000
2026-07-30,11.6,11.6,11.6,11.05,11.6,119000
2026-07-31,11.8,11.8,12.1,11.6,12.0,123000
2026-08-03,11.85,11.85,12.05,11.8,11.8,160000
2026-08-04,12.05,12.05,12.1,11.8,11.8,64000
2026-08-05,12.05,12.05,12.3,11.9,12.1,150000
2026-08-06,11.95,11.95,12.05,11.8,12.05,62000
2026-08-07,12.0,12.0,12.0,11.85,11.85,38000
2026-08-10,11.9,11.9,12.0,11.85,11.9,74000
2026-08-11,11.7,11.7,11.95,11.65,11.95,100000
2026-08-12,11.9,11.9,12.1,11.8,11.8,29000
2026-08-13,11.65,11.65,11.9,11.6,11.8,138000
2026-08-14,11.4,11.4,11.9,11.4,11.9,192000
2026-08-17,11.55,11.55,11.65,11.3,11.65,75000
2026-08-18,11.25,11.25,11.45,11.2,11.4,144000
2026-08-19,11.3,11.3,11.4,11.1,11.1,92000
2026-08-20,11.3,11.3,11.4,11.1,11.4,75000
2026-08-21,11.3,11.3,11.4,11.2,11.4,102000
2026-08-24,11.2,11.2,11.35,11.15,11.15,44518
2026-08-25,11.25,11.25,11.3,11.0,11.2,131220
2026-08-26,11.25,11.25,11.35,11.15,11.25,124235
2026-08-27,11.25,11.25,11.25,11.1,11.2,142142
2026-08-28,11.25,11.25,11.25,11.1,11.15,113989
2026-08-31,11.55,11.55,11.55,11.15,11.25,114325
2026-09-01,11.35,11.35,11.55,11.3,11.45,64832
2026-09-02,11.25,11.25,11.4,11.1,11.3,122526
2026-09-03,11.15,11.15,11.25,11.15,11.25,61946
2026-09-04,11.2,11.2,11.4,11.1,11.15,56012
2026-09-07,11.4,11.4,11.45,11.25,11.3,41070
2026-09-08,11.15,11.15,11.4,11.15,11.4,62398
2026-09-09,11.25,11.25,11.35,11.15,11.15,74472
2026-09-10,11.25,11.25,11.25,11.15,11.25,68779
2026-09-11,11.05,11.05,11.25,11.05,11.25,165863
2026-09-14,11.1,11.1,11.3,11.0,11.05,43093
