Date,Adj Close,Close,High,Low,Open,Volume
2016-08-12,19.55,19.55,19.55,19.45,19.55,18957
2016-08-15,19.55,19.55,19.55,19.45,19.55,18957
2016-08-16,19.55,19.55,19.55,19.45,19.55,18957
2016-08-17,19.55,19.55,19.55,19.45,19.55,18957
2016-08-18,19.55,19.55,19.55,19.45,19.55,18957
2016-08-19,19.55,19.55,19.55,19.45,19.55,18957
2016-08-22,19.55,19.55,19.55,19.45,19.55,18957
2016-08-23,19.55,19.55,19.55,19.45,19.55,18957
2016-08-24,19.55,19.55,19.55,19.45,19.55,18957
2016-08-25,19.55,19.55,19.55,19.45,19.55,18957
2016-08-26,19.55,19.55,19.55,19.45,19.55,18957
2016-08-29,19.55,19.55,19.55,19.45,19.55,18957
2016-08-30,19.55,19.55,19.55,19.45,19.55,18957
2016-08-31,19.55,19.55,19.55,19.45,19.55,18957
2016-09-01,19.55,19.55,19.55,19.45,19.55,18957
2016-09-02,19.55,19.55,19.55,19.45,19.55,18957
2016-09-05,19.55,19.55,19.55,19.45,19.55,18957
2016-09-06,19.55,19.55,19.55,19.45,19.55,18957
2016-09-07,19.55,19.55,19.55,19.45,19.55,18957
2016-09-08,19.55,19.55,19.55,19.45,19.55,18957
2016-09-09,19.55,19.55,19.55,19.45,19.55,18957
2016-09-12,19.55,19.55,19.55,19.45,19.55,18957
2016-09-13,19.55,19.55,19.55,19.45,19.55,18957
2016-09-14,19.55,19.55,19.55,19.45,19.55,18957
2016-09-15,19.55,19.55,19.55,19.45,19.55,18957
2016-09-16,19.55,19.55,19.55,19.45,19.55,18957
2016-09-19,19.55,19.55,19.55,19.45,19.55,18957
2016-09-20,19.55,19.55,19.55,19.45,19.55,18957
2016-09-21,19.55,19.55,19.55,19.45,19.55,18957
2016-09-22,19.55,19.55,19.55,19.45,19.55,18957
2016-09-23,19.55,19.55,19.55,19.45,19.55,18957
2016-09-26,19.55,19.55,19.55,19.45,19.55,18957
2016-09-27,19.55,19.55,19.55,19.45,19.55,18957
2016-09-28,19.55,19.55,19.55,19.45,19.55,18957
2016-09-29,19.55,19.55,19.55,19.45,19.55,18957
2016-09-30,19.55,19.55,19.55,19.45,19.55,18957
2016-10-03,19.55,19.55,19.55,19.45,19.55,18957
2016-10-04,19.55,19.55,19.55,19.45,19.55,18957
2016-10-05,19.55,19.55,19.55,19.45,19.55,18957
2016-10-06,19.55,19.55,19.55,19.45,19.55,18957
2016-10-07,19.55,19.55,19.55,19.45,19.55,18957
2016-10-10,19.55,19.55,19.55,19.45,19.55,18957
2016-10-11,19.55,19.55,19.55,19.45,19.55,18957
2016-10-12,19.55,19.55,19.55,19.45,19.55,18957
2016-10-13,19.55,19.55,19.55,19.45,19.55,18957
2016-10-14,19.55,19.55,19.55,19.45,19.55,18957
2016-10-17,19.55,19.55,19.55,19.45,19.55,18957
2016-10-18,19.55,19.55,19.55,19.45,19.55,18957
2016-10-19,19.55,19.55,19.55,19.45,19.55,18957
2016-10-20,19.55,19.55,19.55,19.45,19.55,18957
2016-10-21,19.55,19.55,19.55,19.45,19.55,18957
2016-10-24,19.55,19.55,19.55,19.45,19.55,18957
2016-10-25,19.55,19.55,19.55,19.45,19.55,18957
2016-10-26,19.55,19.55,19.55,19.45,19.55,18957
2016-10-27,19.55,19.55,19.55,19.45,19.55,18957
2016-10-28,19.55,19.55,19.55,19.45,19.55,18957
2016-10-31,19.55,19.55,19.55,19.45,19.55,18957
2016-11-01,19.55,19.55,19.55,19.45,19.55,18957
2016-11-02,19.55,19.55,19.55,19.45,19.55,18957
2016-11-03,19.55,19.55,19.55,19.45,19.55,18957
2016-11-04,19.55,19.55,19.55,19.45,19.55,18957
2016-11-07,19.55,19.55,19.55,19.45,19.55,18957
2016-11-08,19.55,19.55,19.55,19.45,19.55,18957
2016-11-09,19.55,19.55,19.55,19.45,19.55,18957
2016-11-10,19.55,19.55,19.55,19.45,19.55,18957
2016-11-11,19.55,19.55,19.55,19.45,19.55,18957
2016-11-14,19.55,19.55,19.55,19.45,19.55,18957
2016-11-15,19.55,19.55,19.55,19.45,19.55,18957
2016-11-16,19.55,19.55,19.55,19.45,19.55,18957
2016-11-17,19.55,19.55,19.55,19.45,19.55,18957
2016-11-18,19.55,19.55,19.55,19.45,19.55,18957
2016-11-21,19.55,19.55,19.55,19.45,19.55,18957
2016-11-22,19.55,19.55,19.55,19.45,19.55,18957
2016-11-23,19.55,19.55,19.55,19.45,19.55,18957
2016-11-24,19.55,19.55,19.55,19.45,19.55,18957
2016-11-25,19.55,19.55,19.55,19.45,19.55,18957
2016-11-28,19.55,19.55,19.55,19.45,19.55,18957
2016-11-29,19.55,19.55,19.55,19.45,19.55,18957
2016-11-30,19.55,19.55,19.55,19.45,19.55,18957
2016-12-01,19.55,19.55,19.55,19.45,19.55,18957
2016-12-02,19.55,19.55,19.55,19.45,19.55,18957
2016-12-05,19.55,19.55,19.55,19.45,19.55,18957
2016-12-06,19.55,19.55,19.55,19.45,19.55,18957
2016-12-07,19.55,19.55,19.55,19.45,19.55,18957
2016-12-08,19.55,19.55,19.55,19.45,19.55,18957
2016-12-09,19.55,19.55,19.55,19.45,19.55,18957
2016-12-12,19.55,19.55,19.55,19.45,19.55,18957
2016-12-13,19.55,19.55,19.55,19.45,19.55,18957
2016-12-14,19.55,19.55,19.55,19.45,19.55,18957
2016-12-15,19.55,19.55,19.55,19.45,19.55,18957
2016-12-16,19.55,19.55,19.55,19.45,19.55,18957
2016-12-19,19.55,19.55,19.55,19.45,19.55,18957
2016-12-20,19.55,19.55,19.55,19.45,19.55,18957
2016-12-21,19.55,19.55,19.55,19.45,19.55,18957
2016-12-22,19.55,19.55,19.55,19.45,19.55,18957
2016-12-23,19.55,19.55,19.55,19.45,19.55,18957
2016-12-26,19.55,19.55,19.55,19.45,19.55,18957
2016-12-27,19.55,19.55,19.55,19.45,19.55,18957
2016-12-28,19.55,19.55,19.55,19.45,19.55,18957
2016-12-29,19.55,19.55,19.55,19.45,19.55,18957
2016-12-30,19.55,19.55,19.55,19.45,19.55,18957
2017-01-02,19.55,19.55,19.55,19.45,19.55,18957
2017-01-03,19.55,19.55,19.55,19.45,19.55,18957
2017-01-04,19.55,19.55,19.55,19.45,19.55,18957
2017-01-05,19.55,19.55,19.55,19.45,19.55,18957
2017-01-06,19.55,19.55,19.55,19.45,19.55,18957
2017-01-09,19.55,19.55,19.55,19.45,19.55,18957
2017-01-10,19.55,19.55,19.55,19.45,19.55,18957
2017-01-11,19.55,19.55,19.55,19.45,19.55,18957
2017-01-12,19.55,19.55,19.55,19.45,19.55,18957
2017-01-13,19.55,19.55,19.55,19.45,19.55,18957
2017-01-16,19.55,19.55,19.55,19.45,19.55,18957
2017-01-17,19.55,19.55,19.55,19.45,19.55,18957
2017-01-18,19.55,19.55,19.55,19.45,19.55,18957
2017-01-19,19.55,19.55,19.55,19.45,19.55,18957
2017-01-20,19.55,19.55,19.55,19.45,19.55,18957
2017-01-23,19.55,19.55,19.55,19.45,19.55,18957
2017-01-24,19.55,19.55,19.55,19.45,19.55,18957
2017-01-25,19.55,19.55,19.55,19.45,19.55,18957
2017-01-26,19.55,19.55,19.55,19.45,19.55,18957
2017-01-27,19.55,19.55,19.55,19.45,19.55,18957
2017-01-30,19.55,19.55,19.55,19.45,19.55,18957
2017-01-31,19.55,19.55,19.55,19.45,19.55,18957
2017-02-01,19.55,19.55,19.55,19.45,19.55,18957
2017-02-02,19.55,19.55,19.55,19.45,19.55,18957
2017-02-03,19.55,19.55,19.55,19.45,19.55,18957
2017-02-06,19.55,19.55,19.55,19.45,19.55,18957
2017-02-07,19.55,19.55,19.55,19.45,19.55,18957
2017-02-08,19.55,19.55,19.55,19.45,19.55,18957
2017-02-09,19.55,19.55,19.55,19.45,19.55,18957
2017-02-10,19.55,19.55,19.55,19.45,19.55,18957
2017-02-13,19.55,19.55,19.55,19.45,19.55,18957
2017-02-14,19.55,19.55,19.55,19.45,19.55,18957
2017-02-15,19.55,19.55,19.55,19.45,19.55,18957
2017-02-16,19.55,19.55,19.55,19.45,19.55,18957
2017-02-17,19.55,19.55,19.55,19.45,19.55,18957
2017-02-20,19.55,19.55,19.55,19.45,19.55,18957
2017-02-21,19.55,19.55,19.55,19.45,19.55,18957
2017-02-22,19.55,19.55,19.55,19.45,19.55,18957
2017-02-23,19.55,19.55,19.55,19.45,19.55,18957
2017-02-24,19.55,19.55,19.55,19.45,19.55,18957
2017-02-27,19.55,19.55,19.55,19.45,19.55,18957
2017-02-28,19.55,19.55,19.55,19.45,19.55,18957
2017-03-01,19.55,19.55,19.55,19.45,19.55,18957
2017-03-02,19.55,19.55,19.55,19.45,19.55,18957
2017-03-03,19.55,19.55,19.55,19.45,19.55,18957
2017-03-06,19.55,19.55,19.55,19.45,19.55,18957
2017-03-07,19.55,19.55,19.55,19.45,19.55,18957
2017-03-08,19.55,19.55,19.55,19.45,19.55,18957
2017-03-09,19.55,19.55,19.55,19.45,19.55,18957
2017-03-10,19.55,19.55,19.55,19.45,19.55,18957
2017-03-13,19.55,19.55,19.55,19.45,19.55,18957
2017-03-14,19.55,19.55,19.55,19.45,19.55,18957
2017-03-15,19.55,19.55,19.55,19.45,19.55,18957
2017-03-16,19.55,19.55,19.55,19.45,19.55,18957
2017-03-17,19.55,19.55,19.55,19.45,19.55,18957
2017-03-20,19.55,19.55,19.55,19.45,19.55,18957
2017-03-21,19.55,19.55,19.55,19.45,19.55,18957
2017-03-22,19.55,19.55,19.55,19.45,19.55,18957
2017-03-23,19.55,19.55,19.55,19.45,19.55,18957
2017-03-24,19.55,19.55,19.55,19.45,19.55,18957
2017-03-27,19.55,19.55,19.55,19.45,19.55,18957
2017-03-28,19.55,19.55,19.55,19.45,19.55,18957
2017-03-29,19.55,19.55,19.55,19.45,19.55,18957
2017-03-30,19.55,19.55,19.55,19.45,19.55,18957
2017-03-31,19.55,19.55,19.55,19.45,19.55,18957
2017-04-03,19.55,19.55,19.55,19.45,19.55,18957
2017-04-04,19.55,19.55,19.55,19.45,19.55,18957
2017-04-05,19.55,19.55,19.55,19.45,19.55,18957
2017-04-06,19.55,19.55,19.55,19.45,19.55,18957
2017-04-07,19.55,19.55,19.55,19.45,19.55,18957
2017-04-10,19.55,19.55,19.55,19.45,19.55,18957
2017-04-11,19.55,19.55,19.55,19.45,19.55,18957
2017-04-12,19.55,19.55,19.55,19.45,19.55,18957
2017-04-13,19.55,19.55,19.55,19.45,19.55,18957
2017-04-14,19.55,19.55,19.55,19.45,19.55,18957
2017-04-17,19.55,19.55,19.55,19.45,19.55,18957
2017-04-18,19.55,19.55,19.55,19.45,19.55,18957
2017-04-19,19.55,19.55,19.55,19.45,19.55,18957
2017-04-21,19.55,19.55,19.55,19.45,19.55,18957
2017-04-24,19.55,19.55,19.55,19.45,19.55,18957
2017-04-25,19.55,19.55,19.55,19.45,19.55,18957
2017-04-26,19.55,19.55,19.55,19.45,19.55,18957
2017-04-27,19.55,19.55,19.55,19.45,19.55,18957
2017-04-28,19.55,19.55,19.55,19.45,19.55,18957
2017-05-01,19.55,19.55,19.55,19.45,19.55,18957
2017-05-02,19.55,19.55,19.55,19.45,19.55,18957
2017-05-03,19.55,19.55,19.55,19.45,19.55,18957
2017-05-04,19.55,19.55,19.55,19.45,19.55,18957
2017-05-05,19.55,19.55,19.55,19.45,19.55,18957
2017-05-08,19.55,19.55,19.55,19.45,19.55,18957
2017-05-09,19.55,19.55,19.55,19.45,19.55,18957
2017-05-10,19.55,19.55,19.55,19.45,19.55,18957
2017-05-11,19.55,19.55,19.55,19.45,19.55,18957
2017-05-12,19.55,19.55,19.55,19.45,19.55,18957
2017-05-15,19.55,19.55,19.55,19.45,19.55,18957
2017-05-16,19.55,19.55,19.55,19.45,19.55,18957
2017-05-17,19.55,19.55,19.55,19.45,19.55,18957
2017-05-18,19.55,19.55,19.55,19.45,19.55,18957
2017-05-19,19.55,19.55,19.55,19.45,19.55,18957
2017-05-22,19.55,19.55,19.55,19.45,19.55,18957
2017-05-23,19.55,19.55,19.55,19.45,19.55,18957
2017-05-24,19.55,19.55,19.55,19.45,19.55,18957
2017-05-25,19.55,19.55,19.55,19.45,19.55,18957
2017-05-26,19.55,19.55,19.55,19.45,19.55,18957
2017-05-29,19.55,19.55,19.55,19.45,19.55,18957
2017-05-30,19.55,19.55,19.55,19.45,19.55,18957
2017-05-31,19.55,19.55,19.55,19.45,19.55,18957
2017-06-01,19.55,19.55,19.55,19.45,19.55,18957
2017-06-02,19.55,19.55,19.55,19.45,19.55,18957
2017-06-05,19.55,19.55,19.55,19.45,19.55,18957
2017-06-06,19.55,19.55,19.55,19.45,19.55,18957
2017-06-07,19.55,19.55,19.55,19.45,19.55,18957
2017-06-08,19.55,19.55,19.55,19.45,19.55,18957
2017-06-09,19.55,19.55,19.55,19.45,19.55,18957
2017-06-12,19.55,19.55,19.55,19.45,19.55,18957
2017-06-13,19.55,19.55,19.55,19.45,19.55,18957
2017-06-14,19.55,19.55,19.55,19.45,19.55,18957
2017-06-15,19.55,19.55,19.55,19.45,19.55,18957
2017-06-16,19.55,19.55,19.55,19.45,19.55,18957
2017-06-19,19.55,19.55,19.55,19.45,19.55,18957
2017-06-20,19.55,19.55,19.55,19.45,19.55,18957
2017-06-21,19.55,19.55,19.55,19.45,19.55,18957
2017-06-22,19.55,19.55,19.55,19.45,19.55,18957
2017-06-23,19.55,19.55,19.55,19.45,19.55,18957
2017-06-26,19.55,19.55,19.55,19.45,19.55,18957
2017-06-27,19.55,19.55,19.55,19.45,19.55,18957
2017-06-28,19.55,19.55,19.55,19.45,19.55,18957
2017-06-29,19.55,19.55,19.55,19.45,19.55,18957
2017-06-30,19.55,19.55,19.55,19.45,19.55,18957
2017-07-03,19.55,19.55,19.55,19.45,19.55,18957
2017-07-04,19.55,19.55,19.55,19.45,19.55,18957
2017-07-05,19.55,19.55,19.55,19.45,19.55,18957
2017-07-06,19.55,19.55,19.55,19.45,19.55,18957
2017-07-07,19.55,19.55,19.55,19.45,19.55,18957
2017-07-10,19.55,19.55,19.55,19.45,19.55,18957
2017-07-11,19.55,19.55,19.55,19.45,19.55,18957
2017-07-12,19.55,19.55,19.55,19.45,19.55,18957
2017-07-13,19.55,19.55,19.55,19.45,19.55,18957
2017-07-14,19.55,19.55,19.55,19.45,19.55,18957
2017-07-17,19.55,19.55,19.55,19.45,19.55,18957
2017-07-18,19.55,19.55,19.55,19.45,19.55,18957
2017-07-19,19.55,19.55,19.55,19.45,19.55,18957
2017-07-20,19.55,19.55,19.55,19.45,19.55,18957
2017-07-21,19.55,19.55,19.55,19.45,19.55,18957
2017-07-24,19.55,19.55,19.55,19.45,19.55,18957
2017-07-25,19.55,19.55,19.55,19.45,19.55,18957
2017-07-26,19.55,19.55,19.55,19.45,19.55,18957
2017-07-27,19.55,19.55,19.55,19.45,19.55,18957
2017-07-28,19.55,19.55,19.55,19.45,19.55,18957
2017-07-31,19.55,19.55,19.55,19.45,19.55,18957
2017-08-01,19.55,19.55,19.55,19.45,19.55,18957
2017-08-02,19.55,19.55,19.55,19.45,19.55,18957
2017-08-03,19.55,19.55,19.55,19.45,19.55,18957
2017-08-04,19.55,19.55,19.55,19.45,19.55,18957
2017-08-07,19.55,19.55,19.55,19.45,19.55,18957
2017-08-08,19.55,19.55,19.55,19.45,19.55,18957
2017-08-09,19.55,19.55,19.55,19.45,19.55,18957
2017-08-10,19.55,19.55,19.55,19.45,19.55,18957
2017-08-11,19.55,19.55,19.55,19.45,19.55,18957
2017-08-14,19.55,19.55,19.55,19.45,19.55,18957
2017-08-15,19.55,19.55,19.55,19.45,19.55,18957
2017-08-16,19.55,19.55,19.55,19.45,19.55,18957
2017-08-17,19.55,19.55,19.55,19.45,19.55,18957
2017-08-18,19.55,19.55,19.55,19.45,19.55,18957
2017-08-21,19.55,19.55,19.55,19.45,19.55,18957
2017-08-22,19.55,19.55,19.55,19.45,19.55,18957
2017-08-23,19.55,19.55,19.55,19.45,19.55,18957
2017-08-24,19.55,19.55,19.55,19.45,19.55,18957
2017-08-25,19.55,19.55,19.55,19.45,19.55,18957
2017-08-28,19.55,19.55,19.55,19.45,19.55,18957
2017-08-29,19.55,19.55,19.55,19.45,19.55,18957
2017-08-30,19.55,19.55,19.55,19.45,19.55,18957
2017-08-31,19.55,19.55,19.55,19.45,19.55,18957
2017-09-01,19.55,19.55,19.55,19.45,19.55,18957
2017-09-04,19.55,19.55,19.55,19.45,19.55,18957
2017-09-05,19.55,19.55,19.55,19.45,19.55,18957
2017-09-06,19.55,19.55,19.55,19.45,19.55,18957
2017-09-07,19.55,19.55,19.55,19.45,19.55,18957
2017-09-08,19.55,19.55,19.55,19.45,19.55,18957
2017-09-11,19.55,19.55,19.55,19.45,19.55,18957
2017-09-12,19.55,19.55,19.55,19.45,19.55,18957
2017-09-13,19.55,19.55,19.55,19.45,19.55,18957
2017-09-14,19.55,19.55,19.55,19.45,19.55,18957
2017-09-15,19.55,19.55,19.55,19.45,19.55,18957
2017-09-18,19.55,19.55,19.55,19.45,19.55,18957
2017-09-19,19.55,19.55,19.55,19.45,19.55,18957
2017-09-20,19.55,19.55,19.55,19.45,19.55,18957
2017-09-21,19.55,19.55,19.55,19.45,19.55,18957
2017-09-22,19.55,19.55,19.55,19.45,19.55,18957
2017-09-25,19.55,19.55,19.55,19.45,19.55,18957
2017-09-26,19.55,19.55,19.55,19.45,19.55,18957
2017-09-27,19.55,19.55,19.55,19.45,19.55,18957
2017-09-28,19.55,19.55,19.55,19.45,19.55,18957
2017-09-29,19.55,19.55,19.55,19.45,19.55,18957
2017-10-02,19.55,19.55,19.55,19.45,19.55,18957
2017-10-03,19.55,19.55,19.55,19.45,19.55,18957
2017-10-04,19.55,19.55,19.55,19.45,19.55,18957
2017-10-05,19.55,19.55,19.55,19.45,19.55,18957
2017-10-06,19.55,19.55,19.55,19.45,19.55,18957
2017-10-09,19.55,19.55,19.55,19.45,19.55,18957
2017-10-10,19.55,19.55,19.55,19.45,19.55,18957
2017-10-11,19.55,19.55,19.55,19.45,19.55,18957
2017-10-12,19.55,19.55,19.55,19.45,19.55,18957
2017-10-13,19.55,19.55,19.55,19.45,19.55,18957
2017-10-16,19.55,19.55,19.55,19.45,19.55,18957
2017-10-17,19.55,19.55,19.55,19.45,19.55,18957
2017-10-18,19.55,19.55,19.55,19.45,19.55,18957
2017-10-19,19.55,19.55,19.55,19.45,19.55,18957
2017-10-20,19.55,19.55,19.55,19.45,19.55,18957
2017-10-23,19.55,19.55,19.55,19.45,19.55,18957
2017-10-24,19.55,19.55,19.55,19.45,19.55,18957
2017-10-25,19.55,19.55,19.55,19.45,19.55,18957
2017-10-26,19.55,19.55,19.55,19.45,19.55,18957
2017-10-27,19.55,19.55,19.55,19.45,19.55,18957
2017-10-30,19.55,19.55,19.55,19.45,19.55,18957
2017-10-31,19.55,19.55,19.55,19.45,19.55,18957
2017-11-01,19.55,19.55,19.55,19.45,19.55,18957
2017-11-02,19.55,19.55,19.55,19.45,19.55,18957
2017-11-03,19.55,19.55,19.55,19.45,19.55,18957
2017-11-06,19.55,19.55,19.55,19.45,19.55,18957
2017-11-07,19.55,19.55,19.55,19.45,19.55,18957
2017-11-08,19.55,19.55,19.55,19.45,19.55,18957
2017-11-09,19.55,19.55,19.55,19.45,19.55,18957
2017-11-10,19.55,19.55,19.55,19.45,19.55,18957
2017-11-13,19.55,19.55,19.55,19.45,19.55,18957
2017-11-14,19.55,19.55,19.55,19.45,19.55,18957
2017-11-15,19.55,19.55,19.55,19.45,19.55,18957
2017-11-16,19.55,19.55,19.55,19.45,19.55,18957
2017-11-17,19.55,19.55,19.55,19.45,19.55,18957
2017-11-20,19.55,19.55,19.55,19.45,19.55,18957
2017-11-21,19.55,19.55,19.55,19.45,19.55,18957
2017-11-22,19.55,19.55,19.55,19.45,19.55,18957
2017-11-23,19.55,19.55,19.55,19.45,19.55,18957
2017-11-24,19.55,19.55,19.55,19.45,19.55,18957
2017-11-27,19.55,19.55,19.55,19.45,19.55,18957
2017-11-28,19.55,19.55,19.55,19.45,19.55,18957
2017-11-29,19.55,19.55,19.55,19.45,19.55,18957
2017-11-30,19.55,19.55,19.55,19.45,19.55,18957
2017-12-01,19.55,19.55,19.55,19.45,19.55,18957
2017-12-04,19.55,19.55,19.55,19.45,19.55,18957
2017-12-05,19.55,19.55,19.55,19.45,19.55,18957
2017-12-06,19.55,19.55,19.55,19.45,19.55,18957
2017-12-07,19.55,19.55,19.55,19.45,19.55,18957
2017-12-08,19.55,19.55,19.55,19.45,19.55,18957
2017-12-11,19.55,19.55,19.55,19.45,19.55,18957
2017-12-12,19.55,19.55,19.55,19.45,19.55,18957
2017-12-13,19.55,19.55,19.55,19.45,19.55,18957
2017-12-14,19.55,19.55,19.55,19.45,19.55,18957
2017-12-15,19.55,19.55,19.55,19.45,19.55,18957
2017-12-18,19.55,19.55,19.55,19.45,19.55,18957
2017-12-19,19.55,19.55,19.55,19.45,19.55,18957
2017-12-20,19.55,19.55,19.55,19.45,19.55,18957
2017-12-21,19.55,19.55,19.55,19.45,19.55,18957
2017-12-22,19.55,19.55,19.55,19.45,19.55,18957
2017-12-25,19.55,19.55,19.55,19.45,19.55,18957
2017-12-26,19.55,19.55,19.55,19.45,19.55,18957
2017-12-27,19.55,19.55,19.55,19.45,19.55,18957
2017-12-28,19.55,19.55,19.55,19.45,19.55,18957
2017-12-29,19.55,19.55,19.55,19.45,19.55,18957
2018-01-01,19.55,19.55,19.55,19.45,19.55,18957
2018-01-02,19.55,19.55,19.55,19.45,19.55,18957
2018-01-03,19.55,19.55,19.55,19.45,19.55,18957
2018-01-04,19.55,19.55,19.55,19.45,19.55,18957
2018-01-05,19.55,19.55,19.55,19.45,19.55,18957
2018-01-08,19.55,19.55,19.55,19.45,19.55,18957
2018-01-09,19.55,19.55,19.55,19.45,19.55,18957
2018-01-10,19.55,19.55,19.55,19.45,19.55,18957
2018-01-11,19.55,19.55,19.55,19.45,19.55,18957
2018-01-12,19.55,19.55,19.55,19.45,19.55,18957
2018-01-15,19.55,19.55,19.55,19.45,19.55,18957
2018-01-16,19.55,19.55,19.55,19.45,19.55,18957
2018-01-17,19.55,19.55,19.55,19.45,19.55,18957
2018-01-18,19.55,19.55,19.55,19.45,19.55,18957
2018-01-19,19.55,19.55,19.55,19.45,19.55,18957
2018-01-22,19.55,19.55,19.55,19.45,19.55,18957
2018-01-23,19.55,19.55,19.55,19.45,19.55,18957
2018-01-24,19.55,19.55,19.55,19.45,19.55,18957
2018-01-25,19.55,19.55,19.55,19.45,19.55,18957
2018-01-26,19.55,19.55,19.55,19.45,19.55,18957
2018-01-29,19.55,19.55,19.55,19.45,19.55,18957
2018-01-30,19.55,19.55,19.55,19.45,19.55,18957
2018-01-31,19.55,19.55,19.55,19.45,19.55,18957
2018-02-01,19.55,19.55,19.55,19.45,19.55,18957
2018-02-02,19.55,19.55,19.55,19.45,19.55,18957
2018-02-05,19.55,19.55,19.55,19.45,19.55,18957
2018-02-06,19.55,19.55,19.55,19.45,19.55,18957
2018-02-07,19.55,19.55,19.55,19.45,19.55,18957
2018-02-08,19.55,19.55,19.55,19.45,19.55,18957
2018-02-09,19.55,19.55,19.55,19.45,19.55,18957
2018-02-12,19.55,19.55,19.55,19.45,19.55,18957
2018-02-13,19.55,19.55,19.55,19.45,19.55,18957
2018-02-14,19.55,19.55,19.55,19.45,19.55,18957
2018-02-15,19.55,19.55,19.55,19.45,19.55,18957
2018-02-16,19.55,19.55,19.55,19.45,19.55,18957
2018-02-19,19.55,19.55,19.55,19.45,19.55,18957
2018-02-20,19.55,19.55,19.55,19.45,19.55,18957
2018-02-21,19.55,19.55,19.55,19.45,19.55,18957
2018-02-22,19.55,19.55,19.55,19.45,19.55,18957
2018-02-23,19.55,19.55,19.55,19.45,19.55,18957
2018-02-26,19.55,19.55,19.55,19.45,19.55,18957
2018-02-27,19.55,19.55,19.55,19.45,19.55,18957
2018-02-28,19.55,19.55,19.55,19.45,19.55,18957
2018-03-01,19.55,19.55,19.55,19.45,19.55,18957
2018-03-02,19.55,19.55,19.55,19.45,19.55,18957
2018-03-05,19.55,19.55,19.55,19.45,19.55,18957
2018-03-06,19.55,19.55,19.55,19.45,19.55,18957
2018-03-07,19.55,19.55,19.55,19.45,19.55,18957
2018-03-08,19.55,19.55,19.55,19.45,19.55,18957
2018-03-09,19.55,19.55,19.55,19.45,19.55,18957
2018-03-12,19.55,19.55,19.55,19.45,19.55,18957
2018-03-13,19.55,19.55,19.55,19.45,19.55,18957
2018-03-14,19.55,19.55,19.55,19.45,19.55,18957
2018-03-15,19.55,19.55,19.55,19.45,19.55,18957
2018-03-16,19.55,19.55,19.55,19.45,19.55,18957
2018-03-19,19.55,19.55,19.55,19.45,19.55,18957
2018-03-20,19.55,19.55,19.55,19.45,19.55,18957
2018-03-21,19.55,19.55,19.55,19.45,19.55,18957
2018-03-22,19.55,19.55,19.55,19.45,19.55,18957
2018-03-23,19.55,19.55,19.55,19.45,19.55,18957
2018-03-26,19.55,19.55,19.55,19.45,19.55,18957
2018-03-27,19.55,19.55,19.55,19.45,19.55,18957
2018-03-28,19.55,19.55,19.55,19.45,19.55,18957
2018-03-29,19.55,19.55,19.55,19.45,19.55,18957
2018-03-30,19.55,19.55,19.55,19.45,19.55,18957
2018-04-02,19.55,19.55,19.55,19.45,19.55,18957
2018-04-03,19.55,19.55,19.55,19.45,19.55,18957
2018-04-04,19.55,19.55,19.55,19.45,19.55,18957
2018-04-05,19.55,19.55,19.55,19.45,19.55,18957
2018-04-06,19.55,19.55,19.55,19.45,19.55,18957
2018-04-09,19.55,19.55,19.55,19.45,19.55,18957
2018-04-10,19.55,19.55,19.55,19.45,19.55,18957
2018-04-11,19.55,19.55,19.55,19.45,19.55,18957
2018-04-12,19.55,19.55,19.55,19.45,19.55,18957
2018-04-13,19.55,19.55,19.55,19.45,19.55,18957
2018-04-16,19.55,19.55,19.55,19.45,19.55,18957
2018-04-17,19.55,19.55,19.55,19.45,19.55,18957
2018-04-18,19.55,19.55,19.55,19.45,19.55,18957
2018-04-19,19.55,19.55,19.55,19.45,19.55,18957
2018-04-20,19.55,19.55,19.55,19.45,19.55,18957
2018-04-23,19.55,19.55,19.55,19.45,19.55,18957
2018-04-24,19.55,19.55,19.55,19.45,19.55,18957
2018-04-25,19.55,19.55,19.55,19.45,19.55,18957
2018-04-26,19.55,19.55,19.55,19.45,19.55,18957
2018-04-27,19.55,19.55,19.55,19.45,19.55,18957
2018-04-30,19.55,19.55,19.55,19.45,19.55,18957
2018-05-01,19.55,19.55,19.55,19.45,19.55,18957
2018-05-02,19.55,19.55,19.55,19.45,19.55,18957
2018-05-03,19.55,19.55,19.55,19.45,19.55,18957
2018-05-04,19.55,19.55,19.55,19.45,19.55,18957
2018-05-07,19.55,19.55,19.55,19.45,19.55,18957
2018-05-08,19.55,19.55,19.55,19.45,19.55,18957
2018-05-09,19.55,19.55,19.55,19.45,19.55,18957
2018-05-10,19.55,19.55,19.55,19.45,19.55,18957
2018-05-11,19.55,19.55,19.55,19.45,19.55,18957
2018-05-14,19.55,19.55,19.55,19.45,19.55,18957
2018-05-15,19.55,19.55,19.55,19.45,19.55,18957
2018-05-16,19.55,19.55,19.55,19.45,19.55,18957
2018-05-17,19.55,19.55,19.55,19.45,19.55,18957
2018-05-18,19.55,19.55,19.55,19.45,19.55,18957
2018-05-21,19.55,19.55,19.55,19.45,19.55,18957
2018-05-22,19.55,19.55,19.55,19.45,19.55,18957
2018-05-23,19.55,19.55,19.55,19.45,19.55,18957
2018-05-24,19.55,19.55,19.55,19.45,19.55,18957
2018-05-25,19.55,19.55,19.55,19.45,19.55,18957
2018-05-28,19.55,19.55,19.55,19.45,19.55,18957
2018-05-29,19.55,19.55,19.55,19.45,19.55,18957
2018-05-30,19.55,19.55,19.55,19.45,19.55,18957
2018-05-31,19.55,19.55,19.55,19.45,19.55,18957
2018-06-01,19.55,19.55,19.55,19.45,19.55,18957
2018-06-04,19.55,19.55,19.55,19.45,19.55,18957
2018-06-05,19.55,19.55,19.55,19.45,19.55,18957
2018-06-06,19.55,19.55,19.55,19.45,19.55,18957
2018-06-07,19.55,19.55,19.55,19.45,19.55,18957
2018-06-08,19.55,19.55,19.55,19.45,19.55,18957
2018-06-11,19.55,19.55,19.55,19.45,19.55,18957
2018-06-12,19.55,19.55,19.55,19.45,19.55,18957
2018-06-13,19.55,19.55,19.55,19.45,19.55,18957
2018-06-14,19.55,19.55,19.55,19.45,19.55,18957
2018-06-15,19.55,19.55,19.55,19.45,19.55,18957
2018-06-18,19.55,19.55,19.55,19.45,19.55,18957
2018-06-19,19.55,19.55,19.55,19.45,19.55,18957
2018-06-20,19.55,19.55,19.55,19.45,19.55,18957
2018-06-21,19.55,19.55,19.55,19.45,19.55,18957
2018-06-22,19.55,19.55,19.55,19.45,19.55,18957
2018-06-25,19.55,19.55,19.55,19.45,19.55,18957
2018-06-26,19.55,19.55,19.55,19.45,19.55,18957
2018-06-27,19.55,19.55,19.55,19.45,19.55,18957
2018-06-28,19.55,19.55,19.55,19.45,19.55,18957
2018-06-29,19.55,19.55,19.55,19.45,19.55,18957
2018-07-02,19.55,19.55,19.55,19.45,19.55,18957
2018-07-03,19.55,19.55,19.55,19.45,19.55,18957
2018-07-04,19.55,19.55,19.55,19.45,19.55,18957
2018-07-05,19.55,19.55,19.55,19.45,19.55,18957
2018-07-06,19.55,19.55,19.55,19.45,19.55,18957
2018-07-09,19.55,19.55,19.55,19.45,19.55,18957
2018-07-10,19.55,19.55,19.55,19.45,19.55,18957
2018-07-11,19.55,19.55,19.55,19.45,19.55,18957
2018-07-12,19.55,19.55,19.55,19.45,19.55,18957
2018-07-13,19.55,19.55,19.55,19.45,19.55,18957
2018-07-16,19.55,19.55,19.55,19.45,19.55,18957
2018-07-17,19.55,19.55,19.55,19.45,19.55,18957
2018-07-18,19.55,19.55,19.55,19.45,19.55,18957
2018-07-19,19.55,19.55,19.55,19.45,19.55,18957
2018-07-20,19.55,19.55,19.55,19.45,19.55,18957
2018-07-23,19.55,19.55,19.55,19.45,19.55,18957
2018-07-24,19.55,19.55,19.55,19.45,19.55,18957
2018-07-25,19.55,19.55,19.55,19.45,19.55,18957
2018-07-26,19.55,19.55,19.55,19.45,19.55,18957
2018-07-27,19.55,19.55,19.55,19.45,19.55,18957
2018-07-30,19.55,19.55,19.55,19.45,19.55,18957
2018-07-31,19.55,19.55,19.55,19.45,19.55,18957
2018-08-01,19.55,19.55,19.55,19.45,19.55,18957
2018-08-02,19.55,19.55,19.55,19.45,19.55,18957
2018-08-03,19.55,19.55,19.55,19.45,19.55,18957
2018-08-06,19.55,19.55,19.55,19.45,19.55,18957
2018-08-07,19.55,19.55,19.55,19.45,19.55,18957
2018-08-08,19.55,19.55,19.55,19.45,19.55,18957
2018-08-09,19.55,19.55,19.55,19.45,19.55,18957
2018-08-10,19.55,19.55,19.55,19.45,19.55,18957
2018-08-13,19.55,19.55,19.55,19.45,19.55,18957
2018-08-14,19.55,19.55,19.55,19.45,19.55,18957
2018-08-15,19.55,19.55,19.55,19.45,19.55,18957
2018-08-16,19.55,19.55,19.55,19.45,19.55,18957
2018-08-17,19.55,19.55,19.55,19.45,19.55,18957
2018-08-20,19.55,19.55,19.55,19.45,19.55,18957
2018-08-21,19.55,19.55,19.55,19.45,19.55,18957
2018-08-22,19.55,19.55,19.55,19.45,19.55,18957
2018-08-23,19.55,19.55,19.55,19.45,19.55,18957
2018-08-24,19.55,19.55,19.55,19.45,19.55,18957
2018-08-27,19.55,19.55,19.55,19.45,19.55,18957
2018-08-28,19.55,19.55,19.55,19.45,19.55,18957
2018-08-29,19.55,19.55,19.55,19.45,19.55,18957
2018-08-30,19.55,19.55,19.55,19.45,19.55,18957
2018-08-31,19.55,19.55,19.55,19.45,19.55,18957
2018-09-03,19.55,19.55,19.55,19.45,19.55,18957
2018-09-04,19.55,19.55,19.55,19.45,19.55,18957
2018-09-05,19.55,19.55,19.55,19.45,19.55,18957
2018-09-06,19.55,19.55,19.55,19.45,19.55,18957
2018-09-07,19.55,19.55,19.55,19.45,19.55,18957
2018-09-10,19.55,19.55,19.55,19.45,19.55,18957
2018-09-11,19.55,19.55,19.55,19.45,19.55,18957
2018-09-12,19.55,19.55,19.55,19.45,19.55,18957
2018-09-13,19.55,19.55,19.55,19.45,19.55,18957
2018-09-14,19.55,19.55,19.55,19.45,19.55,18957
2018-09-17,19.55,19.55,19.55,19.45,19.55,18957
2018-09-18,19.55,19.55,19.55,19.45,19.55,18957
2018-09-19,19.55,19.55,19.55,19.45,19.55,18957
2018-09-20,19.55,19.55,19.55,19.45,19.55,18957
2018-09-21,19.55,19.55,19.55,19.45,19.55,18957
2018-09-24,19.55,19.55,19.55,19.45,19.55,18957
2018-09-25,19.55,19.55,19.55,19.45,19.55,18957
2018-09-26,19.55,19.55,19.55,19.45,19.55,18957
2018-09-27,19.55,19.55,19.55,19.45,19.55,18957
2018-09-28,19.55,19.55,19.55,19.45,19.55,18957
2018-10-01,19.55,19.55,19.55,19.45,19.55,18957
2018-10-02,19.55,19.55,19.55,19.45,19.55,18957
2018-10-03,19.55,19.55,19.55,19.45,19.55,18957
2018-10-04,19.55,19.55,19.55,19.45,19.55,18957
2018-10-05,19.55,19.55,19.55,19.45,19.55,18957
2018-10-08,19.55,19.55,19.55,19.45,19.55,18957
2018-10-09,19.55,19.55,19.55,19.45,19.55,18957
2018-10-10,19.55,19.55,19.55,19.45,19.55,18957
2018-10-11,19.55,19.55,19.55,19.45,19.55,18957
2018-10-12,19.55,19.55,19.55,19.45,19.55,18957
2018-10-15,19.55,19.55,19.55,19.45,19.55,18957
2018-10-16,19.55,19.55,19.55,19.45,19.55,18957
2018-10-17,19.55,19.55,19.55,19.45,19.55,18957
2018-10-18,19.55,19.55,19.55,19.45,19.55,18957
2018-10-19,19.55,19.55,19.55,19.45,19.55,18957
2018-10-22,19.55,19.55,19.55,19.45,19.55,18957
2018-10-23,19.55,19.55,19.55,19.45,19.55,18957
2018-10-24,19.55,19.55,19.55,19.45,19.55,18957
2018-10-25,19.55,19.55,19.55,19.45,19.55,18957
2018-10-26,19.55,19.55,19.55,19.45,19.55,18957
2018-10-29,19.55,19.55,19.55,19.45,19.55,18957
2018-10-30,19.55,19.55,19.55,19.45,19.55,18957
2018-10-31,19.55,19.55,19.55,19.45,19.55,18957
2018-11-01,19.55,19.55,19.55,19.45,19.55,18957
2018-11-02,19.55,19.55,19.55,19.45,19.55,18957
2018-11-05,19.55,19.55,19.55,19.45,19.55,18957
2018-11-06,19.55,19.55,19.55,19.45,19.55,18957
2018-11-07,19.55,19.55,19.55,19.45,19.55,18957
2018-11-08,19.55,19.55,19.55,19.45,19.55,18957
2018-11-09,19.55,19.55,19.55,19.45,19.55,18957
2018-11-12,19.55,19.55,19.55,19.45,19.55,18957
2018-11-13,19.55,19.55,19.55,19.45,19.55,18957
2018-11-14,19.55,19.55,19.55,19.45,19.55,18957
2018-11-15,19.55,19.55,19.55,19.45,19.55,18957
2018-11-16,19.55,19.55,19.55,19.45,19.55,18957
2018-11-19,19.55,19.55,19.55,19.45,19.55,18957
2018-11-20,19.55,19.55,19.55,19.45,19.55,18957
2018-11-21,19.55,19.55,19.55,19.45,19.55,18957
2018-11-22,19.55,19.55,19.55,19.45,19.55,18957
2018-11-23,19.55,19.55,19.55,19.45,19.55,18957
2018-11-26,19.55,19.55,19.55,19.45,19.55,18957
2018-11-27,19.55,19.55,19.55,19.45,19.55,18957
2018-11-28,19.55,19.55,19.55,19.45,19.55,18957
2018-11-29,19.55,19.55,19.55,19.45,19.55,18957
2018-11-30,19.55,19.55,19.55,19.45,19.55,18957
2018-12-03,19.55,19.55,19.55,19.45,19.55,18957
2018-12-04,19.55,19.55,19.55,19.45,19.55,18957
2018-12-05,19.55,19.55,19.55,19.45,19.55,18957
2018-12-06,19.55,19.55,19.55,19.45,19.55,18957
2018-12-07,19.55,19.55,19.55,19.45,19.55,18957
2018-12-10,19.55,19.55,19.55,19.45,19.55,18957
2018-12-11,19.55,19.55,19.55,19.45,19.55,18957
2018-12-12,19.55,19.55,19.55,19.45,19.55,18957
2018-12-13,19.55,19.55,19.55,19.45,19.55,18957
2018-12-14,19.55,19.55,19.55,19.45,19.55,18957
2018-12-17,19.55,19.55,19.55,19.45,19.55,18957
2018-12-18,19.55,19.55,19.55,19.45,19.55,18957
2018-12-19,19.55,19.55,19.55,19.45,19.55,18957
2018-12-20,19.55,19.55,19.55,19.45,19.55,18957
2018-12-21,19.55,19.55,19.55,19.45,19.55,18957
2018-12-24,19.55,19.55,19.55,19.45,19.55,18957
2018-12-25,19.55,19.55,19.55,19.45,19.55,18957
2018-12-26,19.55,19.55,19.55,19.45,19.55,18957
2018-12-27,19.55,19.55,19.55,19.45,19.55,18957
2018-12-28,19.55,19.55,19.55,19.45,19.55,18957
2018-12-31,19.55,19.55,19.55,19.45,19.55,18957
2019-01-01,19.55,19.55,19.55,19.45,19.55,18957
2019-01-02,19.55,19.55,19.55,19.45,19.55,18957
2019-01-03,19.55,19.55,19.55,19.45,19.55,18957
2019-01-04,19.55,19.55,19.55,19.45,19.55,18957
2019-01-07,19.55,19.55,19.55,19.45,19.55,18957
2019-01-08,19.55,19.55,19.55,19.45,19.55,18957
2019-01-09,19.55,19.55,19.55,19.45,19.55,18957
2019-01-10,19.55,19.55,19.55,19.45,19.55,18957
2019-01-11,19.55,19.55,19.55,19.45,19.55,18957
2019-01-14,19.55,19.55,19.55,19.45,19.55,18957
2019-01-15,19.55,19.55,19.55,19.45,19.55,18957
2019-01-16,19.55,19.55,19.55,19.45,19.55,18957
2019-01-17,19.55,19.55,19.55,19.45,19.55,18957
2019-01-18,19.55,19.55,19.55,19.45,19.55,18957
2019-01-21,19.55,19.55,19.55,19.45,19.55,18957
2019-01-22,19.55,19.55,19.55,19.45,19.55,18957
2019-01-23,19.55,19.55,19.55,19.45,19.55,18957
2019-01-24,19.55,19.55,19.55,19.45,19.55,18957
2019-01-25,19.55,19.55,19.55,19.45,19.55,18957
2019-01-28,19.55,19.55,19.55,19.45,19.55,18957
2019-01-29,19.55,19.55,19.55,19.45,19.55,18957
2019-01-30,19.55,19.55,19.55,19.45,19.55,18957
2019-01-31,19.55,19.55,19.55,19.45,19.55,18957
2019-02-01,19.55,19.55,19.55,19.45,19.55,18957
2019-02-04,19.55,19.55,19.55,19.45,19.55,18957
2019-02-05,19.55,19.55,19.55,19.45,19.55,18957
2019-02-06,19.55,19.55,19.55,19.45,19.55,18957
2019-02-07,19.55,19.55,19.55,19.45,19.55,18957
2019-02-08,19.55,19.55,19.55,19.45,19.55,18957
2019-02-11,19.55,19.55,19.55,19.45,19.55,18957
2019-02-12,19.55,19.55,19.55,19.45,19.55,18957
2019-02-13,19.55,19.55,19.55,19.45,19.55,18957
2019-02-14,19.55,19.55,19.55,19.45,19.55,18957
2019-02-15,19.55,19.55,19.55,19.45,19.55,18957
2019-02-18,19.55,19.55,19.55,19.45,19.55,18957
2019-02-19,19.55,19.55,19.55,19.45,19.55,18957
2019-02-20,19.55,19.55,19.55,19.45,19.55,18957
2019-02-21,19.55,19.55,19.55,19.45,19.55,18957
2019-02-22,19.55,19.55,19.55,19.45,19.55,18957
2019-02-25,19.55,19.55,19.55,19.45,19.55,18957
2019-02-26,19.55,19.55,19.55,19.45,19.55,18957
2019-02-27,19.55,19.55,19.55,19.45,19.55,18957
2019-02-28,19.55,19.55,19.55,19.45,19.55,18957
2019-03-01,19.55,19.55,19.55,19.45,19.55,18957
2019-03-04,19.55,19.55,19.55,19.45,19.55,18957
2019-03-05,19.55,19.55,19.55,19.45,19.55,18957
2019-03-06,19.55,19.55,19.55,19.45,19.55,18957
2019-03-07,19.55,19.55,19.55,19.45,19.55,18957
2019-03-08,19.55,19.55,19.55,19.45,19.55,18957
2019-03-11,19.55,19.55,19.55,19.45,19.55,18957
2019-03-12,19.55,19.55,19.55,19.45,19.55,18957
2019-03-13,19.55,19.55,19.55,19.45,19.55,18957
2019-03-14,19.55,19.55,19.55,19.45,19.55,18957
2019-03-15,19.55,19.55,19.55,19.45,19.55,18957
2019-03-18,19.55,19.55,19.55,19.45,19.55,18957
2019-03-19,19.55,19.55,19.55,19.45,19.55,18957
2019-03-20,19.55,19.55,19.55,19.45,19.55,18957
2019-03-21,19.55,19.55,19.55,19.45,19.55,18957
2019-03-22,19.55,19.55,19.55,19.45,19.55,18957
2019-03-25,19.55,19.55,19.55,19.45,19.55,18957
2019-03-26,19.55,19.55,19.55,19.45,19.55,18957
2019-03-27,19.55,19.55,19.55,19.45,19.55,18957
2019-03-28,19.55,19.55,19.55,19.45,19.55,18957
2019-03-29,19.55,19.55,19.55,19.45,19.55,18957
2019-04-01,19.55,19.55,19.55,19.45,19.55,18957
2019-04-02,19.55,19.55,19.55,19.45,19.55,18957
2019-04-03,19.55,19.55,19.55,19.45,19.55,18957
2019-04-04,19.55,19.55,19.55,19.45,19.55,18957
2019-04-05,19.55,19.55,19.55,19.45,19.55,18957
2019-04-08,19.55,19.55,19.55,19.45,19.55,18957
2019-04-09,19.55,19.55,19.55,19.45,19.55,18957
2019-04-10,19.55,19.55,19.55,19.45,19.55,18957
2019-04-11,19.55,19.55,19.55,19.45,19.55,18957
2019-04-12,19.55,19.55,19.55,19.45,19.55,18957
2019-04-15,19.55,19.55,19.55,19.45,19.55,18957
2019-04-16,19.55,19.55,19.55,19.45,19.55,18957
2019-04-17,19.55,19.55,19.55,19.45,19.55,18957
2019-04-18,19.55,19.55,19.55,19.45,19.55,18957
2019-04-19,19.55,19.55,19.55,19.45,19.55,18957
2019-04-22,19.55,19.55,19.55,19.45,19.55,18957
2019-04-23,19.55,19.55,19.55,19.45,19.55,18957
2019-04-24,19.55,19.55,19.55,19.45,19.55,18957
2019-04-25,19.55,19.55,19.55,19.45,19.55,18957
2019-04-26,19.55,19.55,19.55,19.45,19.55,18957
2019-04-29,19.55,19.55,19.55,19.45,19.55,18957
2019-04-30,19.55,19.55,19.55,19.45,19.55,18957
2019-05-01,19.55,19.55,19.55,19.45,19.55,18957
2019-05-02,19.55,19.55,19.55,19.45,19.55,18957
2019-05-03,19.55,19.55,19.55,19.45,19.55,18957
2019-05-06,19.55,19.55,19.55,19.45,19.55,18957
2019-05-07,19.55,19.55,19.55,19.45,19.55,18957
2019-05-08,19.55,19.55,19.55,19.45,19.55,18957
2019-05-09,19.55,19.55,19.55,19.45,19.55,18957
2019-05-10,19.55,19.55,19.55,19.45,19.55,18957
2019-05-13,19.55,19.55,19.55,19.45,19.55,18957
2019-05-14,19.55,19.55,19.55,19.45,19.55,18957
2019-05-15,19.55,19.55,19.55,19.45,19.55,18957
2019-05-16,19.55,19.55,19.55,19.45,19.55,18957
2019-05-17,19.55,19.55,19.55,19.45,19.55,18957
2019-05-20,19.55,19.55,19.55,19.45,19.55,18957
2019-05-21,19.55,19.55,19.55,19.45,19.55,18957
2019-05-22,19.55,19.55,19.55,19.45,19.55,18957
2019-05-23,19.55,19.55,19.55,19.45,19.55,18957
2019-05-24,19.55,19.55,19.55,19.45,19.55,18957
2019-05-27,19.55,19.55,19.55,19.45,19.55,18957
2019-05-28,19.55,19.55,19.55,19.45,19.55,18957
2019-05-29,19.55,19.55,19.55,19.45,19.55,18957
2019-05-30,19.55,19.55,19.55,19.45,19.55,18957
2019-05-31,19.55,19.55,19.55,19.45,19.55,18957
2019-06-03,19.55,19.55,19.55,19.45,19.55,18957
2019-06-04,19.55,19.55,19.55,19.45,19.55,18957
2019-06-05,19.55,19.55,19.55,19.45,19.55,18957
2019-06-06,19.55,19.55,19.55,19.45,19.55,18957
2019-06-07,19.55,19.55,19.55,19.45,19.55,18957
2019-06-10,19.55,19.55,19.55,19.45,19.55,18957
2019-06-11,19.55,19.55,19.55,19.45,19.55,18957
2019-06-12,19.55,19.55,19.55,19.45,19.55,18957
2019-06-13,19.55,19.55,19.55,19.45,19.55,18957
2019-06-14,19.55,19.55,19.55,19.45,19.55,18957
2019-06-17,19.55,19.55,19.55,19.45,19.55,18957
2019-06-18,19.55,19.55,19.55,19.45,19.55,18957
2019-06-19,19.55,19.55,19.55,19.45,19.55,18957
2019-06-20,19.55,19.55,19.55,19.45,19.55,18957
2019-06-21,19.55,19.55,19.55,19.45,19.55,18957
2019-06-24,19.55,19.55,19.55,19.45,19.55,18957
2019-06-25,19.55,19.55,19.55,19.45,19.55,18957
2019-06-26,19.55,19.55,19.55,19.45,19.55,18957
2019-06-27,19.55,19.55,19.55,19.45,19.55,18957
2019-06-28,19.55,19.55,19.55,19.45,19.55,18957
2019-07-01,19.55,19.55,19.55,19.45,19.55,18957
2019-07-02,19.55,19.55,19.55,19.45,19.55,18957
2019-07-03,19.55,19.55,19.55,19.45,19.55,18957
2019-07-04,19.55,19.55,19.55,19.45,19.55,18957
2019-07-05,19.55,19.55,19.55,19.45,19.55,18957
2019-07-08,19.55,19.55,19.55,19.45,19.55,18957
2019-07-09,19.55,19.55,19.55,19.45,19.55,18957
2019-07-10,19.55,19.55,19.55,19.45,19.55,18957
2019-07-11,19.55,19.55,19.55,19.45,19.55,18957
2019-07-12,19.55,19.55,19.55,19.45,19.55,18957
2019-07-15,19.55,19.55,19.55,19.45,19.55,18957
2019-07-16,19.55,19.55,19.55,19.45,19.55,18957
2019-07-17,19.55,19.55,19.55,19.45,19.55,18957
2019-07-18,19.55,19.55,19.55,19.45,19.55,18957
2019-07-19,19.55,19.55,19.55,19.45,19.55,18957
2019-07-22,19.55,19.55,19.55,19.45,19.55,18957
2019-07-23,19.55,19.55,19.55,19.45,19.55,18957
2019-07-24,19.55,19.55,19.55,19.45,19.55,18957
2019-07-25,19.55,19.55,19.55,19.45,19.55,18957
2019-07-26,19.55,19.55,19.55,19.45,19.55,18957
2019-07-29,19.55,19.55,19.55,19.45,19.55,18957
2019-07-30,19.55,19.55,19.55,19.45,19.55,18957
2019-07-31,19.55,19.55,19.55,19.45,19.55,18957
2019-08-01,19.55,19.55,19.55,19.45,19.55,18957
2019-08-02,19.55,19.55,19.55,19.45,19.55,18957
2019-08-05,19.55,19.55,19.55,19.45,19.55,18957
2019-08-06,19.55,19.55,19.55,19.45,19.55,18957
2019-08-07,19.55,19.55,19.55,19.45,19.55,18957
2019-08-08,19.55,19.55,19.55,19.45,19.55,18957
2019-08-09,19.55,19.55,19.55,19.45,19.55,18957
2019-08-12,19.55,19.55,19.55,19.45,19.55,18957
2019-08-13,19.55,19.55,19.55,19.45,19.55,18957
2019-08-14,19.55,19.55,19.55,19.45,19.55,18957
2019-08-15,19.55,19.55,19.55,19.45,19.55,18957
2019-08-16,19.55,19.55,19.55,19.45,19.55,18957
2019-08-19,19.55,19.55,19.55,19.45,19.55,18957
2019-08-20,19.55,19.55,19.55,19.45,19.55,18957
2019-08-21,19.55,19.55,19.55,19.45,19.55,18957
2019-08-22,19.55,19.55,19.55,19.45,19.55,18957
2019-08-23,19.55,19.55,19.55,19.45,19.55,18957
2019-08-26,19.55,19.55,19.55,19.45,19.55,18957
2019-08-27,19.55,19.55,19.55,19.45,19.55,18957
2019-08-28,19.55,19.55,19.55,19.45,19.55,18957
2019-08-29,19.55,19.55,19.55,19.45,19.55,18957
2019-08-30,19.55,19.55,19.55,19.45,19.55,18957
2019-09-02,19.55,19.55,19.55,19.45,19.55,18957
2019-09-03,19.55,19.55,19.55,19.45,19.55,18957
2019-09-04,19.55,19.55,19.55,19.45,19.55,18957
2019-09-05,19.55,19.55,19.55,19.45,19.55,18957
2019-09-06,19.55,19.55,19.55,19.45,19.55,18957
2019-09-09,19.55,19.55,19.55,19.45,19.55,18957
2019-09-10,19.55,19.55,19.55,19.45,19.55,18957
2019-09-11,19.55,19.55,19.55,19.45,19.55,18957
2019-09-12,19.55,19.55,19.55,19.45,19.55,18957
2019-09-13,19.55,19.55,19.55,19.45,19.55,18957
2019-09-16,19.55,19.55,19.55,19.45,19.55,18957
2019-09-17,19.55,19.55,19.55,19.45,19.55,18957
2019-09-18,19.55,19.55,19.55,19.45,19.55,18957
2019-09-19,19.55,19.55,19.55,19.45,19.55,18957
2019-09-20,19.55,19.55,19.55,19.45,19.55,18957
2019-09-23,19.55,19.55,19.55,19.45,19.55,18957
2019-09-24,19.55,19.55,19.55,19.45,19.55,18957
2019-09-25,19.55,19.55,19.55,19.45,19.55,18957
2019-09-26,19.55,19.55,19.55,19.45,19.55,18957
2019-09-27,19.55,19.55,19.55,19.45,19.55,18957
2019-09-30,19.55,19.55,19.55,19.45,19.55,18957
2019-10-01,19.55,19.55,19.55,19.45,19.55,18957
2019-10-02,19.55,19.55,19.55,19.45,19.55,18957
2019-10-03,19.55,19.55,19.55,19.45,19.55,18957
2019-10-04,19.55,19.55,19.55,19.45,19.55,18957
2019-10-07,19.55,19.55,19.55,19.45,19.55,18957
2019-10-08,19.55,19.55,19.55,19.45,19.55,18957
2019-10-09,19.55,19.55,19.55,19.45,19.55,18957
2019-10-10,19.55,19.55,19.55,19.45,19.55,18957
2019-10-11,19.55,19.55,19.55,19.45,19.55,18957
2019-10-14,19.55,19.55,19.55,19.45,19.55,18957
2019-10-15,19.55,19.55,19.55,19.45,19.55,18957
2019-10-16,19.55,19.55,19.55,19.45,19.55,18957
2019-10-17,19.55,19.55,19.55,19.45,19.55,18957
2019-10-18,19.55,19.55,19.55,19.45,19.55,18957
2019-10-21,19.55,19.55,19.55,19.45,19.55,18957
2019-10-22,19.55,19.55,19.55,19.45,19.55,18957
2019-10-23,19.55,19.55,19.55,19.45,19.55,18957
2019-10-24,19.55,19.55,19.55,19.45,19.55,18957
2019-10-25,19.55,19.55,19.55,19.45,19.55,18957
2019-10-28,19.55,19.55,19.55,19.45,19.55,18957
2019-10-29,19.55,19.55,19.55,19.45,19.55,18957
2019-10-30,19.55,19.55,19.55,19.45,19.55,18957
2019-10-31,19.55,19.55,19.55,19.45,19.55,18957
2019-11-01,19.55,19.55,19.55,19.45,19.55,18957
2019-11-04,19.55,19.55,19.55,19.45,19.55,18957
2019-11-05,19.55,19.55,19.55,19.45,19.55,18957
2019-11-06,19.55,19.55,19.55,19.45,19.55,18957
2019-11-07,19.55,19.55,19.55,19.45,19.55,18957
2019-11-08,19.55,19.55,19.55,19.45,19.55,18957
2019-11-11,19.55,19.55,19.55,19.45,19.55,18957
2019-11-12,19.55,19.55,19.55,19.45,19.55,18957
2019-11-13,19.55,19.55,19.55,19.45,19.55,18957
2019-11-14,19.55,19.55,19.55,19.45,19.55,18957
2019-11-20,19.55,19.55,19.55,19.45,19.55,18957
2019-11-21,19.55,19.55,19.55,19.45,19.55,18957
2019-11-22,19.55,19.55,19.55,19.45,19.55,18957
2019-11-25,19.55,19.55,19.55,19.45,19.55,18957
2019-11-26,19.55,19.55,19.55,19.45,19.55,18957
2019-11-27,19.55,19.55,19.55,19.45,19.55,18957
2019-11-28,19.55,19.55,19.55,19.45,19.55,18957
2019-11-29,19.55,19.55,19.55,19.45,19.55,18957
2019-12-02,19.55,19.55,19.55,19.45,19.55,18957
2019-12-03,19.55,19.55,19.55,19.45,19.55,18957
2019-12-04,19.55,19.55,19.55,19.45,19.55,18957
2019-12-05,19.55,19.55,19.55,19.45,19.55,18957
2019-12-06,19.55,19.55,19.55,19.45,19.55,18957
2019-12-09,19.55,19.55,19.55,19.45,19.55,18957
2019-12-10,19.55,19.55,19.55,19.45,19.55,18957
2019-12-11,19.55,19.55,19.55,19.45,19.55,18957
2019-12-12,19.55,19.55,19.55,19.45,19.55,18957
2019-12-13,19.55,19.55,19.55,19.45,19.55,18957
2019-12-16,19.55,19.55,19.55,19.45,19.55,18957
2019-12-17,19.55,19.55,19.55,19.45,19.55,18957
2019-12-18,19.55,19.55,19.55,19.45,19.55,18957
2019-12-19,19.55,19.55,19.55,19.45,19.55,18957
2019-12-20,19.55,19.55,19.55,19.45,19.55,18957
2019-12-23,19.55,19.55,19.55,19.45,19.55,18957
2019-12-24,19.55,19.55,19.55,19.45,19.55,18957
2019-12-25,19.55,19.55,19.55,19.45,19.55,18957
2019-12-26,19.55,19.55,19.55,19.45,19.55,18957
2019-12-27,19.55,19.55,19.55,19.45,19.55,18957
2019-12-30,19.55,19.55,19.55,19.45,19.55,18957
2019-12-31,19.55,19.55,19.55,19.45,19.55,18957
2020-01-01,19.55,19.55,19.55,19.45,19.55,18957
2020-01-02,19.55,19.55,19.55,19.45,19.55,18957
2020-01-03,19.55,19.55,19.55,19.45,19.55,18957
2020-01-06,19.55,19.55,19.55,19.45,19.55,18957
2020-01-07,19.55,19.55,19.55,19.45,19.55,18957
2020-01-08,19.55,19.55,19.55,19.45,19.55,18957
2020-01-09,19.55,19.55,19.55,19.45,19.55,18957
2020-01-10,19.55,19.55,19.55,19.45,19.55,18957
2020-01-13,19.55,19.55,19.55,19.45,19.55,18957
2020-01-14,19.55,19.55,19.55,19.45,19.55,18957
2020-01-15,19.55,19.55,19.55,19.45,19.55,18957
2020-01-16,19.55,19.55,19.55,19.45,19.55,18957
2020-01-17,19.55,19.55,19.55,19.45,19.55,18957
2020-01-20,19.55,19.55,19.55,19.45,19.55,18957
2020-01-21,19.55,19.55,19.55,19.45,19.55,18957
2020-01-22,19.55,19.55,19.55,19.45,19.55,18957
2020-01-23,19.55,19.55,19.55,19.45,19.55,18957
2020-01-24,19.55,19.55,19.55,19.45,19.55,18957
2020-01-27,19.55,19.55,19.55,19.45,19.55,18957
2020-01-28,19.55,19.55,19.55,19.45,19.55,18957
2020-01-29,19.55,19.55,19.55,19.45,19.55,18957
2020-01-30,19.55,19.55,19.55,19.45,19.55,18957
2020-01-31,19.55,19.55,19.55,19.45,19.55,18957
2020-02-03,19.55,19.55,19.55,19.45,19.55,18957
2020-02-04,19.55,19.55,19.55,19.45,19.55,18957
2020-02-05,19.55,19.55,19.55,19.45,19.55,18957
2020-02-06,19.55,19.55,19.55,19.45,19.55,18957
2020-02-07,19.55,19.55,19.55,19.45,19.55,18957
2020-02-10,19.55,19.55,19.55,19.45,19.55,18957
2020-02-11,19.55,19.55,19.55,19.45,19.55,18957
2020-02-12,19.55,19.55,19.55,19.45,19.55,18957
2020-02-13,19.55,19.55,19.55,19.45,19.55,18957
2020-02-14,19.55,19.55,19.55,19.45,19.55,18957
2020-02-17,19.55,19.55,19.55,19.45,19.55,18957
2020-02-18,19.55,19.55,19.55,19.45,19.55,18957
2020-02-19,19.55,19.55,19.55,19.45,19.55,18957
2020-02-20,19.55,19.55,19.55,19.45,19.55,18957
2020-02-21,19.55,19.55,19.55,19.45,19.55,18957
2020-02-24,19.55,19.55,19.55,19.45,19.55,18957
2020-02-25,19.55,19.55,19.55,19.45,19.55,18957
2020-02-26,19.55,19.55,19.55,19.45,19.55,18957
2020-02-27,19.55,19.55,19.55,19.45,19.55,18957
2020-02-28,19.55,19.55,19.55,19.45,19.55,18957
2020-03-02,19.55,19.55,19.55,19.45,19.55,18957
2020-03-03,19.55,19.55,19.55,19.45,19.55,18957
2020-03-04,19.55,19.55,19.55,19.45,19.55,18957
2020-03-05,19.55,19.55,19.55,19.45,19.55,18957
2020-03-06,19.55,19.55,19.55,19.45,19.55,18957
2020-03-09,19.55,19.55,19.55,19.45,19.55,18957
2020-03-10,19.55,19.55,19.55,19.45,19.55,18957
2020-03-11,19.55,19.55,19.55,19.45,19.55,18957
2020-03-12,19.55,19.55,19.55,19.45,19.55,18957
2020-03-13,19.55,19.55,19.55,19.45,19.55,18957
2020-03-16,19.55,19.55,19.55,19.45,19.55,18957
2020-03-17,19.55,19.55,19.55,19.45,19.55,18957
2020-03-18,19.55,19.55,19.55,19.45,19.55,18957
2020-03-19,19.55,19.55,19.55,19.45,19.55,18957
2020-03-20,19.55,19.55,19.55,19.45,19.55,18957
2020-03-23,19.55,19.55,19.55,19.45,19.55,18957
2020-03-24,19.55,19.55,19.55,19.45,19.55,18957
2020-03-25,19.55,19.55,19.55,19.45,19.55,18957
2020-03-26,19.55,19.55,19.55,19.45,19.55,18957
2020-03-27,19.55,19.55,19.55,19.45,19.55,18957
2020-03-30,19.55,19.55,19.55,19.45,19.55,18957
2020-03-31,19.55,19.55,19.55,19.45,19.55,18957
2020-04-01,19.55,19.55,19.55,19.45,19.55,18957
2020-04-02,19.55,19.55,19.55,19.45,19.55,18957
2020-04-03,19.55,19.55,19.55,19.45,19.55,18957
2020-04-07,19.55,19.55,19.55,19.45,19.55,18957
2020-04-08,19.55,19.55,19.55,19.45,19.55,18957
2020-04-09,19.55,19.55,19.55,19.45,19.55,18957
2020-04-10,19.55,19.55,19.55,19.45,19.55,18957
2020-04-13,19.55,19.55,19.55,19.45,19.55,18957
2020-04-14,19.55,19.55,19.55,19.45,19.55,18957
2020-04-15,19.55,19.55,19.55,19.45,19.55,18957
2020-04-16,19.55,19.55,19.55,19.45,19.55,18957
2020-04-17,19.55,19.55,19.55,19.45,19.55,18957
2020-04-20,19.55,19.55,19.55,19.45,19.55,18957
2020-04-21,19.55,19.55,19.55,19.45,19.55,18957
2020-04-22,19.55,19.55,19.55,19.45,19.55,18957
2020-04-23,19.55,19.55,19.55,19.45,19.55,18957
2020-04-24,19.55,19.55,19.55,19.45,19.55,18957
2020-04-27,19.55,19.55,19.55,19.45,19.55,18957
2020-04-28,19.55,19.55,19.55,19.45,19.55,18957
2020-04-29,19.55,19.55,19.55,19.45,19.55,18957
2020-05-01,19.55,19.55,19.55,19.45,19.55,18957
2020-05-04,19.55,19.55,19.55,19.45,19.55,18957
2020-05-05,19.55,19.55,19.55,19.45,19.55,18957
2020-05-06,19.55,19.55,19.55,19.45,19.55,18957
2020-05-07,19.55,19.55,19.55,19.45,19.55,18957
2020-05-08,19.55,19.55,19.55,19.45,19.55,18957
2020-05-11,19.55,19.55,19.55,19.45,19.55,18957
2020-05-12,19.55,19.55,19.55,19.45,19.55,18957
2020-05-13,19.55,19.55,19.55,19.45,19.55,18957
2020-05-14,19.55,19.55,19.55,19.45,19.55,18957
2020-05-15,19.55,19.55,19.55,19.45,19.55,18957
2020-05-18,19.55,19.55,19.55,19.45,19.55,18957
2020-05-19,19.55,19.55,19.55,19.45,19.55,18957
2020-05-20,19.55,19.55,19.55,19.45,19.55,18957
2020-05-21,19.55,19.55,19.55,19.45,19.55,18957
2020-05-22,19.55,19.55,19.55,19.45,19.55,18957
2020-05-25,19.55,19.55,19.55,19.45,19.55,18957
2020-05-26,19.55,19.55,19.55,19.45,19.55,18957
2020-05-27,19.55,19.55,19.55,19.45,19.55,18957
2020-05-28,19.55,19.55,19.55,19.45,19.55,18957
2020-05-29,19.55,19.55,19.55,19.45,19.55,18957
2020-06-01,19.55,19.55,19.55,19.45,19.55,18957
2020-06-02,19.55,19.55,19.55,19.45,19.55,18957
2020-06-03,19.55,19.55,19.55,19.45,19.55,18957
2020-06-04,19.55,19.55,19.55,19.45,19.55,18957
2020-06-05,19.55,19.55,19.55,19.45,19.55,18957
2020-06-08,19.55,19.55,19.55,19.45,19.55,18957
2020-06-09,19.55,19.55,19.55,19.45,19.55,18957
2020-06-10,19.55,19.55,19.55,19.45,19.55,18957
2020-06-11,19.55,19.55,19.55,19.45,19.55,18957
2020-06-12,19.55,19.55,19.55,19.45,19.55,18957
2020-06-15,19.55,19.55,19.55,19.45,19.55,18957
2020-06-16,19.55,19.55,19.55,19.45,19.55,18957
2020-06-17,19.55,19.55,19.55,19.45,19.55,18957
2020-06-18,19.55,19.55,19.55,19.45,19.55,18957
2020-06-19,19.55,19.55,19.55,19.45,19.55,18957
2020-06-22,19.55,19.55,19.55,19.45,19.55,18957
2020-06-23,19.55,19.55,19.55,19.45,19.55,18957
2020-06-24,19.55,19.55,19.55,19.45,19.55,18957
2020-06-25,19.55,19.55,19.55,19.45,19.55,18957
2020-06-26,19.55,19.55,19.55,19.45,19.55,18957
2020-06-29,19.55,19.55,19.55,19.45,19.55,18957
2020-06-30,19.55,19.55,19.55,19.45,19.55,18957
2020-07-01,19.55,19.55,19.55,19.45,19.55,18957
2020-07-02,19.55,19.55,19.55,19.45,19.55,18957
2020-07-03,19.55,19.55,19.55,19.45,19.55,18957
2020-07-06,19.55,19.55,19.55,19.45,19.55,18957
2020-07-07,19.55,19.55,19.55,19.45,19.55,18957
2020-07-08,19.55,19.55,19.55,19.45,19.55,18957
2020-07-09,19.55,19.55,19.55,19.45,19.55,18957
2020-07-10,19.55,19.55,19.55,19.45,19.55,18957
2020-07-13,19.55,19.55,19.55,19.45,19.55,18957
2020-07-14,19.55,19.55,19.55,19.45,19.55,18957
2020-07-15,19.55,19.55,19.55,19.45,19.55,18957
2020-07-16,19.55,19.55,19.55,19.45,19.55,18957
2020-07-17,19.55,19.55,19.55,19.45,19.55,18957
2020-07-20,19.55,19.55,19.55,19.45,19.55,18957
2020-07-21,19.55,19.55,19.55,19.45,19.55,18957
2020-07-22,19.55,19.55,19.55,19.45,19.55,18957
2020-07-23,19.55,19.55,19.55,19.45,19.55,18957
2020-07-24,19.55,19.55,19.55,19.45,19.55,18957
2020-07-27,19.55,19.55,19.55,19.45,19.55,18957
2020-07-28,19.55,19.55,19.55,19.45,19.55,18957
2020-07-29,19.55,19.55,19.55,19.45,19.55,18957
2020-07-30,19.55,19.55,19.55,19.45,19.55,18957
2020-07-31,19.55,19.55,19.55,19.45,19.55,18957
2020-08-03,19.55,19.55,19.55,19.45,19.55,18957
2020-08-04,19.55,19.55,19.55,19.45,19.55,18957
2020-08-05,19.55,19.55,19.55,19.45,19.55,18957
2020-08-06,19.55,19.55,19.55,19.45,19.55,18957
2020-08-07,19.55,19.55,19.55,19.45,19.55,18957
2020-08-10,19.55,19.55,19.55,19.45,19.55,18957
2020-08-11,19.55,19.55,19.55,19.45,19.55,18957
2020-08-12,19.55,19.55,19.55,19.45,19.55,18957
2020-08-13,19.55,19.55,19.55,19.45,19.55,18957
2020-08-14,19.55,19.55,19.55,19.45,19.55,18957
2020-08-17,19.55,19.55,19.55,19.45,19.55,18957
2020-08-18,19.55,19.55,19.55,19.45,19.55,18957
2020-08-19,19.55,19.55,19.55,19.45,19.55,18957
2020-08-20,19.55,19.55,19.55,19.45,19.55,18957
2020-08-21,19.55,19.55,19.55,19.45,19.55,18957
2020-08-24,19.55,19.55,19.55,19.45,19.55,18957
2020-08-25,19.55,19.55,19.55,19.45,19.55,18957
2020-08-26,19.55,19.55,19.55,19.45,19.55,18957
2020-08-27,19.55,19.55,19.55,19.45,19.55,18957
2020-08-28,19.55,19.55,19.55,19.45,19.55,18957
2020-08-31,19.55,19.55,19.55,19.45,19.55,18957
2020-09-01,19.55,19.55,19.55,19.45,19.55,18957
2020-09-02,19.55,19.55,19.55,19.45,19.55,18957
2020-09-03,19.55,19.55,19.55,19.45,19.55,18957
2020-09-04,19.55,19.55,19.55,19.45,19.55,18957
2020-09-07,19.55,19.55,19.55,19.45,19.55,18957
2020-09-08,19.55,19.55,19.55,19.45,19.55,18957
2020-09-09,19.55,19.55,19.55,19.45,19.55,18957
2020-09-10,19.55,19.55,19.55,19.45,19.55,18957
2020-09-11,19.55,19.55,19.55,19.45,19.55,18957
2020-09-14,19.55,19.55,19.55,19.45,19.55,18957
2020-09-15,19.55,19.55,19.55,19.45,19.55,18957
2020-09-16,19.55,19.55,19.55,19.45,19.55,18957
2020-09-17,19.55,19.55,19.55,19.45,19.55,18957
2020-09-18,19.55,19.55,19.55,19.45,19.55,18957
2020-09-21,19.55,19.55,19.55,19.45,19.55,18957
2020-09-22,19.55,19.55,19.55,19.45,19.55,18957
2020-09-23,19.55,19.55,19.55,19.45,19.55,18957
2020-09-24,19.55,19.55,19.55,19.45,19.55,18957
2020-09-25,19.55,19.55,19.55,19.45,19.55,18957
2020-09-28,19.55,19.55,19.55,19.45,19.55,18957
2020-09-29,19.55,19.55,19.55,19.45,19.55,18957
2020-09-30,19.55,19.55,19.55,19.45,19.55,18957
2020-10-01,19.55,19.55,19.55,19.45,19.55,18957
2020-10-02,19.55,19.55,19.55,19.45,19.55,18957
2020-10-05,19.55,19.55,19.55,19.45,19.55,18957
2020-10-06,19.55,19.55,19.55,19.45,19.55,18957
2020-10-07,19.55,19.55,19.55,19.45,19.55,18957
2020-10-08,19.55,19.55,19.55,19.45,19.55,18957
2020-10-09,19.55,19.55,19.55,19.45,19.55,18957
2020-10-12,19.55,19.55,19.55,19.45,19.55,18957
2020-10-13,19.55,19.55,19.55,19.45,19.55,18957
2020-10-14,19.55,19.55,19.55,19.45,19.55,18957
2020-10-15,19.55,19.55,19.55,19.45,19.55,18957
2020-10-16,19.55,19.55,19.55,19.45,19.55,18957
2020-10-19,19.55,19.55,19.55,19.45,19.55,18957
2020-10-20,19.55,19.55,19.55,19.45,19.55,18957
2020-10-21,19.55,19.55,19.55,19.45,19.55,18957
2020-10-22,19.55,19.55,19.55,19.45,19.55,18957
2020-10-23,19.55,19.55,19.55,19.45,19.55,18957
2020-10-26,19.55,19.55,19.55,19.45,19.55,18957
2020-10-27,19.55,19.55,19.55,19.45,19.55,18957
2020-10-28,19.55,19.55,19.55,19.45,19.55,18957
2020-10-29,19.55,19.55,19.55,19.45,19.55,18957
2020-10-30,19.55,19.55,19.55,19.45,19.55,18957
2020-11-02,19.55,19.55,19.55,19.45,19.55,18957
2020-11-03,19.55,19.55,19.55,19.45,19.55,18957
2020-11-04,19.55,19.55,19.55,19.45,19.55,18957
2020-11-05,19.55,19.55,19.55,19.45,19.55,18957
2020-11-06,19.55,19.55,19.55,19.45,19.55,18957
2020-11-09,19.55,19.55,19.55,19.45,19.55,18957
2020-11-10,19.55,19.55,19.55,19.45,19.55,18957
2020-11-11,19.55,19.55,19.55,19.45,19.55,18957
2020-11-12,19.55,19.55,19.55,19.45,19.55,18957
2020-11-13,19.55,19.55,19.55,19.45,19.55,18957
2020-11-16,19.55,19.55,19.55,19.45,19.55,18957
2020-11-17,19.55,19.55,19.55,19.45,19.55,18957
2020-11-18,19.55,19.55,19.55,19.45,19.55,18957
2020-11-19,19.55,19.55,19.55,19.45,19.55,18957
2020-11-20,19.55,19.55,19.55,19.45,19.55,18957
2020-11-23,19.55,19.55,19.55,19.45,19.55,18957
2020-11-24,19.55,19.55,19.55,19.45,19.55,18957
2020-11-25,19.55,19.55,19.55,19.45,19.55,18957
2020-11-26,19.55,19.55,19.55,19.45,19.55,18957
2020-11-27,19.55,19.55,19.55,19.45,19.55,18957
2020-11-30,19.55,19.55,19.55,19.45,19.55,18957
2020-12-01,19.55,19.55,19.55,19.45,19.55,18957
2020-12-02,19.55,19.55,19.55,19.45,19.55,18957
2020-12-04,19.55,19.55,19.55,19.45,19.55,18957
2020-12-07,19.55,19.55,19.55,19.45,19.55,18957
2020-12-08,19.55,19.55,19.55,19.45,19.55,18957
2020-12-09,19.55,19.55,19.55,19.45,19.55,18957
2020-12-10,19.55,19.55,19.55,19.45,19.55,18957
2020-12-11,19.55,19.55,19.55,19.45,19.55,18957
2020-12-14,19.55,19.55,19.55,19.45,19.55,18957
2020-12-15,19.55,19.55,19.55,19.45,19.55,18957
2020-12-16,19.55,19.55,19.55,19.45,19.55,18957
2020-12-17,19.55,19.55,19.55,19.45,19.55,18957
2020-12-18,19.55,19.55,19.55,19.45,19.55,18957
2020-12-21,19.55,19.55,19.55,19.45,19.55,18957
2020-12-22,19.55,19.55,19.55,19.45,19.55,18957
2020-12-23,19.55,19.55,19.55,19.45,19.55,18957
2020-12-24,19.55,19.55,19.55,19.45,19.55,18957
2020-12-25,19.55,19.55,19.55,19.45,19.55,18957
2020-12-28,19.55,19.55,19.55,19.45,19.55,18957
2020-12-29,19.55,19.55,19.55,19.45,19.55,18957
2020-12-30,19.55,19.55,19.55,19.45,19.55,18957
2020-12-31,19.55,19.55,19.55,19.45,19.55,18957
2021-01-01,19.55,19.55,19.55,19.45,19.55,18957
2021-01-04,19.55,19.55,19.55,19.45,19.55,18957
2021-01-05,19.55,19.55,19.55,19.45,19.55,18957
2021-01-06,19.55,19.55,19.55,19.45,19.55,18957
2021-01-07,19.55,19.55,19.55,19.45,19.55,18957
2021-01-08,19.55,19.55,19.55,19.45,19.55,18957
2021-01-11,19.55,19.55,19.55,19.45,19.55,18957
2021-01-12,19.55,19.55,19.55,19.45,19.55,18957
2021-01-13,19.55,19.55,19.55,19.45,19.55,18957
2021-01-14,19.55,19.55,19.55,19.45,19.55,18957
2021-01-15,19.55,19.55,19.55,19.45,19.55,18957
2021-01-18,19.55,19.55,19.55,19.45,19.55,18957
2021-01-19,19.55,19.55,19.55,19.45,19.55,18957
2021-01-20,19.55,19.55,19.55,19.45,19.55,18957
2021-01-21,19.55,19.55,19.55,19.45,19.55,18957
2021-01-22,19.55,19.55,19.55,19.45,19.55,18957
2021-01-25,19.55,19.55,19.55,19.45,19.55,18957
2021-01-26,19.55,19.55,19.55,19.45,19.55,18957
2021-01-27,19.55,19.55,19.55,19.45,19.55,18957
2021-01-28,19.55,19.55,19.55,19.45,19.55,18957
2021-01-29,19.55,19.55,19.55,19.45,19.55,18957
2021-02-01,19.55,19.55,19.55,19.45,19.55,18957
2021-02-02,19.55,19.55,19.55,19.45,19.55,18957
2021-02-03,19.55,19.55,19.55,19.45,19.55,18957
2021-02-04,19.55,19.55,19.55,19.45,19.55,18957
2021-02-05,19.55,19.55,19.55,19.45,19.55,18957
2021-02-08,19.55,19.55,19.55,19.45,19.55,18957
2021-02-09,19.55,19.55,19.55,19.45,19.55,18957
2021-02-10,19.55,19.55,19.55,19.45,19.55,18957
2021-02-11,19.55,19.55,19.55,19.45,19.55,18957
2021-02-12,19.55,19.55,19.55,19.45,19.55,18957
2021-02-15,19.55,19.55,19.55,19.45,19.55,18957
2021-02-16,19.55,19.55,19.55,19.45,19.55,18957
2021-02-17,19.55,19.55,19.55,19.45,19.55,18957
2021-02-18,19.55,19.55,19.55,19.45,19.55,18957
2021-02-19,19.55,19.55,19.55,19.45,19.55,18957
2021-02-22,19.55,19.55,19.55,19.45,19.55,18957
2021-02-23,19.55,19.55,19.55,19.45,19.55,18957
2021-02-24,19.55,19.55,19.55,19.45,19.55,18957
2021-02-25,19.55,19.55,19.55,19.45,19.55,18957
2021-02-26,19.55,19.55,19.55,19.45,19.55,18957
2021-03-01,19.55,19.55,19.55,19.45,19.55,18957
2021-03-02,19.55,19.55,19.55,19.45,19.55,18957
2021-03-03,19.55,19.55,19.55,19.45,19.55,18957
2021-03-04,19.55,19.55,19.55,19.45,19.55,18957
2021-03-05,19.55,19.55,19.55,19.45,19.55,18957
2021-03-08,19.55,19.55,19.55,19.45,19.55,18957
2021-03-09,19.55,19.55,19.55,19.45,19.55,18957
2021-03-10,19.55,19.55,19.55,19.45,19.55,18957
2021-03-11,19.55,19.55,19.55,19.45,19.55,18957
2021-03-12,19.55,19.55,19.55,19.45,19.55,18957
2021-03-15,19.55,19.55,19.55,19.45,19.55,18957
2021-03-16,19.55,19.55,19.55,19.45,19.55,18957
2021-03-17,19.55,19.55,19.55,19.45,19.55,18957
2021-03-18,19.55,19.55,19.55,19.45,19.55,18957
2021-03-19,19.55,19.55,19.55,19.45,19.55,18957
2021-03-22,19.55,19.55,19.55,19.45,19.55,18957
2021-03-23,19.55,19.55,19.55,19.45,19.55,18957
2021-03-24,19.55,19.55,19.55,19.45,19.55,18957
2021-03-25,19.55,19.55,19.55,19.45,19.55,18957
2021-03-26,19.55,19.55,19.55,19.45,19.55,18957
2021-03-29,19.55,19.55,19.55,19.45,19.55,18957
2021-03-30,19.55,19.55,19.55,19.45,19.55,18957
2021-03-31,19.55,19.55,19.55,19.45,19.55,18957
2021-04-01,19.55,19.55,19.55,19.45,19.55,18957
2021-04-02,19.55,19.55,19.55,19.45,19.55,18957
2021-04-05,19.55,19.55,19.55,19.45,19.55,18957
2021-04-06,19.55,19.55,19.55,19.45,19.55,18957
2021-04-07,19.55,19.55,19.55,19.45,19.55,18957
2021-04-08,19.55,19.55,19.55,19.45,19.55,18957
2021-04-09,19.55,19.55,19.55,19.45,19.55,18957
2021-04-12,19.55,19.55,19.55,19.45,19.55,18957
2021-04-13,19.55,19.55,19.55,19.45,19.55,18957
2021-04-14,19.55,19.55,19.55,19.45,19.55,18957
2021-04-15,19.55,19.55,19.55,19.45,19.55,18957
2021-04-16,19.55,19.55,19.55,19.45,19.55,18957
2021-04-19,19.55,19.55,19.55,19.45,19.55,18957
2021-04-20,19.55,19.55,19.55,19.45,19.55,18957
2021-04-21,19.55,19.55,19.55,19.45,19.55,18957
2021-04-22,19.55,19.55,19.55,19.45,19.55,18957
2021-04-23,19.55,19.55,19.55,19.45,19.55,18957
2021-04-26,19.55,19.55,19.55,19.45,19.55,18957
2021-04-27,19.55,19.55,19.55,19.45,19.55,18957
2021-04-28,19.55,19.55,19.55,19.45,19.55,18957
2021-04-29,19.55,19.55,19.55,19.45,19.55,18957
2021-04-30,19.55,19.55,19.55,19.45,19.55,18957
2021-05-03,19.55,19.55,19.55,19.45,19.55,18957
2021-05-04,19.55,19.55,19.55,19.45,19.55,18957
2021-05-05,19.55,19.55,19.55,19.45,19.55,18957
2021-05-06,19.55,19.55,19.55,19.45,19.55,18957
2021-05-07,19.55,19.55,19.55,19.45,19.55,18957
2021-05-10,19.55,19.55,19.55,19.45,19.55,18957
2021-05-11,19.55,19.55,19.55,19.45,19.55,18957
2021-05-12,19.55,19.55,19.55,19.45,19.55,18957
2021-05-13,19.55,19.55,19.55,19.45,19.55,18957
2021-05-14,19.55,19.55,19.55,19.45,19.55,18957
2021-05-17,19.55,19.55,19.55,19.45,19.55,18957
2021-05-18,19.55,19.55,19.55,19.45,19.55,18957
2021-05-19,19.55,19.55,19.55,19.45,19.55,18957
2021-05-20,19.55,19.55,19.55,19.45,19.55,18957
2021-05-21,19.55,19.55,19.55,19.45,19.55,18957
2021-05-24,19.55,19.55,19.55,19.45,19.55,18957
2021-05-25,19.55,19.55,19.55,19.45,19.55,18957
2021-05-26,19.55,19.55,19.55,19.45,19.55,18957
2021-05-27,19.55,19.55,19.55,19.45,19.55,18957
2021-05-28,19.55,19.55,19.55,19.45,19.55,18957
2021-05-31,19.55,19.55,19.55,19.45,19.55,18957
2021-06-01,19.55,19.55,19.55,19.45,19.55,18957
2021-06-02,19.55,19.55,19.55,19.45,19.55,18957
2021-06-03,19.55,19.55,19.55,19.45,19.55,18957
2021-06-04,19.55,19.55,19.55,19.45,19.55,18957
2021-06-07,19.55,19.55,19.55,19.45,19.55,18957
2021-06-08,19.55,19.55,19.55,19.45,19.55,18957
2021-06-09,19.55,19.55,19.55,19.45,19.55,18957
2021-06-10,19.55,19.55,19.55,19.45,19.55,18957
2021-06-11,19.55,19.55,19.55,19.45,19.55,18957
2021-06-14,19.55,19.55,19.55,19.45,19.55,18957
2021-06-15,19.55,19.55,19.55,19.45,19.55,18957
2021-06-16,19.55,19.55,19.55,19.45,19.55,18957
2021-06-17,19.55,19.55,19.55,19.45,19.55,18957
2021-06-18,19.55,19.55,19.55,19.45,19.55,18957
2021-06-21,19.55,19.55,19.55,19.45,19.55,18957
2021-06-22,19.55,19.55,19.55,19.45,19.55,18957
2021-06-23,19.55,19.55,19.55,19.45,19.55,18957
2021-06-24,19.55,19.55,19.55,19.45,19.55,18957
2021-06-25,19.55,19.55,19.55,19.45,19.55,18957
2021-06-28,19.55,19.55,19.55,19.45,19.55,18957
2021-06-29,19.55,19.55,19.55,19.45,19.55,18957
2021-06-30,19.55,19.55,19.55,19.45,19.55,18957
2021-07-01,19.55,19.55,19.55,19.45,19.55,18957
2021-07-02,19.55,19.55,19.55,19.45,19.55,18957
2021-07-05,19.55,19.55,19.55,19.45,19.55,18957
2021-07-06,19.55,19.55,19.55,19.45,19.55,18957
2021-07-07,19.55,19.55,19.55,19.45,19.55,18957
2021-07-08,19.55,19.55,19.55,19.45,19.55,18957
2021-07-09,19.55,19.55,19.55,19.45,19.55,18957
2021-07-12,19.55,19.55,19.55,19.45,19.55,18957
2021-07-13,19.55,19.55,19.55,19.45,19.55,18957
2021-07-14,19.55,19.55,19.55,19.45,19.55,18957
2021-07-15,19.55,19.55,19.55,19.45,19.55,18957
2021-07-16,19.55,19.55,19.55,19.45,19.55,18957
2021-07-19,19.55,19.55,19.55,19.45,19.55,18957
2021-07-20,19.55,19.55,19.55,19.45,19.55,18957
2021-07-21,19.55,19.55,19.55,19.45,19.55,18957
2021-07-22,19.55,19.55,19.55,19.45,19.55,18957
2021-07-23,19.55,19.55,19.55,19.45,19.55,18957
2021-07-26,19.55,19.55,19.55,19.45,19.55,18957
2021-07-27,19.55,19.55,19.55,19.45,19.55,18957
2021-07-28,19.55,19.55,19.55,19.45,19.55,18957
2021-07-29,19.55,19.55,19.55,19.45,19.55,18957
2021-07-30,19.55,19.55,19.55,19.45,19.55,18957
2021-08-02,19.55,19.55,19.55,19.45,19.55,18957
2021-08-03,19.55,19.55,19.55,19.45,19.55,18957
2021-08-04,19.55,19.55,19.55,19.45,19.55,18957
2021-08-05,19.55,19.55,19.55,19.45,19.55,18957
2021-08-06,19.55,19.55,19.55,19.45,19.55,18957
2021-08-09,33.0,33.0,33.7,32.7,33.0,35000
2021-08-10,32.65,32.65,32.9,32.55,32.8,21000
2021-08-11,32.5,32.5,33.15,32.5,32.8,18000
2021-08-12,32.55,32.55,32.75,32.4,32.75,21000
2021-08-13,32.45,32.45,32.9,32.0,32.8,91000
2021-08-16,32.9,32.9,33.0,32.1,32.5,133000
2021-08-17,32.65,32.65,33.0,32.5,32.85,83000
2021-08-18,33.0,33.0,33.0,32.1,32.65,110000
2021-08-19,30.6,30.6,31.8,30.0,31.8,107000
2021-08-20,29.3,29.3,30.9,29.2,30.6,107000
2021-08-23,29.1,29.1,29.3,28.9,29.3,36000
2021-08-24,29.0,29.0,29.4,28.9,29.0,18000
2021-08-25,29.3,29.3,29.3,28.8,28.9,12000
2021-08-26,29.3,29.3,29.35,29.0,29.05,47000
2021-08-27,29.4,29.4,29.7,29.3,29.7,13000
2021-08-30,29.9,29.9,29.9,29.45,29.5,11000
2021-08-31,30.9,30.9,31.9,30.4,30.5,51000
2021-09-01,30.1,30.1,30.3,29.8,30.2,139000
2021-09-02,29.8,29.8,30.3,29.75,30.0,49000
2021-09-03,30.0,30.0,30.0,29.7,29.9,30000
2021-09-06,29.7,29.7,30.15,29.7,30.0,42000
2021-09-07,29.6,29.6,29.9,29.3,29.6,50000
2021-09-08,29.2,29.2,29.6,29.2,29.6,40000
2021-09-09,29.65,29.65,29.75,29.1,29.15,40000
2021-09-10,29.8,29.8,30.2,29.6,30.2,26000
2021-09-13,29.7,29.7,29.85,29.6,29.8,40000
2021-09-14,29.7,29.7,30.15,29.6,29.8,56000
2021-09-15,29.5,29.5,29.9,29.5,29.6,41000
2021-09-16,29.55,29.55,29.95,29.5,29.9,37000
2021-09-17,29.45,29.45,29.9,29.45,29.75,48000
2021-09-20,19.7,19.7,19.7,19.6,19.65,14056
2021-09-21,19.7,19.7,19.7,19.6,19.65,14056
2021-09-22,29.2,29.2,29.3,28.95,29.05,68000
2021-09-23,29.05,29.05,29.5,29.05,29.45,44000
2021-09-24,28.85,28.85,29.6,28.8,29.2,92000
2021-09-27,28.5,28.5,29.1,28.5,29.0,64000
2021-09-28,28.45,28.45,28.5,28.3,28.45,50000
2021-09-29,28.6,28.6,28.6,28.3,28.4,65000
2021-09-30,28.9,28.9,28.9,28.4,28.45,59000
2021-10-01,28.75,28.75,28.8,28.6,28.7,75000
2021-10-04,28.75,28.75,29.0,28.65,28.8,49000
2021-10-05,29.0,29.0,29.2,28.6,28.6,90000
2021-10-06,28.85,28.85,29.3,28.8,29.2,51000
2021-10-07,28.95,28.95,29.3,28.85,29.0,60000
2021-10-08,29.4,29.4,29.6,29.05,29.2,104000
2021-10-11,19.7,19.7,19.7,19.6,19.65,14056
2021-10-12,29.2,29.2,29.4,29.15,29.3,63000
2021-10-13,28.8,28.8,29.3,28.8,29.3,66000
2021-10-14,28.7,28.7,29.0,28.6,28.8,55000
2021-10-15,28.9,28.9,29.1,28.8,29.0,38000
2021-10-18,28.95,28.95,29.0,28.8,29.0,32000
2021-10-19,28.95,28.95,29.1,28.85,29.1,32000
2021-10-20,28.95,28.95,29.05,28.85,28.95,33000
2021-10-21,29.0,29.0,29.3,29.0,29.0,35000
2021-10-22,28.9,28.9,29.45,28.9,29.25,46000
2021-10-25,28.8,28.8,29.0,28.55,28.55,36000
2021-10-26,29.25,29.25,29.95,29.25,29.95,24000
2021-10-27,29.7,29.7,30.1,29.0,29.35,1041000
2021-10-28,29.45,29.45,29.8,29.4,29.8,50000
2021-10-29,29.7,29.7,29.75,29.3,29.45,45000
2021-11-01,29.55,29.55,29.7,29.5,29.5,49000
2021-11-02,29.35,29.35,29.55,29.35,29.55,42000
2021-11-03,29.3,29.3,29.5,29.25,29.5,57000
2021-11-04,29.3,29.3,29.45,29.25,29.45,32000
2021-11-05,29.9,29.9,30.2,29.35,29.35,116000
2021-11-08,29.95,29.95,30.1,29.9,30.05,57000
2021-11-09,30.3,30.3,30.4,29.9,29.9,70000
2021-11-10,30.75,30.75,31.0,30.4,30.4,160000
2021-11-11,31.5,31.5,32.9,31.0,31.0,130000
2021-11-12,32.45,32.45,33.0,31.25,31.3,271000
2021-11-15,34.1,34.1,34.3,32.9,32.95,229000
2021-11-16,33.8,33.8,34.8,33.7,34.5,159000
2021-11-17,33.75,33.75,34.0,33.7,33.7,79000
2021-11-18,34.8,34.8,34.8,33.9,34.2,437000
2021-11-19,34.75,34.75,35.45,34.75,35.45,455000
2021-11-22,34.75,34.75,35.2,34.35,34.75,138000
2021-11-23,34.35,34.35,34.85,34.15,34.15,86000
2021-11-24,34.5,34.5,34.6,34.1,34.4,78000
2021-11-25,34.5,34.5,34.75,34.35,34.5,56000
2021-11-26,33.8,33.8,34.35,33.4,34.2,93000
2021-11-29,34.0,34.0,34.3,33.4,33.4,78000
2021-11-30,34.05,34.05,34.35,34.0,34.2,49000
2021-12-01,34.15,34.15,34.7,33.9,34.35,70000
2021-12-02,33.95,33.95,34.2,33.8,33.85,65000
2021-12-03,33.65,33.65,34.45,33.5,34.0,82000
2021-12-06,33.7,33.7,34.05,33.65,34.0,88000
2021-12-07,33.65,33.65,34.1,33.4,34.1,119000
2021-12-08,33.8,33.8,33.9,33.7,33.7,33000
2021-12-09,33.3,33.3,33.65,33.3,33.5,80000
2021-12-10,33.4,33.4,33.5,33.3,33.4,22000
2021-12-13,33.2,33.2,33.6,33.1,33.2,59000
2021-12-14,33.2,33.2,33.4,33.15,33.3,31000
2021-12-15,33.3,33.3,33.35,33.2,33.25,23000
2021-12-16,33.1,33.1,33.4,33.0,33.3,60000
2021-12-17,32.95,32.95,33.4,32.95,33.2,22000
2021-12-20,32.95,32.95,33.3,32.95,33.3,33000
2021-12-21,32.7,32.7,33.2,32.7,32.85,36000
2021-12-22,32.85,32.85,33.0,32.75,32.8,23000
2021-12-23,33.0,33.0,33.1,32.75,32.75,39000
2021-12-24,32.7,32.7,33.05,32.7,33.0,54000
2021-12-27,33.5,33.5,33.7,32.9,33.0,89000
2021-12-28,33.4,33.4,33.6,33.3,33.5,46000
2021-12-29,33.5,33.5,33.7,33.4,33.4,65000
2021-12-30,33.45,33.45,33.6,33.35,33.5,84000
2021-12-31,19.7,19.7,19.7,19.6,19.65,14056
2022-01-03,33.3,33.3,33.8,33.1,33.6,61000
2022-01-04,33.4,33.4,33.5,33.2,33.4,55000
2022-01-05,33.3,33.3,33.5,33.2,33.4,36000
2022-01-06,33.2,33.2,33.3,32.75,33.0,84000
2022-01-07,32.9,32.9,33.3,32.65,33.2,54000
2022-01-10,32.85,32.85,33.2,32.5,33.0,69000
2022-01-11,32.6,32.6,32.85,32.45,32.75,53000
2022-01-12,32.8,32.8,32.8,32.45,32.6,67000
2022-01-13,32.65,32.65,32.9,32.65,32.8,25000
2022-01-14,32.55,32.55,32.8,32.4,32.7,31000
2022-01-17,32.95,32.95,34.0,32.65,34.0,38000
2022-01-18,32.65,32.65,32.8,32.6,32.7,24000
2022-01-19,33.0,33.0,33.35,32.65,33.35,68000
2022-01-20,33.15,33.15,33.2,32.95,33.0,47000
2022-01-21,33.1,33.1,33.1,32.75,32.75,37000
2022-01-24,32.9,32.9,33.0,32.5,32.85,68000
2022-01-25,32.45,32.45,33.05,32.45,32.9,65000
2022-01-26,32.75,32.75,32.85,32.5,32.6,38000
2022-01-27,19.7,19.7,19.7,19.6,19.65,14056
2022-01-28,19.7,19.7,19.7,19.6,19.65,14056
2022-01-31,19.7,19.7,19.7,19.6,19.65,14056
2022-02-01,19.7,19.7,19.7,19.6,19.65,14056
2022-02-02,19.7,19.7,19.7,19.6,19.65,14056
2022-02-03,19.7,19.7,19.7,19.6,19.65,14056
2022-02-04,19.7,19.7,19.7,19.6,19.65,14056
2022-02-07,33.1,33.1,33.2,32.9,33.0,47000
2022-02-08,33.2,33.2,33.3,33.0,33.2,22000
2022-02-09,33.1,33.1,33.2,32.9,33.2,70000
2022-02-10,33.2,33.2,33.2,32.9,33.1,40000
2022-02-11,32.95,32.95,33.4,32.9,33.0,87000
2022-02-14,32.8,32.8,33.0,32.75,32.95,34000
2022-02-15,33.0,33.0,34.0,32.8,32.8,68000
2022-02-16,33.0,33.0,33.3,33.0,33.05,95000
2022-02-17,33.0,33.0,33.1,32.8,33.1,42000
2022-02-18,32.95,32.95,33.1,32.9,32.9,22000
2022-02-21,32.95,32.95,33.0,32.9,32.9,36000
2022-02-22,32.85,32.85,32.95,32.65,32.9,52000
2022-02-23,33.15,33.15,33.15,32.6,32.8,86000
2022-02-24,32.9,32.9,33.1,32.8,32.9,52000
2022-02-25,32.95,32.95,33.3,32.9,32.9,44000
2022-02-28,19.7,19.7,19.7,19.6,19.65,14056
2022-03-01,33.2,33.2,33.4,33.1,33.2,34000
2022-03-02,33.25,33.25,33.3,33.15,33.2,24000
2022-03-03,33.3,33.3,33.5,33.1,33.4,32000
2022-03-04,33.15,33.15,33.25,33.1,33.2,22000
2022-03-07,33.25,33.25,33.3,32.9,33.1,55000
2022-03-08,33.0,33.0,33.4,32.8,33.15,40000
2022-03-09,32.55,32.55,32.95,32.1,32.9,67000
2022-03-10,32.7,32.7,32.8,32.55,32.7,45000
2022-03-11,32.6,32.6,32.9,32.6,32.6,42000
2022-03-14,32.9,32.9,33.0,32.7,32.7,23000
2022-03-15,32.75,32.75,32.9,32.5,32.9,21000
2022-03-16,32.55,32.55,33.0,32.5,32.8,40000
2022-03-17,32.75,32.75,33.0,32.7,32.8,19000
2022-03-18,33.0,33.0,33.15,32.7,32.7,25000
2022-03-21,33.4,33.4,33.4,33.05,33.1,76000
2022-03-22,33.3,33.3,33.5,33.3,33.4,18000
2022-03-23,33.2,33.2,33.4,33.0,33.4,35000
2022-03-24,33.3,33.3,33.4,33.1,33.1,31000
2022-03-25,34.1,34.1,34.6,33.8,34.2,242000
2022-03-28,34.35,34.35,34.4,33.9,34.0,93000
2022-03-29,34.05,34.05,34.5,34.05,34.4,49000
2022-03-30,33.9,33.9,34.3,33.75,34.1,72000
2022-03-31,34.25,34.25,34.35,33.8,34.0,133000
2022-04-01,34.3,34.3,34.3,34.1,34.1,80000
2022-04-04,19.7,19.7,19.7,19.6,19.65,14056
2022-04-05,19.7,19.7,19.7,19.6,19.65,14056
2022-04-06,35.85,35.85,36.0,34.15,34.2,219000
2022-04-07,35.1,35.1,35.9,34.6,35.85,149000
2022-04-08,35.6,35.6,35.65,34.8,35.4,140000
2022-04-11,35.35,35.35,36.5,35.2,35.9,105000
2022-04-12,35.15,35.15,36.95,35.15,35.3,110000
2022-04-13,35.2,35.2,36.15,35.0,35.7,170000
2022-04-14,34.8,34.8,35.4,34.5,35.2,79000
2022-04-15,34.55,34.55,34.9,33.6,34.8,88000
2022-04-18,34.05,34.05,34.55,34.05,34.55,56000
2022-04-19,34.3,34.3,34.4,34.05,34.4,59000
2022-04-20,34.1,34.1,34.65,34.05,34.45,45000
2022-04-21,34.1,34.1,34.25,33.8,34.1,123000
2022-04-22,34.1,34.1,34.3,33.9,34.3,40000
2022-04-25,33.55,33.55,34.05,33.35,33.9,80000
2022-04-26,33.55,33.55,33.8,33.3,33.55,54000
2022-04-27,33.25,33.25,33.4,33.15,33.25,37000
2022-04-28,33.9,33.9,33.9,33.4,33.4,56000
2022-04-29,34.0,34.0,34.5,34.0,34.5,60000
2022-05-02,19.7,19.7,19.7,19.6,19.65,14056
2022-05-03,34.1,34.1,34.35,33.9,34.0,68000
2022-05-04,34.0,34.0,34.75,34.0,34.3,66000
2022-05-05,34.1,34.1,34.5,34.05,34.3,50000
2022-05-06,34.0,34.0,34.1,33.7,33.9,55000
2022-05-09,33.25,33.25,34.0,33.25,33.8,73000
2022-05-10,33.3,33.3,33.5,33.0,33.15,33000
2022-05-11,32.85,32.85,33.6,32.8,33.5,68000
2022-05-12,32.6,32.6,33.05,32.4,33.0,92000
2022-05-13,32.6,32.6,33.65,32.5,33.5,160000
2022-05-16,32.6,32.6,33.3,32.6,33.0,48000
2022-05-17,33.3,33.3,33.3,32.7,33.0,36000
2022-05-18,33.2,33.2,33.5,33.1,33.5,30000
2022-05-19,33.35,33.35,33.4,32.8,33.2,45000
2022-05-20,33.15,33.15,33.7,33.15,33.4,92000
2022-05-23,33.05,33.05,33.45,32.8,33.15,75000
2022-05-24,33.1,33.1,33.3,33.0,33.15,31000
2022-05-25,33.05,33.05,33.55,33.0,33.05,55000
2022-05-26,33.55,33.55,34.75,33.1,33.1,121000
2022-05-27,33.45,33.45,33.9,33.45,33.55,32000
2022-05-30,33.85,33.85,34.0,33.6,33.7,84000
2022-05-31,33.8,33.8,33.95,33.6,33.7,47000
2022-06-01,34.8,34.8,35.05,33.8,33.8,133000
2022-06-02,34.6,34.6,34.75,34.4,34.7,60000
2022-06-03,19.7,19.7,19.7,19.6,19.65,14056
2022-06-06,35.3,35.3,35.8,34.7,34.7,272000
2022-06-07,35.1,35.1,35.55,34.65,35.25,79000
2022-06-08,34.85,34.85,35.3,34.8,35.2,47000
2022-06-09,35.3,35.3,36.25,35.15,35.9,305000
2022-06-10,35.5,35.5,35.7,35.2,35.3,58000
2022-06-13,34.9,34.9,35.2,34.75,35.15,98000
2022-06-14,34.75,34.75,35.1,34.6,34.8,68000
2022-06-15,34.75,34.75,35.0,34.65,34.7,50000
2022-06-16,34.25,34.25,35.2,34.1,35.0,115000
2022-06-17,33.7,33.7,34.25,33.35,34.25,99000
2022-06-20,33.6,33.6,34.0,33.4,33.6,79000
2022-06-21,33.55,33.55,34.0,33.5,33.8,115000
2022-06-22,33.4,33.4,33.9,33.0,33.6,132000
2022-06-23,33.3,33.3,33.7,33.0,33.4,63000
2022-06-24,33.5,33.5,33.7,33.3,33.35,48000
2022-06-27,33.75,33.75,34.0,33.6,34.0,52000
2022-06-28,33.85,33.85,33.9,33.75,33.75,41000
2022-06-29,33.8,33.8,33.85,33.65,33.8,34000
2022-06-30,33.4,33.4,33.8,33.2,33.8,39000
2022-07-01,32.75,32.75,33.4,32.6,33.4,67000
2022-07-04,32.9,32.9,33.25,32.7,32.8,83000
2022-07-05,33.15,33.15,33.4,32.8,33.2,45000
2022-07-06,32.85,32.85,33.3,32.65,33.2,45000
2022-07-07,33.15,33.15,33.15,32.6,32.6,51000
2022-07-08,32.8,32.8,33.4,32.8,33.3,75000
2022-07-11,32.7,32.7,33.25,32.5,33.25,129000
2022-07-12,32.1,32.1,32.7,31.95,32.7,119000
2022-07-13,30.5,30.5,31.0,29.5,30.0,71000
2022-07-14,30.2,30.2,30.75,30.1,30.4,40000
2022-07-15,30.3,30.3,30.55,30.2,30.3,46000
2022-07-18,30.5,30.5,30.7,30.35,30.35,66000
2022-07-19,30.55,30.55,30.7,30.3,30.3,43000
2022-07-20,30.7,30.7,30.9,30.35,30.8,72000
2022-07-21,30.5,30.5,30.8,30.45,30.7,58000
2022-07-22,29.9,29.9,30.7,29.9,30.7,76000
2022-07-25,30.25,30.25,30.35,30.0,30.0,37000
2022-07-26,30.25,30.25,30.45,30.2,30.25,43000
2022-07-27,30.15,30.15,30.45,29.9,30.3,68000
2022-07-28,30.15,30.15,30.3,30.1,30.2,56000
2022-07-29,30.3,30.3,30.5,30.25,30.3,45000
2022-08-01,30.3,30.3,30.5,30.3,30.35,56000
2022-08-02,30.2,30.2,30.3,30.0,30.3,87000
2022-08-03,30.15,30.15,30.3,30.0,30.2,40000
2022-08-04,30.1,30.1,30.4,30.0,30.2,63000
2022-08-05,30.6,30.6,30.65,30.1,30.1,77000
2022-08-08,31.15,31.15,31.35,30.5,30.55,86000
2022-08-09,31.3,31.3,31.5,31.1,31.15,42000
2022-08-10,32.1,32.1,32.1,31.3,31.3,99000
2022-08-11,32.25,32.25,32.5,32.1,32.3,187000
2022-08-12,31.65,31.65,32.15,31.6,32.15,170000
2022-08-15,31.8,31.8,31.9,31.65,31.9,68000
2022-08-16,31.8,31.8,31.9,31.7,31.85,79000
2022-08-17,32.15,32.15,32.3,31.85,31.9,85000
2022-08-18,32.0,32.0,32.35,32.0,32.2,66000
2022-08-19,31.75,31.75,32.35,31.7,32.3,156000
2022-08-22,31.8,31.8,32.45,31.8,31.95,73000
2022-08-23,31.7,31.7,32.0,31.6,32.0,54000
2022-08-24,31.7,31.7,31.85,31.7,31.85,45000
2022-08-25,31.7,31.7,31.9,31.7,31.9,45000
2022-08-26,31.55,31.55,31.85,31.5,31.8,72000
2022-08-29,31.4,31.4,31.65,31.4,31.45,63000
2022-08-30,31.35,31.35,31.55,31.35,31.55,61000
2022-08-31,31.35,31.35,31.65,31.2,31.65,111000
2022-09-01,31.3,31.3,31.55,31.0,31.35,88000
2022-09-02,31.05,31.05,31.45,30.9,31.3,124000
2022-09-05,31.05,31.05,31.4,30.85,30.85,61000
2022-09-06,31.05,31.05,31.2,30.95,31.1,50000
2022-09-07,31.05,31.05,31.35,30.9,31.15,60000
2022-09-08,31.15,31.15,31.25,31.0,31.25,33000
2022-09-09,19.7,19.7,19.7,19.6,19.65,14056
2022-09-12,31.1,31.1,31.15,30.75,31.0,71000
2022-09-13,30.95,30.95,31.05,30.95,31.05,34000
2022-09-14,30.85,30.85,31.2,30.75,30.85,42000
2022-09-15,30.85,30.85,31.35,30.7,30.9,27000
2022-09-16,30.75,30.75,31.2,30.6,30.85,37000
2022-09-19,30.6,30.6,30.9,30.5,30.75,25000
2022-09-20,30.55,30.55,30.85,30.4,30.8,36000
2022-09-21,30.4,30.4,30.8,30.25,30.65,55000
2022-09-22,30.55,30.55,30.9,30.1,30.9,17000
2022-09-23,30.65,30.65,31.2,30.55,31.2,39000
2022-09-26,29.9,29.9,30.65,29.85,30.65,58000
2022-09-27,30.15,30.15,30.25,29.65,29.65,23000
2022-09-28,29.6,29.6,30.3,29.4,29.4,42000
2022-09-29,29.5,29.5,29.8,29.3,29.4,30000
2022-09-30,29.75,29.75,29.95,29.25,29.25,44000
2022-10-03,29.9,29.9,29.95,29.6,29.6,23000
2022-10-04,29.7,29.7,30.0,29.7,29.95,18000
2022-10-05,29.7,29.7,29.85,29.55,29.85,47000
2022-10-06,29.55,29.55,30.0,29.55,30.0,33000
2022-10-07,29.2,29.2,29.5,29.15,29.5,55000
2022-10-10,19.7,19.7,19.7,19.6,19.65,14056
2022-10-11,28.85,28.85,29.1,28.55,28.8,72000
2022-10-12,28.75,28.75,29.0,28.7,28.95,28000
2022-10-13,28.1,28.1,28.7,27.7,28.55,56000
2022-10-14,28.9,28.9,29.4,28.5,28.8,68000
2022-10-17,29.4,29.4,29.8,28.75,29.0,15000
2022-10-18,29.35,29.35,29.75,29.35,29.55,28000
2022-10-19,29.15,29.15,29.4,28.8,29.4,19000
2022-10-20,29.0,29.0,29.1,28.8,28.9,9000
2022-10-21,28.55,28.55,28.9,28.5,28.65,24000
2022-10-24,28.85,28.85,29.65,28.85,29.65,18000
2022-10-25,28.5,28.5,29.0,28.5,28.9,28000
2022-10-26,29.0,29.0,29.0,28.15,28.55,19000
2022-10-27,28.65,28.65,29.0,28.6,28.9,19000
2022-10-28,28.7,28.7,29.0,28.5,28.7,15000
2022-10-31,28.55,28.55,28.6,27.85,27.85,12000
2022-11-01,28.6,28.6,29.0,28.55,28.55,32000
2022-11-02,28.6,28.6,29.1,28.6,29.1,17000
2022-11-03,28.8,28.8,28.8,28.4,28.4,12000
2022-11-04,28.8,28.8,28.9,28.55,28.85,20000
2022-11-07,28.85,28.85,28.9,28.65,28.8,16000
2022-11-08,28.85,28.85,29.0,28.7,28.9,15000
2022-11-09,28.65,28.65,28.95,28.55,28.8,26000
2022-11-10,28.65,28.65,29.0,28.65,29.0,13000
2022-11-11,28.65,28.65,28.7,28.6,28.7,16000
2022-11-14,28.85,28.85,29.0,28.65,28.65,15000
2022-11-15,28.9,28.9,29.0,28.7,28.8,24000
2022-11-16,28.95,28.95,29.5,28.85,29.5,21000
2022-11-17,28.95,28.95,29.0,28.8,28.8,19000
2022-11-18,28.85,28.85,29.5,28.75,29.5,29000
2022-11-21,29.0,29.0,29.1,28.9,29.0,17000
2022-11-22,28.95,28.95,29.2,28.85,29.2,13000
2022-11-23,28.9,28.9,29.1,28.8,29.1,20000
2022-11-24,29.0,29.0,29.1,28.75,28.8,25000
2022-11-25,28.95,28.95,29.1,28.85,29.0,21000
2022-11-28,29.0,29.0,29.1,28.8,28.9,13000
2022-11-29,29.25,29.25,29.65,29.1,29.1,22000
2022-11-30,29.3,29.3,29.3,29.15,29.15,11000
2022-12-01,29.2,29.2,29.6,29.1,29.5,23000
2022-12-02,29.4,29.4,29.4,29.1,29.2,29000
2022-12-05,29.15,29.15,29.45,28.85,29.4,66000
2022-12-06,29.15,29.15,29.25,29.0,29.2,22000
2022-12-07,28.95,28.95,29.2,28.85,29.1,25000
2022-12-08,29.0,29.0,29.0,28.8,29.0,18000
2022-12-09,28.85,28.85,29.2,28.8,28.8,40000
2022-12-12,29.05,29.05,29.6,28.85,29.6,13000
2022-12-13,28.85,28.85,28.95,28.75,28.85,46000
2022-12-14,28.85,28.85,29.3,28.85,29.15,34000
2022-12-15,28.9,28.9,29.1,28.8,29.0,41000
2022-12-16,28.8,28.8,29.1,28.75,29.0,17000
2022-12-19,28.85,28.85,29.0,28.75,28.75,14000
2022-12-20,28.55,28.55,28.9,28.55,28.8,40000
2022-12-21,28.8,28.8,29.3,28.65,28.65,33000
2022-12-22,28.8,28.8,29.1,28.8,28.8,13000
2022-12-23,29.0,29.0,29.0,28.75,29.0,12000
2022-12-26,28.8,28.8,29.0,28.8,29.0,16000
2022-12-27,28.75,28.75,29.65,28.75,29.65,32000
2022-12-28,28.7,28.7,28.8,28.45,28.8,11000
2022-12-29,28.65,28.65,28.7,28.65,28.7,15000
2022-12-30,28.65,28.65,28.7,28.6,28.7,9000
2023-01-02,19.7,19.7,19.7,19.6,19.65,14056
2023-01-03,28.65,28.65,28.75,28.6,28.6,23000
2023-01-04,28.65,28.65,28.7,28.55,28.6,31000
2023-01-05,28.65,28.65,28.75,28.6,28.6,23000
2023-01-06,28.65,28.65,28.7,28.6,28.65,14000
2023-01-09,28.65,28.65,28.7,28.6,28.65,30000
2023-01-10,28.65,28.65,28.65,28.6,28.65,19000
2023-01-11,28.55,28.55,28.65,28.5,28.65,36000
2023-01-12,28.6,28.6,28.6,28.55,28.6,29000
2023-01-13,28.65,28.65,29.15,28.25,28.6,36000
2023-01-16,28.55,28.55,28.75,28.3,28.65,26000
2023-01-17,28.3,28.3,28.6,28.2,28.55,37000
2023-01-18,19.7,19.7,19.7,19.6,19.65,14056
2023-01-19,19.7,19.7,19.7,19.6,19.65,14056
2023-01-20,19.7,19.7,19.7,19.6,19.65,14056
2023-01-23,19.7,19.7,19.7,19.6,19.65,14056
2023-01-24,19.7,19.7,19.7,19.6,19.65,14056
2023-01-25,19.7,19.7,19.7,19.6,19.65,14056
2023-01-26,19.7,19.7,19.7,19.6,19.65,14056
2023-01-27,19.7,19.7,19.7,19.6,19.65,14056
2023-01-30,28.7,28.7,28.7,28.4,28.5,19000
2023-01-31,28.55,28.55,28.75,28.3,28.7,40000
2023-02-01,28.55,28.55,28.6,28.4,28.6,32000
2023-02-02,28.6,28.6,28.65,28.45,28.6,29000
2023-02-03,28.6,28.6,28.6,28.5,28.6,19000
2023-02-06,28.55,28.55,28.7,28.5,28.65,28000
2023-02-07,28.7,28.7,28.8,28.65,28.65,19000
2023-02-08,28.5,28.5,28.75,28.45,28.7,70000
2023-02-09,28.55,28.55,28.75,28.45,28.6,24000
2023-02-10,28.6,28.6,28.75,28.55,28.6,31000
2023-02-13,28.7,28.7,28.7,28.55,28.65,49000
2023-02-14,28.8,28.8,28.9,28.7,28.8,19000
2023-02-15,28.8,28.8,28.8,28.7,28.8,18000
2023-02-16,28.75,28.75,28.75,28.7,28.7,21000
2023-02-17,28.75,28.75,28.85,28.7,28.75,20000
2023-02-20,28.65,28.65,28.8,28.6,28.8,38000
2023-02-21,29.4,29.4,30.0,28.7,28.7,83000
2023-02-22,29.0,29.0,29.7,29.0,29.7,21000
2023-02-23,28.95,28.95,29.2,28.9,29.2,39000
2023-02-24,29.0,29.0,29.0,28.9,29.0,43000
2023-02-27,19.7,19.7,19.7,19.6,19.65,14056
2023-02-28,19.7,19.7,19.7,19.6,19.65,14056
2023-03-01,29.05,29.05,29.15,29.0,29.0,23000
2023-03-02,28.95,28.95,29.0,28.85,29.0,28000
2023-03-03,29.1,29.1,29.2,28.85,29.0,28000
2023-03-06,29.5,29.5,29.75,29.0,29.0,75000
2023-03-07,29.55,29.55,29.85,29.1,29.1,64000
2023-03-08,30.1,30.1,30.6,29.7,29.7,120000
2023-03-09,29.9,29.9,30.1,29.8,30.1,44000
2023-03-10,29.65,29.65,30.3,29.5,30.0,85000
2023-03-13,30.85,30.85,31.0,29.75,30.0,155000
2023-03-14,30.95,30.95,31.25,30.55,30.7,128000
2023-03-15,31.0,31.0,31.25,30.7,30.7,96000
2023-03-16,30.5,30.5,31.05,30.3,31.05,66000
2023-03-17,30.9,30.9,31.0,30.3,30.5,70000
2023-03-20,31.1,31.1,31.25,31.0,31.0,73000
2023-03-21,31.45,31.45,31.5,31.1,31.25,65000
2023-03-22,31.65,31.65,31.65,31.45,31.6,53000
2023-03-23,31.25,31.25,31.7,31.15,31.7,93000
2023-03-24,31.1,31.1,31.65,30.75,31.6,245000
2023-03-27,30.9,30.9,31.1,30.8,31.1,46000
2023-03-28,30.85,30.85,30.9,30.7,30.8,68000
2023-03-29,30.9,30.9,31.15,30.8,31.15,57000
2023-03-30,31.15,31.15,31.25,30.9,30.9,62000
2023-03-31,31.55,31.55,31.75,31.0,31.0,110000
2023-04-03,19.7,19.7,19.7,19.6,19.65,14056
2023-04-04,19.7,19.7,19.7,19.6,19.65,14056
2023-04-05,19.7,19.7,19.7,19.6,19.65,14056
2023-04-06,31.6,31.6,31.8,31.5,31.75,52000
2023-04-07,31.8,31.8,31.9,31.6,31.6,124000
2023-04-10,32.0,32.0,32.05,31.8,32.0,86000
2023-04-11,32.25,32.25,32.6,32.15,32.3,318000
2023-04-12,32.6,32.6,32.6,32.4,32.4,147000
2023-04-13,32.6,32.6,32.85,32.45,32.85,78000
2023-04-14,32.85,32.85,32.9,32.65,32.65,91000
2023-04-17,33.7,33.7,33.95,32.9,33.0,213000
2023-04-18,33.2,33.2,33.45,33.2,33.3,116000
2023-04-19,33.35,33.35,33.85,33.2,33.2,134000
2023-04-20,33.3,33.3,34.3,33.3,34.3,124000
2023-04-21,33.1,33.1,33.6,33.05,33.6,88000
2023-04-24,32.7,32.7,33.1,32.5,33.1,113000
2023-04-25,32.55,32.55,33.05,32.35,33.05,41000
2023-04-26,32.65,32.65,33.1,32.5,33.1,40000
2023-04-27,32.75,32.75,33.35,32.45,33.35,45000
2023-04-28,32.8,32.8,33.3,32.65,33.3,54000
2023-05-01,19.7,19.7,19.7,19.6,19.65,14056
2023-05-02,33.1,33.1,33.35,32.85,33.25,58000
2023-05-03,33.4,33.4,33.6,33.2,33.3,81000
2023-05-04,33.2,33.2,33.5,33.15,33.5,43000
2023-05-05,33.5,33.5,33.6,33.15,33.15,58000
2023-05-08,33.35,33.35,33.8,33.35,33.7,71000
2023-05-09,33.25,33.25,33.5,33.2,33.4,50000
2023-05-10,33.05,33.05,33.35,32.8,33.3,52000
2023-05-11,32.8,32.8,33.25,32.6,33.25,94000
2023-05-12,31.7,31.7,32.5,31.5,32.5,307000
2023-05-15,31.45,31.45,32.0,31.45,31.6,61000
2023-05-16,31.6,31.6,31.9,31.3,31.5,52000
2023-05-17,31.65,31.65,31.9,31.35,31.35,53000
2023-05-18,31.75,31.75,31.8,31.7,31.8,71000
2023-05-19,31.85,31.85,32.0,31.75,32.0,29000
2023-05-22,32.05,32.05,32.2,31.95,31.95,65000
2023-05-23,32.2,32.2,32.55,32.05,32.05,27000
2023-05-24,32.1,32.1,32.25,32.0,32.25,43000
2023-05-25,32.15,32.15,32.2,32.1,32.1,15000
2023-05-26,32.4,32.4,32.6,32.15,32.55,31000
2023-05-29,32.45,32.45,32.75,32.35,32.4,18000
2023-05-30,32.5,32.5,32.55,32.1,32.4,11000
2023-05-31,32.6,32.6,32.6,32.45,32.6,34000
2023-06-01,32.65,32.65,32.95,32.5,32.55,25000
2023-06-02,32.65,32.65,32.95,32.65,32.7,30000
2023-06-05,32.8,32.8,33.0,32.7,33.0,37000
2023-06-06,32.7,32.7,32.95,32.6,32.8,42000
2023-06-07,32.7,32.7,33.0,32.7,32.95,30000
2023-06-08,32.65,32.65,32.9,32.55,32.65,62000
2023-06-09,32.6,32.6,32.8,32.5,32.65,88000
2023-06-12,32.55,32.55,32.9,32.45,32.6,59000
2023-06-13,32.5,32.5,32.5,32.4,32.4,46000
2023-06-14,32.55,32.55,32.75,32.45,32.5,34000
2023-06-15,32.5,32.5,32.75,32.4,32.55,54000
2023-06-16,32.5,32.5,32.65,32.45,32.65,33000
2023-06-19,32.65,32.65,33.45,32.5,32.5,87000
2023-06-20,32.85,32.85,33.0,32.65,32.65,38000
2023-06-21,32.9,32.9,33.35,32.65,32.8,27000
2023-06-22,19.7,19.7,19.7,19.6,19.65,14056
2023-06-23,19.7,19.7,19.7,19.6,19.65,14056
2023-06-26,32.8,32.8,32.9,32.7,32.9,35000
2023-06-27,32.65,32.65,32.8,32.4,32.8,31000
2023-06-28,32.75,32.75,32.95,32.6,32.6,23000
2023-06-29,32.7,32.7,32.8,32.65,32.75,25000
2023-06-30,32.7,32.7,32.9,32.5,32.9,53000
2023-07-03,32.65,32.65,32.7,32.6,32.7,64000
2023-07-04,32.65,32.65,32.9,32.6,32.65,107000
2023-07-05,32.6,32.6,32.9,32.6,32.9,42000
2023-07-06,32.35,32.35,32.8,32.3,32.6,134000
2023-07-07,32.0,32.0,32.3,32.0,32.3,88000
2023-07-10,31.8,31.8,31.95,31.6,31.95,152000
2023-07-11,31.95,31.95,31.95,31.7,31.75,67000
2023-07-12,32.15,32.15,32.35,32.0,32.0,53000
2023-07-13,32.15,32.15,32.6,32.1,32.6,65000
2023-07-14,32.25,32.25,32.3,32.15,32.25,69000
2023-07-17,32.85,32.85,33.0,32.3,32.3,251000
2023-07-18,29.9,29.9,29.95,29.35,29.85,263000
2023-07-19,29.5,29.5,29.9,29.1,29.9,130000
2023-07-20,29.4,29.4,29.7,29.3,29.7,53000
2023-07-21,29.4,29.4,29.65,29.25,29.65,46000
2023-07-24,29.4,29.4,29.5,29.15,29.5,66000
2023-07-25,29.25,29.25,29.6,29.05,29.3,84000
2023-07-26,29.3,29.3,29.4,29.1,29.4,36000
2023-07-27,29.4,29.4,29.65,29.3,29.65,34000
2023-07-28,29.45,29.45,29.5,29.25,29.25,10000
2023-07-31,29.45,29.45,29.5,29.1,29.5,66000
2023-08-01,29.45,29.45,29.65,29.15,29.65,72000
2023-08-02,29.4,29.4,29.55,29.2,29.55,51000
2023-08-03,19.7,19.7,19.7,19.6,19.65,14056
2023-08-04,29.35,29.35,29.65,29.25,29.3,44000
2023-08-07,29.55,29.55,30.25,29.45,29.65,38000
2023-08-08,29.55,29.55,29.65,29.45,29.5,54000
2023-08-09,29.6,29.6,29.75,29.3,29.75,39000
2023-08-10,29.4,29.4,29.7,29.0,29.7,47000
2023-08-11,29.3,29.3,29.5,29.0,29.5,51000
2023-08-14,28.95,28.95,29.25,28.9,29.25,45000
2023-08-15,28.95,28.95,29.1,28.8,29.1,31000
2023-08-16,28.95,28.95,29.2,28.8,29.2,24000
2023-08-17,29.0,29.0,29.15,28.9,29.1,54000
2023-08-18,28.95,28.95,29.15,28.8,29.15,49000
2023-08-21,28.85,28.85,28.95,28.8,28.95,27000
2023-08-22,29.0,29.0,29.1,28.85,28.9,68000
2023-08-23,28.95,28.95,29.15,28.85,29.15,19000
2023-08-24,28.85,28.85,29.05,28.8,29.05,44000
2023-08-25,28.9,28.9,29.0,28.7,29.0,40000
2023-08-28,28.9,28.9,29.1,28.9,29.1,113000
2023-08-29,28.8,28.8,29.0,28.7,28.9,32000
2023-08-30,28.8,28.8,28.85,28.75,28.85,35000
2023-08-31,28.8,28.8,28.95,28.75,28.75,72000
2023-09-01,28.75,28.75,28.95,28.75,28.95,47000
2023-09-04,28.85,28.85,28.95,28.85,28.95,4000
2023-09-05,28.85,28.85,29.0,28.75,28.95,29000
2023-09-06,28.7,28.7,28.75,28.7,28.75,9000
2023-09-07,28.85,28.85,29.0,28.7,28.7,72000
2023-09-08,29.65,29.65,30.15,29.4,30.15,131000
2023-09-11,30.0,30.0,30.2,29.7,29.7,137000
2023-09-12,30.95,30.95,31.0,30.05,30.05,256000
2023-09-13,32.05,32.05,33.15,31.85,31.85,467000
2023-09-14,32.0,32.0,32.6,31.9,32.0,187000
2023-09-15,32.45,32.45,32.6,31.95,32.6,155000
2023-09-18,32.85,32.85,33.0,32.55,32.55,112000
2023-09-19,32.95,32.95,33.3,32.75,32.95,110000
2023-09-20,33.0,33.0,33.25,32.65,33.0,165000
2023-09-21,32.9,32.9,33.25,32.75,32.95,113000
2023-09-22,33.0,33.0,33.15,32.85,32.95,72000
2023-09-25,33.05,33.05,33.25,32.95,33.0,93000
2023-09-26,32.95,32.95,33.15,32.85,33.0,88000
2023-09-27,32.85,32.85,33.1,32.85,33.1,60000
2023-09-28,32.95,32.95,33.3,32.95,33.0,55000
2023-09-29,19.7,19.7,19.7,19.6,19.65,14056
2023-10-02,33.0,33.0,33.2,32.95,32.95,83000
2023-10-03,33.0,33.0,33.1,32.9,32.95,54000
2023-10-04,33.0,33.0,33.15,32.9,33.0,39000
2023-10-05,33.1,33.1,33.1,32.9,33.1,66000
2023-10-06,32.95,32.95,33.1,32.95,33.0,62000
2023-10-09,19.7,19.7,19.7,19.6,19.65,14056
2023-10-10,19.7,19.7,19.7,19.6,19.65,14056
2023-10-11,33.0,33.0,33.1,32.95,33.1,90000
2023-10-12,33.0,33.0,33.05,32.95,33.0,58000
2023-10-13,33.0,33.0,33.1,32.9,32.9,66000
2023-10-16,33.1,33.1,33.25,33.0,33.1,85000
2023-10-17,33.85,33.85,33.85,33.1,33.15,196000
2023-10-18,33.85,33.85,34.05,33.7,34.0,149000
2023-10-19,33.65,33.65,34.0,33.65,34.0,77000
2023-10-20,33.95,33.95,34.1,33.7,33.75,105000
2023-10-23,33.95,33.95,34.2,33.6,33.9,68000
2023-10-24,34.05,34.05,34.3,33.9,34.0,77000
2023-10-25,33.9,33.9,34.1,33.9,34.0,62000
2023-10-26,33.85,33.85,34.0,33.8,33.9,49000
2023-10-27,33.95,33.95,34.2,33.9,34.0,25000
2023-10-30,33.95,33.95,34.0,33.85,34.0,30000
2023-10-31,33.95,33.95,34.2,33.8,34.2,48000
2023-11-01,34.0,34.0,34.05,33.9,34.05,43000
2023-11-02,34.1,34.1,34.1,33.9,34.0,42000
2023-11-03,34.15,34.15,34.3,34.0,34.05,124000
2023-11-06,34.4,34.4,34.6,34.2,34.25,73000
2023-11-07,34.45,34.45,34.5,34.2,34.45,60000
2023-11-08,34.4,34.4,34.5,34.35,34.5,49000
2023-11-09,35.2,35.2,35.2,34.5,34.5,233000
2023-11-10,35.75,35.75,36.3,35.4,35.4,226000
2023-11-13,35.85,35.85,35.95,35.6,35.95,122000
2023-11-14,35.6,35.6,35.95,35.3,35.65,132000
2023-11-15,35.35,35.35,35.65,35.15,35.6,170000
2023-11-16,35.45,35.45,35.5,35.2,35.4,172000
2023-11-17,35.75,35.75,35.75,35.25,35.5,177000
2023-11-20,37.85,37.85,38.8,35.55,35.7,1281000
2023-11-21,37.1,37.1,39.55,37.0,39.4,2172000
2023-11-22,36.2,36.2,37.65,36.0,37.15,493000
2023-11-23,36.2,36.2,36.8,36.05,36.8,283000
2023-11-24,36.05,36.05,36.6,36.05,36.6,153000
2023-11-27,34.55,34.55,36.2,33.5,36.2,470000
2023-11-28,34.8,34.8,35.3,34.55,34.7,205000
2023-11-29,34.95,34.95,35.2,34.5,35.0,124000
2023-11-30,34.55,34.55,35.0,34.55,35.0,180000
2023-12-01,34.8,34.8,35.1,34.4,34.55,179000
2023-12-04,34.7,34.7,35.05,34.55,34.8,176000
2023-12-05,34.7,34.7,35.0,34.6,34.8,72000
2023-12-06,34.7,34.7,35.0,34.65,34.65,105000
2023-12-07,34.3,34.3,34.7,34.15,34.65,137000
2023-12-08,34.2,34.2,34.45,33.95,34.45,147000
2023-12-11,33.8,33.8,34.15,33.65,34.1,170000
2023-12-12,33.2,33.2,33.6,33.05,33.6,190000
2023-12-13,33.1,33.1,33.3,32.95,32.95,126000
2023-12-14,33.4,33.4,33.45,33.05,33.1,91000
2023-12-15,34.0,34.0,34.05,33.55,33.55,131000
2023-12-18,33.7,33.7,34.1,33.5,33.5,84000
2023-12-19,33.35,33.35,34.0,32.9,33.7,121000
2023-12-20,33.45,33.45,33.65,33.35,33.6,70000
2023-12-21,33.75,33.75,34.4,33.3,33.3,113000
2023-12-22,33.6,33.6,34.05,33.6,33.65,57000
2023-12-25,33.35,33.35,33.7,33.35,33.35,60000
2023-12-26,33.25,33.25,33.55,33.2,33.4,68000
2023-12-27,33.25,33.25,33.55,33.2,33.3,69000
2023-12-28,33.1,33.1,33.35,33.0,33.25,83000
2023-12-29,33.1,33.1,33.45,33.1,33.15,79000
2024-01-01,19.7,19.7,19.7,19.6,19.65,14056
2024-01-02,33.15,33.15,33.5,33.1,33.2,103000
2024-01-03,32.85,32.85,33.15,32.8,33.15,91000
2024-01-04,33.0,33.0,33.15,32.85,32.85,61000
2024-01-05,33.05,33.05,33.15,32.75,32.85,80000
2024-01-08,32.8,32.8,33.0,32.5,32.75,82000
2024-01-09,32.25,32.25,32.85,32.25,32.8,115000
2024-01-10,32.1,32.1,32.25,32.0,32.2,73000
2024-01-11,32.05,32.05,32.3,31.75,32.05,70000
2024-01-12,32.15,32.15,32.2,32.0,32.0,71000
2024-01-15,32.3,32.3,32.3,32.0,32.15,48000
2024-01-16,32.35,32.35,32.45,32.15,32.15,53000
2024-01-17,32.15,32.15,32.5,32.15,32.4,52000
2024-01-18,31.95,31.95,32.3,31.95,32.2,45000
2024-01-19,31.9,31.9,32.05,31.8,31.9,45000
2024-01-22,31.75,31.75,31.95,31.65,31.85,53000
2024-01-23,32.0,32.0,32.25,31.8,31.8,79000
2024-01-24,33.3,33.3,34.1,32.1,32.2,446000
2024-01-25,33.0,33.0,33.75,33.0,33.35,277000
2024-01-26,32.75,32.75,33.4,32.75,33.0,69000
2024-01-29,32.75,32.75,33.1,32.65,32.8,90000
2024-01-30,32.6,32.6,32.85,32.5,32.8,94000
2024-01-31,32.05,32.05,32.9,32.0,32.65,83000
2024-02-01,31.95,31.95,32.45,31.9,32.1,71000
2024-02-02,31.9,31.9,32.1,31.85,32.0,84000
2024-02-05,31.8,31.8,32.1,31.7,31.9,69000
2024-02-06,19.7,19.7,19.7,19.6,19.65,14056
2024-02-07,19.7,19.7,19.7,19.6,19.65,14056
2024-02-08,19.7,19.7,19.7,19.6,19.65,14056
2024-02-09,19.7,19.7,19.7,19.6,19.65,14056
2024-02-12,19.7,19.7,19.7,19.6,19.65,14056
2024-02-13,19.7,19.7,19.7,19.6,19.65,14056
2024-02-14,19.7,19.7,19.7,19.6,19.65,14056
2024-02-15,31.65,31.65,31.85,31.5,31.8,74000
2024-02-16,31.85,31.85,31.85,31.6,31.6,71000
2024-02-19,32.25,32.25,32.75,31.75,31.75,249000
2024-02-20,32.2,32.2,32.55,32.05,32.55,49000
2024-02-21,32.15,32.15,32.25,32.05,32.25,53000
2024-02-22,32.15,32.15,32.35,32.1,32.35,55000
2024-02-23,32.1,32.1,32.35,32.1,32.35,70000
2024-02-26,32.15,32.15,32.15,32.0,32.1,78000
2024-02-27,32.45,32.45,32.7,32.0,32.25,178000
2024-02-28,19.7,19.7,19.7,19.6,19.65,14056
2024-02-29,33.8,33.8,33.9,32.7,32.7,615000
2024-03-01,33.5,33.5,34.7,33.5,34.1,625000
2024-03-04,33.0,33.0,34.0,33.0,33.7,529000
2024-03-05,33.4,33.4,33.6,33.05,33.4,267000
2024-03-06,34.2,34.2,34.3,33.5,33.5,765000
2024-03-07,35.1,35.1,35.35,33.2,33.45,1353000
2024-03-08,34.7,34.7,35.7,34.2,35.5,1019000
2024-03-11,35.1,35.1,35.7,34.9,35.05,1091000
2024-03-12,35.95,35.95,36.4,35.3,35.45,1258000
2024-03-13,34.9,34.9,36.5,34.05,36.5,1579000
2024-03-14,34.05,34.05,35.75,32.9,35.15,2740000
2024-03-15,33.55,33.55,34.0,33.45,33.95,829000
2024-03-18,33.65,33.65,34.1,33.55,33.9,653000
2024-03-19,33.75,33.75,33.9,33.7,33.75,677000
2024-03-20,33.95,33.95,34.15,33.85,34.0,722000
2024-03-21,34.0,34.0,34.1,33.85,33.85,479000
2024-03-22,33.9,33.9,34.1,33.9,34.1,463000
2024-03-25,34.55,34.55,34.65,34.05,34.05,1323000
2024-03-26,35.0,35.0,35.1,34.4,35.1,1202000
2024-03-27,35.95,35.95,36.25,35.15,35.25,2478000
2024-03-28,37.7,37.7,38.45,35.75,36.55,5985000
2024-03-29,37.8,37.8,38.7,37.3,37.65,2600000
2024-04-01,38.05,38.05,38.55,37.95,38.55,2183000
2024-04-02,37.9,37.9,38.5,37.6,38.1,1233000
2024-04-03,37.8,37.8,38.1,37.6,37.9,946000
2024-04-04,19.7,19.7,19.7,19.6,19.65,14056
2024-04-05,19.7,19.7,19.7,19.6,19.65,14056
2024-04-08,37.4,37.4,37.5,36.85,37.5,1780000
2024-04-09,37.25,37.25,37.4,37.0,37.4,866000
2024-04-10,37.4,37.4,37.4,36.8,37.05,1067000
2024-04-11,37.0,37.0,37.4,36.85,37.0,769000
2024-04-12,37.75,37.75,38.2,36.65,37.0,1096000
2024-04-15,37.75,37.75,38.0,37.3,37.5,978000
2024-04-16,36.7,36.7,37.55,36.5,37.55,1369000
2024-04-17,38.0,38.0,38.2,36.7,36.7,1127000
2024-04-18,40.25,40.25,40.8,38.05,38.05,4004000
2024-04-19,39.5,39.5,41.3,38.6,41.15,3611000
2024-04-22,39.8,39.8,41.45,39.15,39.75,2962000
2024-04-23,40.3,40.3,40.3,39.5,40.0,1225000
2024-04-24,39.95,39.95,40.5,39.75,40.5,924000
2024-04-25,40.25,40.25,41.3,39.7,40.15,1555000
2024-04-26,41.1,41.1,41.7,40.1,41.1,1828000
2024-04-29,44.2,44.2,44.85,41.2,41.9,3483000
2024-04-30,44.25,44.25,45.8,42.3,44.5,3830000
2024-05-01,19.7,19.7,19.7,19.6,19.65,14056
2024-05-02,47.55,47.55,48.5,44.5,44.5,4884000
2024-05-03,47.3,47.3,48.75,46.15,47.55,3109000
2024-05-06,46.6,46.6,48.0,46.0,48.0,2280000
2024-05-07,45.1,45.1,47.25,43.35,46.75,3060000
2024-05-08,44.25,44.25,45.7,43.85,45.7,1205000
2024-05-09,44.2,44.2,45.1,44.1,44.25,1523000
2024-05-10,44.5,44.5,44.85,43.95,44.2,902000
2024-05-13,45.6,45.6,45.8,44.05,44.8,1306000
2024-05-14,44.1,44.1,45.85,44.05,45.85,1172000
2024-05-15,44.35,44.35,44.9,44.1,44.5,616000
2024-05-16,45.15,45.15,45.5,44.35,44.35,848000
2024-05-17,44.7,44.7,45.45,44.5,45.2,579000
2024-05-20,44.9,44.9,45.25,44.6,45.25,593000
2024-05-21,44.7,44.7,45.15,44.6,45.15,435000
2024-05-22,44.95,44.95,45.05,44.45,44.7,505000
2024-05-23,42.55,42.55,44.95,42.4,44.95,2222000
2024-05-24,43.6,43.6,43.8,41.65,42.5,583000
2024-05-27,44.4,44.4,44.6,43.75,43.75,438000
2024-05-28,44.15,44.15,44.5,44.1,44.5,343000
2024-05-29,44.3,44.3,44.55,43.5,44.2,577000
2024-05-30,44.35,44.35,46.6,44.3,44.3,1045000
2024-05-31,44.6,44.6,45.6,44.5,44.5,753000
2024-06-03,44.7,44.7,45.0,44.2,44.75,442000
2024-06-04,44.3,44.3,44.9,44.15,44.75,400000
2024-06-05,44.2,44.2,44.7,44.15,44.15,202000
2024-06-06,44.1,44.1,44.5,43.55,44.5,394000
2024-06-07,44.05,44.05,45.0,43.3,43.3,638000
2024-06-10,19.7,19.7,19.7,19.6,19.65,14056
2024-06-11,43.4,43.4,44.2,43.4,44.1,550000
2024-06-12,43.0,43.0,43.4,42.8,43.4,340000
2024-06-13,42.95,42.95,43.75,42.85,43.75,204000
2024-06-14,43.1,43.1,43.4,42.75,42.75,348000
2024-06-17,43.35,43.35,43.65,43.15,43.65,279000
2024-06-18,43.3,43.3,43.6,43.3,43.35,251000
2024-06-19,43.2,43.2,43.3,43.15,43.3,257000
2024-06-20,43.25,43.25,43.35,42.95,43.2,390000
2024-06-21,43.25,43.25,43.65,43.2,43.4,301000
2024-06-24,43.25,43.25,43.55,43.25,43.55,213000
2024-06-25,42.95,42.95,43.3,42.4,43.3,339000
2024-06-26,42.9,42.9,43.4,42.75,42.95,377000
2024-06-27,42.5,42.5,43.35,42.5,42.9,406000
2024-06-28,42.4,42.4,42.6,42.2,42.5,463000
2024-07-01,43.65,43.65,43.8,42.4,42.4,1021000
2024-07-02,38.4,38.4,40.4,38.35,40.4,1238000
2024-07-03,38.5,38.5,38.6,38.0,38.45,338000
2024-07-04,38.05,38.05,38.5,38.05,38.4,389000
2024-07-05,37.45,37.45,38.05,37.35,38.05,680000
2024-07-08,36.9,36.9,37.5,36.5,37.45,655000
2024-07-09,36.1,36.1,36.65,35.85,36.65,647000
2024-07-10,36.6,36.6,36.95,36.0,36.1,314000
2024-07-11,36.6,36.6,36.9,36.35,36.6,273000
2024-07-12,36.6,36.6,36.75,36.4,36.5,133000
2024-07-15,37.3,37.3,37.75,36.45,36.6,335000
2024-07-16,37.95,37.95,38.0,37.3,37.45,294000
2024-07-17,38.5,38.5,38.9,38.15,38.2,327000
2024-07-18,38.45,38.45,38.7,37.75,38.7,395000
2024-07-19,37.3,37.3,38.5,37.15,38.5,301000
2024-07-22,36.5,36.5,37.3,35.85,37.3,232000
2024-07-23,36.85,36.85,37.25,36.5,36.5,118000
2024-07-24,19.7,19.7,19.7,19.6,19.65,14056
2024-07-25,19.7,19.7,19.7,19.6,19.65,14056
2024-07-26,35.75,35.75,36.05,35.2,36.0,207000
2024-07-29,35.55,35.55,36.55,35.55,36.55,236000
2024-07-30,36.2,36.2,36.2,35.0,35.55,196000
2024-07-31,36.05,36.05,36.3,35.9,36.2,95000
2024-08-01,37.0,37.0,37.4,35.95,35.95,189000
2024-08-02,36.95,36.95,37.7,36.6,36.8,260000
2024-08-05,33.75,33.75,36.3,33.5,36.3,502000
2024-08-06,33.2,33.2,34.2,32.1,33.95,264000
2024-08-07,34.65,34.65,36.0,33.2,33.2,142000
2024-08-08,34.3,34.3,34.6,33.9,34.6,118000
2024-08-09,34.05,34.05,34.8,33.7,33.7,215000
2024-08-12,34.7,34.7,35.0,34.05,34.05,127000
2024-08-13,34.9,34.9,35.1,34.6,34.6,47000
2024-08-14,34.9,34.9,35.25,34.7,35.15,98000
2024-08-15,34.3,34.3,35.0,34.3,35.0,106000
2024-08-16,34.6,34.6,35.0,34.35,34.45,142000
2024-08-19,36.4,36.4,36.8,34.5,34.7,286000
2024-08-20,37.55,37.55,38.95,36.1,36.1,575000
2024-08-21,36.4,36.4,37.9,36.15,37.55,160000
2024-08-22,36.25,36.25,36.55,35.8,36.45,148000
2024-08-23,36.15,36.15,36.3,34.9,36.25,135000
2024-08-26,36.2,36.2,38.0,36.15,36.15,165000
2024-08-27,36.05,36.05,36.75,35.95,36.75,73000
2024-08-28,36.5,36.5,36.8,35.9,36.45,102000
2024-08-29,36.25,36.25,36.5,36.0,36.5,69000
2024-08-30,36.55,36.55,37.4,36.2,36.3,101000
2024-09-02,36.25,36.25,36.65,36.05,36.55,79000
2024-09-03,35.95,35.95,36.45,35.7,36.45,102000
2024-09-04,35.1,35.1,35.4,34.5,35.4,142000
2024-09-05,35.0,35.0,35.5,34.85,35.5,103000
2024-09-06,35.3,35.3,35.35,34.5,35.05,107000
2024-09-09,36.1,36.1,36.25,34.85,35.5,150000
2024-09-10,35.55,35.55,36.65,35.0,36.15,163000
2024-09-11,35.1,35.1,35.6,34.95,35.25,105000
2024-09-12,35.65,35.65,35.85,35.2,35.35,154000
2024-09-13,36.1,36.1,36.2,35.7,35.7,91000
2024-09-16,36.4,36.4,36.55,36.25,36.55,71000
2024-09-17,19.7,19.7,19.7,19.6,19.65,14056
2024-09-18,36.1,36.1,36.8,36.0,36.5,117000
2024-09-19,36.05,36.05,36.5,35.95,36.45,83000
2024-09-20,34.85,34.85,35.8,34.45,35.8,428000
2024-09-23,34.85,34.85,35.0,33.9,34.6,231000
2024-09-24,35.1,35.1,35.45,34.85,35.15,72000
2024-09-25,34.9,34.9,35.1,34.7,35.1,91000
2024-09-26,34.75,34.75,35.25,34.7,35.0,77000
2024-09-27,35.2,35.2,35.7,34.7,35.0,125000
2024-09-30,34.9,34.9,35.2,34.85,35.05,81000
2024-10-01,34.6,34.6,35.4,34.3,34.9,42000
2024-10-02,19.7,19.7,19.7,19.6,19.65,14056
2024-10-03,19.7,19.7,19.7,19.6,19.65,14056
2024-10-04,34.15,34.15,34.6,33.95,34.6,124000
2024-10-07,34.1,34.1,34.45,34.1,34.35,109000
2024-10-08,34.25,34.25,34.35,34.0,34.3,82000
2024-10-09,33.85,33.85,34.3,33.7,34.25,191000
2024-10-10,19.7,19.7,19.7,19.6,19.65,14056
2024-10-11,33.55,33.55,33.8,33.25,33.8,49000
2024-10-14,33.3,33.3,33.65,33.3,33.55,72000
2024-10-15,33.3,33.3,33.9,33.25,33.9,67000
2024-10-16,33.3,33.3,33.45,33.0,33.1,42000
2024-10-17,33.35,33.35,33.65,33.3,33.3,62000
2024-10-18,33.2,33.2,34.0,33.0,33.45,110000
2024-10-21,33.05,33.05,33.2,33.0,33.2,71000
2024-10-22,32.9,32.9,33.05,32.85,33.05,61000
2024-10-23,32.75,32.75,33.65,32.5,32.9,144000
2024-10-24,32.7,32.7,33.1,32.65,32.75,22000
2024-10-25,32.6,32.6,33.05,32.5,33.0,126000
2024-10-28,32.6,32.6,33.0,32.6,33.0,56000
2024-10-29,32.55,32.55,32.8,32.5,32.6,51000
2024-10-30,32.35,32.35,32.7,32.25,32.65,109000
2024-10-31,19.7,19.7,19.7,19.6,19.65,14056
2024-11-01,32.45,32.45,33.0,32.3,32.3,44000
2024-11-04,32.4,32.4,33.9,32.35,33.3,230000
2024-11-05,32.15,32.15,32.6,32.1,32.6,46000
2024-11-06,31.75,31.75,32.4,31.75,32.15,138000
2024-11-07,31.7,31.7,32.15,31.65,32.15,113000
2024-11-08,31.35,31.35,31.7,31.15,31.6,181000
2024-11-11,31.45,31.45,31.5,31.2,31.5,78000
2024-11-12,31.2,31.2,31.45,31.05,31.45,89000
2024-11-13,31.15,31.15,31.25,30.6,31.2,125000
2024-11-14,30.3,30.3,31.05,30.1,31.05,132000
2024-11-15,29.65,29.65,30.3,29.65,30.1,344000
2024-11-18,28.7,28.7,29.65,28.5,29.65,182000
2024-11-19,29.45,29.45,29.45,28.5,28.75,170000
2024-11-20,29.55,29.55,29.7,29.35,29.45,66000
2024-11-21,30.1,30.1,30.1,29.5,29.5,63000
2024-11-22,30.3,30.3,30.8,30.2,30.8,32000
2024-11-25,30.5,30.5,30.75,30.3,30.45,76000
2024-11-26,30.55,30.55,30.65,30.1,30.5,41000
2024-11-27,30.0,30.0,30.55,29.8,29.85,48000
2024-11-28,30.05,30.05,30.5,29.6,30.45,94000
2024-11-29,30.15,30.15,30.3,29.9,30.05,59000
2024-12-02,30.05,30.05,30.4,29.85,30.35,83000
2024-12-03,30.1,30.1,30.9,30.05,30.05,79000
2024-12-04,30.4,30.4,30.4,30.1,30.25,16000
2024-12-05,30.75,30.75,30.8,30.15,30.4,44000
2024-12-06,31.45,31.45,31.6,30.65,30.7,92000
2024-12-09,31.45,31.45,31.5,30.8,31.45,36000
2024-12-10,30.65,30.65,31.45,30.55,31.4,32000
2024-12-11,30.4,30.4,31.0,29.5,31.0,66000
2024-12-12,30.0,30.0,30.4,29.85,30.4,69000
2024-12-13,30.3,30.3,30.95,29.45,30.0,89000
2024-12-16,29.95,29.95,30.6,29.85,30.2,41000
2024-12-17,29.9,29.9,30.3,29.4,29.95,59000
2024-12-18,29.95,29.95,30.0,29.4,29.8,22000
2024-12-19,29.95,29.95,30.0,29.8,29.85,12000
2024-12-20,29.05,29.05,30.0,29.05,30.0,73000
2024-12-23,29.6,29.6,29.6,29.05,29.4,52000
2024-12-24,29.8,29.8,29.8,29.2,29.65,26000
2024-12-25,28.35,28.35,29.9,28.1,29.9,496000
2024-12-26,28.3,28.3,28.95,28.15,28.35,334000
2024-12-27,28.3,28.3,28.45,28.0,28.35,92000
2024-12-30,28.4,28.4,28.4,28.05,28.25,38000
2024-12-31,28.35,28.35,28.45,28.15,28.45,25000
2025-01-01,19.7,19.7,19.7,19.6,19.65,14056
2025-01-02,28.45,28.45,28.5,28.35,28.35,20000
2025-01-03,28.55,28.55,28.6,28.35,28.45,113000
2025-01-06,29.8,29.8,30.15,28.6,28.65,121000
2025-01-07,30.0,30.0,30.15,29.8,30.15,26000
2025-01-08,29.7,29.7,30.2,29.5,30.2,68000
2025-01-09,29.3,29.3,30.15,29.0,30.15,54000
2025-01-10,30.0,30.0,30.0,29.05,29.3,63000
2025-01-13,29.05,29.05,30.0,29.05,30.0,49000
2025-01-14,29.8,29.8,29.95,29.3,29.5,44000
2025-01-15,29.95,29.95,30.1,29.75,29.8,27000
2025-01-16,30.1,30.1,30.1,29.45,30.1,98000
2025-01-17,30.25,30.25,30.8,30.0,30.05,70000
2025-01-20,30.8,30.8,30.95,30.15,30.8,57000
2025-01-21,31.1,31.1,31.3,30.9,31.2,64000
2025-01-22,31.45,31.45,31.75,31.1,31.5,80000
2025-01-23,19.7,19.7,19.7,19.6,19.65,14056
2025-01-24,19.7,19.7,19.7,19.6,19.65,14056
2025-01-27,19.7,19.7,19.7,19.6,19.65,14056
2025-01-28,19.7,19.7,19.7,19.6,19.65,14056
2025-01-29,19.7,19.7,19.7,19.6,19.65,14056
2025-01-30,19.7,19.7,19.7,19.6,19.65,14056
2025-01-31,19.7,19.7,19.7,19.6,19.65,14056
2025-02-03,31.05,31.05,31.45,30.9,31.4,45000
2025-02-04,31.75,31.75,32.0,31.25,31.45,31000
2025-02-05,31.95,31.95,32.05,31.55,32.0,36000
2025-02-06,32.35,32.35,32.4,32.0,32.1,72000
2025-02-07,32.6,32.6,33.45,32.3,32.5,83000
2025-02-10,32.8,32.8,33.15,32.45,32.6,33000
2025-02-11,32.85,32.85,33.1,32.6,33.1,44000
2025-02-12,32.4,32.4,32.85,32.3,32.85,39000
2025-02-13,32.45,32.45,33.0,32.25,32.8,26000
2025-02-14,32.55,32.55,32.8,32.2,32.7,53000
2025-02-17,33.0,33.0,33.15,32.55,32.55,98000
2025-02-18,32.1,32.1,33.0,31.9,32.3,110000
2025-02-19,32.2,32.2,32.75,32.1,32.75,33000
2025-02-20,32.4,32.4,32.7,32.1,32.2,44000
2025-02-21,32.2,32.2,32.65,32.15,32.65,31000
2025-02-24,32.0,32.0,32.6,31.85,32.55,45000
2025-02-25,31.85,31.85,32.0,31.65,32.0,40000
2025-02-26,31.7,31.7,31.9,31.25,31.9,97000
2025-02-27,31.0,31.0,32.0,31.0,31.8,52000
2025-02-28,19.7,19.7,19.7,19.6,19.65,14056
2025-03-03,31.45,31.45,31.7,30.75,31.0,132000
2025-03-04,31.45,31.45,31.9,31.2,31.2,61000
2025-03-05,31.4,31.4,31.7,31.1,31.6,120000
2025-03-06,31.35,31.35,31.6,31.1,31.25,93000
2025-03-07,31.2,31.2,31.4,30.95,31.35,89000
2025-03-10,30.9,30.9,31.4,30.75,31.35,92000
2025-03-11,30.55,30.55,31.15,30.4,30.9,109000
2025-03-12,29.75,29.75,30.9,29.75,30.9,144000
2025-03-13,29.05,29.05,29.85,29.0,29.75,89000
2025-03-14,28.8,28.8,29.45,28.75,29.05,101000
2025-03-17,28.65,28.65,29.05,28.55,29.0,90000
2025-03-18,28.55,28.55,28.95,28.55,28.9,107000
2025-03-19,28.1,28.1,28.5,28.1,28.45,215000
2025-03-20,27.85,27.85,28.05,27.55,27.9,836000
2025-03-21,28.05,28.05,28.2,27.9,27.95,224000
2025-03-24,28.15,28.15,28.25,28.05,28.05,120000
2025-03-25,27.9,27.9,28.25,27.8,28.25,162000
2025-03-26,27.85,27.85,28.05,27.7,27.9,98000
2025-03-27,27.65,27.65,27.85,27.65,27.85,118000
2025-03-28,27.1,27.1,27.8,27.0,27.65,199000
2025-03-31,26.55,26.55,26.8,26.15,26.8,181000
2025-04-01,26.85,26.85,27.0,26.6,27.0,41000
2025-04-02,26.55,26.55,27.05,26.3,27.0,76000
2025-04-03,19.7,19.7,19.7,19.6,19.65,14056
2025-04-04,19.7,19.7,19.7,19.6,19.65,14056
2025-04-07,23.9,23.9,23.9,23.9,23.9,77000
2025-04-08,23.1,23.1,23.9,21.55,21.55,520000
2025-04-09,23.0,23.0,23.95,22.15,23.05,408000
2025-04-10,25.3,25.3,25.3,24.95,25.0,131000
2025-04-11,25.4,25.4,25.6,25.0,25.1,151000
2025-04-14,25.9,25.9,27.05,25.3,27.05,90000
2025-04-15,26.45,26.45,26.8,25.75,25.9,62000
2025-04-16,26.2,26.2,27.0,26.2,26.45,51000
2025-04-17,26.15,26.15,26.8,25.95,25.95,71000
2025-04-18,26.45,26.45,26.6,26.15,26.25,39000
2025-04-21,26.0,26.0,26.75,26.0,26.6,51000
2025-04-22,26.15,26.15,26.75,26.0,26.55,44000
2025-04-23,26.35,26.35,26.9,26.3,26.7,67000
2025-04-24,26.55,26.55,26.8,26.4,26.75,27000
2025-04-25,26.75,26.75,26.8,26.45,26.8,40000
2025-04-28,26.9,26.9,27.0,26.7,26.7,20000
2025-04-29,27.2,27.2,27.2,26.9,26.95,65000
2025-04-30,27.2,27.2,27.35,27.0,27.2,36000
2025-05-01,19.7,19.7,19.7,19.6,19.65,14056
2025-05-02,27.3,27.3,27.65,27.25,27.35,32000
2025-05-05,27.1,27.1,27.8,26.6,27.65,52000
2025-05-06,27.1,27.1,27.7,27.1,27.5,32000
2025-05-07,26.7,26.7,27.1,26.7,27.1,20000
2025-05-08,26.7,26.7,26.9,26.55,26.7,26000
2025-05-09,26.2,26.2,26.65,26.0,26.65,60000
2025-05-12,26.15,26.15,26.5,26.1,26.4,54000
2025-05-13,26.0,26.0,26.4,26.0,26.3,49000
2025-05-14,26.35,26.35,26.4,26.2,26.2,43000
2025-05-15,26.35,26.35,26.8,26.3,26.35,94000
2025-05-16,26.2,26.2,26.7,26.15,26.65,237000
2025-05-19,26.25,26.25,26.4,26.25,26.3,23000
2025-05-20,26.25,26.25,26.4,26.1,26.4,13000
2025-05-21,26.25,26.25,26.35,26.15,26.35,9000
2025-05-22,26.25,26.25,26.4,26.2,26.4,15000
2025-05-23,26.3,26.3,26.4,26.15,26.4,31000
2025-05-26,26.35,26.35,26.4,26.2,26.35,23000
2025-05-27,26.3,26.3,26.35,26.05,26.35,37000
2025-05-28,26.2,26.2,26.45,25.95,26.35,86000
2025-05-29,26.1,26.1,26.3,25.95,26.3,33000
2025-05-30,19.7,19.7,19.7,19.6,19.65,14056
2025-06-02,26.15,26.15,26.4,25.85,26.3,29000
2025-06-03,26.0,26.0,26.2,25.9,25.95,20000
2025-06-04,26.1,26.1,26.35,25.95,26.25,29000
2025-06-05,26.1,26.1,26.2,25.85,26.1,31000
2025-06-06,25.85,25.85,26.15,25.8,26.0,29000
2025-06-09,26.1,26.1,26.2,25.7,25.9,37000
2025-06-10,26.0,26.0,26.2,26.0,26.1,15000
2025-06-11,26.15,26.15,26.35,25.9,26.2,23000
2025-06-12,26.25,26.25,26.35,26.0,26.25,47000
2025-06-13,26.2,26.2,26.25,26.05,26.25,22000
2025-06-16,26.1,26.1,26.15,25.6,26.0,77000
2025-06-17,26.1,26.1,26.3,26.0,26.1,15000
2025-06-18,26.1,26.1,26.25,26.0,26.2,27000
2025-06-19,26.1,26.1,26.2,25.9,26.1,27000
2025-06-20,26.1,26.1,26.15,25.9,26.15,17000
2025-06-23,26.0,26.0,26.2,25.75,26.2,24000
2025-06-24,26.0,26.0,26.15,25.75,25.75,21000
2025-06-25,26.0,26.0,26.1,25.9,26.1,39000
2025-06-26,26.0,26.0,26.1,25.95,26.1,38000
2025-06-27,26.5,26.5,26.5,26.1,26.1,101000
2025-06-30,26.5,26.5,26.9,26.45,26.5,30000
2025-07-01,26.3,26.3,26.7,26.3,26.5,26000
2025-07-02,26.25,26.25,26.65,26.2,26.5,30000
2025-07-03,26.05,26.05,26.25,26.05,26.25,45000
2025-07-04,25.15,25.15,26.2,25.15,26.1,144000
2025-07-07,24.55,24.55,24.8,24.0,24.0,160000
2025-07-08,25.85,25.85,26.0,24.35,24.55,122000
2025-07-09,25.85,25.85,25.9,25.3,25.85,54000
2025-07-10,25.75,25.75,25.95,25.2,25.9,87000
2025-07-11,25.7,25.7,25.75,25.55,25.55,47000
2025-07-14,25.5,25.5,25.9,25.5,25.9,9000
2025-07-15,25.65,25.65,25.75,25.3,25.5,20000
2025-07-16,25.7,25.7,25.7,25.45,25.65,33000
2025-07-17,25.35,25.35,25.8,25.35,25.35,77000
2025-07-18,25.35,25.35,25.6,25.05,25.55,59000
2025-07-21,25.35,25.35,25.7,25.1,25.35,58000
2025-07-22,25.2,25.2,25.2,25.0,25.05,36000
2025-07-23,25.25,25.25,25.4,24.95,25.3,59000
2025-07-24,25.05,25.05,25.5,25.05,25.35,56000
2025-07-25,25.1,25.1,25.25,24.5,25.0,129000
2025-07-28,25.15,25.15,25.45,24.8,25.25,106000
2025-07-29,25.1,25.1,25.3,24.9,25.3,20000
2025-07-30,25.15,25.15,25.25,24.8,25.2,85000
2025-07-31,24.8,24.8,25.2,24.75,24.85,135000
2025-08-01,24.6,24.6,25.0,24.5,24.5,39000
2025-08-04,24.95,24.95,25.0,24.6,24.75,24000
2025-08-05,25.0,25.0,25.1,24.7,25.1,45000
2025-08-06,25.1,25.1,25.2,24.8,24.95,78000
2025-08-07,25.15,25.15,25.15,24.8,24.95,37000
2025-08-08,25.15,25.15,25.2,25.0,25.0,14000
2025-08-11,24.8,24.8,25.15,24.65,25.15,24000
2025-08-12,24.5,24.5,24.9,24.4,24.7,123000
2025-08-13,24.55,24.55,24.8,24.4,24.4,25000
2025-08-14,24.4,24.4,24.65,24.05,24.65,189000
2025-08-15,24.4,24.4,24.55,24.0,24.55,105000
2025-08-18,24.3,24.3,24.45,23.95,24.35,104000
2025-08-19,23.95,23.95,24.1,23.75,24.1,95000
2025-08-20,23.4,23.4,23.95,23.3,23.95,60000
2025-08-21,23.6,23.6,23.8,23.45,23.8,37000
2025-08-22,23.0,23.0,23.65,23.0,23.65,87000
2025-08-25,23.0,23.0,23.05,22.55,23.0,60000
2025-08-26,23.2,23.2,23.35,22.9,23.3,90000
2025-08-27,23.15,23.15,23.2,22.9,23.0,68000
2025-08-28,23.1,23.1,23.1,22.95,22.95,41000
2025-08-29,23.0,23.0,23.3,22.95,23.2,29000
2025-09-01,23.1,23.1,23.2,22.95,23.2,22000
2025-09-02,23.1,23.1,23.2,22.95,23.2,23000
2025-09-03,23.0,23.0,23.2,22.85,23.1,27000
2025-09-04,24.25,24.25,24.45,23.0,23.0,202000
2025-09-05,24.1,24.1,24.35,23.8,24.35,87000
2025-09-08,23.65,23.65,24.0,23.3,24.0,98000
2025-09-09,23.1,23.1,23.5,23.0,23.4,64000
2025-09-10,23.0,23.0,23.2,23.0,23.1,55000
2025-09-11,22.7,22.7,23.0,22.65,22.8,59000
2025-09-12,22.75,22.75,23.0,22.7,23.0,50000
2025-09-15,22.8,22.8,23.0,22.65,22.75,70000
2025-09-16,22.8,22.8,23.05,22.7,22.7,41000
2025-09-17,22.8,22.8,23.0,22.7,22.8,103000
2025-09-18,22.95,22.95,23.0,22.75,23.0,24000
2025-09-19,22.7,22.7,23.0,22.65,22.9,52000
2025-09-22,22.6,22.6,22.8,22.45,22.65,110000
2025-09-23,22.65,22.65,22.7,22.45,22.5,38000
2025-09-24,22.65,22.65,22.7,22.6,22.7,35000
2025-09-25,22.65,22.65,22.7,22.5,22.7,17000
2025-09-26,22.5,22.5,22.65,22.1,22.5,67000
2025-09-29,19.7,19.7,19.7,19.6,19.65,14056
2025-09-30,22.65,22.65,22.95,22.4,22.5,23000
2025-10-01,22.45,22.45,22.65,22.35,22.6,40000
2025-10-02,22.2,22.2,22.5,22.0,22.5,80000
2025-10-03,22.1,22.1,22.3,21.95,22.1,65000
2025-10-06,19.7,19.7,19.7,19.6,19.65,14056
2025-10-07,21.75,21.75,22.1,21.45,22.05,200000
2025-10-08,21.35,21.35,21.65,21.15,21.6,127000
2025-10-09,21.35,21.35,21.6,21.0,21.55,209000
2025-10-10,19.7,19.7,19.7,19.6,19.65,14056
2025-10-13,21.25,21.25,21.35,20.85,20.85,49000
2025-10-14,21.2,21.2,21.5,21.05,21.5,47000
2025-10-15,21.1,21.1,21.2,20.75,20.8,37000
2025-10-16,21.0,21.0,21.25,20.85,21.1,52000
2025-10-17,21.0,21.0,21.0,20.75,21.0,46000
2025-10-20,20.9,20.9,21.0,20.85,21.0,59000
2025-10-21,20.8,20.8,20.95,20.7,20.9,99000
2025-10-22,20.7,20.7,20.9,20.7,20.9,71000
2025-10-23,20.7,20.7,20.85,20.7,20.7,40000
2025-10-24,19.7,19.7,19.7,19.6,19.65,14056
2025-10-27,20.7,20.7,20.9,20.45,20.9,57000
2025-10-28,20.8,20.8,20.8,20.65,20.8,19000
2025-10-29,20.95,20.95,21.3,20.75,21.3,65000
2025-10-30,20.9,20.9,21.1,20.55,20.9,70000
2025-10-31,20.95,20.95,21.05,20.8,20.85,19000
2025-11-03,20.9,20.9,20.95,20.75,20.95,23000
2025-11-04,20.55,20.55,20.95,20.5,20.85,58000
2025-11-05,20.3,20.3,20.5,20.3,20.45,145000
2025-11-06,22.3,22.3,22.3,20.55,20.55,440000
2025-11-07,21.6,21.6,22.75,21.25,22.75,334000
2025-11-10,21.05,21.05,21.65,21.0,21.65,81000
2025-11-11,21.05,21.05,21.25,21.05,21.05,32000
2025-11-12,21.0,21.0,21.2,21.0,21.1,85000
2025-11-13,20.8,20.8,21.2,20.8,21.2,57000
2025-11-14,21.0,21.0,21.05,20.75,21.0,33000
2025-11-17,21.05,21.05,21.05,20.75,21.0,56000
2025-11-18,20.4,20.4,21.1,20.4,20.8,78000
2025-11-19,20.5,20.5,20.95,20.45,20.95,14000
2025-11-20,20.6,20.6,20.95,20.6,20.85,83000
2025-11-21,20.35,20.35,20.7,20.3,20.7,74000
2025-11-24,20.45,20.45,20.7,20.25,20.7,78000
2025-11-25,20.3,20.3,20.45,20.3,20.35,65000
2025-11-26,20.3,20.3,20.55,20.2,20.3,97000
2025-11-27,20.45,20.45,20.5,20.2,20.35,70000
2025-11-28,20.6,20.6,20.6,20.6,20.6,9000
2025-12-01,20.55,20.55,20.65,20.45,20.65,12000
2025-12-02,20.4,20.4,20.7,20.4,20.7,62000
2025-12-03,20.5,20.5,20.55,20.45,20.55,19000
2025-12-04,20.8,20.8,20.85,20.65,20.85,28000
2025-12-05,21.2,21.2,21.6,20.9,21.3,146000
2025-12-08,21.6,21.6,21.6,21.3,21.6,85000
2025-12-09,21.5,21.5,21.7,21.0,21.7,45000
2025-12-10,21.6,21.6,21.6,21.3,21.5,32000
2025-12-11,21.6,21.6,21.65,21.4,21.6,34000
2025-12-12,21.85,21.85,21.85,21.6,21.7,72000
2025-12-15,21.75,21.75,21.85,21.65,21.85,29000
2025-12-16,21.75,21.75,21.8,21.5,21.65,16000
2025-12-17,21.8,21.8,21.8,21.6,21.8,22000
2025-12-18,21.9,21.9,21.95,21.8,21.85,33000
2025-12-19,21.9,21.9,21.9,21.7,21.9,24000
2025-12-22,21.9,21.9,22.0,21.55,22.0,25000
2025-12-23,22.05,22.05,22.05,21.85,21.95,22000
2025-12-24,22.1,22.1,22.2,21.9,22.05,32000
2025-12-25,19.7,19.7,19.7,19.6,19.65,14056
2025-12-26,22.1,22.1,22.15,22.05,22.1,19000
2025-12-29,21.9,21.9,22.05,21.7,22.05,79000
2025-12-30,21.9,21.9,22.1,21.85,22.1,13000
2025-12-31,21.9,21.9,22.0,21.8,21.95,61000
2026-01-01,19.7,19.7,19.7,19.6,19.65,14056
2026-01-02,21.85,21.85,22.05,21.8,21.9,45000
2026-01-05,21.85,21.85,21.95,21.5,21.7,73000
2026-01-06,21.45,21.45,21.85,21.45,21.85,90000
2026-01-07,21.5,21.5,21.7,21.3,21.55,42000
2026-01-08,21.4,21.4,21.7,21.4,21.7,12000
2026-01-09,21.5,21.5,21.5,21.15,21.45,54000
2026-01-12,21.6,21.6,21.65,21.25,21.5,43000
2026-01-13,21.65,21.65,21.65,21.35,21.5,44000
2026-01-14,21.55,21.55,21.65,21.35,21.65,28000
2026-01-15,21.65,21.65,21.7,21.45,21.65,72000
2026-01-16,21.55,21.55,21.65,21.0,21.55,122000
2026-01-19,21.35,21.35,21.5,21.25,21.5,86000
2026-01-20,21.3,21.3,21.4,21.25,21.25,36000
2026-01-21,21.35,21.35,21.4,21.15,21.3,38000
2026-01-22,21.1,21.1,21.4,21.1,21.25,52000
2026-01-23,21.15,21.15,21.3,21.1,21.2,47000
2026-01-26,21.15,21.15,21.2,21.0,21.1,27000
2026-01-27,21.1,21.1,21.3,20.6,21.3,42000
2026-01-28,20.75,20.75,21.2,20.75,21.1,55000
2026-01-29,20.75,20.75,21.05,20.4,21.0,92000
2026-01-30,20.65,20.65,20.75,20.45,20.7,36000
2026-02-02,20.3,20.3,20.65,20.3,20.4,55000
2026-02-03,20.3,20.3,20.45,20.25,20.3,37000
2026-02-04,20.45,20.45,20.45,20.3,20.3,28000
2026-02-05,20.45,20.45,20.45,20.4,20.45,13000
2026-02-06,20.5,20.5,20.5,20.35,20.5,34000
2026-02-09,20.3,20.3,20.5,20.15,20.45,82000
2026-02-10,20.2,20.2,20.3,20.15,20.2,33000
2026-02-11,20.3,20.3,20.3,20.0,20.25,45000
2026-02-12,19.7,19.7,19.7,19.6,19.65,14056
2026-02-13,19.7,19.7,19.7,19.6,19.65,14056
2026-02-16,19.7,19.7,19.7,19.6,19.65,14056
2026-02-17,19.7,19.7,19.7,19.6,19.65,14056
2026-02-18,19.7,19.7,19.7,19.6,19.65,14056
2026-02-19,19.7,19.7,19.7,19.6,19.65,14056
2026-02-20,19.7,19.7,19.7,19.6,19.65,14056
2026-02-23,20.35,20.35,20.4,20.25,20.4,29000
2026-02-24,20.15,20.15,20.4,20.0,20.4,97000
2026-02-25,20.0,20.0,20.2,19.8,20.2,188000
2026-02-26,20.1,20.1,20.1,19.8,20.1,91000
2026-02-27,19.7,19.7,19.7,19.6,19.65,14056
2026-03-02,21.4,21.4,21.75,19.95,19.95,142000
2026-03-03,20.35,20.35,21.45,20.35,21.0,112000
2026-03-04,20.45,20.45,20.8,20.0,20.4,52000
2026-03-05,20.55,20.55,20.8,20.3,20.6,17000
2026-03-06,20.65,20.65,20.8,20.4,20.55,7000
2026-03-09,20.45,20.45,20.85,20.0,20.6,41000
2026-03-10,20.65,20.65,20.75,20.2,20.4,78000
2026-03-11,20.75,20.75,20.8,20.6,20.6,106000
2026-03-12,20.7,20.7,20.75,20.6,20.75,31000
2026-03-13,20.8,20.8,20.95,20.7,20.8,250000
2026-03-16,20.9,20.9,20.9,20.75,20.8,74000
2026-03-17,20.9,20.9,21.0,20.85,21.0,121000
2026-03-18,20.95,20.95,21.05,20.9,20.9,141000
2026-03-19,20.65,20.65,21.1,20.65,21.1,177000
2026-03-20,20.85,20.85,21.0,20.75,21.0,92000
2026-03-23,21.0,21.0,21.0,20.8,20.8,144000
2026-03-24,21.25,21.25,21.25,20.8,20.9,339000
2026-03-25,21.5,21.5,21.8,21.3,21.3,163000
2026-03-26,21.7,21.7,21.75,21.5,21.5,219000
2026-03-27,21.4,21.4,21.7,21.0,21.7,159000
2026-03-30,21.4,21.4,21.55,21.3,21.4,120000
2026-03-31,21.4,21.4,21.55,21.2,21.2,113000
2026-04-01,21.45,21.45,21.55,21.3,21.4,107000
2026-04-02,21.45,21.45,21.5,21.1,21.5,54000
2026-04-03,19.7,19.7,19.7,19.6,19.65,14056
2026-04-06,19.7,19.7,19.7,19.6,19.65,14056
2026-04-07,21.45,21.45,21.7,21.25,21.7,58000
2026-04-08,21.4,21.4,21.5,21.3,21.5,48000
2026-04-09,21.4,21.4,21.4,21.2,21.35,74000
2026-04-10,21.5,21.5,21.6,21.25,21.4,58000
2026-04-13,21.5,21.5,21.6,21.3,21.5,96000
2026-04-14,21.35,21.35,21.5,21.3,21.4,93000
2026-04-15,21.35,21.35,21.4,21.25,21.4,79000
2026-04-16,21.6,21.6,21.7,21.6,21.7,83000
2026-04-17,22.0,22.0,22.0,21.4,21.6,147000
2026-04-20,22.0,22.0,22.0,21.55,22.0,75000
2026-04-21,22.0,22.0,22.0,21.65,21.75,41000
2026-04-22,21.95,21.95,22.0,21.7,21.9,71000
2026-04-23,21.75,21.75,21.95,21.55,21.85,72000
2026-04-24,21.75,21.75,21.75,21.55,21.75,53000
2026-04-27,21.55,21.55,21.85,21.5,21.75,44000
2026-04-28,21.6,21.6,21.7,21.3,21.65,87000
2026-04-29,21.6,21.6,21.6,21.4,21.6,27000
2026-04-30,21.35,21.35,21.6,21.35,21.45,54000
2026-05-01,19.7,19.7,19.7,19.6,19.65,14056
2026-05-04,21.0,21.0,21.3,20.9,21.3,68000
2026-05-05,20.7,20.7,21.0,20.7,21.0,100000
2026-05-06,20.6,20.6,20.75,20.4,20.75,202000
2026-05-07,20.45,20.45,20.8,20.4,20.65,118000
2026-05-08,20.2,20.2,20.4,20.15,20.4,180000
2026-05-11,20.35,20.35,20.45,20.25,20.45,57000
2026-05-12,20.35,20.35,20.4,20.1,20.35,56000
2026-05-13,20.35,20.35,20.35,20.2,20.35,35000
2026-05-14,20.3,20.3,20.4,20.2,20.4,78000
2026-05-15,20.2,20.2,20.55,20.2,20.55,109000
2026-05-18,20.3,20.3,20.4,19.9,20.2,89000
2026-05-19,20.35,20.35,20.35,20.25,20.35,38000
2026-05-20,20.3,20.3,20.6,20.25,20.6,33000
2026-05-21,20.35,20.35,20.35,20.2,20.3,41000
2026-05-22,20.35,20.35,20.35,20.2,20.3,72000
2026-05-25,20.35,20.35,20.35,20.2,20.35,66000
2026-05-26,20.45,20.45,20.45,20.2,20.35,78000
2026-05-27,20.45,20.45,20.5,20.3,20.5,62000
2026-05-28,20.55,20.55,20.8,20.5,20.5,98000
2026-05-29,20.55,20.55,20.6,20.45,20.55,56000
2026-06-01,20.6,20.6,20.7,20.5,20.55,114000
2026-06-02,20.35,20.35,20.7,20.05,20.7,104000
2026-06-03,20.35,20.35,20.4,20.25,20.3,201000
2026-06-04,20.8,20.8,21.2,20.2,20.25,157000
2026-06-05,20.85,20.85,20.85,20.5,20.8,65000
2026-06-08,20.45,20.45,20.6,20.4,20.5,54000
2026-06-09,20.65,20.65,20.65,20.45,20.45,49000
2026-06-10,21.0,21.0,21.55,20.5,20.55,148000
2026-06-11,20.65,20.65,21.2,20.65,21.0,58000
2026-06-12,20.8,20.8,20.85,20.65,20.85,62000
2026-06-15,20.85,20.85,21.25,20.8,21.25,57000
2026-06-16,20.85,20.85,20.85,20.75,20.85,74000
2026-06-17,20.85,20.85,20.9,20.75,20.75,60000
2026-06-18,20.8,20.8,20.95,20.75,20.85,117000
2026-06-19,19.7,19.7,19.7,19.6,19.65,14056
2026-06-22,20.65,20.65,21.3,20.25,20.8,223000
2026-06-23,20.2,20.2,20.65,20.2,20.65,258000
2026-06-24,20.5,20.5,20.5,20.2,20.2,29000
2026-06-25,20.25,20.25,20.55,20.2,20.35,163000
2026-06-26,20.15,20.15,20.35,20.05,20.25,90000
2026-06-29,20.25,20.25,20.45,20.05,20.15,162000
2026-06-30,20.3,20.3,20.45,20.1,20.3,98000
2026-07-01,20.4,20.4,20.45,20.2,20.45,106000
2026-07-02,20.6,20.6,20.65,20.35,20.6,51000
2026-07-03,20.85,20.85,20.9,20.6,20.6,122000
2026-07-06,20.9,20.9,21.0,20.8,20.8,119000
2026-07-07,20.85,20.85,20.95,20.8,20.9,128000
2026-07-08,20.85,20.85,21.05,20.8,21.05,130000
2026-07-09,20.8,20.8,20.85,20.7,20.85,128000
2026-07-10,19.7,19.7,19.7,19.6,19.65,14056
2026-07-13,21.45,21.45,22.0,20.8,20.8,436000
2026-07-14,19.45,19.45,19.65,19.05,19.5,386000
2026-07-15,19.85,19.85,20.3,19.25,19.25,105000
2026-07-16,19.7,19.7,19.85,19.6,19.75,69000
2026-07-17,19.4,19.4,19.7,19.25,19.7,70000
2026-07-20,19.3,19.3,19.4,19.0,19.4,71000
2026-07-21,19.5,19.5,19.5,19.15,19.3,71000
2026-07-22,19.35,19.35,19.5,19.2,19.25,40000
2026-07-23,19.6,19.6,19.7,19.4,19.45,93000
2026-07-24,19.65,19.65,19.7,19.5,19.6,64000
2026-07-27,19.65,19.65,19.75,19.45,19.7,69000
2026-07-28,19.5,19.5,19.7,19.3,19.7,72000
2026-07-29,19.45,19.45,19.7,18.95,19.5,92000
2026-07-30,19.35,19.35,19.6,19.0,19.6,36000
2026-07-31,19.6,19.6,19.6,19.0,19.1,89000
2026-08-03,19.6,19.6,19.6,19.2,19.2,27000
2026-08-04,19.8,19.8,19.8,19.5,19.75,83000
2026-08-05,19.75,19.75,19.8,19.5,19.75,26000
2026-08-06,19.75,19.75,19.8,19.55,19.75,13000
2026-08-07,19.7,19.7,19.75,19.5,19.75,12000
2026-08-10,19.75,19.75,19.75,19.65,19.7,55000
2026-08-11,19.7,19.7,19.7,19.6,19.7,28000
2026-08-12,19.75,19.75,19.8,19.6,19.6,40000
2026-08-13,19.7,19.7,19.75,19.45,19.6,40000
2026-08-14,19.7,19.7,19.7,19.5,19.6,37000
2026-08-17,19.75,19.75,19.75,19.55,19.7,25000
2026-08-18,19.75,19.75,19.75,19.55,19.55,28000
2026-08-19,19.7,19.7,19.7,19.35,19.55,30000
2026-08-20,19.7,19.7,19.7,19.6,19.7,7000
2026-08-21,19.7,19.7,19.7,19.6,19.65,14000
2026-08-24,19.55,19.55,19.55,19.45,19.55,18957
2026-08-25,19.35,19.35,19.6,19.3,19.45,28612
