Date,Adj Close,Close,High,Low,Open,Volume
2016-08-12,76.7,76.7,79.4,76.7,77.1,153054
2016-08-15,76.7,76.7,79.4,76.7,77.1,153054
2016-08-16,76.7,76.7,79.4,76.7,77.1,153054
2016-08-17,76.7,76.7,79.4,76.7,77.1,153054
2016-08-18,76.7,76.7,79.4,76.7,77.1,153054
2016-08-19,76.7,76.7,79.4,76.7,77.1,153054
2016-08-22,76.7,76.7,79.4,76.7,77.1,153054
2016-08-23,76.7,76.7,79.4,76.7,77.1,153054
2016-08-24,76.7,76.7,79.4,76.7,77.1,153054
2016-08-25,76.7,76.7,79.4,76.7,77.1,153054
2016-08-26,76.7,76.7,79.4,76.7,77.1,153054
2016-08-29,76.7,76.7,79.4,76.7,77.1,153054
2016-08-30,76.7,76.7,79.4,76.7,77.1,153054
2016-08-31,76.7,76.7,79.4,76.7,77.1,153054
2016-09-01,76.7,76.7,79.4,76.7,77.1,153054
2016-09-02,76.7,76.7,79.4,76.7,77.1,153054
2016-09-05,76.7,76.7,79.4,76.7,77.1,153054
2016-09-06,76.7,76.7,79.4,76.7,77.1,153054
2016-09-07,76.7,76.7,79.4,76.7,77.1,153054
2016-09-08,76.7,76.7,79.4,76.7,77.1,153054
2016-09-09,76.7,76.7,79.4,76.7,77.1,153054
2016-09-12,76.7,76.7,79.4,76.7,77.1,153054
2016-09-13,76.7,76.7,79.4,76.7,77.1,153054
2016-09-14,76.7,76.7,79.4,76.7,77.1,153054
2016-09-19,76.7,76.7,79.4,76.7,77.1,153054
2016-09-20,76.7,76.7,79.4,76.7,77.1,153054
2016-09-21,76.7,76.7,79.4,76.7,77.1,153054
2016-09-22,76.7,76.7,79.4,76.7,77.1,153054
2016-09-23,76.7,76.7,79.4,76.7,77.1,153054
2016-09-26,76.7,76.7,79.4,76.7,77.1,153054
2016-09-29,76.7,76.7,79.4,76.7,77.1,153054
2016-09-30,76.7,76.7,79.4,76.7,77.1,153054
2016-10-03,76.7,76.7,79.4,76.7,77.1,153054
2016-10-04,76.7,76.7,79.4,76.7,77.1,153054
2016-10-05,76.7,76.7,79.4,76.7,77.1,153054
2016-10-06,76.7,76.7,79.4,76.7,77.1,153054
2016-10-07,76.7,76.7,79.4,76.7,77.1,153054
2016-10-11,76.7,76.7,79.4,76.7,77.1,153054
2016-10-12,76.7,76.7,79.4,76.7,77.1,153054
2016-10-13,76.7,76.7,79.4,76.7,77.1,153054
2016-10-14,76.7,76.7,79.4,76.7,77.1,153054
2016-10-17,76.7,76.7,79.4,76.7,77.1,153054
2016-10-18,76.7,76.7,79.4,76.7,77.1,153054
2016-10-19,76.7,76.7,79.4,76.7,77.1,153054
2016-10-20,76.7,76.7,79.4,76.7,77.1,153054
2016-10-21,76.7,76.7,79.4,76.7,77.1,153054
2016-10-24,76.7,76.7,79.4,76.7,77.1,153054
2016-10-25,76.7,76.7,79.4,76.7,77.1,153054
2016-10-26,76.7,76.7,79.4,76.7,77.1,153054
2016-10-27,76.7,76.7,79.4,76.7,77.1,153054
2016-10-28,76.7,76.7,79.4,76.7,77.1,153054
2016-10-31,76.7,76.7,79.4,76.7,77.1,153054
2016-11-01,76.7,76.7,79.4,76.7,77.1,153054
2016-11-02,76.7,76.7,79.4,76.7,77.1,153054
2016-11-03,76.7,76.7,79.4,76.7,77.1,153054
2016-11-04,76.7,76.7,79.4,76.7,77.1,153054
2016-11-07,76.7,76.7,79.4,76.7,77.1,153054
2016-11-08,76.7,76.7,79.4,76.7,77.1,153054
2016-11-09,76.7,76.7,79.4,76.7,77.1,153054
2016-11-10,76.7,76.7,79.4,76.7,77.1,153054
2016-11-11,76.7,76.7,79.4,76.7,77.1,153054
2016-11-14,76.7,76.7,79.4,76.7,77.1,153054
2016-11-15,76.7,76.7,79.4,76.7,77.1,153054
2016-11-16,76.7,76.7,79.4,76.7,77.1,153054
2016-11-17,76.7,76.7,79.4,76.7,77.1,153054
2016-11-18,76.7,76.7,79.4,76.7,77.1,153054
2016-11-21,76.7,76.7,79.4,76.7,77.1,153054
2016-11-22,76.7,76.7,79.4,76.7,77.1,153054
2016-11-23,76.7,76.7,79.4,76.7,77.1,153054
2016-11-24,76.7,76.7,79.4,76.7,77.1,153054
2016-11-25,76.7,76.7,79.4,76.7,77.1,153054
2016-11-28,76.7,76.7,79.4,76.7,77.1,153054
2016-11-29,76.7,76.7,79.4,76.7,77.1,153054
2016-11-30,76.7,76.7,79.4,76.7,77.1,153054
2016-12-01,76.7,76.7,79.4,76.7,77.1,153054
2016-12-02,76.7,76.7,79.4,76.7,77.1,153054
2016-12-05,76.7,76.7,79.4,76.7,77.1,153054
2016-12-06,76.7,76.7,79.4,76.7,77.1,153054
2016-12-07,76.7,76.7,79.4,76.7,77.1,153054
2016-12-08,76.7,76.7,79.4,76.7,77.1,153054
2016-12-09,76.7,76.7,79.4,76.7,77.1,153054
2016-12-12,76.7,76.7,79.4,76.7,77.1,153054
2016-12-13,76.7,76.7,79.4,76.7,77.1,153054
2016-12-14,76.7,76.7,79.4,76.7,77.1,153054
2016-12-15,76.7,76.7,79.4,76.7,77.1,153054
2016-12-16,76.7,76.7,79.4,76.7,77.1,153054
2016-12-19,76.7,76.7,79.4,76.7,77.1,153054
2016-12-20,76.7,76.7,79.4,76.7,77.1,153054
2016-12-21,76.7,76.7,79.4,76.7,77.1,153054
2016-12-22,76.7,76.7,79.4,76.7,77.1,153054
2016-12-23,76.7,76.7,79.4,76.7,77.1,153054
2016-12-26,76.7,76.7,79.4,76.7,77.1,153054
2016-12-27,76.7,76.7,79.4,76.7,77.1,153054
2016-12-28,76.7,76.7,79.4,76.7,77.1,153054
2016-12-29,76.7,76.7,79.4,76.7,77.1,153054
2016-12-30,76.7,76.7,79.4,76.7,77.1,153054
2017-01-03,76.7,76.7,79.4,76.7,77.1,153054
2017-01-04,76.7,76.7,79.4,76.7,77.1,153054
2017-01-05,76.7,76.7,79.4,76.7,77.1,153054
2017-01-06,76.7,76.7,79.4,76.7,77.1,153054
2017-01-09,76.7,76.7,79.4,76.7,77.1,153054
2017-01-10,76.7,76.7,79.4,76.7,77.1,153054
2017-01-11,76.7,76.7,79.4,76.7,77.1,153054
2017-01-12,76.7,76.7,79.4,76.7,77.1,153054
2017-01-13,76.7,76.7,79.4,76.7,77.1,153054
2017-01-16,76.7,76.7,79.4,76.7,77.1,153054
2017-01-17,76.7,76.7,79.4,76.7,77.1,153054
2017-01-18,76.7,76.7,79.4,76.7,77.1,153054
2017-01-19,76.7,76.7,79.4,76.7,77.1,153054
2017-01-20,76.7,76.7,79.4,76.7,77.1,153054
2017-01-23,76.7,76.7,79.4,76.7,77.1,153054
2017-01-24,76.7,76.7,79.4,76.7,77.1,153054
2017-02-02,76.7,76.7,79.4,76.7,77.1,153054
2017-02-03,76.7,76.7,79.4,76.7,77.1,153054
2017-02-06,76.7,76.7,79.4,76.7,77.1,153054
2017-02-07,76.7,76.7,79.4,76.7,77.1,153054
2017-02-08,76.7,76.7,79.4,76.7,77.1,153054
2017-02-09,76.7,76.7,79.4,76.7,77.1,153054
2017-02-10,76.7,76.7,79.4,76.7,77.1,153054
2017-02-13,76.7,76.7,79.4,76.7,77.1,153054
2017-02-14,76.7,76.7,79.4,76.7,77.1,153054
2017-02-15,76.7,76.7,79.4,76.7,77.1,153054
2017-02-16,76.7,76.7,79.4,76.7,77.1,153054
2017-02-17,76.7,76.7,79.4,76.7,77.1,153054
2017-02-20,76.7,76.7,79.4,76.7,77.1,153054
2017-02-21,76.7,76.7,79.4,76.7,77.1,153054
2017-02-22,76.7,76.7,79.4,76.7,77.1,153054
2017-02-23,76.7,76.7,79.4,76.7,77.1,153054
2017-02-24,76.7,76.7,79.4,76.7,77.1,153054
2017-03-01,76.7,76.7,79.4,76.7,77.1,153054
2017-03-02,76.7,76.7,79.4,76.7,77.1,153054
2017-03-03,76.7,76.7,79.4,76.7,77.1,153054
2017-03-06,76.7,76.7,79.4,76.7,77.1,153054
2017-03-07,76.7,76.7,79.4,76.7,77.1,153054
2017-03-08,76.7,76.7,79.4,76.7,77.1,153054
2017-03-09,76.7,76.7,79.4,76.7,77.1,153054
2017-03-10,76.7,76.7,79.4,76.7,77.1,153054
2017-03-13,76.7,76.7,79.4,76.7,77.1,153054
2017-03-14,76.7,76.7,79.4,76.7,77.1,153054
2017-03-15,76.7,76.7,79.4,76.7,77.1,153054
2017-03-16,76.7,76.7,79.4,76.7,77.1,153054
2017-03-17,76.7,76.7,79.4,76.7,77.1,153054
2017-03-20,76.7,76.7,79.4,76.7,77.1,153054
2017-03-21,76.7,76.7,79.4,76.7,77.1,153054
2017-03-22,76.7,76.7,79.4,76.7,77.1,153054
2017-03-23,76.7,76.7,79.4,76.7,77.1,153054
2017-03-24,76.7,76.7,79.4,76.7,77.1,153054
2017-03-27,76.7,76.7,79.4,76.7,77.1,153054
2017-03-28,76.7,76.7,79.4,76.7,77.1,153054
2017-03-29,76.7,76.7,79.4,76.7,77.1,153054
2017-03-30,76.7,76.7,79.4,76.7,77.1,153054
2017-03-31,76.7,76.7,79.4,76.7,77.1,153054
2017-04-05,76.7,76.7,79.4,76.7,77.1,153054
2017-04-06,76.7,76.7,79.4,76.7,77.1,153054
2017-04-07,76.7,76.7,79.4,76.7,77.1,153054
2017-04-10,76.7,76.7,79.4,76.7,77.1,153054
2017-04-11,76.7,76.7,79.4,76.7,77.1,153054
2017-04-12,76.7,76.7,79.4,76.7,77.1,153054
2017-04-13,76.7,76.7,79.4,76.7,77.1,153054
2017-04-14,76.7,76.7,79.4,76.7,77.1,153054
2017-04-17,76.7,76.7,79.4,76.7,77.1,153054
2017-04-18,76.7,76.7,79.4,76.7,77.1,153054
2017-04-19,76.7,76.7,79.4,76.7,77.1,153054
2017-04-21,76.7,76.7,79.4,76.7,77.1,153054
2017-04-24,76.7,76.7,79.4,76.7,77.1,153054
2017-04-25,76.7,76.7,79.4,76.7,77.1,153054
2017-04-26,76.7,76.7,79.4,76.7,77.1,153054
2017-04-27,76.7,76.7,79.4,76.7,77.1,153054
2017-04-28,76.7,76.7,79.4,76.7,77.1,153054
2017-05-02,76.7,76.7,79.4,76.7,77.1,153054
2017-05-03,76.7,76.7,79.4,76.7,77.1,153054
2017-05-04,76.7,76.7,79.4,76.7,77.1,153054
2017-05-05,76.7,76.7,79.4,76.7,77.1,153054
2017-05-08,76.7,76.7,79.4,76.7,77.1,153054
2017-05-09,76.7,76.7,79.4,76.7,77.1,153054
2017-05-10,76.7,76.7,79.4,76.7,77.1,153054
2017-05-11,76.7,76.7,79.4,76.7,77.1,153054
2017-05-12,76.7,76.7,79.4,76.7,77.1,153054
2017-05-15,76.7,76.7,79.4,76.7,77.1,153054
2017-05-16,76.7,76.7,79.4,76.7,77.1,153054
2017-05-17,76.7,76.7,79.4,76.7,77.1,153054
2017-05-18,76.7,76.7,79.4,76.7,77.1,153054
2017-05-19,76.7,76.7,79.4,76.7,77.1,153054
2017-05-22,76.7,76.7,79.4,76.7,77.1,153054
2017-05-23,76.7,76.7,79.4,76.7,77.1,153054
2017-05-24,76.7,76.7,79.4,76.7,77.1,153054
2017-05-25,76.7,76.7,79.4,76.7,77.1,153054
2017-05-26,76.7,76.7,79.4,76.7,77.1,153054
2017-05-31,76.7,76.7,79.4,76.7,77.1,153054
2017-06-01,76.7,76.7,79.4,76.7,77.1,153054
2017-06-02,76.7,76.7,79.4,76.7,77.1,153054
2017-06-05,76.7,76.7,79.4,76.7,77.1,153054
2017-06-06,76.7,76.7,79.4,76.7,77.1,153054
2017-06-07,76.7,76.7,79.4,76.7,77.1,153054
2017-06-08,76.7,76.7,79.4,76.7,77.1,153054
2017-06-09,76.7,76.7,79.4,76.7,77.1,153054
2017-06-12,76.7,76.7,79.4,76.7,77.1,153054
2017-06-13,76.7,76.7,79.4,76.7,77.1,153054
2017-06-14,76.7,76.7,79.4,76.7,77.1,153054
2017-06-15,76.7,76.7,79.4,76.7,77.1,153054
2017-06-16,76.7,76.7,79.4,76.7,77.1,153054
2017-06-19,76.7,76.7,79.4,76.7,77.1,153054
2017-06-20,76.7,76.7,79.4,76.7,77.1,153054
2017-06-21,76.7,76.7,79.4,76.7,77.1,153054
2017-06-22,76.7,76.7,79.4,76.7,77.1,153054
2017-06-23,76.7,76.7,79.4,76.7,77.1,153054
2017-06-26,76.7,76.7,79.4,76.7,77.1,153054
2017-06-27,76.7,76.7,79.4,76.7,77.1,153054
2017-06-28,76.7,76.7,79.4,76.7,77.1,153054
2017-06-29,76.7,76.7,79.4,76.7,77.1,153054
2017-06-30,76.7,76.7,79.4,76.7,77.1,153054
2017-07-03,76.7,76.7,79.4,76.7,77.1,153054
2017-07-04,76.7,76.7,79.4,76.7,77.1,153054
2017-07-05,76.7,76.7,79.4,76.7,77.1,153054
2017-07-06,76.7,76.7,79.4,76.7,77.1,153054
2017-07-07,76.7,76.7,79.4,76.7,77.1,153054
2017-07-10,76.7,76.7,79.4,76.7,77.1,153054
2017-07-11,76.7,76.7,79.4,76.7,77.1,153054
2017-07-12,76.7,76.7,79.4,76.7,77.1,153054
2017-07-13,76.7,76.7,79.4,76.7,77.1,153054
2017-07-14,76.7,76.7,79.4,76.7,77.1,153054
2017-07-17,76.7,76.7,79.4,76.7,77.1,153054
2017-07-18,76.7,76.7,79.4,76.7,77.1,153054
2017-07-19,76.7,76.7,79.4,76.7,77.1,153054
2017-07-20,76.7,76.7,79.4,76.7,77.1,153054
2017-07-21,76.7,76.7,79.4,76.7,77.1,153054
2017-07-24,76.7,76.7,79.4,76.7,77.1,153054
2017-07-25,76.7,76.7,79.4,76.7,77.1,153054
2017-07-26,76.7,76.7,79.4,76.7,77.1,153054
2017-07-27,76.7,76.7,79.4,76.7,77.1,153054
2017-07-28,76.7,76.7,79.4,76.7,77.1,153054
2017-07-31,76.7,76.7,79.4,76.7,77.1,153054
2017-08-01,76.7,76.7,79.4,76.7,77.1,153054
2017-08-02,76.7,76.7,79.4,76.7,77.1,153054
2017-08-03,76.7,76.7,79.4,76.7,77.1,153054
2017-08-04,76.7,76.7,79.4,76.7,77.1,153054
2017-08-07,76.7,76.7,79.4,76.7,77.1,153054
2017-08-08,76.7,76.7,79.4,76.7,77.1,153054
2017-08-09,76.7,76.7,79.4,76.7,77.1,153054
2017-08-10,76.7,76.7,79.4,76.7,77.1,153054
2017-08-11,76.7,76.7,79.4,76.7,77.1,153054
2017-08-14,76.7,76.7,79.4,76.7,77.1,153054
2017-08-15,76.7,76.7,79.4,76.7,77.1,153054
2017-08-16,76.7,76.7,79.4,76.7,77.1,153054
2017-08-17,76.7,76.7,79.4,76.7,77.1,153054
2017-08-18,76.7,76.7,79.4,76.7,77.1,153054
2017-08-21,76.7,76.7,79.4,76.7,77.1,153054
2017-08-22,76.7,76.7,79.4,76.7,77.1,153054
2017-08-23,76.7,76.7,79.4,76.7,77.1,153054
2017-08-24,76.7,76.7,79.4,76.7,77.1,153054
2017-08-25,76.7,76.7,79.4,76.7,77.1,153054
2017-08-28,76.7,76.7,79.4,76.7,77.1,153054
2017-08-29,76.7,76.7,79.4,76.7,77.1,153054
2017-08-30,76.7,76.7,79.4,76.7,77.1,153054
2017-08-31,76.7,76.7,79.4,76.7,77.1,153054
2017-09-01,76.7,76.7,79.4,76.7,77.1,153054
2017-09-04,76.7,76.7,79.4,76.7,77.1,153054
2017-09-05,76.7,76.7,79.4,76.7,77.1,153054
2017-09-06,76.7,76.7,79.4,76.7,77.1,153054
2017-09-07,76.7,76.7,79.4,76.7,77.1,153054
2017-09-08,76.7,76.7,79.4,76.7,77.1,153054
2017-09-11,76.7,76.7,79.4,76.7,77.1,153054
2017-09-12,76.7,76.7,79.4,76.7,77.1,153054
2017-09-13,76.7,76.7,79.4,76.7,77.1,153054
2017-09-14,76.7,76.7,79.4,76.7,77.1,153054
2017-09-15,76.7,76.7,79.4,76.7,77.1,153054
2017-09-18,76.7,76.7,79.4,76.7,77.1,153054
2017-09-19,76.7,76.7,79.4,76.7,77.1,153054
2017-09-20,76.7,76.7,79.4,76.7,77.1,153054
2017-09-21,76.7,76.7,79.4,76.7,77.1,153054
2017-09-22,76.7,76.7,79.4,76.7,77.1,153054
2017-09-25,76.7,76.7,79.4,76.7,77.1,153054
2017-09-26,76.7,76.7,79.4,76.7,77.1,153054
2017-09-27,76.7,76.7,79.4,76.7,77.1,153054
2017-09-28,76.7,76.7,79.4,76.7,77.1,153054
2017-09-29,76.7,76.7,79.4,76.7,77.1,153054
2017-10-02,76.7,76.7,79.4,76.7,77.1,153054
2017-10-03,76.7,76.7,79.4,76.7,77.1,153054
2017-10-05,76.7,76.7,79.4,76.7,77.1,153054
2017-10-06,76.7,76.7,79.4,76.7,77.1,153054
2017-10-11,76.7,76.7,79.4,76.7,77.1,153054
2017-10-12,76.7,76.7,79.4,76.7,77.1,153054
2017-10-13,76.7,76.7,79.4,76.7,77.1,153054
2017-10-16,76.7,76.7,79.4,76.7,77.1,153054
2017-10-17,76.7,76.7,79.4,76.7,77.1,153054
2017-10-18,76.7,76.7,79.4,76.7,77.1,153054
2017-10-19,76.7,76.7,79.4,76.7,77.1,153054
2017-10-20,76.7,76.7,79.4,76.7,77.1,153054
2017-10-23,76.7,76.7,79.4,76.7,77.1,153054
2017-10-24,76.7,76.7,79.4,76.7,77.1,153054
2017-10-25,76.7,76.7,79.4,76.7,77.1,153054
2017-10-26,76.7,76.7,79.4,76.7,77.1,153054
2017-10-27,76.7,76.7,79.4,76.7,77.1,153054
2017-10-30,76.7,76.7,79.4,76.7,77.1,153054
2017-10-31,76.7,76.7,79.4,76.7,77.1,153054
2017-11-01,76.7,76.7,79.4,76.7,77.1,153054
2017-11-02,76.7,76.7,79.4,76.7,77.1,153054
2017-11-03,76.7,76.7,79.4,76.7,77.1,153054
2017-11-06,76.7,76.7,79.4,76.7,77.1,153054
2017-11-07,76.7,76.7,79.4,76.7,77.1,153054
2017-11-08,76.7,76.7,79.4,76.7,77.1,153054
2017-11-09,76.7,76.7,79.4,76.7,77.1,153054
2017-11-10,76.7,76.7,79.4,76.7,77.1,153054
2017-11-13,76.7,76.7,79.4,76.7,77.1,153054
2017-11-14,76.7,76.7,79.4,76.7,77.1,153054
2017-11-15,76.7,76.7,79.4,76.7,77.1,153054
2017-11-16,76.7,76.7,79.4,76.7,77.1,153054
2017-11-17,76.7,76.7,79.4,76.7,77.1,153054
2017-11-20,76.7,76.7,79.4,76.7,77.1,153054
2017-11-21,76.7,76.7,79.4,76.7,77.1,153054
2017-11-22,76.7,76.7,79.4,76.7,77.1,153054
2017-11-23,76.7,76.7,79.4,76.7,77.1,153054
2017-11-24,76.7,76.7,79.4,76.7,77.1,153054
2017-11-27,76.7,76.7,79.4,76.7,77.1,153054
2017-11-28,76.7,76.7,79.4,76.7,77.1,153054
2017-11-29,76.7,76.7,79.4,76.7,77.1,153054
2017-11-30,76.7,76.7,79.4,76.7,77.1,153054
2017-12-01,76.7,76.7,79.4,76.7,77.1,153054
2017-12-04,76.7,76.7,79.4,76.7,77.1,153054
2017-12-05,76.7,76.7,79.4,76.7,77.1,153054
2017-12-06,76.7,76.7,79.4,76.7,77.1,153054
2017-12-07,76.7,76.7,79.4,76.7,77.1,153054
2017-12-08,76.7,76.7,79.4,76.7,77.1,153054
2017-12-11,76.7,76.7,79.4,76.7,77.1,153054
2017-12-12,76.7,76.7,79.4,76.7,77.1,153054
2017-12-13,76.7,76.7,79.4,76.7,77.1,153054
2017-12-14,76.7,76.7,79.4,76.7,77.1,153054
2017-12-15,76.7,76.7,79.4,76.7,77.1,153054
2017-12-18,76.7,76.7,79.4,76.7,77.1,153054
2017-12-19,76.7,76.7,79.4,76.7,77.1,153054
2017-12-20,76.7,76.7,79.4,76.7,77.1,153054
2017-12-21,76.7,76.7,79.4,76.7,77.1,153054
2017-12-22,76.7,76.7,79.4,76.7,77.1,153054
2017-12-25,76.7,76.7,79.4,76.7,77.1,153054
2017-12-26,76.7,76.7,79.4,76.7,77.1,153054
2017-12-27,76.7,76.7,79.4,76.7,77.1,153054
2017-12-28,76.7,76.7,79.4,76.7,77.1,153054
2017-12-29,76.7,76.7,79.4,76.7,77.1,153054
2018-01-02,76.7,76.7,79.4,76.7,77.1,153054
2018-01-03,76.7,76.7,79.4,76.7,77.1,153054
2018-01-04,76.7,76.7,79.4,76.7,77.1,153054
2018-01-05,76.7,76.7,79.4,76.7,77.1,153054
2018-01-08,76.7,76.7,79.4,76.7,77.1,153054
2018-01-09,76.7,76.7,79.4,76.7,77.1,153054
2018-01-10,76.7,76.7,79.4,76.7,77.1,153054
2018-01-11,76.7,76.7,79.4,76.7,77.1,153054
2018-01-12,76.7,76.7,79.4,76.7,77.1,153054
2018-01-15,76.7,76.7,79.4,76.7,77.1,153054
2018-01-16,76.7,76.7,79.4,76.7,77.1,153054
2018-01-17,76.7,76.7,79.4,76.7,77.1,153054
2018-01-18,76.7,76.7,79.4,76.7,77.1,153054
2018-01-19,76.7,76.7,79.4,76.7,77.1,153054
2018-01-22,76.7,76.7,79.4,76.7,77.1,153054
2018-01-23,76.7,76.7,79.4,76.7,77.1,153054
2018-01-24,76.7,76.7,79.4,76.7,77.1,153054
2018-01-25,76.7,76.7,79.4,76.7,77.1,153054
2018-01-26,76.7,76.7,79.4,76.7,77.1,153054
2018-01-29,76.7,76.7,79.4,76.7,77.1,153054
2018-01-30,76.7,76.7,79.4,76.7,77.1,153054
2018-01-31,76.7,76.7,79.4,76.7,77.1,153054
2018-02-01,76.7,76.7,79.4,76.7,77.1,153054
2018-02-02,76.7,76.7,79.4,76.7,77.1,153054
2018-02-05,76.7,76.7,79.4,76.7,77.1,153054
2018-02-06,76.7,76.7,79.4,76.7,77.1,153054
2018-02-07,76.7,76.7,79.4,76.7,77.1,153054
2018-02-08,76.7,76.7,79.4,76.7,77.1,153054
2018-02-09,76.7,76.7,79.4,76.7,77.1,153054
2018-02-12,76.7,76.7,79.4,76.7,77.1,153054
2018-02-21,76.7,76.7,79.4,76.7,77.1,153054
2018-02-22,76.7,76.7,79.4,76.7,77.1,153054
2018-02-23,76.7,76.7,79.4,76.7,77.1,153054
2018-02-26,76.7,76.7,79.4,76.7,77.1,153054
2018-02-27,76.7,76.7,79.4,76.7,77.1,153054
2018-03-01,76.7,76.7,79.4,76.7,77.1,153054
2018-03-02,76.7,76.7,79.4,76.7,77.1,153054
2018-03-05,76.7,76.7,79.4,76.7,77.1,153054
2018-03-06,76.7,76.7,79.4,76.7,77.1,153054
2018-03-07,76.7,76.7,79.4,76.7,77.1,153054
2018-03-08,76.7,76.7,79.4,76.7,77.1,153054
2018-03-09,76.7,76.7,79.4,76.7,77.1,153054
2018-03-12,76.7,76.7,79.4,76.7,77.1,153054
2018-03-13,76.7,76.7,79.4,76.7,77.1,153054
2018-03-14,76.7,76.7,79.4,76.7,77.1,153054
2018-03-15,76.7,76.7,79.4,76.7,77.1,153054
2018-03-16,76.7,76.7,79.4,76.7,77.1,153054
2018-03-19,76.7,76.7,79.4,76.7,77.1,153054
2018-03-20,76.7,76.7,79.4,76.7,77.1,153054
2018-03-21,76.7,76.7,79.4,76.7,77.1,153054
2018-03-22,76.7,76.7,79.4,76.7,77.1,153054
2018-03-23,76.7,76.7,79.4,76.7,77.1,153054
2018-03-26,76.7,76.7,79.4,76.7,77.1,153054
2018-03-27,76.7,76.7,79.4,76.7,77.1,153054
2018-03-28,76.7,76.7,79.4,76.7,77.1,153054
2018-03-29,76.7,76.7,79.4,76.7,77.1,153054
2018-03-30,76.7,76.7,79.4,76.7,77.1,153054
2018-04-02,76.7,76.7,79.4,76.7,77.1,153054
2018-04-03,76.7,76.7,79.4,76.7,77.1,153054
2018-04-09,76.7,76.7,79.4,76.7,77.1,153054
2018-04-10,76.7,76.7,79.4,76.7,77.1,153054
2018-04-11,76.7,76.7,79.4,76.7,77.1,153054
2018-04-12,76.7,76.7,79.4,76.7,77.1,153054
2018-04-13,76.7,76.7,79.4,76.7,77.1,153054
2018-04-16,76.7,76.7,79.4,76.7,77.1,153054
2018-04-17,76.7,76.7,79.4,76.7,77.1,153054
2018-04-18,76.7,76.7,79.4,76.7,77.1,153054
2018-04-19,76.7,76.7,79.4,76.7,77.1,153054
2018-04-20,76.7,76.7,79.4,76.7,77.1,153054
2018-04-23,76.7,76.7,79.4,76.7,77.1,153054
2018-04-24,76.7,76.7,79.4,76.7,77.1,153054
2018-04-25,76.7,76.7,79.4,76.7,77.1,153054
2018-04-26,76.7,76.7,79.4,76.7,77.1,153054
2018-04-27,76.7,76.7,79.4,76.7,77.1,153054
2018-04-30,76.7,76.7,79.4,76.7,77.1,153054
2018-05-02,76.7,76.7,79.4,76.7,77.1,153054
2018-05-03,76.7,76.7,79.4,76.7,77.1,153054
2018-05-04,76.7,76.7,79.4,76.7,77.1,153054
2018-05-07,76.7,76.7,79.4,76.7,77.1,153054
2018-05-08,76.7,76.7,79.4,76.7,77.1,153054
2018-05-09,76.7,76.7,79.4,76.7,77.1,153054
2018-05-10,76.7,76.7,79.4,76.7,77.1,153054
2018-05-11,76.7,76.7,79.4,76.7,77.1,153054
2018-05-14,76.7,76.7,79.4,76.7,77.1,153054
2018-05-15,76.7,76.7,79.4,76.7,77.1,153054
2018-05-16,76.7,76.7,79.4,76.7,77.1,153054
2018-05-17,76.7,76.7,79.4,76.7,77.1,153054
2018-05-18,76.7,76.7,79.4,76.7,77.1,153054
2018-05-21,76.7,76.7,79.4,76.7,77.1,153054
2018-05-22,76.7,76.7,79.4,76.7,77.1,153054
2018-05-23,76.7,76.7,79.4,76.7,77.1,153054
2018-05-24,76.7,76.7,79.4,76.7,77.1,153054
2018-05-25,76.7,76.7,79.4,76.7,77.1,153054
2018-05-28,76.7,76.7,79.4,76.7,77.1,153054
2018-05-29,76.7,76.7,79.4,76.7,77.1,153054
2018-05-30,76.7,76.7,79.4,76.7,77.1,153054
2018-05-31,76.7,76.7,79.4,76.7,77.1,153054
2018-06-01,76.7,76.7,79.4,76.7,77.1,153054
2018-06-04,76.7,76.7,79.4,76.7,77.1,153054
2018-06-05,76.7,76.7,79.4,76.7,77.1,153054
2018-06-06,76.7,76.7,79.4,76.7,77.1,153054
2018-06-07,76.7,76.7,79.4,76.7,77.1,153054
2018-06-08,76.7,76.7,79.4,76.7,77.1,153054
2018-06-11,76.7,76.7,79.4,76.7,77.1,153054
2018-06-12,76.7,76.7,79.4,76.7,77.1,153054
2018-06-13,76.7,76.7,79.4,76.7,77.1,153054
2018-06-14,76.7,76.7,79.4,76.7,77.1,153054
2018-06-15,76.7,76.7,79.4,76.7,77.1,153054
2018-06-19,76.7,76.7,79.4,76.7,77.1,153054
2018-06-20,76.7,76.7,79.4,76.7,77.1,153054
2018-06-21,76.7,76.7,79.4,76.7,77.1,153054
2018-06-22,76.7,76.7,79.4,76.7,77.1,153054
2018-06-25,76.7,76.7,79.4,76.7,77.1,153054
2018-06-26,76.7,76.7,79.4,76.7,77.1,153054
2018-06-27,76.7,76.7,79.4,76.7,77.1,153054
2018-06-28,76.7,76.7,79.4,76.7,77.1,153054
2018-06-29,76.7,76.7,79.4,76.7,77.1,153054
2018-07-02,76.7,76.7,79.4,76.7,77.1,153054
2018-07-03,76.7,76.7,79.4,76.7,77.1,153054
2018-07-04,76.7,76.7,79.4,76.7,77.1,153054
2018-07-05,76.7,76.7,79.4,76.7,77.1,153054
2018-07-06,76.7,76.7,79.4,76.7,77.1,153054
2018-07-09,76.7,76.7,79.4,76.7,77.1,153054
2018-07-10,76.7,76.7,79.4,76.7,77.1,153054
2018-07-11,76.7,76.7,79.4,76.7,77.1,153054
2018-07-12,76.7,76.7,79.4,76.7,77.1,153054
2018-07-13,76.7,76.7,79.4,76.7,77.1,153054
2018-07-16,76.7,76.7,79.4,76.7,77.1,153054
2018-07-17,76.7,76.7,79.4,76.7,77.1,153054
2018-07-18,76.7,76.7,79.4,76.7,77.1,153054
2018-07-19,76.7,76.7,79.4,76.7,77.1,153054
2018-07-20,76.7,76.7,79.4,76.7,77.1,153054
2018-07-23,76.7,76.7,79.4,76.7,77.1,153054
2018-07-24,76.7,76.7,79.4,76.7,77.1,153054
2018-07-25,76.7,76.7,79.4,76.7,77.1,153054
2018-07-26,76.7,76.7,79.4,76.7,77.1,153054
2018-07-27,76.7,76.7,79.4,76.7,77.1,153054
2018-07-30,76.7,76.7,79.4,76.7,77.1,153054
2018-07-31,76.7,76.7,79.4,76.7,77.1,153054
2018-08-01,76.7,76.7,79.4,76.7,77.1,153054
2018-08-02,76.7,76.7,79.4,76.7,77.1,153054
2018-08-03,76.7,76.7,79.4,76.7,77.1,153054
2018-08-06,76.7,76.7,79.4,76.7,77.1,153054
2018-08-07,76.7,76.7,79.4,76.7,77.1,153054
2018-08-08,76.7,76.7,79.4,76.7,77.1,153054
2018-08-09,76.7,76.7,79.4,76.7,77.1,153054
2018-08-10,76.7,76.7,79.4,76.7,77.1,153054
2018-08-13,76.7,76.7,79.4,76.7,77.1,153054
2018-08-14,76.7,76.7,79.4,76.7,77.1,153054
2018-08-15,76.7,76.7,79.4,76.7,77.1,153054
2018-08-16,76.7,76.7,79.4,76.7,77.1,153054
2018-08-17,76.7,76.7,79.4,76.7,77.1,153054
2018-08-20,76.7,76.7,79.4,76.7,77.1,153054
2018-08-21,76.7,76.7,79.4,76.7,77.1,153054
2018-08-22,76.7,76.7,79.4,76.7,77.1,153054
2018-08-23,76.7,76.7,79.4,76.7,77.1,153054
2018-08-24,76.7,76.7,79.4,76.7,77.1,153054
2018-08-27,76.7,76.7,79.4,76.7,77.1,153054
2018-08-28,76.7,76.7,79.4,76.7,77.1,153054
2018-08-29,76.7,76.7,79.4,76.7,77.1,153054
2018-08-30,76.7,76.7,79.4,76.7,77.1,153054
2018-08-31,76.7,76.7,79.4,76.7,77.1,153054
2018-09-03,76.7,76.7,79.4,76.7,77.1,153054
2018-09-04,76.7,76.7,79.4,76.7,77.1,153054
2018-09-05,76.7,76.7,79.4,76.7,77.1,153054
2018-09-06,76.7,76.7,79.4,76.7,77.1,153054
2018-09-07,76.7,76.7,79.4,76.7,77.1,153054
2018-09-10,76.7,76.7,79.4,76.7,77.1,153054
2018-09-11,76.7,76.7,79.4,76.7,77.1,153054
2018-09-12,76.7,76.7,79.4,76.7,77.1,153054
2018-09-13,76.7,76.7,79.4,76.7,77.1,153054
2018-09-14,76.7,76.7,79.4,76.7,77.1,153054
2018-09-17,76.7,76.7,79.4,76.7,77.1,153054
2018-09-18,76.7,76.7,79.4,76.7,77.1,153054
2018-09-19,76.7,76.7,79.4,76.7,77.1,153054
2018-09-20,76.7,76.7,79.4,76.7,77.1,153054
2018-09-21,76.7,76.7,79.4,76.7,77.1,153054
2018-09-25,76.7,76.7,79.4,76.7,77.1,153054
2018-09-26,76.7,76.7,79.4,76.7,77.1,153054
2018-09-27,76.7,76.7,79.4,76.7,77.1,153054
2018-09-28,76.7,76.7,79.4,76.7,77.1,153054
2018-10-01,76.7,76.7,79.4,76.7,77.1,153054
2018-10-02,76.7,76.7,79.4,76.7,77.1,153054
2018-10-03,76.7,76.7,79.4,76.7,77.1,153054
2018-10-04,76.7,76.7,79.4,76.7,77.1,153054
2018-10-05,76.7,76.7,79.4,76.7,77.1,153054
2018-10-08,76.7,76.7,79.4,76.7,77.1,153054
2018-10-09,76.7,76.7,79.4,76.7,77.1,153054
2018-10-11,76.7,76.7,79.4,76.7,77.1,153054
2018-10-12,76.7,76.7,79.4,76.7,77.1,153054
2018-10-15,76.7,76.7,79.4,76.7,77.1,153054
2018-10-16,76.7,76.7,79.4,76.7,77.1,153054
2018-10-17,76.7,76.7,79.4,76.7,77.1,153054
2018-10-18,76.7,76.7,79.4,76.7,77.1,153054
2018-10-19,76.7,76.7,79.4,76.7,77.1,153054
2018-10-22,76.7,76.7,79.4,76.7,77.1,153054
2018-10-23,76.7,76.7,79.4,76.7,77.1,153054
2018-10-24,76.7,76.7,79.4,76.7,77.1,153054
2018-10-25,76.7,76.7,79.4,76.7,77.1,153054
2018-10-26,76.7,76.7,79.4,76.7,77.1,153054
2018-10-29,76.7,76.7,79.4,76.7,77.1,153054
2018-10-30,76.7,76.7,79.4,76.7,77.1,153054
2018-10-31,76.7,76.7,79.4,76.7,77.1,153054
2018-11-01,76.7,76.7,79.4,76.7,77.1,153054
2018-11-02,76.7,76.7,79.4,76.7,77.1,153054
2018-11-05,76.7,76.7,79.4,76.7,77.1,153054
2018-11-06,76.7,76.7,79.4,76.7,77.1,153054
2018-11-07,76.7,76.7,79.4,76.7,77.1,153054
2018-11-08,76.7,76.7,79.4,76.7,77.1,153054
2018-11-09,76.7,76.7,79.4,76.7,77.1,153054
2018-11-12,76.7,76.7,79.4,76.7,77.1,153054
2018-11-13,76.7,76.7,79.4,76.7,77.1,153054
2018-11-14,76.7,76.7,79.4,76.7,77.1,153054
2018-11-15,76.7,76.7,79.4,76.7,77.1,153054
2018-11-16,76.7,76.7,79.4,76.7,77.1,153054
2018-11-19,76.7,76.7,79.4,76.7,77.1,153054
2018-11-20,76.7,76.7,79.4,76.7,77.1,153054
2018-11-21,76.7,76.7,79.4,76.7,77.1,153054
2018-11-22,76.7,76.7,79.4,76.7,77.1,153054
2018-11-23,76.7,76.7,79.4,76.7,77.1,153054
2018-11-26,76.7,76.7,79.4,76.7,77.1,153054
2018-11-27,76.7,76.7,79.4,76.7,77.1,153054
2018-11-28,76.7,76.7,79.4,76.7,77.1,153054
2018-11-29,76.7,76.7,79.4,76.7,77.1,153054
2018-11-30,76.7,76.7,79.4,76.7,77.1,153054
2018-12-03,76.7,76.7,79.4,76.7,77.1,153054
2018-12-04,76.7,76.7,79.4,76.7,77.1,153054
2018-12-05,76.7,76.7,79.4,76.7,77.1,153054
2018-12-06,76.7,76.7,79.4,76.7,77.1,153054
2018-12-07,76.7,76.7,79.4,76.7,77.1,153054
2018-12-10,76.7,76.7,79.4,76.7,77.1,153054
2018-12-11,76.7,76.7,79.4,76.7,77.1,153054
2018-12-12,76.7,76.7,79.4,76.7,77.1,153054
2018-12-13,76.7,76.7,79.4,76.7,77.1,153054
2018-12-14,76.7,76.7,79.4,76.7,77.1,153054
2018-12-17,76.7,76.7,79.4,76.7,77.1,153054
2018-12-18,76.7,76.7,79.4,76.7,77.1,153054
2018-12-19,76.7,76.7,79.4,76.7,77.1,153054
2018-12-20,76.7,76.7,79.4,76.7,77.1,153054
2018-12-21,76.7,76.7,79.4,76.7,77.1,153054
2018-12-24,76.7,76.7,79.4,76.7,77.1,153054
2018-12-25,76.7,76.7,79.4,76.7,77.1,153054
2018-12-26,76.7,76.7,79.4,76.7,77.1,153054
2018-12-27,76.7,76.7,79.4,76.7,77.1,153054
2018-12-28,76.7,76.7,79.4,76.7,77.1,153054
2019-01-02,76.7,76.7,79.4,76.7,77.1,153054
2019-01-03,76.7,76.7,79.4,76.7,77.1,153054
2019-01-04,76.7,76.7,79.4,76.7,77.1,153054
2019-01-07,76.7,76.7,79.4,76.7,77.1,153054
2019-01-08,76.7,76.7,79.4,76.7,77.1,153054
2019-01-09,76.7,76.7,79.4,76.7,77.1,153054
2019-01-10,76.7,76.7,79.4,76.7,77.1,153054
2019-01-11,76.7,76.7,79.4,76.7,77.1,153054
2019-01-14,76.7,76.7,79.4,76.7,77.1,153054
2019-01-15,76.7,76.7,79.4,76.7,77.1,153054
2019-01-16,76.7,76.7,79.4,76.7,77.1,153054
2019-01-17,76.7,76.7,79.4,76.7,77.1,153054
2019-01-18,76.7,76.7,79.4,76.7,77.1,153054
2019-01-21,76.7,76.7,79.4,76.7,77.1,153054
2019-01-22,76.7,76.7,79.4,76.7,77.1,153054
2019-01-23,76.7,76.7,79.4,76.7,77.1,153054
2019-01-24,76.7,76.7,79.4,76.7,77.1,153054
2019-01-25,76.7,76.7,79.4,76.7,77.1,153054
2019-01-28,76.7,76.7,79.4,76.7,77.1,153054
2019-01-29,76.7,76.7,79.4,76.7,77.1,153054
2019-01-30,76.7,76.7,79.4,76.7,77.1,153054
2019-02-11,76.7,76.7,79.4,76.7,77.1,153054
2019-02-12,76.7,76.7,79.4,76.7,77.1,153054
2019-02-13,76.7,76.7,79.4,76.7,77.1,153054
2019-02-14,76.7,76.7,79.4,76.7,77.1,153054
2019-02-15,76.7,76.7,79.4,76.7,77.1,153054
2019-02-18,76.7,76.7,79.4,76.7,77.1,153054
2019-02-19,76.7,76.7,79.4,76.7,77.1,153054
2019-02-20,76.7,76.7,79.4,76.7,77.1,153054
2019-02-21,76.7,76.7,79.4,76.7,77.1,153054
2019-02-22,76.7,76.7,79.4,76.7,77.1,153054
2019-02-25,76.7,76.7,79.4,76.7,77.1,153054
2019-02-26,76.7,76.7,79.4,76.7,77.1,153054
2019-02-27,76.7,76.7,79.4,76.7,77.1,153054
2019-03-04,76.7,76.7,79.4,76.7,77.1,153054
2019-03-05,76.7,76.7,79.4,76.7,77.1,153054
2019-03-06,76.7,76.7,79.4,76.7,77.1,153054
2019-03-07,76.7,76.7,79.4,76.7,77.1,153054
2019-03-08,76.7,76.7,79.4,76.7,77.1,153054
2019-03-11,76.7,76.7,79.4,76.7,77.1,153054
2019-03-12,76.7,76.7,79.4,76.7,77.1,153054
2019-03-13,76.7,76.7,79.4,76.7,77.1,153054
2019-03-14,76.7,76.7,79.4,76.7,77.1,153054
2019-03-15,76.7,76.7,79.4,76.7,77.1,153054
2019-03-18,76.7,76.7,79.4,76.7,77.1,153054
2019-03-19,76.7,76.7,79.4,76.7,77.1,153054
2019-03-20,76.7,76.7,79.4,76.7,77.1,153054
2019-03-21,76.7,76.7,79.4,76.7,77.1,153054
2019-03-22,76.7,76.7,79.4,76.7,77.1,153054
2019-03-25,76.7,76.7,79.4,76.7,77.1,153054
2019-03-26,76.7,76.7,79.4,76.7,77.1,153054
2019-03-27,76.7,76.7,79.4,76.7,77.1,153054
2019-03-28,76.7,76.7,79.4,76.7,77.1,153054
2019-03-29,76.7,76.7,79.4,76.7,77.1,153054
2019-04-01,76.7,76.7,79.4,76.7,77.1,153054
2019-04-02,76.7,76.7,79.4,76.7,77.1,153054
2019-04-03,76.7,76.7,79.4,76.7,77.1,153054
2019-04-08,76.7,76.7,79.4,76.7,77.1,153054
2019-04-09,76.7,76.7,79.4,76.7,77.1,153054
2019-04-10,76.7,76.7,79.4,76.7,77.1,153054
2019-04-11,76.7,76.7,79.4,76.7,77.1,153054
2019-04-12,76.7,76.7,79.4,76.7,77.1,153054
2019-04-15,76.7,76.7,79.4,76.7,77.1,153054
2019-04-16,76.7,76.7,79.4,76.7,77.1,153054
2019-04-17,76.7,76.7,79.4,76.7,77.1,153054
2019-04-18,76.7,76.7,79.4,76.7,77.1,153054
2019-04-19,76.7,76.7,79.4,76.7,77.1,153054
2019-04-22,76.7,76.7,79.4,76.7,77.1,153054
2019-04-23,76.7,76.7,79.4,76.7,77.1,153054
2019-04-24,76.7,76.7,79.4,76.7,77.1,153054
2019-04-25,76.7,76.7,79.4,76.7,77.1,153054
2019-04-26,76.7,76.7,79.4,76.7,77.1,153054
2019-04-29,76.7,76.7,79.4,76.7,77.1,153054
2019-04-30,76.7,76.7,79.4,76.7,77.1,153054
2019-05-02,76.7,76.7,79.4,76.7,77.1,153054
2019-05-03,76.7,76.7,79.4,76.7,77.1,153054
2019-05-06,76.7,76.7,79.4,76.7,77.1,153054
2019-05-07,76.7,76.7,79.4,76.7,77.1,153054
2019-05-08,76.7,76.7,79.4,76.7,77.1,153054
2019-05-09,76.7,76.7,79.4,76.7,77.1,153054
2019-05-10,76.7,76.7,79.4,76.7,77.1,153054
2019-05-13,76.7,76.7,79.4,76.7,77.1,153054
2019-05-14,76.7,76.7,79.4,76.7,77.1,153054
2019-05-15,76.7,76.7,79.4,76.7,77.1,153054
2019-05-16,76.7,76.7,79.4,76.7,77.1,153054
2019-05-17,76.7,76.7,79.4,76.7,77.1,153054
2019-05-20,76.7,76.7,79.4,76.7,77.1,153054
2019-05-21,76.7,76.7,79.4,76.7,77.1,153054
2019-05-22,76.7,76.7,79.4,76.7,77.1,153054
2019-05-23,76.7,76.7,79.4,76.7,77.1,153054
2019-05-24,76.7,76.7,79.4,76.7,77.1,153054
2019-05-27,76.7,76.7,79.4,76.7,77.1,153054
2019-05-28,76.7,76.7,79.4,76.7,77.1,153054
2019-05-29,76.7,76.7,79.4,76.7,77.1,153054
2019-05-30,76.7,76.7,79.4,76.7,77.1,153054
2019-05-31,76.7,76.7,79.4,76.7,77.1,153054
2019-06-03,76.7,76.7,79.4,76.7,77.1,153054
2019-06-04,76.7,76.7,79.4,76.7,77.1,153054
2019-06-05,76.7,76.7,79.4,76.7,77.1,153054
2019-06-06,76.7,76.7,79.4,76.7,77.1,153054
2019-06-10,76.7,76.7,79.4,76.7,77.1,153054
2019-06-11,76.7,76.7,79.4,76.7,77.1,153054
2019-06-12,76.7,76.7,79.4,76.7,77.1,153054
2019-06-13,76.7,76.7,79.4,76.7,77.1,153054
2019-06-14,76.7,76.7,79.4,76.7,77.1,153054
2019-06-17,76.7,76.7,79.4,76.7,77.1,153054
2019-06-18,76.7,76.7,79.4,76.7,77.1,153054
2019-06-19,76.7,76.7,79.4,76.7,77.1,153054
2019-06-20,76.7,76.7,79.4,76.7,77.1,153054
2019-06-21,76.7,76.7,79.4,76.7,77.1,153054
2019-06-24,76.7,76.7,79.4,76.7,77.1,153054
2019-06-25,76.7,76.7,79.4,76.7,77.1,153054
2019-06-26,76.7,76.7,79.4,76.7,77.1,153054
2019-06-27,76.7,76.7,79.4,76.7,77.1,153054
2019-06-28,76.7,76.7,79.4,76.7,77.1,153054
2019-07-01,76.7,76.7,79.4,76.7,77.1,153054
2019-07-02,76.7,76.7,79.4,76.7,77.1,153054
2019-07-03,76.7,76.7,79.4,76.7,77.1,153054
2019-07-04,76.7,76.7,79.4,76.7,77.1,153054
2019-07-05,76.7,76.7,79.4,76.7,77.1,153054
2019-07-08,76.7,76.7,79.4,76.7,77.1,153054
2019-07-09,76.7,76.7,79.4,76.7,77.1,153054
2019-07-10,76.7,76.7,79.4,76.7,77.1,153054
2019-07-11,76.7,76.7,79.4,76.7,77.1,153054
2019-07-12,76.7,76.7,79.4,76.7,77.1,153054
2019-07-15,76.7,76.7,79.4,76.7,77.1,153054
2019-07-16,76.7,76.7,79.4,76.7,77.1,153054
2019-07-17,76.7,76.7,79.4,76.7,77.1,153054
2019-07-18,76.7,76.7,79.4,76.7,77.1,153054
2019-07-19,76.7,76.7,79.4,76.7,77.1,153054
2019-07-22,76.7,76.7,79.4,76.7,77.1,153054
2019-07-23,76.7,76.7,79.4,76.7,77.1,153054
2019-07-24,76.7,76.7,79.4,76.7,77.1,153054
2019-07-25,76.7,76.7,79.4,76.7,77.1,153054
2019-07-26,76.7,76.7,79.4,76.7,77.1,153054
2019-07-29,76.7,76.7,79.4,76.7,77.1,153054
2019-07-30,76.7,76.7,79.4,76.7,77.1,153054
2019-07-31,76.7,76.7,79.4,76.7,77.1,153054
2019-08-01,76.7,76.7,79.4,76.7,77.1,153054
2019-08-02,76.7,76.7,79.4,76.7,77.1,153054
2019-08-05,76.7,76.7,79.4,76.7,77.1,153054
2019-08-06,76.7,76.7,79.4,76.7,77.1,153054
2019-08-07,76.7,76.7,79.4,76.7,77.1,153054
2019-08-08,76.7,76.7,79.4,76.7,77.1,153054
2019-08-12,76.7,76.7,79.4,76.7,77.1,153054
2019-08-13,76.7,76.7,79.4,76.7,77.1,153054
2019-08-14,76.7,76.7,79.4,76.7,77.1,153054
2019-08-15,76.7,76.7,79.4,76.7,77.1,153054
2019-08-16,76.7,76.7,79.4,76.7,77.1,153054
2019-08-19,76.7,76.7,79.4,76.7,77.1,153054
2019-08-20,76.7,76.7,79.4,76.7,77.1,153054
2019-08-21,76.7,76.7,79.4,76.7,77.1,153054
2019-08-22,76.7,76.7,79.4,76.7,77.1,153054
2019-08-23,76.7,76.7,79.4,76.7,77.1,153054
2019-08-26,76.7,76.7,79.4,76.7,77.1,153054
2019-08-27,76.7,76.7,79.4,76.7,77.1,153054
2019-08-28,76.7,76.7,79.4,76.7,77.1,153054
2019-08-29,76.7,76.7,79.4,76.7,77.1,153054
2019-08-30,76.7,76.7,79.4,76.7,77.1,153054
2019-09-02,76.7,76.7,79.4,76.7,77.1,153054
2019-09-03,76.7,76.7,79.4,76.7,77.1,153054
2019-09-04,76.7,76.7,79.4,76.7,77.1,153054
2019-09-05,76.7,76.7,79.4,76.7,77.1,153054
2019-09-06,76.7,76.7,79.4,76.7,77.1,153054
2019-09-09,76.7,76.7,79.4,76.7,77.1,153054
2019-09-10,76.7,76.7,79.4,76.7,77.1,153054
2019-09-11,76.7,76.7,79.4,76.7,77.1,153054
2019-09-12,76.7,76.7,79.4,76.7,77.1,153054
2019-09-16,76.7,76.7,79.4,76.7,77.1,153054
2019-09-17,76.7,76.7,79.4,76.7,77.1,153054
2019-09-18,76.7,76.7,79.4,76.7,77.1,153054
2019-09-19,76.7,76.7,79.4,76.7,77.1,153054
2019-09-20,76.7,76.7,79.4,76.7,77.1,153054
2019-09-23,76.7,76.7,79.4,76.7,77.1,153054
2019-09-24,76.7,76.7,79.4,76.7,77.1,153054
2019-09-25,76.7,76.7,79.4,76.7,77.1,153054
2019-09-26,76.7,76.7,79.4,76.7,77.1,153054
2019-09-27,76.7,76.7,79.4,76.7,77.1,153054
2019-10-01,76.7,76.7,79.4,76.7,77.1,153054
2019-10-02,76.7,76.7,79.4,76.7,77.1,153054
2019-10-03,76.7,76.7,79.4,76.7,77.1,153054
2019-10-04,76.7,76.7,79.4,76.7,77.1,153054
2019-10-07,76.7,76.7,79.4,76.7,77.1,153054
2019-10-08,76.7,76.7,79.4,76.7,77.1,153054
2019-10-09,76.7,76.7,79.4,76.7,77.1,153054
2019-10-14,76.7,76.7,79.4,76.7,77.1,153054
2019-10-15,76.7,76.7,79.4,76.7,77.1,153054
2019-10-16,76.7,76.7,79.4,76.7,77.1,153054
2019-10-17,76.7,76.7,79.4,76.7,77.1,153054
2019-10-18,76.7,76.7,79.4,76.7,77.1,153054
2019-10-21,76.7,76.7,79.4,76.7,77.1,153054
2019-10-22,76.7,76.7,79.4,76.7,77.1,153054
2019-10-23,76.7,76.7,79.4,76.7,77.1,153054
2019-10-24,76.7,76.7,79.4,76.7,77.1,153054
2019-10-25,76.7,76.7,79.4,76.7,77.1,153054
2019-10-28,76.7,76.7,79.4,76.7,77.1,153054
2019-10-29,76.7,76.7,79.4,76.7,77.1,153054
2019-10-30,76.7,76.7,79.4,76.7,77.1,153054
2019-10-31,76.7,76.7,79.4,76.7,77.1,153054
2019-11-01,76.7,76.7,79.4,76.7,77.1,153054
2019-11-04,76.7,76.7,79.4,76.7,77.1,153054
2019-11-05,76.7,76.7,79.4,76.7,77.1,153054
2019-11-06,76.7,76.7,79.4,76.7,77.1,153054
2019-11-07,76.7,76.7,79.4,76.7,77.1,153054
2019-11-08,76.7,76.7,79.4,76.7,77.1,153054
2019-11-11,76.7,76.7,79.4,76.7,77.1,153054
2019-11-12,76.7,76.7,79.4,76.7,77.1,153054
2019-11-13,76.7,76.7,79.4,76.7,77.1,153054
2019-11-14,76.7,76.7,79.4,76.7,77.1,153054
2019-11-20,76.7,76.7,79.4,76.7,77.1,153054
2019-11-21,76.7,76.7,79.4,76.7,77.1,153054
2019-11-22,76.7,76.7,79.4,76.7,77.1,153054
2019-11-25,76.7,76.7,79.4,76.7,77.1,153054
2019-11-26,76.7,76.7,79.4,76.7,77.1,153054
2019-11-27,76.7,76.7,79.4,76.7,77.1,153054
2019-11-28,76.7,76.7,79.4,76.7,77.1,153054
2019-11-29,76.7,76.7,79.4,76.7,77.1,153054
2019-12-02,76.7,76.7,79.4,76.7,77.1,153054
2019-12-03,76.7,76.7,79.4,76.7,77.1,153054
2019-12-04,76.7,76.7,79.4,76.7,77.1,153054
2019-12-05,76.7,76.7,79.4,76.7,77.1,153054
2019-12-06,76.7,76.7,79.4,76.7,77.1,153054
2019-12-09,76.7,76.7,79.4,76.7,77.1,153054
2019-12-10,76.7,76.7,79.4,76.7,77.1,153054
2019-12-11,76.7,76.7,79.4,76.7,77.1,153054
2019-12-12,76.7,76.7,79.4,76.7,77.1,153054
2019-12-13,76.7,76.7,79.4,76.7,77.1,153054
2019-12-16,76.7,76.7,79.4,76.7,77.1,153054
2019-12-17,76.7,76.7,79.4,76.7,77.1,153054
2019-12-18,76.7,76.7,79.4,76.7,77.1,153054
2019-12-19,76.7,76.7,79.4,76.7,77.1,153054
2019-12-20,76.7,76.7,79.4,76.7,77.1,153054
2019-12-23,76.7,76.7,79.4,76.7,77.1,153054
2019-12-24,76.7,76.7,79.4,76.7,77.1,153054
2019-12-25,76.7,76.7,79.4,76.7,77.1,153054
2019-12-26,76.7,76.7,79.4,76.7,77.1,153054
2019-12-27,76.7,76.7,79.4,76.7,77.1,153054
2019-12-30,76.7,76.7,79.4,76.7,77.1,153054
2019-12-31,76.7,76.7,79.4,76.7,77.1,153054
2020-01-02,76.7,76.7,79.4,76.7,77.1,153054
2020-01-03,76.7,76.7,79.4,76.7,77.1,153054
2020-01-06,76.7,76.7,79.4,76.7,77.1,153054
2020-01-07,76.7,76.7,79.4,76.7,77.1,153054
2020-01-08,76.7,76.7,79.4,76.7,77.1,153054
2020-01-09,76.7,76.7,79.4,76.7,77.1,153054
2020-01-10,76.7,76.7,79.4,76.7,77.1,153054
2020-01-13,76.7,76.7,79.4,76.7,77.1,153054
2020-01-14,76.7,76.7,79.4,76.7,77.1,153054
2020-01-15,76.7,76.7,79.4,76.7,77.1,153054
2020-01-16,76.7,76.7,79.4,76.7,77.1,153054
2020-01-17,76.7,76.7,79.4,76.7,77.1,153054
2020-01-20,76.7,76.7,79.4,76.7,77.1,153054
2020-01-30,76.7,76.7,79.4,76.7,77.1,153054
2020-01-31,76.7,76.7,79.4,76.7,77.1,153054
2020-02-03,76.7,76.7,79.4,76.7,77.1,153054
2020-02-04,76.7,76.7,79.4,76.7,77.1,153054
2020-02-05,76.7,76.7,79.4,76.7,77.1,153054
2020-02-06,76.7,76.7,79.4,76.7,77.1,153054
2020-02-07,76.7,76.7,79.4,76.7,77.1,153054
2020-02-10,76.7,76.7,79.4,76.7,77.1,153054
2020-02-11,76.7,76.7,79.4,76.7,77.1,153054
2020-02-12,76.7,76.7,79.4,76.7,77.1,153054
2020-02-13,76.7,76.7,79.4,76.7,77.1,153054
2020-02-14,76.7,76.7,79.4,76.7,77.1,153054
2020-02-17,76.7,76.7,79.4,76.7,77.1,153054
2020-02-18,76.7,76.7,79.4,76.7,77.1,153054
2020-02-19,76.7,76.7,79.4,76.7,77.1,153054
2020-02-20,76.7,76.7,79.4,76.7,77.1,153054
2020-02-21,76.7,76.7,79.4,76.7,77.1,153054
2020-02-24,76.7,76.7,79.4,76.7,77.1,153054
2020-02-25,76.7,76.7,79.4,76.7,77.1,153054
2020-02-26,76.7,76.7,79.4,76.7,77.1,153054
2020-02-27,76.7,76.7,79.4,76.7,77.1,153054
2020-03-02,76.7,76.7,79.4,76.7,77.1,153054
2020-03-03,76.7,76.7,79.4,76.7,77.1,153054
2020-03-04,76.7,76.7,79.4,76.7,77.1,153054
2020-03-05,76.7,76.7,79.4,76.7,77.1,153054
2020-03-06,76.7,76.7,79.4,76.7,77.1,153054
2020-03-09,76.7,76.7,79.4,76.7,77.1,153054
2020-03-10,76.7,76.7,79.4,76.7,77.1,153054
2020-03-11,76.7,76.7,79.4,76.7,77.1,153054
2020-03-12,76.7,76.7,79.4,76.7,77.1,153054
2020-03-13,76.7,76.7,79.4,76.7,77.1,153054
2020-03-16,76.7,76.7,79.4,76.7,77.1,153054
2020-03-17,76.7,76.7,79.4,76.7,77.1,153054
2020-03-18,76.7,76.7,79.4,76.7,77.1,153054
2020-03-19,76.7,76.7,79.4,76.7,77.1,153054
2020-03-20,76.7,76.7,79.4,76.7,77.1,153054
2020-03-23,76.7,76.7,79.4,76.7,77.1,153054
2020-03-24,76.7,76.7,79.4,76.7,77.1,153054
2020-03-25,76.7,76.7,79.4,76.7,77.1,153054
2020-03-26,76.7,76.7,79.4,76.7,77.1,153054
2020-03-27,76.7,76.7,79.4,76.7,77.1,153054
2020-03-30,76.7,76.7,79.4,76.7,77.1,153054
2020-03-31,76.7,76.7,79.4,76.7,77.1,153054
2020-04-01,76.7,76.7,79.4,76.7,77.1,153054
2020-04-07,76.7,76.7,79.4,76.7,77.1,153054
2020-04-08,76.7,76.7,79.4,76.7,77.1,153054
2020-04-09,76.7,76.7,79.4,76.7,77.1,153054
2020-04-10,76.7,76.7,79.4,76.7,77.1,153054
2020-04-13,76.7,76.7,79.4,76.7,77.1,153054
2020-04-14,76.7,76.7,79.4,76.7,77.1,153054
2020-04-15,76.7,76.7,79.4,76.7,77.1,153054
2020-04-16,76.7,76.7,79.4,76.7,77.1,153054
2020-04-17,76.7,76.7,79.4,76.7,77.1,153054
2020-04-20,76.7,76.7,79.4,76.7,77.1,153054
2020-04-21,76.7,76.7,79.4,76.7,77.1,153054
2020-04-22,76.7,76.7,79.4,76.7,77.1,153054
2020-04-23,76.7,76.7,79.4,76.7,77.1,153054
2020-04-24,76.7,76.7,79.4,76.7,77.1,153054
2020-04-27,76.7,76.7,79.4,76.7,77.1,153054
2020-04-28,76.7,76.7,79.4,76.7,77.1,153054
2020-04-29,76.7,76.7,79.4,76.7,77.1,153054
2020-05-04,76.7,76.7,79.4,76.7,77.1,153054
2020-05-05,76.7,76.7,79.4,76.7,77.1,153054
2020-05-06,76.7,76.7,79.4,76.7,77.1,153054
2020-05-07,76.7,76.7,79.4,76.7,77.1,153054
2020-05-08,76.7,76.7,79.4,76.7,77.1,153054
2020-05-11,76.7,76.7,79.4,76.7,77.1,153054
2020-05-12,76.7,76.7,79.4,76.7,77.1,153054
2020-05-13,76.7,76.7,79.4,76.7,77.1,153054
2020-05-14,76.7,76.7,79.4,76.7,77.1,153054
2020-05-15,76.7,76.7,79.4,76.7,77.1,153054
2020-05-18,76.7,76.7,79.4,76.7,77.1,153054
2020-05-19,76.7,76.7,79.4,76.7,77.1,153054
2020-05-20,76.7,76.7,79.4,76.7,77.1,153054
2020-05-21,76.7,76.7,79.4,76.7,77.1,153054
2020-05-22,76.7,76.7,79.4,76.7,77.1,153054
2020-05-25,76.7,76.7,79.4,76.7,77.1,153054
2020-05-26,76.7,76.7,79.4,76.7,77.1,153054
2020-05-27,76.7,76.7,79.4,76.7,77.1,153054
2020-05-28,76.7,76.7,79.4,76.7,77.1,153054
2020-05-29,76.7,76.7,79.4,76.7,77.1,153054
2020-06-01,76.7,76.7,79.4,76.7,77.1,153054
2020-06-02,76.7,76.7,79.4,76.7,77.1,153054
2020-06-03,76.7,76.7,79.4,76.7,77.1,153054
2020-06-04,76.7,76.7,79.4,76.7,77.1,153054
2020-06-05,76.7,76.7,79.4,76.7,77.1,153054
2020-06-08,76.7,76.7,79.4,76.7,77.1,153054
2020-06-09,76.7,76.7,79.4,76.7,77.1,153054
2020-06-10,76.7,76.7,79.4,76.7,77.1,153054
2020-06-11,76.7,76.7,79.4,76.7,77.1,153054
2020-06-12,76.7,76.7,79.4,76.7,77.1,153054
2020-06-15,76.7,76.7,79.4,76.7,77.1,153054
2020-06-16,76.7,76.7,79.4,76.7,77.1,153054
2020-06-17,76.7,76.7,79.4,76.7,77.1,153054
2020-06-18,76.7,76.7,79.4,76.7,77.1,153054
2020-06-19,76.7,76.7,79.4,76.7,77.1,153054
2020-06-22,76.7,76.7,79.4,76.7,77.1,153054
2020-06-23,76.7,76.7,79.4,76.7,77.1,153054
2020-06-24,76.7,76.7,79.4,76.7,77.1,153054
2020-06-29,76.7,76.7,79.4,76.7,77.1,153054
2020-06-30,76.7,76.7,79.4,76.7,77.1,153054
2020-07-01,76.7,76.7,79.4,76.7,77.1,153054
2020-07-02,76.7,76.7,79.4,76.7,77.1,153054
2020-07-03,76.7,76.7,79.4,76.7,77.1,153054
2020-07-06,76.7,76.7,79.4,76.7,77.1,153054
2020-07-07,76.7,76.7,79.4,76.7,77.1,153054
2020-07-08,76.7,76.7,79.4,76.7,77.1,153054
2020-07-09,76.7,76.7,79.4,76.7,77.1,153054
2020-07-10,76.7,76.7,79.4,76.7,77.1,153054
2020-07-13,76.7,76.7,79.4,76.7,77.1,153054
2020-07-14,76.7,76.7,79.4,76.7,77.1,153054
2020-07-15,76.7,76.7,79.4,76.7,77.1,153054
2020-07-16,76.7,76.7,79.4,76.7,77.1,153054
2020-07-17,76.7,76.7,79.4,76.7,77.1,153054
2020-07-20,76.7,76.7,79.4,76.7,77.1,153054
2020-07-21,76.7,76.7,79.4,76.7,77.1,153054
2020-07-22,76.7,76.7,79.4,76.7,77.1,153054
2020-07-23,76.7,76.7,79.4,76.7,77.1,153054
2020-07-24,76.7,76.7,79.4,76.7,77.1,153054
2020-07-27,76.7,76.7,79.4,76.7,77.1,153054
2020-07-28,76.7,76.7,79.4,76.7,77.1,153054
2020-07-29,76.7,76.7,79.4,76.7,77.1,153054
2020-07-30,76.7,76.7,79.4,76.7,77.1,153054
2020-07-31,76.7,76.7,79.4,76.7,77.1,153054
2020-08-03,76.7,76.7,79.4,76.7,77.1,153054
2020-08-04,76.7,76.7,79.4,76.7,77.1,153054
2020-08-05,76.7,76.7,79.4,76.7,77.1,153054
2020-08-06,76.7,76.7,79.4,76.7,77.1,153054
2020-08-07,76.7,76.7,79.4,76.7,77.1,153054
2020-08-10,76.7,76.7,79.4,76.7,77.1,153054
2020-08-11,76.7,76.7,79.4,76.7,77.1,153054
2020-08-12,76.7,76.7,79.4,76.7,77.1,153054
2020-08-13,76.7,76.7,79.4,76.7,77.1,153054
2020-08-14,76.7,76.7,79.4,76.7,77.1,153054
2020-08-17,76.7,76.7,79.4,76.7,77.1,153054
2020-08-18,76.7,76.7,79.4,76.7,77.1,153054
2020-08-19,76.7,76.7,79.4,76.7,77.1,153054
2020-08-20,76.7,76.7,79.4,76.7,77.1,153054
2020-08-21,76.7,76.7,79.4,76.7,77.1,153054
2020-08-24,76.7,76.7,79.4,76.7,77.1,153054
2020-08-25,76.7,76.7,79.4,76.7,77.1,153054
2020-08-26,76.7,76.7,79.4,76.7,77.1,153054
2020-08-27,76.7,76.7,79.4,76.7,77.1,153054
2020-08-28,76.7,76.7,79.4,76.7,77.1,153054
2020-08-31,76.7,76.7,79.4,76.7,77.1,153054
2020-09-01,76.7,76.7,79.4,76.7,77.1,153054
2020-09-02,76.7,76.7,79.4,76.7,77.1,153054
2020-09-03,76.7,76.7,79.4,76.7,77.1,153054
2020-09-04,76.7,76.7,79.4,76.7,77.1,153054
2020-09-07,76.7,76.7,79.4,76.7,77.1,153054
2020-09-08,76.7,76.7,79.4,76.7,77.1,153054
2020-09-09,76.7,76.7,79.4,76.7,77.1,153054
2020-09-10,76.7,76.7,79.4,76.7,77.1,153054
2020-09-11,76.7,76.7,79.4,76.7,77.1,153054
2020-09-14,76.7,76.7,79.4,76.7,77.1,153054
2020-09-15,76.7,76.7,79.4,76.7,77.1,153054
2020-09-16,76.7,76.7,79.4,76.7,77.1,153054
2020-09-17,76.7,76.7,79.4,76.7,77.1,153054
2020-09-18,76.7,76.7,79.4,76.7,77.1,153054
2020-09-21,76.7,76.7,79.4,76.7,77.1,153054
2020-09-22,76.7,76.7,79.4,76.7,77.1,153054
2020-09-23,76.7,76.7,79.4,76.7,77.1,153054
2020-09-24,76.7,76.7,79.4,76.7,77.1,153054
2020-09-25,76.7,76.7,79.4,76.7,77.1,153054
2020-09-28,76.7,76.7,79.4,76.7,77.1,153054
2020-09-29,76.7,76.7,79.4,76.7,77.1,153054
2020-09-30,76.7,76.7,79.4,76.7,77.1,153054
2020-10-05,76.7,76.7,79.4,76.7,77.1,153054
2020-10-06,76.7,76.7,79.4,76.7,77.1,153054
2020-10-07,76.7,76.7,79.4,76.7,77.1,153054
2020-10-08,76.7,76.7,79.4,76.7,77.1,153054
2020-10-12,76.7,76.7,79.4,76.7,77.1,153054
2020-10-13,76.7,76.7,79.4,76.7,77.1,153054
2020-10-14,76.7,76.7,79.4,76.7,77.1,153054
2020-10-15,76.7,76.7,79.4,76.7,77.1,153054
2020-10-16,76.7,76.7,79.4,76.7,77.1,153054
2020-10-19,76.7,76.7,79.4,76.7,77.1,153054
2020-10-20,76.7,76.7,79.4,76.7,77.1,153054
2020-10-21,76.7,76.7,79.4,76.7,77.1,153054
2020-10-22,76.7,76.7,79.4,76.7,77.1,153054
2020-10-23,76.7,76.7,79.4,76.7,77.1,153054
2020-10-26,76.7,76.7,79.4,76.7,77.1,153054
2020-10-27,76.7,76.7,79.4,76.7,77.1,153054
2020-10-28,76.7,76.7,79.4,76.7,77.1,153054
2020-10-29,76.7,76.7,79.4,76.7,77.1,153054
2020-10-30,76.7,76.7,79.4,76.7,77.1,153054
2020-11-02,76.7,76.7,79.4,76.7,77.1,153054
2020-11-03,76.7,76.7,79.4,76.7,77.1,153054
2020-11-04,76.7,76.7,79.4,76.7,77.1,153054
2020-11-05,76.7,76.7,79.4,76.7,77.1,153054
2020-11-06,76.7,76.7,79.4,76.7,77.1,153054
2020-11-09,76.7,76.7,79.4,76.7,77.1,153054
2020-11-10,76.7,76.7,79.4,76.7,77.1,153054
2020-11-11,76.7,76.7,79.4,76.7,77.1,153054
2020-11-12,76.7,76.7,79.4,76.7,77.1,153054
2020-11-13,76.7,76.7,79.4,76.7,77.1,153054
2020-11-16,76.7,76.7,79.4,76.7,77.1,153054
2020-11-17,76.7,76.7,79.4,76.7,77.1,153054
2020-11-18,76.7,76.7,79.4,76.7,77.1,153054
2020-11-19,76.7,76.7,79.4,76.7,77.1,153054
2020-11-20,76.7,76.7,79.4,76.7,77.1,153054
2020-11-23,76.7,76.7,79.4,76.7,77.1,153054
2020-11-24,76.7,76.7,79.4,76.7,77.1,153054
2020-11-25,76.7,76.7,79.4,76.7,77.1,153054
2020-11-26,76.7,76.7,79.4,76.7,77.1,153054
2020-11-27,76.7,76.7,79.4,76.7,77.1,153054
2020-11-30,76.7,76.7,79.4,76.7,77.1,153054
2020-12-01,76.7,76.7,79.4,76.7,77.1,153054
2020-12-02,76.7,76.7,79.4,76.7,77.1,153054
2020-12-04,76.7,76.7,79.4,76.7,77.1,153054
2020-12-07,76.7,76.7,79.4,76.7,77.1,153054
2020-12-08,76.7,76.7,79.4,76.7,77.1,153054
2020-12-09,76.7,76.7,79.4,76.7,77.1,153054
2020-12-10,76.7,76.7,79.4,76.7,77.1,153054
2020-12-11,76.7,76.7,79.4,76.7,77.1,153054
2020-12-14,76.7,76.7,79.4,76.7,77.1,153054
2020-12-15,76.7,76.7,79.4,76.7,77.1,153054
2020-12-16,76.7,76.7,79.4,76.7,77.1,153054
2020-12-17,76.7,76.7,79.4,76.7,77.1,153054
2020-12-18,76.7,76.7,79.4,76.7,77.1,153054
2020-12-21,76.7,76.7,79.4,76.7,77.1,153054
2020-12-22,76.7,76.7,79.4,76.7,77.1,153054
2020-12-23,76.7,76.7,79.4,76.7,77.1,153054
2020-12-24,76.7,76.7,79.4,76.7,77.1,153054
2020-12-25,76.7,76.7,79.4,76.7,77.1,153054
2020-12-28,76.7,76.7,79.4,76.7,77.1,153054
2020-12-29,76.7,76.7,79.4,76.7,77.1,153054
2020-12-30,76.7,76.7,79.4,76.7,77.1,153054
2020-12-31,76.7,76.7,79.4,76.7,77.1,153054
2021-01-04,76.7,76.7,79.4,76.7,77.1,153054
2021-01-05,76.7,76.7,79.4,76.7,77.1,153054
2021-01-06,76.7,76.7,79.4,76.7,77.1,153054
2021-01-07,76.7,76.7,79.4,76.7,77.1,153054
2021-01-08,76.7,76.7,79.4,76.7,77.1,153054
2021-01-11,76.7,76.7,79.4,76.7,77.1,153054
2021-01-12,76.7,76.7,79.4,76.7,77.1,153054
2021-01-13,76.7,76.7,79.4,76.7,77.1,153054
2021-01-14,76.7,76.7,79.4,76.7,77.1,153054
2021-01-15,76.7,76.7,79.4,76.7,77.1,153054
2021-01-18,76.7,76.7,79.4,76.7,77.1,153054
2021-01-19,76.7,76.7,79.4,76.7,77.1,153054
2021-01-20,76.7,76.7,79.4,76.7,77.1,153054
2021-01-21,76.7,76.7,79.4,76.7,77.1,153054
2021-01-22,76.7,76.7,79.4,76.7,77.1,153054
2021-01-25,76.7,76.7,79.4,76.7,77.1,153054
2021-01-26,76.7,76.7,79.4,76.7,77.1,153054
2021-01-27,76.7,76.7,79.4,76.7,77.1,153054
2021-01-28,76.7,76.7,79.4,76.7,77.1,153054
2021-01-29,76.7,76.7,79.4,76.7,77.1,153054
2021-02-01,76.7,76.7,79.4,76.7,77.1,153054
2021-02-02,76.7,76.7,79.4,76.7,77.1,153054
2021-02-03,76.7,76.7,79.4,76.7,77.1,153054
2021-02-04,76.7,76.7,79.4,76.7,77.1,153054
2021-02-05,76.7,76.7,79.4,76.7,77.1,153054
2021-02-17,76.7,76.7,79.4,76.7,77.1,153054
2021-02-18,76.7,76.7,79.4,76.7,77.1,153054
2021-02-19,76.7,76.7,79.4,76.7,77.1,153054
2021-02-22,76.7,76.7,79.4,76.7,77.1,153054
2021-02-23,76.7,76.7,79.4,76.7,77.1,153054
2021-02-24,76.7,76.7,79.4,76.7,77.1,153054
2021-02-25,76.7,76.7,79.4,76.7,77.1,153054
2021-02-26,76.7,76.7,79.4,76.7,77.1,153054
2021-03-02,76.7,76.7,79.4,76.7,77.1,153054
2021-03-03,76.7,76.7,79.4,76.7,77.1,153054
2021-03-04,76.7,76.7,79.4,76.7,77.1,153054
2021-03-05,76.7,76.7,79.4,76.7,77.1,153054
2021-03-08,76.7,76.7,79.4,76.7,77.1,153054
2021-03-09,76.7,76.7,79.4,76.7,77.1,153054
2021-03-10,76.7,76.7,79.4,76.7,77.1,153054
2021-03-11,76.7,76.7,79.4,76.7,77.1,153054
2021-03-12,76.7,76.7,79.4,76.7,77.1,153054
2021-03-15,76.7,76.7,79.4,76.7,77.1,153054
2021-03-16,76.7,76.7,79.4,76.7,77.1,153054
2021-03-17,76.7,76.7,79.4,76.7,77.1,153054
2021-03-18,76.7,76.7,79.4,76.7,77.1,153054
2021-03-19,76.7,76.7,79.4,76.7,77.1,153054
2021-03-22,76.7,76.7,79.4,76.7,77.1,153054
2021-03-23,76.7,76.7,79.4,76.7,77.1,153054
2021-03-24,76.7,76.7,79.4,76.7,77.1,153054
2021-03-25,76.7,76.7,79.4,76.7,77.1,153054
2021-03-26,76.7,76.7,79.4,76.7,77.1,153054
2021-03-29,76.7,76.7,79.4,76.7,77.1,153054
2021-03-30,76.7,76.7,79.4,76.7,77.1,153054
2021-03-31,76.7,76.7,79.4,76.7,77.1,153054
2021-04-01,76.7,76.7,79.4,76.7,77.1,153054
2021-04-06,76.7,76.7,79.4,76.7,77.1,153054
2021-04-07,76.7,76.7,79.4,76.7,77.1,153054
2021-04-08,76.7,76.7,79.4,76.7,77.1,153054
2021-04-09,76.7,76.7,79.4,76.7,77.1,153054
2021-04-12,76.7,76.7,79.4,76.7,77.1,153054
2021-04-13,76.7,76.7,79.4,76.7,77.1,153054
2021-04-14,76.7,76.7,79.4,76.7,77.1,153054
2021-04-15,76.7,76.7,79.4,76.7,77.1,153054
2021-04-16,76.7,76.7,79.4,76.7,77.1,153054
2021-04-19,76.7,76.7,79.4,76.7,77.1,153054
2021-04-20,76.7,76.7,79.4,76.7,77.1,153054
2021-04-21,76.7,76.7,79.4,76.7,77.1,153054
2021-04-22,76.7,76.7,79.4,76.7,77.1,153054
2021-04-23,76.7,76.7,79.4,76.7,77.1,153054
2021-04-26,76.7,76.7,79.4,76.7,77.1,153054
2021-04-27,76.7,76.7,79.4,76.7,77.1,153054
2021-04-28,76.7,76.7,79.4,76.7,77.1,153054
2021-04-29,76.7,76.7,79.4,76.7,77.1,153054
2021-05-03,76.7,76.7,79.4,76.7,77.1,153054
2021-05-04,76.7,76.7,79.4,76.7,77.1,153054
2021-05-05,76.7,76.7,79.4,76.7,77.1,153054
2021-05-06,76.7,76.7,79.4,76.7,77.1,153054
2021-05-07,76.7,76.7,79.4,76.7,77.1,153054
2021-05-10,76.7,76.7,79.4,76.7,77.1,153054
2021-05-11,76.7,76.7,79.4,76.7,77.1,153054
2021-05-12,76.7,76.7,79.4,76.7,77.1,153054
2021-05-13,76.7,76.7,79.4,76.7,77.1,153054
2021-05-14,76.7,76.7,79.4,76.7,77.1,153054
2021-05-17,76.7,76.7,79.4,76.7,77.1,153054
2021-05-18,76.7,76.7,79.4,76.7,77.1,153054
2021-05-19,76.7,76.7,79.4,76.7,77.1,153054
2021-05-20,76.7,76.7,79.4,76.7,77.1,153054
2021-05-21,76.7,76.7,79.4,76.7,77.1,153054
2021-05-24,76.7,76.7,79.4,76.7,77.1,153054
2021-05-25,76.7,76.7,79.4,76.7,77.1,153054
2021-05-26,76.7,76.7,79.4,76.7,77.1,153054
2021-05-27,76.7,76.7,79.4,76.7,77.1,153054
2021-05-28,76.7,76.7,79.4,76.7,77.1,153054
2021-05-31,76.7,76.7,79.4,76.7,77.1,153054
2021-06-01,76.7,76.7,79.4,76.7,77.1,153054
2021-06-02,76.7,76.7,79.4,76.7,77.1,153054
2021-06-03,76.7,76.7,79.4,76.7,77.1,153054
2021-06-04,76.7,76.7,79.4,76.7,77.1,153054
2021-06-07,76.7,76.7,79.4,76.7,77.1,153054
2021-06-08,76.7,76.7,79.4,76.7,77.1,153054
2021-06-09,76.7,76.7,79.4,76.7,77.1,153054
2021-06-10,76.7,76.7,79.4,76.7,77.1,153054
2021-06-11,76.7,76.7,79.4,76.7,77.1,153054
2021-06-15,76.7,76.7,79.4,76.7,77.1,153054
2021-06-16,76.7,76.7,79.4,76.7,77.1,153054
2021-06-17,76.7,76.7,79.4,76.7,77.1,153054
2021-06-18,76.7,76.7,79.4,76.7,77.1,153054
2021-06-21,76.7,76.7,79.4,76.7,77.1,153054
2021-06-22,76.7,76.7,79.4,76.7,77.1,153054
2021-06-23,76.7,76.7,79.4,76.7,77.1,153054
2021-06-24,76.7,76.7,79.4,76.7,77.1,153054
2021-06-25,76.7,76.7,79.4,76.7,77.1,153054
2021-06-28,76.7,76.7,79.4,76.7,77.1,153054
2021-06-29,76.7,76.7,79.4,76.7,77.1,153054
2021-06-30,76.7,76.7,79.4,76.7,77.1,153054
2021-07-01,76.7,76.7,79.4,76.7,77.1,153054
2021-07-02,76.7,76.7,79.4,76.7,77.1,153054
2021-07-05,76.7,76.7,79.4,76.7,77.1,153054
2021-07-06,76.7,76.7,79.4,76.7,77.1,153054
2021-07-07,76.7,76.7,79.4,76.7,77.1,153054
2021-07-08,76.7,76.7,79.4,76.7,77.1,153054
2021-07-09,76.7,76.7,79.4,76.7,77.1,153054
2021-07-12,76.7,76.7,79.4,76.7,77.1,153054
2021-07-13,76.7,76.7,79.4,76.7,77.1,153054
2021-07-14,76.7,76.7,79.4,76.7,77.1,153054
2021-07-15,76.7,76.7,79.4,76.7,77.1,153054
2021-07-16,76.7,76.7,79.4,76.7,77.1,153054
2021-07-19,76.7,76.7,79.4,76.7,77.1,153054
2021-07-20,76.7,76.7,79.4,76.7,77.1,153054
2021-07-21,76.7,76.7,79.4,76.7,77.1,153054
2021-07-22,76.7,76.7,79.4,76.7,77.1,153054
2021-07-23,76.7,76.7,79.4,76.7,77.1,153054
2021-07-26,76.7,76.7,79.4,76.7,77.1,153054
2021-07-27,76.7,76.7,79.4,76.7,77.1,153054
2021-07-28,76.7,76.7,79.4,76.7,77.1,153054
2021-07-29,76.7,76.7,79.4,76.7,77.1,153054
2021-07-30,76.7,76.7,79.4,76.7,77.1,153054
2021-08-02,76.7,76.7,79.4,76.7,77.1,153054
2021-08-03,76.7,76.7,79.4,76.7,77.1,153054
2021-08-04,76.7,76.7,79.4,76.7,77.1,153054
2021-08-05,76.7,76.7,79.4,76.7,77.1,153054
2021-08-06,76.7,76.7,79.4,76.7,77.1,153054
2021-08-09,57.0,57.0,59.0,56.9,59.0,267000
2021-08-10,55.9,55.9,57.7,55.5,57.7,310000
2021-08-11,52.5,52.5,55.7,51.0,55.7,963000
2021-08-12,53.0,53.0,54.0,52.2,53.0,564000
2021-08-13,53.5,53.5,54.8,51.5,54.8,459000
2021-08-16,51.0,51.0,53.5,49.95,53.0,502000
2021-08-17,48.35,48.35,51.1,48.05,51.1,318000
2021-08-18,52.3,52.3,52.3,46.45,46.45,579000
2021-08-19,49.9,49.9,53.7,49.9,52.3,394000
2021-08-20,50.4,50.4,51.2,48.5,50.8,283000
2021-08-23,52.5,52.5,53.0,50.4,50.4,404000
2021-08-24,51.9,51.9,52.9,51.0,52.9,447000
2021-08-25,54.2,54.2,54.2,51.4,51.4,512000
2021-08-26,53.2,53.2,55.2,51.9,54.3,461000
2021-08-27,53.0,53.0,54.0,52.6,52.7,371000
2021-08-30,54.0,54.0,54.5,53.0,53.3,226000
2021-08-31,54.7,54.7,56.7,54.0,54.0,557000
2021-09-01,56.2,56.2,56.5,54.7,55.7,360000
2021-09-02,54.9,54.9,56.8,54.3,56.2,280000
2021-09-03,54.4,54.4,56.0,54.1,55.0,203000
2021-09-06,52.2,52.2,54.3,52.1,54.3,226000
2021-09-07,51.0,51.0,52.8,50.3,52.8,280000
2021-09-08,50.1,50.1,51.5,49.65,51.5,196000
2021-09-09,52.9,52.9,53.3,50.1,50.1,257000
2021-09-10,53.0,53.0,54.6,52.7,53.0,200000
2021-09-13,52.5,52.5,53.7,51.8,53.7,80000
2021-09-14,51.1,51.1,52.6,51.0,52.6,78000
2021-09-15,50.6,50.6,51.1,50.0,51.1,167000
2021-09-16,50.6,50.6,51.7,50.3,50.3,114000
2021-09-17,50.4,50.4,50.9,50.0,50.6,82000
2021-09-22,49.5,49.5,50.8,48.8,50.8,332000
2021-09-23,50.6,50.6,52.8,49.2,49.2,586000
2021-09-24,51.1,51.1,52.1,50.3,51.5,358000
2021-09-27,50.3,50.3,50.8,50.0,50.8,108000
2021-09-28,49.8,49.8,50.2,49.65,50.1,109000
2021-09-29,48.7,48.7,49.5,48.7,49.2,203000
2021-09-30,48.1,48.1,48.7,47.5,48.7,229000
2021-10-01,45.75,45.75,48.1,45.75,48.1,381000
2021-10-04,43.0,43.0,46.1,42.1,46.1,309000
2021-10-05,43.55,43.55,43.8,41.7,42.3,147000
2021-10-06,42.45,42.45,44.5,42.35,43.3,177000
2021-10-07,44.9,44.9,46.2,43.6,43.6,466000
2021-10-08,44.4,44.4,45.3,44.25,44.95,103000
2021-10-12,43.7,43.7,44.3,43.1,44.0,176000
2021-10-13,42.7,42.7,44.1,42.2,44.1,138000
2021-10-14,43.0,43.0,43.3,42.2,42.7,121000
2021-10-15,45.0,45.0,45.6,43.5,43.5,241000
2021-10-18,44.25,44.25,46.1,44.0,45.6,196000
2021-10-19,44.6,44.6,45.4,44.0,44.0,151000
2021-10-20,45.9,45.9,46.3,44.7,44.7,129000
2021-10-21,45.4,45.4,46.5,45.3,46.5,101000
2021-10-22,47.5,47.5,47.8,45.6,46.2,237000
2021-10-25,48.15,48.15,48.2,47.2,47.5,139000
2021-10-26,47.9,47.9,49.0,47.1,47.8,146000
2021-10-27,48.25,48.25,48.85,47.8,48.2,143000
2021-10-28,48.05,48.05,48.8,48.05,48.8,67000
2021-10-29,48.5,48.5,49.15,48.05,48.05,85000
2021-11-01,51.3,51.3,51.5,48.5,48.5,365000
2021-11-02,49.6,49.6,52.4,49.4,52.0,230000
2021-11-03,50.4,50.4,50.4,49.25,49.4,93000
2021-11-04,50.4,50.4,51.4,50.1,50.6,132000
2021-11-05,49.65,49.65,49.8,48.1,49.65,306000
2021-11-08,50.9,50.9,51.0,49.0,49.0,137000
2021-11-09,51.7,51.7,52.3,50.9,50.9,251000
2021-11-10,54.2,54.2,55.0,51.5,51.5,583000
2021-11-11,53.7,53.7,55.5,53.5,54.2,411000
2021-11-12,53.1,53.1,54.5,52.8,52.8,132000
2021-11-15,58.2,58.2,58.4,53.2,53.5,1028000
2021-11-16,56.1,56.1,59.0,55.9,58.5,1173000
2021-11-17,55.7,55.7,56.6,55.2,55.9,260000
2021-11-18,54.9,54.9,55.8,54.4,55.0,352000
2021-11-19,54.8,54.8,56.8,54.7,54.7,209000
2021-11-22,56.0,56.0,56.5,54.8,55.0,243000
2021-11-23,55.0,55.0,56.6,54.8,56.6,140000
2021-11-24,54.6,54.6,55.9,54.6,54.6,128000
2021-11-25,54.6,54.6,55.5,54.6,55.5,88000
2021-11-26,52.8,52.8,54.5,51.8,54.5,320000
2021-11-29,52.8,52.8,54.0,51.2,51.2,249000
2021-11-30,54.9,54.9,55.7,53.2,53.2,152000
2021-12-01,55.4,55.4,56.2,54.8,56.2,132000
2021-12-02,56.5,56.5,57.9,55.1,55.5,304000
2021-12-03,56.7,56.7,57.8,56.3,56.3,204000
2021-12-06,57.0,57.0,57.0,55.5,56.4,122000
2021-12-07,62.0,62.0,62.0,55.1,58.2,1662000
2021-12-08,61.3,61.3,64.3,60.5,62.0,2364000
2021-12-09,61.6,61.6,63.6,61.2,62.7,1679000
2021-12-10,61.8,61.8,62.5,60.9,61.2,561000
2021-12-13,60.2,60.2,62.7,60.2,62.6,511000
2021-12-14,57.3,57.3,59.6,57.0,59.3,519000
2021-12-15,57.8,57.8,58.2,57.1,57.1,140000
2021-12-16,56.7,56.7,58.1,56.7,57.8,178000
2021-12-17,56.1,56.1,57.3,55.8,56.6,118000
2021-12-20,57.7,57.7,58.5,55.4,56.1,200000
2021-12-21,58.0,58.0,58.1,57.4,57.6,102000
2021-12-22,60.3,60.3,60.8,58.9,58.9,489000
2021-12-23,59.7,59.7,63.0,59.2,63.0,313000
2021-12-24,58.9,58.9,60.4,58.6,60.0,143000
2021-12-27,59.1,59.1,59.1,58.7,58.9,81000
2021-12-28,58.7,58.7,59.4,58.4,58.4,98000
2021-12-29,60.0,60.0,60.2,58.8,59.5,219000
2021-12-30,59.4,59.4,61.0,59.3,61.0,164000
2022-01-03,59.6,59.6,60.0,58.6,59.8,174000
2022-01-04,59.6,59.6,60.0,59.0,59.1,167000
2022-01-05,59.2,59.2,61.4,59.2,59.7,336000
2022-01-06,59.2,59.2,60.0,58.4,58.4,92000
2022-01-07,58.0,58.0,59.8,58.0,59.8,264000
2022-01-10,58.8,58.8,59.6,58.1,58.2,149000
2022-01-11,58.2,58.2,58.7,57.8,58.4,164000
2022-01-12,58.2,58.2,58.6,57.5,58.2,141000
2022-01-13,58.0,58.0,58.4,57.6,58.4,78000
2022-01-14,57.6,57.6,58.0,56.7,58.0,109000
2022-01-17,58.8,58.8,59.0,57.6,57.6,116000
2022-01-18,58.9,58.9,59.5,58.0,59.0,134000
2022-01-19,58.0,58.0,58.1,57.9,57.9,37000
2022-01-20,58.5,58.5,58.9,57.5,58.0,82000
2022-01-21,57.8,57.8,58.5,57.6,57.6,124000
2022-01-24,58.2,58.2,58.4,56.5,56.6,172000
2022-01-25,57.5,57.5,58.3,57.3,58.3,125000
2022-01-26,57.5,57.5,58.8,57.5,58.0,155000
2022-02-07,61.5,61.5,62.0,59.4,59.5,589000
2022-02-08,62.9,62.9,63.2,61.5,61.5,543000
2022-02-09,62.6,62.6,63.8,62.4,63.7,416000
2022-02-10,61.5,61.5,64.5,60.9,63.5,801000
2022-02-11,62.0,62.0,62.6,60.0,60.0,420000
2022-02-14,61.2,61.2,61.9,60.8,61.4,249000
2022-02-15,60.4,60.4,62.4,60.3,61.2,280000
2022-02-16,61.1,61.1,61.3,60.5,61.1,140000
2022-02-17,61.4,61.4,61.6,60.8,61.5,170000
2022-02-18,62.4,62.4,62.7,60.6,60.6,205000
2022-02-21,63.4,63.4,63.7,61.7,61.7,388000
2022-02-22,62.0,62.0,64.0,61.9,62.8,280000
2022-02-23,62.8,62.8,63.4,62.0,62.0,320000
2022-02-24,61.6,61.6,64.8,61.6,62.6,1326000
2022-02-25,63.0,63.0,63.6,61.7,62.7,388000
2022-03-01,63.5,63.5,64.3,63.1,63.1,481000
2022-03-02,62.9,62.9,63.5,62.3,63.5,401000
2022-03-03,62.5,62.5,63.5,62.3,63.0,294000
2022-03-04,61.3,61.3,62.7,60.9,62.4,366000
2022-03-07,59.7,59.7,61.6,59.0,60.9,426000
2022-03-08,59.5,59.5,60.3,59.0,59.7,386000
2022-03-09,59.9,59.9,60.0,58.5,59.5,263000
2022-03-10,60.0,60.0,60.8,59.8,60.3,191000
2022-03-11,60.3,60.3,60.5,59.8,59.8,143000
2022-03-14,63.3,63.3,63.5,60.1,60.1,470000
2022-03-15,62.9,62.9,63.6,62.4,63.2,461000
2022-03-16,63.1,63.1,64.4,63.0,63.6,445000
2022-03-17,63.8,63.8,64.0,63.3,63.6,347000
2022-03-18,66.7,66.7,67.3,63.0,63.8,1550000
2022-03-21,66.7,66.7,68.7,66.7,67.5,831000
2022-03-22,67.8,67.8,68.3,66.4,67.8,681000
2022-03-23,69.8,69.8,70.2,68.1,68.2,882000
2022-03-24,71.4,71.4,71.8,69.6,70.0,627000
2022-03-25,69.8,69.8,73.0,69.4,73.0,870000
2022-03-28,72.2,72.2,72.7,68.9,69.0,708000
2022-03-29,71.8,71.8,73.8,71.2,73.8,355000
2022-03-30,71.4,71.4,72.7,71.2,72.7,359000
2022-03-31,71.8,71.8,72.1,71.0,71.5,300000
2022-04-01,72.2,72.2,73.1,71.7,71.8,429000
2022-04-06,71.9,71.9,73.0,71.5,73.0,298000
2022-04-07,70.8,70.8,72.0,70.7,71.1,389000
2022-04-08,71.4,71.4,72.2,70.0,70.4,270000
2022-04-11,71.5,71.5,73.0,71.3,72.0,286000
2022-04-12,70.1,70.1,71.5,69.5,70.8,672000
2022-04-13,70.3,70.3,71.9,69.7,70.1,242000
2022-04-14,70.4,70.4,71.1,69.5,70.3,384000
2022-04-15,66.6,66.6,70.9,66.5,70.0,780000
2022-04-18,67.2,67.2,67.5,65.5,65.9,323000
2022-04-19,67.6,67.6,68.4,67.0,67.2,186000
2022-04-20,71.7,71.7,72.8,67.7,67.7,721000
2022-04-21,70.0,70.0,71.7,69.5,71.7,318000
2022-04-22,70.0,70.0,70.0,68.9,68.9,85000
2022-04-25,68.1,68.1,69.4,68.0,69.1,171000
2022-04-26,67.7,67.7,68.9,67.5,68.6,122000
2022-04-27,66.1,66.1,66.8,65.0,66.0,437000
2022-04-28,66.1,66.1,66.8,65.8,65.8,124000
2022-04-29,67.2,67.2,67.5,66.2,66.4,122000
2022-05-03,67.2,67.2,67.3,66.4,67.2,65000
2022-05-04,67.4,67.4,68.1,66.8,67.9,172000
2022-05-05,67.6,67.6,68.3,67.0,68.3,272000
2022-05-06,66.8,66.8,67.0,65.2,66.3,167000
2022-05-09,66.4,66.4,67.0,66.0,67.0,178000
2022-05-10,66.3,66.3,66.8,64.3,66.0,188000
2022-05-11,67.5,67.5,68.2,66.3,66.3,368000
2022-05-12,66.5,66.5,68.0,66.5,67.1,334000
2022-05-13,66.1,66.1,67.4,66.1,67.4,118000
2022-05-16,64.3,64.3,67.1,64.2,67.1,586000
2022-05-17,63.7,63.7,64.8,62.0,64.8,504000
2022-05-18,65.8,65.8,65.8,64.0,64.1,285000
2022-05-19,66.3,66.3,66.7,64.6,65.1,278000
2022-05-20,67.4,67.4,68.0,66.3,66.4,232000
2022-05-23,67.7,67.7,68.0,67.1,68.0,91000
2022-05-24,67.5,67.5,68.0,67.2,67.7,82000
2022-05-25,68.1,68.1,68.6,67.1,67.5,218000
2022-05-26,67.8,67.8,69.3,67.8,68.1,189000
2022-05-27,67.9,67.9,68.6,67.3,67.8,248000
2022-05-30,69.1,69.1,69.4,67.6,68.1,271000
2022-05-31,69.0,69.0,69.3,68.6,69.1,115000
2022-06-01,69.3,69.3,70.0,68.8,68.8,176000
2022-06-02,69.1,69.1,69.8,68.7,69.3,206000
2022-06-06,69.4,69.4,69.6,68.7,69.0,117000
2022-06-07,71.1,71.1,71.5,69.4,69.4,661000
2022-06-08,71.5,71.5,72.7,71.4,71.5,297000
2022-06-09,69.9,69.9,72.0,69.7,71.8,290000
2022-06-10,69.0,69.0,70.9,68.4,69.8,341000
2022-06-13,67.2,67.2,68.5,67.1,68.5,138000
2022-06-14,67.7,67.7,68.7,65.7,67.1,115000
2022-06-15,68.1,68.1,68.1,66.1,68.0,489000
2022-06-16,66.4,66.4,69.0,65.7,68.2,309000
2022-06-17,66.8,66.8,66.8,64.2,66.1,236000
2022-06-20,62.0,62.0,66.8,61.7,66.8,352000
2022-06-21,63.5,63.5,63.9,62.0,62.5,325000
2022-06-22,57.5,57.5,63.5,57.2,63.5,790000
2022-06-23,56.5,56.5,57.8,56.0,57.5,255000
2022-06-24,55.3,55.3,58.4,55.1,58.4,368000
2022-06-27,55.1,55.1,56.0,53.4,53.4,293000
2022-06-28,55.0,55.0,55.7,53.3,55.0,427000
2022-06-29,54.5,54.5,54.9,53.1,54.0,190000
2022-06-30,52.6,52.6,53.6,52.0,53.6,382000
2022-07-01,52.0,52.0,53.5,51.8,52.6,331000
2022-07-04,52.3,52.3,53.3,51.4,52.0,227000
2022-07-05,54.2,54.2,54.5,52.2,52.3,213000
2022-07-06,53.7,53.7,55.0,52.5,54.2,244000
2022-07-07,55.1,55.1,55.3,53.8,54.8,438000
2022-07-08,57.3,57.3,57.4,55.2,55.3,392000
2022-07-11,57.5,57.5,57.8,56.5,57.3,310000
2022-07-12,55.1,55.1,57.0,54.2,56.6,467000
2022-07-13,54.8,54.8,56.3,54.8,56.0,241000
2022-07-14,56.1,56.1,56.4,54.5,54.5,297000
2022-07-15,57.4,57.4,57.6,56.0,57.0,305000
2022-07-18,62.1,62.1,62.2,59.4,59.5,383000
2022-07-19,62.8,62.8,64.5,62.0,62.7,516000
2022-07-20,64.1,64.1,64.3,62.2,62.2,492000
2022-07-21,64.2,64.2,65.2,63.8,63.8,319000
2022-07-22,64.0,64.0,64.5,62.7,63.9,241000
2022-07-25,63.8,63.8,65.0,63.3,64.3,228000
2022-07-26,63.7,63.7,63.9,62.7,63.9,171000
2022-07-27,64.4,64.4,64.4,62.8,63.7,374000
2022-07-28,64.4,64.4,65.0,63.7,64.6,196000
2022-07-29,64.5,64.5,64.9,63.9,64.3,252000
2022-08-01,64.3,64.3,64.9,63.8,64.6,146000
2022-08-02,62.9,62.9,64.3,62.4,63.9,139000
2022-08-03,62.1,62.1,64.0,61.5,64.0,161000
2022-08-04,61.1,61.1,62.2,59.8,61.5,187000
2022-08-05,61.5,61.5,62.9,61.3,62.3,312000
2022-08-08,60.0,60.0,61.5,58.7,61.5,401000
2022-08-09,60.7,60.7,61.2,59.9,59.9,219000
2022-08-10,63.9,63.9,64.2,60.5,60.5,592000
2022-08-11,64.4,64.4,65.0,62.9,65.0,553000
2022-08-12,63.7,63.7,65.0,63.3,64.5,286000
2022-08-15,66.0,66.0,66.5,62.8,63.4,659000
2022-08-16,65.6,65.6,67.8,65.6,65.9,373000
2022-08-17,65.6,65.6,66.5,65.0,65.5,204000
2022-08-18,65.8,65.8,66.4,65.0,65.5,359000
2022-08-19,67.5,67.5,68.5,65.4,66.0,645000
2022-08-22,67.6,67.6,68.0,66.5,66.8,186000
2022-08-23,66.9,66.9,67.4,66.6,67.4,154000
2022-08-24,66.0,66.0,67.0,65.5,66.8,197000
2022-08-25,66.1,66.1,66.9,65.9,66.5,257000
2022-08-26,67.2,67.2,68.5,66.8,66.8,515000
2022-08-29,64.3,64.3,65.9,64.2,64.8,386000
2022-08-30,67.8,67.8,67.9,64.3,64.3,728000
2022-08-31,67.2,67.2,68.8,67.1,67.8,270000
2022-09-01,71.9,71.9,73.0,66.5,67.8,2207000
2022-09-02,72.1,72.1,74.8,71.5,73.0,2262000
2022-09-05,71.0,71.0,73.3,71.0,73.0,680000
2022-09-06,71.3,71.3,74.1,70.4,72.0,1180000
2022-09-07,70.7,70.7,71.8,68.5,71.3,858000
2022-09-08,72.1,72.1,72.8,71.0,72.1,1170000
2022-09-12,71.2,71.2,74.4,71.2,73.6,1412000
2022-09-13,70.7,70.7,72.0,70.1,71.1,372000
2022-09-14,71.4,71.4,71.8,69.0,69.0,452000
2022-09-15,76.5,76.5,76.5,72.1,72.8,4019000
2022-09-16,74.1,74.1,77.7,74.1,76.5,2251000
2022-09-19,73.9,73.9,79.0,73.9,75.2,4752000
2022-09-20,75.0,75.0,75.2,72.3,73.9,2009000
2022-09-21,72.0,72.0,75.0,71.4,74.3,748000
2022-09-22,74.5,74.5,74.7,70.8,71.3,883000
2022-09-23,70.5,70.5,74.7,69.1,74.2,1299000
2022-09-26,66.6,66.6,70.5,66.2,69.8,1451000
2022-09-27,68.7,68.7,68.9,65.5,68.0,692000
2022-09-28,63.5,63.5,69.1,63.0,68.6,924000
2022-09-29,64.5,64.5,65.6,63.1,64.7,359000
2022-09-30,65.0,65.0,65.0,62.1,64.0,311000
2022-10-03,62.1,62.1,64.7,62.0,64.5,600000
2022-10-04,65.2,65.2,65.5,62.7,63.5,559000
2022-10-05,64.3,64.3,67.5,64.0,65.9,700000
2022-10-06,64.1,64.1,66.0,64.1,64.8,374000
2022-10-07,62.3,62.3,64.7,62.3,64.3,369000
2022-10-11,58.5,58.5,60.5,57.9,60.5,1069000
2022-10-12,57.7,57.7,58.5,55.8,58.5,652000
2022-10-13,52.2,52.2,58.9,52.0,58.6,1228000
2022-10-14,52.7,52.7,54.7,52.7,53.7,440000
2022-10-17,53.5,53.5,53.9,49.4,52.0,589000
2022-10-18,52.5,52.5,55.0,52.0,54.3,404000
2022-10-19,51.6,51.6,53.4,51.1,52.3,370000
2022-10-20,51.2,51.2,51.4,49.8,51.3,448000
2022-10-21,51.2,51.2,53.0,50.2,50.7,503000
2022-10-24,51.0,51.0,52.4,51.0,51.9,496000
2022-10-25,50.3,50.3,51.7,49.7,51.1,440000
2022-10-26,52.4,52.4,53.2,50.6,50.6,677000
2022-10-27,53.4,53.4,54.2,52.6,52.7,668000
2022-10-28,52.4,52.4,53.5,51.9,53.5,255000
2022-10-31,54.4,54.4,55.0,53.0,53.0,434000
2022-11-01,54.5,54.5,55.5,53.8,54.4,423000
2022-11-02,54.2,54.2,55.1,53.8,54.1,412000
2022-11-03,56.1,56.1,56.3,54.0,54.0,458000
2022-11-04,57.9,57.9,59.0,56.1,56.3,707000
2022-11-07,59.0,59.0,59.3,58.0,58.5,444000
2022-11-08,59.3,59.3,60.3,58.5,58.9,599000
2022-11-09,59.0,59.0,60.3,58.0,60.3,705000
2022-11-10,60.7,60.7,61.2,58.5,59.4,806000
2022-11-11,59.4,59.4,64.2,59.1,64.0,1294000
2022-11-14,59.5,59.5,60.6,58.8,60.0,789000
2022-11-15,61.2,61.2,61.9,59.6,59.6,904000
2022-11-16,60.2,60.2,61.8,59.8,61.2,436000
2022-11-17,62.4,62.4,62.4,60.2,60.2,835000
2022-11-18,61.9,61.9,63.5,61.6,62.2,680000
2022-11-21,62.6,62.6,63.2,62.2,62.2,488000
2022-11-22,62.7,62.7,63.0,61.9,63.0,417000
2022-11-23,63.5,63.5,63.9,62.0,62.9,875000
2022-11-24,67.8,67.8,68.9,64.3,66.0,3877000
2022-11-25,68.0,68.0,68.9,66.6,67.0,1415000
2022-11-28,70.3,70.3,70.8,66.8,67.7,1260000
2022-11-29,69.0,69.0,71.0,68.8,69.6,753000
2022-11-30,68.0,68.0,70.1,67.8,69.1,762000
2022-12-01,67.0,67.0,69.3,66.6,69.0,1408000
2022-12-02,69.2,69.2,70.5,67.0,67.0,1690000
2022-12-05,68.1,68.1,71.8,68.1,70.3,1317000
2022-12-06,70.9,70.9,73.8,68.2,68.6,5143000
2022-12-07,66.5,66.5,70.9,66.0,70.7,2288000
2022-12-08,66.7,66.7,68.0,66.1,66.1,594000
2022-12-09,64.8,64.8,67.3,64.8,66.7,857000
2022-12-12,66.5,66.5,67.7,63.9,64.4,1171000
2022-12-13,66.9,66.9,68.1,66.8,67.3,733000
2022-12-14,67.3,67.3,68.0,66.2,67.8,747000
2022-12-15,67.2,67.2,68.6,66.7,67.3,491000
2022-12-16,66.3,66.3,67.5,65.2,65.6,511000
2022-12-19,65.8,65.8,67.4,65.1,65.9,427000
2022-12-20,63.0,63.0,66.4,62.5,65.3,982000
2022-12-21,62.4,62.4,64.3,62.4,63.2,371000
2022-12-22,62.5,62.5,63.8,62.0,62.5,394000
2022-12-23,62.1,62.1,62.5,61.0,61.6,369000
2022-12-26,61.0,61.0,62.3,60.9,62.3,257000
2022-12-27,61.4,61.4,61.5,60.6,61.4,204000
2022-12-28,59.7,59.7,61.4,59.7,61.4,462000
2022-12-29,59.8,59.8,60.0,58.3,59.2,267000
2022-12-30,59.0,59.0,61.0,59.0,60.3,280000
2023-01-03,59.6,59.6,59.6,57.6,59.0,261000
2023-01-04,60.2,60.2,61.8,59.0,59.1,568000
2023-01-05,60.9,60.9,61.3,59.9,60.0,346000
2023-01-06,62.4,62.4,62.9,60.5,60.7,676000
2023-01-09,61.7,61.7,63.0,61.6,63.0,515000
2023-01-10,62.1,62.1,62.8,61.6,61.6,319000
2023-01-11,60.3,60.3,62.0,60.3,62.0,358000
2023-01-12,59.6,59.6,60.6,58.9,60.3,322000
2023-01-13,58.7,58.7,60.5,58.6,59.7,252000
2023-01-16,59.0,59.0,59.0,57.9,58.5,170000
2023-01-17,59.1,59.1,59.5,58.8,59.5,138000
2023-01-30,60.4,60.4,61.0,59.3,59.6,371000
2023-01-31,61.8,61.8,61.8,60.2,60.2,396000
2023-02-01,62.2,62.2,63.0,61.3,62.0,540000
2023-02-02,62.0,62.0,62.8,61.4,62.8,290000
2023-02-03,60.5,60.5,62.0,60.5,62.0,302000
2023-02-06,60.5,60.5,61.8,60.0,60.4,369000
2023-02-07,61.9,61.9,62.0,60.5,60.5,793000
2023-02-08,67.5,67.5,67.5,62.2,62.2,3844000
2023-02-09,63.1,63.1,64.1,62.1,63.5,2559000
2023-02-10,62.0,62.0,63.5,62.0,63.5,700000
2023-02-13,59.6,59.6,61.5,58.2,61.5,793000
2023-02-14,59.9,59.9,60.5,59.6,60.1,311000
2023-02-15,59.0,59.0,60.1,58.6,59.9,408000
2023-02-16,60.6,60.6,60.7,59.6,59.6,307000
2023-02-17,61.3,61.3,61.3,60.1,60.1,223000
2023-02-20,61.2,61.2,61.9,60.5,61.3,224000
2023-02-21,60.2,60.2,61.2,60.0,61.2,359000
2023-02-22,60.6,60.6,60.6,59.2,59.9,294000
2023-02-23,60.0,60.0,61.1,59.8,61.1,297000
2023-02-24,59.1,59.1,60.0,58.8,60.0,410000
2023-03-01,59.2,59.2,59.5,58.6,59.1,280000
2023-03-02,58.8,58.8,59.9,58.7,59.4,595000
2023-03-03,59.0,59.0,59.5,58.3,58.9,379000
2023-03-06,59.9,59.9,60.4,59.1,59.1,492000
2023-03-07,60.8,60.8,61.5,60.0,60.0,472000
2023-03-08,61.0,61.0,61.2,60.3,60.7,339000
2023-03-09,60.1,60.1,61.2,60.1,61.0,573000
2023-03-10,58.2,58.2,60.0,57.6,60.0,833000
2023-03-13,56.6,56.6,57.8,55.6,57.8,698000
2023-03-14,57.0,57.0,57.9,55.6,56.5,328000
2023-03-15,58.2,58.2,59.2,58.0,59.0,466000
2023-03-16,57.1,57.1,58.9,57.0,58.0,226000
2023-03-17,58.6,58.6,58.8,57.6,57.6,276000
2023-03-20,59.4,59.4,60.4,58.8,59.2,478000
2023-03-21,59.8,59.8,60.4,59.5,60.0,351000
2023-03-22,59.9,59.9,60.4,59.6,59.9,437000
2023-03-23,60.1,60.1,60.5,59.9,59.9,415000
2023-03-24,60.3,60.3,60.6,60.1,60.5,342000
2023-03-27,60.8,60.8,62.3,60.8,61.0,1002000
2023-03-28,59.6,59.6,61.0,59.6,61.0,324000
2023-03-29,59.3,59.3,60.1,59.0,59.8,240000
2023-03-30,60.0,60.0,60.2,59.0,59.8,265000
2023-03-31,60.0,60.0,60.5,59.7,60.4,257000
2023-04-06,59.5,59.5,60.5,59.0,59.6,386000
2023-04-07,59.7,59.7,60.1,59.5,59.6,177000
2023-04-10,60.3,60.3,60.6,59.3,59.3,455000
2023-04-11,60.4,60.4,60.9,60.0,60.4,547000
2023-04-12,60.4,60.4,60.9,60.4,60.8,389000
2023-04-13,60.4,60.4,61.0,60.1,60.8,255000
2023-04-14,60.3,60.3,60.6,60.0,60.6,261000
2023-04-17,60.5,60.5,60.9,60.3,60.4,286000
2023-04-18,60.3,60.3,61.0,60.2,60.9,345000
2023-04-19,60.2,60.2,60.9,60.0,60.3,388000
2023-04-20,57.3,57.3,60.3,57.1,60.3,1414000
2023-04-21,56.3,56.3,57.5,55.9,57.2,587000
2023-04-24,56.5,56.5,56.5,55.5,56.0,281000
2023-04-25,55.5,55.5,56.5,55.0,56.5,468000
2023-04-26,55.5,55.5,55.8,54.0,55.8,418000
2023-04-27,55.7,55.7,55.9,55.0,55.5,81000
2023-04-28,56.0,56.0,56.3,55.5,56.3,96000
2023-05-02,56.8,56.8,56.8,55.7,56.2,134000
2023-05-03,56.2,56.2,56.5,56.0,56.4,77000
2023-05-04,56.0,56.0,56.3,55.7,56.2,142000
2023-05-05,56.2,56.2,56.2,55.5,55.6,148000
2023-05-08,57.0,57.0,57.3,56.4,56.4,165000
2023-05-09,56.0,56.0,56.9,56.0,56.9,179000
2023-05-10,57.0,57.0,57.3,56.0,56.0,151000
2023-05-11,55.6,55.6,57.0,55.5,57.0,272000
2023-05-12,53.6,53.6,54.0,51.3,54.0,680000
2023-05-15,53.3,53.3,53.4,52.5,52.5,119000
2023-05-16,53.6,53.6,53.9,53.3,53.9,103000
2023-05-17,53.8,53.8,54.1,53.6,53.6,72000
2023-05-18,54.4,54.4,54.7,54.0,54.0,72000
2023-05-19,54.6,54.6,54.8,54.3,54.3,81000
2023-05-22,55.6,55.6,55.9,54.9,54.9,129000
2023-05-23,55.5,55.5,55.9,55.2,55.7,103000
2023-05-24,55.7,55.7,56.0,55.4,55.4,73000
2023-05-25,55.4,55.4,55.6,55.0,55.5,82000
2023-05-26,54.2,54.2,55.9,54.0,55.9,196000
2023-05-29,53.9,53.9,54.8,53.8,54.4,181000
2023-05-30,54.0,54.0,54.0,53.7,54.0,128000
2023-05-31,53.5,53.5,54.5,53.4,54.4,167000
2023-06-01,54.2,54.2,54.3,53.5,53.5,116000
2023-06-02,54.1,54.1,54.7,54.1,54.3,149000
2023-06-05,55.9,55.9,56.2,54.2,54.2,343000
2023-06-06,55.1,55.1,56.4,55.1,56.2,162000
2023-06-07,55.8,55.8,56.1,55.2,55.2,218000
2023-06-08,55.3,55.3,56.2,55.3,56.2,187000
2023-06-09,55.4,55.4,56.2,55.2,55.4,156000
2023-06-12,54.2,54.2,54.7,53.7,54.7,281000
2023-06-13,54.7,54.7,54.8,54.0,54.2,243000
2023-06-14,55.3,55.3,57.4,54.8,54.8,407000
2023-06-15,54.9,54.9,55.6,54.7,55.3,173000
2023-06-16,54.6,54.6,54.9,54.5,54.9,187000
2023-06-19,54.6,54.6,55.4,54.5,55.4,141000
2023-06-20,54.2,54.2,54.7,54.0,54.7,109000
2023-06-21,54.0,54.0,54.3,53.9,54.2,162000
2023-06-26,54.4,54.4,54.7,54.0,54.0,92000
2023-06-27,55.6,55.6,56.4,54.2,54.4,444000
2023-06-28,56.2,56.2,56.7,56.0,56.6,980000
2023-06-29,52.1,52.1,53.0,51.1,52.0,483000
2023-06-30,53.1,53.1,54.4,52.6,54.4,615000
2023-07-03,52.4,52.4,54.1,52.4,54.1,295000
2023-07-04,52.3,52.3,53.5,52.2,52.6,231000
2023-07-05,51.4,51.4,52.2,51.2,52.2,311000
2023-07-06,51.2,51.2,52.2,51.1,51.1,208000
2023-07-07,50.6,50.6,51.6,50.0,51.5,252000
2023-07-10,53.3,53.3,54.5,51.2,51.8,935000
2023-07-11,52.4,52.4,54.7,52.4,54.7,788000
2023-07-12,53.3,53.3,54.1,52.9,53.3,943000
2023-07-13,51.5,51.5,54.0,51.5,53.5,582000
2023-07-14,51.8,51.8,52.5,51.5,51.5,276000
2023-07-17,51.0,51.0,51.8,50.1,51.8,256000
2023-07-18,51.5,51.5,52.6,50.4,51.0,351000
2023-07-19,50.8,50.8,52.5,50.6,51.8,310000
2023-07-20,50.8,50.8,51.4,50.8,50.8,132000
2023-07-21,50.6,50.6,51.4,50.5,50.6,148000
2023-07-24,50.3,50.3,51.1,50.2,50.6,153000
2023-07-25,51.0,51.0,51.3,50.4,50.5,123000
2023-07-26,51.1,51.1,52.3,51.1,51.4,367000
2023-07-27,51.0,51.0,52.1,51.0,52.1,143000
2023-07-28,52.6,52.6,52.7,51.0,51.0,388000
2023-07-31,55.3,55.3,56.0,52.3,53.0,2318000
2023-08-01,55.8,55.8,59.0,54.8,57.1,3550000
2023-08-02,56.8,56.8,58.0,55.0,56.1,2091000
2023-08-04,58.3,58.3,59.2,55.7,56.8,4024000
2023-08-07,57.2,57.2,58.6,55.6,56.9,1847000
2023-08-08,59.5,59.5,61.0,58.5,59.5,6016000
2023-08-09,58.4,58.4,60.2,58.3,58.8,1984000
2023-08-10,56.0,56.0,58.0,55.7,58.0,1181000
2023-08-11,54.3,54.3,55.4,53.9,55.1,1087000
2023-08-14,52.6,52.6,54.9,52.4,54.5,484000
2023-08-15,53.0,53.0,53.8,52.9,53.4,231000
2023-08-16,53.1,53.1,53.3,51.7,52.8,414000
2023-08-17,53.2,53.2,53.6,52.3,52.9,203000
2023-08-18,52.3,52.3,53.9,52.1,53.8,243000
2023-08-21,51.8,51.8,52.4,51.5,52.0,275000
2023-08-22,51.1,51.1,52.4,51.1,52.3,299000
2023-08-23,51.2,51.2,51.9,51.1,51.1,157000
2023-08-24,51.6,51.6,52.9,51.2,51.6,344000
2023-08-25,51.4,51.4,51.9,50.8,51.5,124000
2023-08-28,51.0,51.0,51.9,51.0,51.9,141000
2023-08-29,50.5,50.5,51.3,50.0,51.1,497000
2023-08-30,51.4,51.4,51.6,50.5,50.6,193000
2023-08-31,52.3,52.3,52.4,51.3,51.4,241000
2023-09-01,51.8,51.8,52.4,51.8,52.3,167000
2023-09-04,51.4,51.4,51.7,51.1,51.7,118000
2023-09-05,51.6,51.6,52.1,51.4,51.4,173000
2023-09-06,51.5,51.5,52.0,51.4,51.8,140000
2023-09-07,51.5,51.5,52.5,51.5,51.5,178000
2023-09-08,51.0,51.0,51.6,50.8,51.5,128000
2023-09-11,49.1,49.1,51.0,49.1,51.0,578000
2023-09-12,48.25,48.25,49.05,48.0,49.05,277000
2023-09-13,50.6,50.6,50.6,48.7,48.7,197000
2023-09-14,51.4,51.4,51.7,50.7,51.0,254000
2023-09-15,50.3,50.3,51.9,50.2,51.8,171000
2023-09-18,50.3,50.3,51.0,50.1,50.2,129000
2023-09-19,49.9,49.9,50.5,49.85,50.5,109000
2023-09-20,49.7,49.7,50.5,49.7,50.0,99000
2023-09-21,50.3,50.3,50.8,50.0,50.8,171000
2023-09-22,49.95,49.95,50.2,49.3,50.0,112000
2023-09-25,50.0,50.0,50.5,50.0,50.1,82000
2023-09-26,49.5,49.5,50.1,49.5,50.0,70000
2023-09-27,50.0,50.0,50.4,49.45,49.5,101000
2023-09-28,50.9,50.9,52.3,50.0,50.0,402000
2023-10-02,55.0,55.0,55.4,51.1,51.9,1129000
2023-10-03,55.3,55.3,57.0,55.3,56.3,2726000
2023-10-04,53.8,53.8,54.4,53.3,54.4,521000
2023-10-05,53.9,53.9,54.8,53.9,53.9,285000
2023-10-06,54.0,54.0,54.6,53.0,54.6,261000
2023-10-11,50.7,50.7,53.9,50.5,53.6,427000
2023-10-12,51.7,51.7,52.0,50.8,50.9,112000
2023-10-13,51.6,51.6,52.0,50.8,50.8,78000
2023-10-16,51.0,51.0,51.6,50.5,51.6,116000
2023-10-17,50.5,50.5,51.0,50.5,51.0,105000
2023-10-18,49.8,49.8,50.4,49.8,50.2,184000
2023-10-19,50.1,50.1,50.6,49.55,49.75,67000
2023-10-20,50.2,50.2,50.6,49.4,49.8,80000
2023-10-23,49.8,49.8,51.0,49.8,49.8,102000
2023-10-24,49.8,49.8,50.4,49.4,49.9,85000
2023-10-25,50.5,50.5,51.2,49.95,50.3,167000
2023-10-26,50.5,50.5,51.0,49.95,51.0,115000
2023-10-27,49.9,49.9,50.8,49.9,50.5,62000
2023-10-30,49.8,49.8,50.3,49.8,49.9,52000
2023-10-31,49.25,49.25,50.4,49.2,49.8,105000
2023-11-01,49.1,49.1,49.75,49.0,49.35,80000
2023-11-02,50.1,50.1,50.1,49.35,49.35,24000
2023-11-03,49.95,49.95,50.4,49.85,50.4,35000
2023-11-06,50.6,50.6,50.7,49.95,50.0,129000
2023-11-07,49.8,49.8,50.6,49.7,50.6,83000
2023-11-08,50.5,50.5,51.4,49.75,49.9,186000
2023-11-09,50.3,50.3,50.5,50.1,50.2,67000
2023-11-10,49.8,49.8,50.5,49.8,50.5,49000
2023-11-13,50.2,50.2,50.3,49.35,49.8,92000
2023-11-14,49.85,49.85,50.2,49.8,50.2,45000
2023-11-15,50.4,50.4,51.0,49.9,49.9,115000
2023-11-16,49.95,49.95,50.4,49.9,50.4,47000
2023-11-17,50.4,50.4,50.6,50.0,50.0,60000
2023-11-20,50.2,50.2,50.4,49.85,50.1,54000
2023-11-21,50.8,50.8,51.3,50.3,50.3,194000
2023-11-22,52.7,52.7,53.0,51.0,51.0,493000
2023-11-23,51.8,51.8,53.0,51.6,53.0,167000
2023-11-24,52.2,52.2,52.6,51.6,51.9,138000
2023-11-27,51.7,51.7,52.2,51.5,52.2,125000
2023-11-28,51.9,51.9,51.9,51.5,51.5,36000
2023-11-29,53.4,53.4,54.2,52.3,52.3,586000
2023-11-30,52.7,52.7,55.5,52.7,55.5,774000
2023-12-01,53.0,53.0,55.0,52.8,52.8,525000
2023-12-04,53.5,53.5,53.7,52.5,53.4,204000
2023-12-05,52.7,52.7,53.4,52.5,53.1,101000
2023-12-06,52.7,52.7,53.4,52.7,52.7,146000
2023-12-07,52.9,52.9,54.1,52.7,52.8,188000
2023-12-08,52.6,52.6,53.2,52.5,53.2,109000
2023-12-11,52.6,52.6,53.5,52.6,53.0,104000
2023-12-12,52.7,52.7,53.5,52.5,52.7,82000
2023-12-13,53.3,53.3,53.6,52.9,53.5,141000
2023-12-14,53.3,53.3,54.2,53.0,53.6,188000
2023-12-15,52.9,52.9,53.6,52.9,53.6,113000
2023-12-18,52.7,52.7,53.1,52.7,53.0,67000
2023-12-19,52.0,52.0,52.9,51.9,52.8,104000
2023-12-20,52.4,52.4,53.0,52.0,52.0,55000
2023-12-21,51.9,51.9,52.5,51.9,52.3,38000
2023-12-22,51.5,51.5,52.1,51.3,52.0,83000
2023-12-25,51.5,51.5,51.8,51.4,51.7,38000
2023-12-26,51.9,51.9,51.9,51.2,51.2,44000
2023-12-27,51.5,51.5,52.2,51.5,51.9,53000
2023-12-28,51.4,51.4,51.9,51.4,51.5,65000
2023-12-29,51.3,51.3,51.5,51.1,51.5,47000
2024-01-02,51.1,51.1,51.6,51.0,51.2,41000
2024-01-03,51.0,51.0,51.3,51.0,51.0,50000
2024-01-04,50.6,50.6,51.2,50.5,51.0,91000
2024-01-05,50.4,50.4,50.5,50.0,50.3,108000
2024-01-08,50.2,50.2,50.7,50.1,50.6,96000
2024-01-09,50.0,50.0,50.3,50.0,50.0,81000
2024-01-10,49.95,49.95,50.2,49.8,50.1,37000
2024-01-11,49.55,49.55,49.9,49.45,49.7,106000
2024-01-12,49.3,49.3,49.7,49.15,49.4,84000
2024-01-15,49.35,49.35,50.0,49.35,50.0,36000
2024-01-16,49.6,49.6,49.7,49.15,49.3,46000
2024-01-17,49.6,49.6,49.75,49.35,49.45,55000
2024-01-18,49.75,49.75,50.1,49.45,50.1,27000
2024-01-19,54.0,54.0,54.7,50.1,50.1,4844000
2024-01-22,52.9,52.9,55.4,52.9,53.5,1287000
2024-01-23,52.9,52.9,55.0,52.5,52.5,578000
2024-01-24,55.2,55.2,56.5,52.7,53.9,1952000
2024-01-25,56.9,56.9,58.2,55.5,56.3,3647000
2024-01-26,55.8,55.8,58.1,55.1,56.3,1469000
2024-01-29,58.2,58.2,58.3,55.9,55.9,1629000
2024-01-30,57.9,57.9,59.2,57.4,59.0,1580000
2024-01-31,58.3,58.3,59.1,57.1,57.8,1310000
2024-02-01,56.6,56.6,58.9,56.6,58.0,945000
2024-02-02,56.7,56.7,57.2,55.6,56.8,844000
2024-02-05,58.1,58.1,58.9,57.0,57.0,1829000
2024-02-15,59.3,59.3,59.3,56.9,58.4,1506000
2024-02-16,58.7,58.7,59.7,58.2,59.6,927000
2024-02-19,58.1,58.1,59.2,58.1,59.2,616000
2024-02-20,56.5,56.5,58.5,56.0,58.2,1199000
2024-02-21,56.8,56.8,57.6,56.2,57.0,731000
2024-02-22,59.2,59.2,59.4,57.3,57.8,1467000
2024-02-23,58.0,58.0,61.2,58.0,59.6,2107000
2024-02-26,58.3,58.3,59.0,57.9,58.9,424000
2024-02-27,56.7,56.7,58.7,56.0,58.6,1010000
2024-02-29,56.9,56.9,57.1,56.6,56.7,276000
2024-03-01,56.2,56.2,57.6,56.1,57.2,440000
2024-03-04,56.5,56.5,56.9,56.2,56.5,401000
2024-03-05,56.1,56.1,56.5,56.0,56.5,522000
2024-03-06,57.4,57.4,58.1,55.9,55.9,415000
2024-03-07,56.8,56.8,58.9,56.5,58.5,528000
2024-03-08,55.5,55.5,57.0,55.2,57.0,432000
2024-03-11,54.1,54.1,55.4,54.1,55.4,369000
2024-03-12,54.7,54.7,55.1,53.1,53.1,257000
2024-03-13,52.7,52.7,55.1,52.7,54.7,415000
2024-03-14,52.0,52.0,53.0,51.7,52.7,284000
2024-03-15,51.6,51.6,53.0,50.8,52.1,365000
2024-03-18,52.2,52.2,52.4,51.6,51.6,141000
2024-03-19,51.9,51.9,52.4,51.8,52.4,168000
2024-03-20,51.8,51.8,52.5,51.3,51.9,208000
2024-03-21,52.0,52.0,52.3,51.8,52.3,122000
2024-03-22,51.6,51.6,52.0,51.4,52.0,169000
2024-03-25,53.4,53.4,53.9,51.6,51.6,334000
2024-03-26,52.0,52.0,53.5,51.5,53.5,278000
2024-03-27,53.0,53.0,53.5,52.0,52.0,227000
2024-03-28,52.6,52.6,53.9,52.5,53.6,349000
2024-03-29,51.8,51.8,52.6,51.7,52.6,261000
2024-04-01,52.3,52.3,52.7,51.8,51.9,224000
2024-04-02,53.3,53.3,53.8,52.2,53.0,255000
2024-04-03,53.0,53.0,53.4,52.4,53.1,153000
2024-04-08,52.3,52.3,53.3,52.2,53.2,241000
2024-04-09,52.6,52.6,52.8,52.3,52.6,105000
2024-04-10,53.1,53.1,53.8,52.6,52.8,168000
2024-04-11,51.9,51.9,53.0,51.6,53.0,200000
2024-04-12,51.4,51.4,52.2,51.4,52.1,182000
2024-04-15,52.8,52.8,53.4,52.0,53.3,448000
2024-04-16,50.5,50.5,52.6,50.1,52.5,397000
2024-04-17,51.6,51.6,51.8,51.0,51.0,80000
2024-04-18,51.0,51.0,51.9,51.0,51.6,49000
2024-04-19,50.0,50.0,50.9,49.25,50.8,323000
2024-04-22,49.5,49.5,50.5,49.4,50.5,170000
2024-04-23,50.0,50.0,50.3,49.45,50.3,100000
2024-04-24,50.8,50.8,50.9,50.1,50.2,72000
2024-04-25,50.5,50.5,50.8,50.5,50.5,26000
2024-04-26,50.4,50.4,50.9,50.4,50.5,72000
2024-04-29,50.8,50.8,52.2,50.5,51.2,128000
2024-04-30,50.6,50.6,50.9,50.4,50.9,70000
2024-05-02,50.3,50.3,51.0,50.3,51.0,71000
2024-05-03,50.2,50.2,50.8,50.1,50.6,93000
2024-05-06,51.5,51.5,51.9,50.2,50.2,203000
2024-05-07,51.8,51.8,53.5,51.6,52.7,233000
2024-05-08,52.6,52.6,52.6,51.5,51.8,85000
2024-05-09,51.4,51.4,52.8,51.2,52.8,87000
2024-05-10,50.6,50.6,51.4,50.0,51.4,179000
2024-05-13,51.1,51.1,51.4,50.3,50.7,74000
2024-05-14,52.0,52.0,52.4,51.2,51.3,115000
2024-05-15,50.6,50.6,51.5,50.1,51.5,297000
2024-05-16,50.7,50.7,51.2,50.7,51.0,88000
2024-05-17,50.9,50.9,51.4,50.7,50.8,45000
2024-05-20,51.4,51.4,52.3,50.9,51.0,173000
2024-05-21,53.9,53.9,54.2,51.4,51.6,500000
2024-05-22,56.8,56.8,59.2,55.0,55.0,3058000
2024-05-23,56.4,56.4,58.3,55.1,57.4,1677000
2024-05-24,57.1,57.1,57.7,55.2,55.3,899000
2024-05-27,59.4,59.4,62.0,58.2,58.7,3436000
2024-05-28,57.9,57.9,60.4,57.6,59.3,1587000
2024-05-29,63.5,63.5,63.6,57.3,58.4,6210000
2024-05-30,60.8,60.8,66.1,60.8,62.8,6496000
2024-05-31,60.2,60.2,62.5,60.1,61.5,1743000
2024-06-03,59.7,59.7,61.2,59.0,61.2,1170000
2024-06-04,61.1,61.1,64.1,59.2,59.2,3393000
2024-06-05,59.7,59.7,62.2,59.0,61.4,1224000
2024-06-06,57.5,57.5,61.3,57.5,60.5,974000
2024-06-07,61.9,61.9,63.2,60.3,61.5,3741000
2024-06-11,59.6,59.6,63.0,58.8,63.0,1505000
2024-06-12,61.4,61.4,61.6,59.8,60.3,1038000
2024-06-13,62.4,62.4,63.2,60.8,61.6,2223000
2024-06-14,60.8,60.8,62.7,60.8,62.7,1587000
2024-06-17,65.7,65.7,65.7,61.4,61.4,4161000
2024-06-18,64.0,64.0,66.5,62.7,66.5,4378000
2024-06-19,65.0,65.0,66.0,63.3,64.2,3950000
2024-06-20,71.5,71.5,71.5,66.5,66.5,8036000
2024-06-21,78.6,78.6,78.6,72.5,74.1,8886000
2024-06-24,84.6,84.6,86.4,82.0,85.0,17478000
2024-06-25,78.6,78.6,90.1,78.3,86.0,17940000
2024-06-26,79.8,79.8,86.4,78.2,82.0,16846000
2024-06-27,74.6,74.6,79.9,74.2,78.5,6862000
2024-06-28,77.7,77.7,79.4,75.2,75.4,5072000
2024-07-01,83.8,83.8,85.0,78.3,79.7,13033000
2024-07-02,83.3,83.3,84.5,80.4,84.1,6269000
2024-07-03,81.5,81.5,85.3,81.4,84.7,3885000
2024-07-04,89.6,89.6,89.6,81.5,82.4,12453000
2024-07-05,93.2,93.2,98.0,90.1,94.0,26349000
2024-07-08,88.8,88.8,97.4,87.1,93.0,11766000
2024-07-09,88.8,88.8,91.5,83.8,89.5,6589000
2024-07-10,89.2,89.2,93.0,85.0,87.0,7550000
2024-07-11,87.0,87.0,91.7,85.6,90.5,4762000
2024-07-12,84.7,84.7,87.5,84.6,86.0,2653000
2024-07-15,82.0,82.0,85.3,82.0,85.1,2892000
2024-07-16,81.9,81.9,84.4,81.7,82.1,1959000
2024-07-17,88.2,88.2,89.8,82.4,82.4,6618000
2024-07-18,85.9,85.9,89.5,85.4,86.7,4608000
2024-07-19,89.5,89.5,93.9,86.1,86.1,13065000
2024-07-22,98.4,98.4,98.4,87.1,91.2,20129000
2024-07-23,88.7,88.7,104.5,88.6,102.5,31967000
2024-07-26,86.5,86.5,93.9,84.4,85.0,15706000
2024-07-29,89.2,89.2,92.8,87.0,87.9,15631000
2024-07-30,93.1,93.1,93.9,86.3,89.2,16025000
2024-07-31,93.1,93.1,97.2,90.5,92.0,16154000
2024-08-01,96.8,96.8,101.5,95.6,96.4,22540000
2024-08-02,92.4,92.4,97.9,92.0,93.0,9418000
2024-08-05,83.2,83.2,89.2,83.2,89.2,4178000
2024-08-06,78.2,78.2,87.0,75.0,85.5,6189000
2024-08-07,86.0,86.0,86.0,78.9,79.4,3429000
2024-08-08,88.0,88.0,89.7,84.2,85.4,8296000
2024-08-09,89.0,89.0,94.5,88.5,89.1,15509000
2024-08-12,89.9,89.9,93.0,89.1,91.4,7041000
2024-08-13,90.5,90.5,91.8,87.3,90.7,4315000
2024-08-14,92.8,92.8,98.6,91.4,92.5,12685000
2024-08-15,94.8,94.8,98.0,92.5,93.6,13583000
2024-08-16,104.0,104.0,104.0,96.1,98.6,16713000
2024-08-19,114.0,114.0,114.0,103.5,107.0,14058000
2024-08-20,112.0,112.0,118.0,109.0,117.0,23774000
2024-08-21,111.5,111.5,120.5,110.5,112.5,23486000
2024-08-22,107.0,107.0,114.0,106.0,112.5,8975000
2024-08-23,112.5,112.5,117.0,104.5,106.0,17515000
2024-08-26,110.5,110.5,115.5,107.0,113.5,10101000
2024-08-27,120.0,120.0,120.0,108.5,110.0,17208000
2024-08-28,118.0,118.0,125.0,115.0,120.0,20742000
2024-08-29,122.5,122.5,125.0,116.0,116.0,19060000
2024-08-30,116.0,116.0,124.0,116.0,123.5,9379000
2024-09-02,113.5,113.5,118.5,112.0,117.0,5308000
2024-09-03,111.5,111.5,117.5,111.5,114.0,5217000
2024-09-04,106.5,106.5,111.0,103.0,105.0,5425000
2024-09-05,100.5,100.5,109.5,100.5,109.0,5529000
2024-09-06,96.0,96.0,102.0,96.0,100.5,6381000
2024-09-09,100.0,100.0,101.0,93.8,93.9,6993000
2024-09-10,95.8,95.8,100.5,92.5,100.0,7296000
2024-09-11,91.0,91.0,95.2,91.0,94.6,5294000
2024-09-12,92.5,92.5,95.0,92.1,92.8,3842000
2024-09-13,96.1,96.1,100.0,92.8,93.1,9736000
2024-09-16,96.5,96.5,97.2,93.5,96.5,4000000
2024-09-18,95.1,95.1,97.0,94.6,95.5,2127000
2024-09-19,104.0,104.0,104.0,93.9,96.3,10754000
2024-09-20,114.0,114.0,114.0,107.0,107.0,12714000
2024-09-23,111.5,111.5,117.0,110.0,116.0,21468000
2024-09-24,110.5,110.5,114.0,107.0,112.0,4848000
2024-09-25,111.5,111.5,114.0,109.0,112.5,5149000
2024-09-26,108.0,108.0,115.0,108.0,114.0,7328000
2024-09-27,106.0,106.0,111.0,105.0,109.0,2878000
2024-09-30,104.0,104.0,107.5,104.0,105.5,1503000
2024-10-01,108.5,108.5,111.0,103.0,106.0,6376000
2024-10-04,97.7,97.7,108.0,97.7,107.5,5696000
2024-10-07,98.3,98.3,100.5,95.5,98.0,4323000
2024-10-08,97.0,97.0,100.0,96.6,98.3,2655000
2024-10-09,93.5,93.5,98.4,93.2,97.6,3392000
2024-10-11,90.0,90.0,95.0,90.0,93.5,3473000
2024-10-14,90.5,90.5,91.4,89.0,90.2,1890000
2024-10-15,92.8,92.8,95.0,91.1,91.6,3048000
2024-10-16,93.2,93.2,94.3,91.0,91.5,1568000
2024-10-17,97.5,97.5,98.4,93.1,93.1,3898000
2024-10-18,92.2,92.2,99.0,92.2,97.8,4073000
2024-10-21,96.5,96.5,97.5,91.5,92.6,4412000
2024-10-22,94.9,94.9,96.5,93.8,96.5,2022000
2024-10-23,104.0,104.0,104.0,94.0,95.2,8603000
2024-10-24,101.5,101.5,113.5,101.5,108.0,27738000
2024-10-25,102.0,102.0,104.5,100.5,102.5,5997000
2024-10-28,98.7,98.7,103.5,97.2,103.5,4906000
2024-10-29,96.3,96.3,101.0,96.3,98.0,4631000
2024-10-30,95.0,95.0,98.0,95.0,96.8,2331000
2024-11-01,96.5,96.5,97.2,91.8,92.5,2069000
2024-11-04,96.0,96.0,96.4,94.2,95.6,1331000
2024-11-05,99.5,99.5,101.0,95.6,95.6,3934000
2024-11-06,99.0,99.0,101.0,98.3,99.9,2435000
2024-11-07,104.0,104.0,107.0,100.0,100.0,6191000
2024-11-08,103.0,103.0,107.0,101.0,106.0,3751000
2024-11-11,104.0,104.0,106.0,102.0,105.0,3112000
2024-11-12,99.5,99.5,103.0,99.3,103.0,2040000
2024-11-13,97.9,97.9,101.0,97.3,99.4,1604000
2024-11-14,107.5,107.5,107.5,102.5,103.0,4383000
2024-11-15,109.0,109.0,113.0,107.0,109.5,22395000
2024-11-18,98.1,98.1,108.5,98.1,108.5,8099000
2024-11-19,100.5,100.5,102.5,96.6,98.9,5855000
2024-11-20,101.0,101.0,101.5,98.5,100.5,2862000
2024-11-21,98.8,98.8,103.5,98.8,102.0,4430000
2024-11-22,97.3,97.3,102.0,97.1,100.0,3314000
2024-11-25,100.5,100.5,102.0,97.2,97.2,3070000
2024-11-26,98.0,98.0,100.5,97.8,99.7,1927000
2024-11-27,94.8,94.8,98.9,94.5,98.6,1909000
2024-11-28,95.6,95.6,96.5,93.8,95.5,1492000
2024-11-29,96.4,96.4,96.4,94.6,95.0,866000
2024-12-02,98.2,98.2,99.2,96.8,98.5,1480000
2024-12-03,97.4,97.4,100.5,97.0,99.0,1690000
2024-12-04,99.0,99.0,99.9,98.3,98.8,1295000
2024-12-05,97.7,97.7,100.5,97.7,99.5,1757000
2024-12-06,95.5,95.5,99.8,95.2,98.0,1507000
2024-12-09,93.7,93.7,96.1,93.5,96.0,1180000
2024-12-10,92.1,92.1,96.3,92.1,94.0,1327000
2024-12-11,85.0,85.0,88.8,83.2,88.7,3052000
2024-12-12,84.7,84.7,86.6,84.7,85.6,1064000
2024-12-13,82.0,82.0,85.4,81.3,85.2,1344000
2024-12-16,82.1,82.1,86.3,81.7,83.8,1206000
2024-12-17,83.8,83.8,84.7,82.7,84.5,861000
2024-12-18,83.4,83.4,84.2,82.6,83.6,496000
2024-12-19,82.1,82.1,82.9,81.4,82.1,493000
2024-12-20,83.4,83.4,84.3,82.0,82.0,548000
2024-12-23,87.5,87.5,89.6,83.9,83.9,2602000
2024-12-24,89.3,89.3,89.6,85.6,88.9,1941000
2024-12-25,89.8,89.8,94.8,88.8,89.3,2879000
2024-12-26,87.6,87.6,90.5,87.6,89.0,931000
2024-12-27,85.7,85.7,88.8,85.7,88.1,576000
2024-12-30,84.7,84.7,86.0,84.7,86.0,380000
2024-12-31,83.6,83.6,85.2,83.6,84.2,451000
2025-01-02,86.1,86.1,89.0,83.8,83.8,2271000
2025-01-03,84.3,84.3,88.2,84.2,88.0,1239000
2025-01-06,84.6,84.6,87.0,83.8,87.0,631000
2025-01-07,85.5,85.5,86.5,85.1,85.4,748000
2025-01-08,83.7,83.7,85.8,83.7,85.5,541000
2025-01-09,82.0,82.0,84.7,81.5,84.7,680000
2025-01-10,78.9,78.9,81.9,78.2,81.1,1023000
2025-01-13,76.7,76.7,78.8,75.0,78.6,699000
2025-01-14,79.3,79.3,79.3,77.0,77.9,469000
2025-01-15,78.9,78.9,80.4,78.0,79.9,340000
2025-01-16,81.0,81.0,81.2,80.3,80.9,584000
2025-01-17,79.1,79.1,82.0,79.1,81.5,438000
2025-01-20,80.7,80.7,82.2,79.6,80.1,597000
2025-01-21,81.0,81.0,81.3,79.9,81.0,276000
2025-01-22,79.4,79.4,81.9,79.0,81.2,478000
2025-02-03,76.5,76.5,77.2,75.0,76.1,354000
2025-02-04,75.4,75.4,78.6,75.4,78.5,249000
2025-02-05,78.0,78.0,78.0,76.4,76.5,387000
2025-02-06,78.1,78.1,79.3,78.1,78.5,232000
2025-02-07,78.4,78.4,79.0,77.9,78.1,185000
2025-02-10,75.1,75.1,77.0,75.0,77.0,617000
2025-02-11,75.7,75.7,76.4,75.1,76.4,322000
2025-02-12,76.3,76.3,79.2,76.1,76.1,613000
2025-02-13,77.3,77.3,78.0,76.5,76.5,269000
2025-02-14,76.9,76.9,77.6,76.5,77.5,188000
2025-02-17,77.9,77.9,78.1,76.8,77.2,222000
2025-02-18,80.0,80.0,80.8,78.0,78.1,682000
2025-02-19,88.0,88.0,88.0,84.0,84.0,6139000
2025-02-20,91.1,91.1,94.0,88.5,90.0,10873000
2025-02-21,88.9,88.9,90.5,88.4,90.5,2074000
2025-02-24,89.3,89.3,91.5,88.5,88.9,1503000
2025-02-25,86.4,86.4,89.2,85.5,88.7,1090000
2025-02-26,85.7,85.7,87.3,85.5,86.5,614000
2025-02-27,85.2,85.2,86.7,83.3,86.3,699000
2025-03-03,83.6,83.6,89.0,83.6,84.6,1750000
2025-03-04,84.2,84.2,84.6,81.5,82.0,576000
2025-03-05,85.7,85.7,88.7,85.0,85.0,1697000
2025-03-06,84.0,84.0,86.7,84.0,86.0,417000
2025-03-07,81.4,81.4,84.4,81.2,83.4,677000
2025-03-10,80.2,80.2,81.9,80.1,81.5,448000
2025-03-11,80.5,80.5,81.1,76.7,79.2,587000
2025-03-12,79.6,79.6,81.8,79.6,81.8,346000
2025-03-13,77.5,77.5,81.1,77.4,80.9,421000
2025-03-14,78.6,78.6,79.3,77.0,77.6,370000
2025-03-17,78.6,78.6,80.2,78.5,80.2,247000
2025-03-18,79.4,79.4,79.8,78.6,79.1,251000
2025-03-19,78.0,78.0,79.4,78.0,78.9,249000
2025-03-20,78.8,78.8,79.2,78.4,78.5,200000
2025-03-21,78.5,78.5,80.5,78.4,80.0,399000
2025-03-24,77.0,77.0,79.1,77.0,78.6,257000
2025-03-25,76.5,76.5,78.0,76.5,78.0,192000
2025-03-26,76.6,76.6,77.4,76.5,77.0,138000
2025-03-27,75.2,75.2,76.2,75.1,75.7,153000
2025-03-28,71.8,71.8,75.8,71.6,75.8,486000
2025-03-31,65.8,65.8,69.5,65.4,68.9,1179000
2025-04-01,68.6,68.6,69.6,66.6,66.9,441000
2025-04-02,69.2,69.2,69.7,67.5,69.7,159000
2025-04-07,62.3,62.3,62.3,62.3,62.3,28000
2025-04-08,56.1,56.1,56.1,56.1,56.1,168000
2025-04-09,50.5,50.5,51.6,50.5,50.5,788000
2025-04-10,55.5,55.5,55.5,54.1,54.1,586000
2025-04-11,55.2,55.2,55.4,49.95,51.9,910000
2025-04-14,57.0,57.0,60.1,56.4,59.8,636000
2025-04-15,60.7,60.7,61.8,57.6,57.6,725000
2025-04-16,58.2,58.2,60.4,58.2,60.4,469000
2025-04-17,59.0,59.0,60.0,57.0,58.2,380000
2025-04-18,58.9,58.9,59.8,58.2,59.1,232000
2025-04-21,56.0,56.0,61.0,56.0,59.1,1629000
2025-04-22,61.6,61.6,61.6,54.7,56.0,3108000
2025-04-23,67.7,67.7,67.7,66.1,66.1,1603000
2025-04-24,69.1,69.1,72.8,66.1,68.2,11193000
2025-04-25,71.1,71.1,74.0,70.1,72.5,6705000
2025-04-28,68.6,68.6,70.8,68.3,69.4,2072000
2025-04-29,75.4,75.4,75.4,69.1,69.2,3492000
2025-04-30,74.8,74.8,77.9,71.1,75.9,7771000
2025-05-02,72.8,72.8,75.7,72.8,75.6,2504000
2025-05-05,68.5,68.5,73.1,67.8,73.0,1500000
2025-05-06,68.7,68.7,71.0,67.8,68.4,1172000
2025-05-07,67.6,67.6,69.3,67.2,69.3,701000
2025-05-08,71.3,71.3,73.8,68.2,68.2,2702000
2025-05-09,70.9,70.9,71.4,69.5,71.4,1002000
2025-05-12,70.0,70.0,70.9,68.3,68.5,1127000
2025-05-13,70.6,70.6,73.9,69.6,71.7,1992000
2025-05-14,70.8,70.8,72.4,70.7,71.6,832000
2025-05-15,70.5,70.5,71.9,70.2,71.0,885000
2025-05-16,72.6,72.6,76.0,71.1,71.2,5442000
2025-05-19,70.4,70.4,72.4,68.9,72.3,1003000
2025-05-20,69.8,69.8,71.2,69.0,70.5,421000
2025-05-21,69.7,69.7,70.2,69.2,70.2,325000
2025-05-22,70.2,70.2,71.9,68.4,69.7,1060000
2025-05-23,69.2,69.2,72.4,69.2,70.5,820000
2025-05-26,69.3,69.3,70.5,69.1,69.5,457000
2025-05-27,67.1,67.1,69.8,67.1,69.5,518000
2025-05-28,66.6,66.6,68.9,66.5,68.5,457000
2025-05-29,67.3,67.3,67.5,66.1,67.4,203000
2025-06-02,66.3,66.3,67.0,65.9,67.0,148000
2025-06-03,66.1,66.1,67.9,66.1,66.8,223000
2025-06-04,67.0,67.0,67.4,66.5,66.5,266000
2025-06-05,69.3,69.3,71.5,67.6,67.6,1890000
2025-06-06,68.7,68.7,70.7,68.7,69.6,801000
2025-06-09,68.1,68.1,69.3,67.9,69.3,271000
2025-06-10,70.2,70.2,72.5,70.1,70.1,2263000
2025-06-11,69.6,69.6,70.5,69.0,70.0,599000
2025-06-12,72.0,72.0,72.9,69.4,70.2,1323000
2025-06-13,69.8,69.8,71.6,69.7,71.6,560000
2025-06-16,69.3,69.3,69.6,68.7,69.5,278000
2025-06-17,71.5,71.5,72.0,69.5,69.5,824000
2025-06-18,70.0,70.0,72.0,69.7,71.9,699000
2025-06-19,69.0,69.0,70.4,68.8,70.0,348000
2025-06-20,68.0,68.0,69.5,67.1,69.0,297000
2025-06-23,67.8,67.8,68.2,65.0,65.4,511000
2025-06-24,69.3,69.3,70.2,68.7,68.9,445000
2025-06-25,69.6,69.6,70.9,69.2,70.9,267000
2025-06-26,71.0,71.0,72.8,69.5,69.5,1016000
2025-06-27,69.0,69.0,72.0,68.0,68.5,2275000
2025-06-30,70.5,70.5,72.2,69.9,70.6,3317000
2025-07-01,69.7,69.7,71.9,69.2,70.6,1051000
2025-07-02,68.5,68.5,69.7,68.3,69.7,438000
2025-07-03,68.6,68.6,70.2,68.5,68.8,572000
2025-07-04,67.6,67.6,70.9,67.1,68.9,871000
2025-07-07,66.0,66.0,67.6,65.9,67.6,300000
2025-07-08,64.7,64.7,66.0,64.3,65.6,241000
2025-07-09,65.5,65.5,65.8,64.7,64.7,152000
2025-07-10,64.5,64.5,66.3,64.4,65.2,225000
2025-07-11,66.1,66.1,66.5,64.9,65.6,301000
2025-07-14,64.8,64.8,66.3,64.4,66.3,145000
2025-07-15,64.3,64.3,65.2,64.2,65.0,206000
2025-07-16,68.4,68.4,69.5,64.8,65.7,2521000
2025-07-17,68.0,68.0,69.0,67.6,68.6,578000
2025-07-18,67.5,67.5,68.6,67.2,68.5,326000
2025-07-21,67.5,67.5,67.9,66.8,67.1,202000
2025-07-22,64.5,64.5,67.8,64.5,67.6,486000
2025-07-23,65.0,65.0,65.7,64.7,65.0,224000
2025-07-24,66.3,66.3,68.4,64.6,65.7,794000
2025-07-25,65.6,65.6,67.4,65.2,67.4,334000
2025-07-28,65.4,65.4,66.0,65.0,65.7,148000
2025-07-29,64.7,64.7,65.9,64.3,65.2,331000
2025-07-30,64.3,64.3,64.8,64.0,64.8,249000
2025-07-31,63.8,63.8,64.3,63.8,64.3,196000
2025-08-01,64.8,64.8,64.8,62.0,62.5,248000
2025-08-04,65.2,65.2,65.5,63.9,64.0,164000
2025-08-05,66.1,66.1,66.1,65.4,65.6,336000
2025-08-06,65.5,65.5,66.2,65.3,65.9,168000
2025-08-07,66.6,66.6,67.6,66.0,66.3,522000
2025-08-08,66.2,66.2,67.6,66.0,67.1,268000
2025-08-11,64.8,64.8,65.7,64.8,65.3,254000
2025-08-12,64.8,64.8,65.5,64.6,65.0,158000
2025-08-13,65.3,65.3,66.7,64.7,65.6,384000
2025-08-14,68.8,68.8,70.4,67.2,67.6,2182000
2025-08-15,68.4,68.4,69.8,68.1,68.9,669000
2025-08-18,70.8,70.8,71.9,68.4,68.5,1433000
2025-08-19,70.7,70.7,71.7,69.8,70.8,1003000
2025-08-20,67.5,67.5,70.4,67.4,70.4,721000
2025-08-21,68.3,68.3,68.8,67.9,68.8,351000
2025-08-22,68.9,68.9,70.4,68.1,68.7,605000
2025-08-25,70.0,70.0,70.8,69.5,70.6,564000
2025-08-26,70.8,70.8,70.8,68.8,70.0,412000
2025-08-27,71.7,71.7,73.0,70.7,71.5,1395000
2025-08-28,71.7,71.7,74.3,71.2,71.5,1746000
2025-08-29,71.7,71.7,73.5,71.7,73.1,935000
2025-09-01,69.0,69.0,70.8,68.1,70.8,783000
2025-09-02,69.2,69.2,69.9,67.3,69.9,464000
2025-09-03,68.6,68.6,69.7,68.4,68.9,256000
2025-09-04,67.8,67.8,69.7,67.7,69.7,363000
2025-09-05,70.7,70.7,73.3,68.5,68.7,1334000
2025-09-08,72.5,72.5,73.0,70.9,72.0,912000
2025-09-09,71.6,71.6,73.5,71.1,73.5,523000
2025-09-10,71.2,71.2,72.3,70.9,72.0,453000
2025-09-11,67.1,67.1,69.9,67.1,69.8,1132000
2025-09-12,66.6,66.6,68.0,66.4,67.9,457000
2025-09-15,65.4,65.4,67.5,64.8,66.5,482000
2025-09-16,66.4,66.4,66.4,64.9,65.4,260000
2025-09-17,65.8,65.8,66.9,65.7,66.0,223000
2025-09-18,68.4,68.4,69.8,66.6,66.6,1016000
2025-09-19,67.9,67.9,69.5,67.8,68.7,330000
2025-09-22,67.5,67.5,68.5,67.5,68.2,258000
2025-09-23,66.7,66.7,68.2,66.5,67.9,301000
2025-09-24,66.0,66.0,67.1,65.8,67.0,259000
2025-09-25,65.4,65.4,67.6,65.4,66.0,379000
2025-09-26,62.8,62.8,65.5,62.2,65.5,586000
2025-09-30,63.5,63.5,64.3,62.4,64.3,171000
2025-10-01,63.3,63.3,64.5,63.2,64.5,159000
2025-10-02,62.5,62.5,64.0,62.3,64.0,252000
2025-10-03,62.3,62.3,62.6,61.7,62.6,251000
2025-10-07,63.3,63.3,63.6,61.9,63.6,393000
2025-10-08,62.4,62.4,63.0,62.1,63.0,214000
2025-10-09,63.0,63.0,63.5,62.1,62.6,227000
2025-10-13,61.1,61.1,61.4,58.6,59.7,307000
2025-10-14,59.9,59.9,62.7,59.3,62.1,289000
2025-10-15,59.8,59.8,60.5,59.4,60.5,156000
2025-10-16,61.4,61.4,61.8,60.1,60.1,267000
2025-10-17,60.2,60.2,61.2,60.1,61.0,119000
2025-10-20,60.3,60.3,60.3,59.4,60.0,117000
2025-10-21,61.9,61.9,62.9,60.3,60.3,305000
2025-10-22,61.5,61.5,62.4,61.0,62.4,138000
2025-10-23,60.5,60.5,61.2,60.4,61.0,133000
2025-10-27,60.7,60.7,61.2,59.8,61.2,247000
2025-10-28,59.6,59.6,60.1,59.2,60.1,204000
2025-10-29,61.7,61.7,62.8,60.6,61.1,457000
2025-10-30,59.5,59.5,61.6,59.4,61.6,244000
2025-10-31,59.7,59.7,60.7,59.5,59.5,217000
2025-11-03,60.0,60.0,60.7,59.1,59.6,166000
2025-11-04,58.1,58.1,60.0,58.0,60.0,292000
2025-11-05,57.2,57.2,57.7,56.3,57.7,249000
2025-11-06,57.7,57.7,58.0,57.0,57.5,185000
2025-11-07,56.5,56.5,57.2,56.1,57.1,229000
2025-11-10,57.5,57.5,59.0,57.4,57.9,349000
2025-11-11,58.6,58.6,61.1,58.6,59.2,400000
2025-11-12,59.0,59.0,59.4,58.2,58.2,136000
2025-11-13,58.6,58.6,59.0,57.9,59.0,134000
2025-11-14,56.8,56.8,57.6,56.7,57.5,205000
2025-11-17,56.8,56.8,57.8,56.3,57.8,144000
2025-11-18,54.5,54.5,56.8,54.5,56.8,197000
2025-11-19,54.6,54.6,55.2,54.1,55.1,130000
2025-11-20,56.4,56.4,56.8,55.5,56.7,159000
2025-11-21,54.4,54.4,55.7,54.0,54.1,166000
2025-11-24,54.6,54.6,55.0,54.3,54.4,101000
2025-11-25,55.4,55.4,56.0,55.0,55.0,96000
2025-11-26,56.6,56.6,57.5,55.9,55.9,133000
2025-11-27,57.0,57.0,57.2,56.4,56.6,88000
2025-11-28,58.0,58.0,59.1,56.9,56.9,176000
2025-12-01,60.4,60.4,60.7,57.5,58.2,381000
2025-12-02,59.3,59.3,61.3,59.1,61.0,613000
2025-12-03,60.2,60.2,60.8,59.3,59.5,306000
2025-12-04,59.9,59.9,61.1,59.9,61.0,137000
2025-12-05,59.3,59.3,60.0,59.1,59.6,113000
2025-12-08,59.6,59.6,60.0,59.0,59.8,125000
2025-12-09,59.0,59.0,59.9,59.0,59.9,106000
2025-12-10,59.0,59.0,59.4,58.9,59.0,128000
2025-12-11,58.7,58.7,59.0,57.5,58.0,357000
2025-12-12,58.4,58.4,59.0,57.8,58.7,124000
2025-12-15,59.8,59.8,60.6,57.5,57.5,218000
2025-12-16,58.3,58.3,59.5,57.1,59.5,151000
2025-12-17,58.8,58.8,59.5,58.3,58.3,124000
2025-12-18,57.8,57.8,58.6,57.7,58.6,89000
2025-12-19,58.0,58.0,58.7,57.4,58.1,107000
2025-12-22,58.6,58.6,60.0,58.5,58.7,125000
2025-12-23,58.7,58.7,60.4,58.6,58.8,188000
2025-12-24,60.7,60.7,61.5,59.0,60.2,415000
2025-12-26,60.3,60.3,60.8,59.9,60.6,241000
2025-12-29,65.8,65.8,66.3,60.6,60.6,3440000
2025-12-30,64.6,64.6,66.8,63.6,64.5,2094000
2025-12-31,65.2,65.2,67.0,64.2,65.0,1222000
2026-01-02,69.1,69.1,70.9,65.3,65.8,3186000
2026-01-05,70.8,70.8,72.0,68.2,69.1,4552000
2026-01-06,70.0,70.0,71.0,68.7,69.8,1598000
2026-01-07,72.9,72.9,73.9,68.8,69.8,3301000
2026-01-08,70.1,70.1,73.3,69.1,72.9,2358000
2026-01-09,68.1,68.1,70.2,65.0,70.2,1568000
2026-01-12,70.7,70.7,71.9,69.0,69.0,2786000
2026-01-13,69.9,69.9,72.5,69.0,71.0,1899000
2026-01-14,70.4,70.4,71.4,69.5,70.1,985000
2026-01-15,71.4,71.4,75.3,70.2,70.4,3578000
2026-01-16,71.1,71.1,76.2,71.0,72.9,2812000
2026-01-19,71.1,71.1,72.3,69.7,71.0,1074000
2026-01-20,69.7,69.7,71.8,69.6,70.6,917000
2026-01-21,68.6,68.6,72.5,68.4,69.7,1506000
2026-01-22,69.5,69.5,70.0,68.5,70.0,627000
2026-01-23,69.0,69.0,70.2,68.6,69.7,468000
2026-01-26,70.7,70.7,70.8,69.5,69.9,458000
2026-01-27,68.6,68.6,71.0,68.3,70.8,628000
2026-01-28,70.0,70.0,71.2,69.2,69.5,574000
2026-01-29,68.0,68.0,70.0,68.0,70.0,453000
2026-01-30,66.6,66.6,68.0,65.5,68.0,520000
2026-02-02,64.7,64.7,67.2,64.1,66.6,478000
2026-02-03,66.4,66.4,66.6,64.5,65.2,433000
2026-02-04,68.5,68.5,69.8,66.1,66.2,473000
2026-02-05,69.0,69.0,71.0,68.5,69.6,458000
2026-02-06,66.4,66.4,68.5,64.4,68.5,511000
2026-02-09,66.8,66.8,68.0,66.1,67.8,316000
2026-02-10,65.5,65.5,68.1,65.1,66.5,420000
2026-02-11,65.8,65.8,67.0,64.4,65.5,324000
2026-02-23,66.8,66.8,67.4,64.5,67.3,552000
2026-02-24,67.2,67.2,67.6,66.4,66.8,277000
2026-02-25,69.9,69.9,70.8,67.4,68.0,839000
2026-02-26,69.5,69.5,72.3,69.1,69.7,818000
2026-03-02,69.0,69.0,69.9,67.6,67.6,352000
2026-03-03,67.0,67.0,71.2,67.0,69.1,516000
2026-03-04,62.2,62.2,65.5,61.8,65.4,631000
2026-03-05,64.9,64.9,66.1,63.4,63.4,416000
2026-03-06,68.3,68.3,68.7,64.6,64.9,490000
2026-03-09,63.7,63.7,65.0,62.3,65.0,532000
2026-03-10,68.1,68.1,68.5,65.4,65.5,506000
2026-03-11,69.9,69.9,70.6,67.7,67.7,809000
2026-03-12,71.0,71.0,71.7,69.2,69.5,921000
2026-03-13,70.8,70.8,71.6,68.9,70.0,568000
2026-03-16,71.6,71.6,72.2,69.8,70.8,909000
2026-03-17,71.3,71.3,73.5,71.2,72.4,1012000
2026-03-18,71.4,71.4,72.4,70.5,72.0,528000
2026-03-19,70.8,70.8,71.7,70.0,71.5,420000
2026-03-20,71.4,71.4,73.0,70.0,70.9,604000
2026-03-23,75.8,75.8,78.5,67.9,69.0,4121000
2026-03-24,71.0,71.0,78.3,71.0,78.3,2308000
2026-03-25,74.0,74.0,75.7,72.2,72.5,1050000
2026-03-26,76.9,76.9,77.5,73.5,74.2,1674000
2026-03-27,72.5,72.5,76.3,72.5,75.0,1127000
2026-03-30,71.4,71.4,72.2,69.5,71.2,596000
2026-03-31,69.1,69.1,72.9,68.5,71.2,864000
2026-04-01,69.7,69.7,72.3,69.7,71.0,600000
2026-04-02,69.9,69.9,72.1,69.7,70.2,531000
2026-04-07,71.8,71.8,72.0,69.3,70.8,509000
2026-04-08,77.2,77.2,78.0,72.0,73.0,1284000
2026-04-09,78.9,78.9,79.8,75.8,77.5,1652000
2026-04-10,79.7,79.7,82.8,77.2,81.5,1729000
2026-04-13,86.0,86.0,87.6,78.5,78.6,4021000
2026-04-14,83.3,83.3,87.3,83.1,86.2,2293000
2026-04-15,81.6,81.6,84.2,80.8,83.3,1024000
2026-04-16,81.9,81.9,84.4,80.5,82.9,1042000
2026-04-17,84.0,84.0,85.5,81.4,81.9,1368000
2026-04-20,83.6,83.6,89.1,83.5,85.1,3177000
2026-04-21,82.3,82.3,83.9,81.0,83.9,1239000
2026-04-22,81.7,81.7,85.8,81.6,83.1,1482000
2026-04-23,77.9,77.9,83.4,74.7,83.3,1710000
2026-04-24,79.6,79.6,82.9,78.2,78.5,1132000
2026-04-27,79.0,79.0,81.9,76.0,81.9,873000
2026-04-28,81.5,81.5,82.9,78.1,79.1,722000
2026-04-29,83.8,83.8,84.9,80.0,80.0,1992000
2026-04-30,85.9,85.9,87.3,83.3,85.4,2661000
2026-05-04,94.4,94.4,94.4,87.8,90.0,3025000
2026-05-05,99.0,99.0,102.5,92.3,94.9,7133000
2026-05-06,92.0,92.0,101.0,91.5,99.5,4044000
2026-05-07,88.4,88.4,93.5,88.0,93.4,2306000
2026-05-08,88.8,88.8,90.0,84.6,88.5,1994000
2026-05-11,97.0,97.0,97.6,88.1,91.4,3807000
2026-05-12,102.5,102.5,103.0,94.0,97.0,4370000
2026-05-13,103.0,103.0,108.0,101.5,105.0,6366000
2026-05-14,95.5,95.5,101.0,95.2,100.0,3183000
2026-05-15,105.0,105.0,105.0,94.5,96.0,6348000
2026-05-18,101.0,101.0,104.0,98.2,102.0,4117000
2026-05-19,111.0,111.0,111.0,107.0,107.0,5046000
2026-05-20,99.9,99.9,114.5,99.9,113.0,10645000
2026-05-21,100.0,100.0,101.5,95.2,95.2,7681000
2026-05-22,104.0,104.0,109.0,99.2,100.5,4581000
2026-05-25,111.0,111.0,114.0,107.5,108.0,5571000
2026-05-26,113.0,113.0,113.5,106.5,113.0,3225000
2026-05-27,107.0,107.0,114.5,105.0,113.5,3409000
2026-05-28,101.0,101.0,110.0,99.9,108.5,2756000
2026-05-29,104.0,104.0,106.0,101.5,104.0,1709000
2026-06-01,113.0,113.0,114.0,104.5,105.0,4902000
2026-06-02,108.5,108.5,118.0,108.0,113.0,3960000
2026-06-03,108.5,108.5,116.5,107.5,111.5,3587000
2026-06-04,106.0,106.0,112.0,104.5,107.0,2199000
2026-06-05,100.5,100.5,107.5,98.5,105.0,2198000
2026-06-08,99.6,99.6,101.0,90.5,90.5,1843000
2026-06-09,101.0,101.0,102.5,96.5,101.5,1936000
2026-06-10,103.0,103.0,111.0,99.3,100.0,4735000
2026-06-11,95.0,95.0,101.5,92.8,100.5,2763000
2026-06-12,94.3,94.3,101.0,94.3,99.1,1707000
2026-06-15,97.5,97.5,99.7,95.0,97.4,1440000
2026-06-16,98.6,98.6,102.5,96.6,99.9,1455000
2026-06-17,101.5,101.5,105.0,95.7,96.8,1844000
2026-06-18,101.5,101.5,105.5,99.6,102.5,1540000
2026-06-22,102.5,102.5,105.5,101.0,104.0,1784000
2026-06-23,96.4,96.4,103.5,95.7,103.5,1710000
2026-06-24,98.3,98.3,100.0,94.5,94.5,748000
2026-06-25,95.1,95.1,100.5,95.0,100.5,967000
2026-06-26,91.8,91.8,98.0,90.0,95.1,954000
2026-06-29,90.6,90.6,92.7,88.2,90.7,632000
2026-06-30,94.9,94.9,95.5,91.8,91.8,672000
2026-07-01,96.1,96.1,99.8,96.0,96.6,1031000
2026-07-02,94.5,94.5,97.7,94.2,94.8,480000
2026-07-03,98.8,98.8,99.2,94.0,94.8,1077000
2026-07-06,101.5,101.5,104.5,98.7,100.5,1575000
2026-07-07,95.4,95.4,103.0,93.9,103.0,1171000
2026-07-08,92.5,92.5,95.5,91.0,95.4,692000
2026-07-09,95.8,95.8,96.7,91.5,93.5,585000
2026-07-13,92.7,92.7,98.2,92.0,96.2,596000
2026-07-14,90.6,90.6,95.7,84.6,93.5,1006000
2026-07-15,90.3,90.3,92.5,89.4,91.7,494000
2026-07-16,91.8,91.8,92.5,88.6,90.3,404000
2026-07-17,85.1,85.1,90.3,84.0,90.3,762000
2026-07-20,81.2,81.2,86.5,79.1,86.5,646000
2026-07-21,81.3,81.3,83.2,79.8,81.3,377000
2026-07-22,81.7,81.7,84.0,81.6,82.6,286000
2026-07-23,81.2,81.2,82.5,79.7,82.3,305000
2026-07-24,79.8,79.8,81.2,78.3,80.8,273000
2026-07-27,80.8,80.8,80.8,78.8,79.8,234000
2026-07-28,74.6,74.6,79.8,74.6,79.8,639000
2026-07-29,69.0,69.0,76.5,67.2,75.2,735000
2026-07-30,66.0,66.0,70.2,65.4,67.9,490000
2026-07-31,71.0,71.0,71.6,69.5,70.9,380000
2026-08-03,74.2,74.2,75.6,71.1,71.1,304000
2026-08-04,75.5,75.5,75.9,73.1,75.1,251000
2026-08-05,78.9,78.9,80.6,77.5,77.6,281000
2026-08-06,78.6,78.6,80.2,76.1,80.2,152000
2026-08-07,77.0,77.0,79.5,77.0,79.5,190000
2026-08-10,80.5,80.5,81.0,78.1,79.9,298000
2026-08-11,77.6,77.6,78.7,75.9,78.2,496000
2026-08-12,80.4,80.4,81.9,77.6,77.6,373000
2026-08-13,79.7,79.7,82.1,79.4,80.4,343000
2026-08-14,85.7,85.7,87.3,82.0,82.0,634000
2026-08-17,83.7,83.7,85.8,83.4,85.7,217000
2026-08-18,80.0,80.0,83.7,78.0,83.7,204000
2026-08-19,77.8,77.8,81.1,77.6,78.3,177000
2026-08-20,78.3,78.3,79.6,77.8,79.1,118000
2026-08-21,78.2,78.2,80.2,77.9,78.4,115000
2026-08-24,76.7,76.7,79.4,76.7,77.1,153054
2026-08-25,77.3,77.3,77.5,74.9,75.5,163041
2026-08-26,79.5,79.5,80.2,77.5,77.7,197931
2026-08-27,80.9,80.9,82.0,80.0,82.0,216973
2026-08-28,82.3,82.3,82.3,80.0,82.0,201513
2026-08-31,80.5,80.5,82.2,79.5,82.1,177030
2026-09-01,83.2,83.2,84.0,81.0,81.0,386885
2026-09-02,89.0,89.0,90.1,83.1,83.7,635084
2026-09-03,85.5,85.5,93.0,85.2,89.0,878071
2026-09-04,88.1,88.1,89.8,85.7,85.7,305324
2026-09-07,86.8,86.8,88.9,86.0,88.8,221974
2026-09-08,85.5,85.5,89.8,85.4,88.0,304466
2026-09-09,86.4,86.4,87.0,85.4,86.4,152852
2026-09-10,86.2,86.2,87.9,85.4,87.3,198158
2026-09-11,83.2,83.2,84.5,83.0,83.8,181576
2026-09-14,81.9,81.9,83.6,81.7,82.5,137232
2026-09-15,88.0,88.0,90.0,85.8,85.8,1136177
2026-09-16,90.8,90.8,93.4,88.0,88.0,1717953
2026-09-17,94.6,94.6,99.5,90.8,90.8,2131949
2026-09-18,96.8,96.8,97.6,94.0,95.3,1170604
2026-09-21,100.5,100.5,103.0,96.2,98.0,1728821
2026-09-22,101.5,101.5,104.0,99.5,101.5,1229009
2026-09-23,99.7,99.7,105.5,99.0,102.5,1058618
2026-09-24,102.0,102.0,102.5,98.7,98.7,1017059
2026-09-25,102.0,102.0,102.5,98.7,98.7,1017059
2026-09-28,102.0,102.0,102.5,98.7,98.7,1017059
2026-09-29,111.0,111.0,111.5,100.5,102.5,3318791
2026-09-30,110.5,110.5,116.0,108.0,112.0,4891227
2026-10-01,109.0,109.0,112.0,107.5,112.0,1264257
2026-10-02,108.5,108.5,110.0,107.5,108.0,752500
2026-10-05,108.0,108.0,111.5,106.0,111.0,1113612
2026-10-06,102.5,102.5,103.0,100.5,102.0,393686
2026-10-07,102.5,102.5,103.0,100.5,102.0,393686
2026-10-08,102.5,102.5,103.0,100.5,102.0,393686
2026-10-09,102.5,102.5,103.0,100.5,102.0,393686
