Date,Adj Close,Close,High,Low,Open,Volume
2016-08-12,23.5,23.5,23.6,22.9,23.2,24084
2016-08-15,23.5,23.5,23.6,22.9,23.2,24084
2016-08-16,23.5,23.5,23.6,22.9,23.2,24084
2016-08-17,23.5,23.5,23.6,22.9,23.2,24084
2016-08-18,23.5,23.5,23.6,22.9,23.2,24084
2016-08-19,23.5,23.5,23.6,22.9,23.2,24084
2016-08-22,23.5,23.5,23.6,22.9,23.2,24084
2016-08-23,23.5,23.5,23.6,22.9,23.2,24084
2016-08-24,23.5,23.5,23.6,22.9,23.2,24084
2016-08-25,23.5,23.5,23.6,22.9,23.2,24084
2016-08-26,23.5,23.5,23.6,22.9,23.2,24084
2016-08-29,23.5,23.5,23.6,22.9,23.2,24084
2016-08-30,23.5,23.5,23.6,22.9,23.2,24084
2016-08-31,23.5,23.5,23.6,22.9,23.2,24084
2016-09-01,23.5,23.5,23.6,22.9,23.2,24084
2016-09-02,23.5,23.5,23.6,22.9,23.2,24084
2016-09-05,23.5,23.5,23.6,22.9,23.2,24084
2016-09-06,23.5,23.5,23.6,22.9,23.2,24084
2016-09-07,23.5,23.5,23.6,22.9,23.2,24084
2016-09-08,23.5,23.5,23.6,22.9,23.2,24084
2016-09-09,23.5,23.5,23.6,22.9,23.2,24084
2016-09-12,23.5,23.5,23.6,22.9,23.2,24084
2016-09-13,23.5,23.5,23.6,22.9,23.2,24084
2016-09-14,23.5,23.5,23.6,22.9,23.2,24084
2016-09-15,23.5,23.5,23.6,22.9,23.2,24084
2016-09-16,23.5,23.5,23.6,22.9,23.2,24084
2016-09-19,23.5,23.5,23.6,22.9,23.2,24084
2016-09-20,23.5,23.5,23.6,22.9,23.2,24084
2016-09-21,23.5,23.5,23.6,22.9,23.2,24084
2016-09-22,23.5,23.5,23.6,22.9,23.2,24084
2016-09-23,23.5,23.5,23.6,22.9,23.2,24084
2016-09-26,23.5,23.5,23.6,22.9,23.2,24084
2016-09-27,23.5,23.5,23.6,22.9,23.2,24084
2016-09-28,23.5,23.5,23.6,22.9,23.2,24084
2016-09-29,23.5,23.5,23.6,22.9,23.2,24084
2016-09-30,23.5,23.5,23.6,22.9,23.2,24084
2016-10-03,23.5,23.5,23.6,22.9,23.2,24084
2016-10-04,23.5,23.5,23.6,22.9,23.2,24084
2016-10-05,23.5,23.5,23.6,22.9,23.2,24084
2016-10-06,23.5,23.5,23.6,22.9,23.2,24084
2016-10-07,23.5,23.5,23.6,22.9,23.2,24084
2016-10-10,23.5,23.5,23.6,22.9,23.2,24084
2016-10-11,23.5,23.5,23.6,22.9,23.2,24084
2016-10-12,23.5,23.5,23.6,22.9,23.2,24084
2016-10-13,23.5,23.5,23.6,22.9,23.2,24084
2016-10-14,23.5,23.5,23.6,22.9,23.2,24084
2016-10-17,23.5,23.5,23.6,22.9,23.2,24084
2016-10-18,23.5,23.5,23.6,22.9,23.2,24084
2016-10-19,23.5,23.5,23.6,22.9,23.2,24084
2016-10-20,23.5,23.5,23.6,22.9,23.2,24084
2016-10-21,23.5,23.5,23.6,22.9,23.2,24084
2016-10-24,23.5,23.5,23.6,22.9,23.2,24084
2016-10-25,23.5,23.5,23.6,22.9,23.2,24084
2016-10-26,23.5,23.5,23.6,22.9,23.2,24084
2016-10-27,23.5,23.5,23.6,22.9,23.2,24084
2016-10-28,23.5,23.5,23.6,22.9,23.2,24084
2016-10-31,23.5,23.5,23.6,22.9,23.2,24084
2016-11-01,23.5,23.5,23.6,22.9,23.2,24084
2016-11-02,23.5,23.5,23.6,22.9,23.2,24084
2016-11-03,23.5,23.5,23.6,22.9,23.2,24084
2016-11-04,23.5,23.5,23.6,22.9,23.2,24084
2016-11-07,23.5,23.5,23.6,22.9,23.2,24084
2016-11-08,23.5,23.5,23.6,22.9,23.2,24084
2016-11-09,23.5,23.5,23.6,22.9,23.2,24084
2016-11-10,23.5,23.5,23.6,22.9,23.2,24084
2016-11-11,23.5,23.5,23.6,22.9,23.2,24084
2016-11-14,23.5,23.5,23.6,22.9,23.2,24084
2016-11-15,23.5,23.5,23.6,22.9,23.2,24084
2016-11-16,23.5,23.5,23.6,22.9,23.2,24084
2016-11-17,23.5,23.5,23.6,22.9,23.2,24084
2016-11-18,23.5,23.5,23.6,22.9,23.2,24084
2016-11-21,23.5,23.5,23.6,22.9,23.2,24084
2016-11-22,23.5,23.5,23.6,22.9,23.2,24084
2016-11-23,23.5,23.5,23.6,22.9,23.2,24084
2016-11-24,23.5,23.5,23.6,22.9,23.2,24084
2016-11-25,23.5,23.5,23.6,22.9,23.2,24084
2016-11-28,23.5,23.5,23.6,22.9,23.2,24084
2016-11-29,23.5,23.5,23.6,22.9,23.2,24084
2016-11-30,23.5,23.5,23.6,22.9,23.2,24084
2016-12-01,23.5,23.5,23.6,22.9,23.2,24084
2016-12-02,23.5,23.5,23.6,22.9,23.2,24084
2016-12-05,23.5,23.5,23.6,22.9,23.2,24084
2016-12-06,23.5,23.5,23.6,22.9,23.2,24084
2016-12-07,23.5,23.5,23.6,22.9,23.2,24084
2016-12-08,23.5,23.5,23.6,22.9,23.2,24084
2016-12-09,23.5,23.5,23.6,22.9,23.2,24084
2016-12-12,23.5,23.5,23.6,22.9,23.2,24084
2016-12-13,23.5,23.5,23.6,22.9,23.2,24084
2016-12-14,23.5,23.5,23.6,22.9,23.2,24084
2016-12-15,23.5,23.5,23.6,22.9,23.2,24084
2016-12-16,23.5,23.5,23.6,22.9,23.2,24084
2016-12-19,23.5,23.5,23.6,22.9,23.2,24084
2016-12-20,23.5,23.5,23.6,22.9,23.2,24084
2016-12-21,23.5,23.5,23.6,22.9,23.2,24084
2016-12-22,23.5,23.5,23.6,22.9,23.2,24084
2016-12-23,23.5,23.5,23.6,22.9,23.2,24084
2016-12-26,23.5,23.5,23.6,22.9,23.2,24084
2016-12-27,23.5,23.5,23.6,22.9,23.2,24084
2016-12-28,23.5,23.5,23.6,22.9,23.2,24084
2016-12-29,23.5,23.5,23.6,22.9,23.2,24084
2016-12-30,23.5,23.5,23.6,22.9,23.2,24084
2017-01-02,23.5,23.5,23.6,22.9,23.2,24084
2017-01-03,23.5,23.5,23.6,22.9,23.2,24084
2017-01-04,23.5,23.5,23.6,22.9,23.2,24084
2017-01-05,23.5,23.5,23.6,22.9,23.2,24084
2017-01-06,23.5,23.5,23.6,22.9,23.2,24084
2017-01-09,23.5,23.5,23.6,22.9,23.2,24084
2017-01-10,23.5,23.5,23.6,22.9,23.2,24084
2017-01-11,23.5,23.5,23.6,22.9,23.2,24084
2017-01-12,23.5,23.5,23.6,22.9,23.2,24084
2017-01-13,23.5,23.5,23.6,22.9,23.2,24084
2017-01-16,23.5,23.5,23.6,22.9,23.2,24084
2017-01-17,23.5,23.5,23.6,22.9,23.2,24084
2017-01-18,23.5,23.5,23.6,22.9,23.2,24084
2017-01-19,23.5,23.5,23.6,22.9,23.2,24084
2017-01-20,23.5,23.5,23.6,22.9,23.2,24084
2017-01-23,23.5,23.5,23.6,22.9,23.2,24084
2017-01-24,23.5,23.5,23.6,22.9,23.2,24084
2017-01-25,23.5,23.5,23.6,22.9,23.2,24084
2017-01-26,23.5,23.5,23.6,22.9,23.2,24084
2017-01-27,23.5,23.5,23.6,22.9,23.2,24084
2017-01-30,23.5,23.5,23.6,22.9,23.2,24084
2017-01-31,23.5,23.5,23.6,22.9,23.2,24084
2017-02-01,23.5,23.5,23.6,22.9,23.2,24084
2017-02-02,23.5,23.5,23.6,22.9,23.2,24084
2017-02-03,23.5,23.5,23.6,22.9,23.2,24084
2017-02-06,23.5,23.5,23.6,22.9,23.2,24084
2017-02-07,23.5,23.5,23.6,22.9,23.2,24084
2017-02-08,23.5,23.5,23.6,22.9,23.2,24084
2017-02-09,23.5,23.5,23.6,22.9,23.2,24084
2017-02-10,23.5,23.5,23.6,22.9,23.2,24084
2017-02-13,23.5,23.5,23.6,22.9,23.2,24084
2017-02-14,23.5,23.5,23.6,22.9,23.2,24084
2017-02-15,23.5,23.5,23.6,22.9,23.2,24084
2017-02-16,23.5,23.5,23.6,22.9,23.2,24084
2017-02-17,23.5,23.5,23.6,22.9,23.2,24084
2017-02-20,23.5,23.5,23.6,22.9,23.2,24084
2017-02-21,23.5,23.5,23.6,22.9,23.2,24084
2017-02-22,23.5,23.5,23.6,22.9,23.2,24084
2017-02-23,23.5,23.5,23.6,22.9,23.2,24084
2017-02-24,23.5,23.5,23.6,22.9,23.2,24084
2017-02-27,23.5,23.5,23.6,22.9,23.2,24084
2017-02-28,23.5,23.5,23.6,22.9,23.2,24084
2017-03-01,23.5,23.5,23.6,22.9,23.2,24084
2017-03-02,23.5,23.5,23.6,22.9,23.2,24084
2017-03-03,23.5,23.5,23.6,22.9,23.2,24084
2017-03-06,23.5,23.5,23.6,22.9,23.2,24084
2017-03-07,23.5,23.5,23.6,22.9,23.2,24084
2017-03-08,23.5,23.5,23.6,22.9,23.2,24084
2017-03-09,23.5,23.5,23.6,22.9,23.2,24084
2017-03-10,23.5,23.5,23.6,22.9,23.2,24084
2017-03-13,23.5,23.5,23.6,22.9,23.2,24084
2017-03-14,23.5,23.5,23.6,22.9,23.2,24084
2017-03-15,23.5,23.5,23.6,22.9,23.2,24084
2017-03-16,23.5,23.5,23.6,22.9,23.2,24084
2017-03-17,23.5,23.5,23.6,22.9,23.2,24084
2017-03-20,23.5,23.5,23.6,22.9,23.2,24084
2017-03-21,23.5,23.5,23.6,22.9,23.2,24084
2017-03-22,23.5,23.5,23.6,22.9,23.2,24084
2017-03-23,23.5,23.5,23.6,22.9,23.2,24084
2017-03-24,23.5,23.5,23.6,22.9,23.2,24084
2017-03-27,23.5,23.5,23.6,22.9,23.2,24084
2017-03-28,23.5,23.5,23.6,22.9,23.2,24084
2017-03-29,23.5,23.5,23.6,22.9,23.2,24084
2017-03-30,23.5,23.5,23.6,22.9,23.2,24084
2017-03-31,23.5,23.5,23.6,22.9,23.2,24084
2017-04-03,23.5,23.5,23.6,22.9,23.2,24084
2017-04-04,23.5,23.5,23.6,22.9,23.2,24084
2017-04-05,23.5,23.5,23.6,22.9,23.2,24084
2017-04-06,23.5,23.5,23.6,22.9,23.2,24084
2017-04-07,23.5,23.5,23.6,22.9,23.2,24084
2017-04-10,23.5,23.5,23.6,22.9,23.2,24084
2017-04-11,23.5,23.5,23.6,22.9,23.2,24084
2017-04-12,23.5,23.5,23.6,22.9,23.2,24084
2017-04-13,23.5,23.5,23.6,22.9,23.2,24084
2017-04-14,23.5,23.5,23.6,22.9,23.2,24084
2017-04-17,23.5,23.5,23.6,22.9,23.2,24084
2017-04-18,23.5,23.5,23.6,22.9,23.2,24084
2017-04-19,23.5,23.5,23.6,22.9,23.2,24084
2017-04-21,23.5,23.5,23.6,22.9,23.2,24084
2017-04-24,23.5,23.5,23.6,22.9,23.2,24084
2017-04-25,23.5,23.5,23.6,22.9,23.2,24084
2017-04-26,23.5,23.5,23.6,22.9,23.2,24084
2017-04-27,23.5,23.5,23.6,22.9,23.2,24084
2017-04-28,23.5,23.5,23.6,22.9,23.2,24084
2017-05-01,23.5,23.5,23.6,22.9,23.2,24084
2017-05-02,23.5,23.5,23.6,22.9,23.2,24084
2017-05-03,23.5,23.5,23.6,22.9,23.2,24084
2017-05-04,23.5,23.5,23.6,22.9,23.2,24084
2017-05-05,23.5,23.5,23.6,22.9,23.2,24084
2017-05-08,23.5,23.5,23.6,22.9,23.2,24084
2017-05-09,23.5,23.5,23.6,22.9,23.2,24084
2017-05-10,23.5,23.5,23.6,22.9,23.2,24084
2017-05-11,23.5,23.5,23.6,22.9,23.2,24084
2017-05-12,23.5,23.5,23.6,22.9,23.2,24084
2017-05-15,23.5,23.5,23.6,22.9,23.2,24084
2017-05-16,23.5,23.5,23.6,22.9,23.2,24084
2017-05-17,23.5,23.5,23.6,22.9,23.2,24084
2017-05-18,23.5,23.5,23.6,22.9,23.2,24084
2017-05-19,23.5,23.5,23.6,22.9,23.2,24084
2017-05-22,23.5,23.5,23.6,22.9,23.2,24084
2017-05-23,23.5,23.5,23.6,22.9,23.2,24084
2017-05-24,23.5,23.5,23.6,22.9,23.2,24084
2017-05-25,23.5,23.5,23.6,22.9,23.2,24084
2017-05-26,23.5,23.5,23.6,22.9,23.2,24084
2017-05-29,23.5,23.5,23.6,22.9,23.2,24084
2017-05-30,23.5,23.5,23.6,22.9,23.2,24084
2017-05-31,23.5,23.5,23.6,22.9,23.2,24084
2017-06-01,23.5,23.5,23.6,22.9,23.2,24084
2017-06-02,23.5,23.5,23.6,22.9,23.2,24084
2017-06-05,23.5,23.5,23.6,22.9,23.2,24084
2017-06-06,23.5,23.5,23.6,22.9,23.2,24084
2017-06-07,23.5,23.5,23.6,22.9,23.2,24084
2017-06-08,23.5,23.5,23.6,22.9,23.2,24084
2017-06-09,23.5,23.5,23.6,22.9,23.2,24084
2017-06-12,23.5,23.5,23.6,22.9,23.2,24084
2017-06-13,23.5,23.5,23.6,22.9,23.2,24084
2017-06-14,23.5,23.5,23.6,22.9,23.2,24084
2017-06-15,23.5,23.5,23.6,22.9,23.2,24084
2017-06-16,23.5,23.5,23.6,22.9,23.2,24084
2017-06-19,23.5,23.5,23.6,22.9,23.2,24084
2017-06-20,23.5,23.5,23.6,22.9,23.2,24084
2017-06-21,23.5,23.5,23.6,22.9,23.2,24084
2017-06-22,23.5,23.5,23.6,22.9,23.2,24084
2017-06-23,23.5,23.5,23.6,22.9,23.2,24084
2017-06-26,23.5,23.5,23.6,22.9,23.2,24084
2017-06-27,23.5,23.5,23.6,22.9,23.2,24084
2017-06-28,23.5,23.5,23.6,22.9,23.2,24084
2017-06-29,23.5,23.5,23.6,22.9,23.2,24084
2017-06-30,23.5,23.5,23.6,22.9,23.2,24084
2017-07-03,23.5,23.5,23.6,22.9,23.2,24084
2017-07-04,23.5,23.5,23.6,22.9,23.2,24084
2017-07-05,23.5,23.5,23.6,22.9,23.2,24084
2017-07-06,23.5,23.5,23.6,22.9,23.2,24084
2017-07-07,23.5,23.5,23.6,22.9,23.2,24084
2017-07-10,23.5,23.5,23.6,22.9,23.2,24084
2017-07-11,23.5,23.5,23.6,22.9,23.2,24084
2017-07-12,23.5,23.5,23.6,22.9,23.2,24084
2017-07-13,23.5,23.5,23.6,22.9,23.2,24084
2017-07-14,23.5,23.5,23.6,22.9,23.2,24084
2017-07-17,23.5,23.5,23.6,22.9,23.2,24084
2017-07-18,23.5,23.5,23.6,22.9,23.2,24084
2017-07-19,23.5,23.5,23.6,22.9,23.2,24084
2017-07-20,23.5,23.5,23.6,22.9,23.2,24084
2017-07-21,23.5,23.5,23.6,22.9,23.2,24084
2017-07-24,23.5,23.5,23.6,22.9,23.2,24084
2017-07-25,23.5,23.5,23.6,22.9,23.2,24084
2017-07-26,23.5,23.5,23.6,22.9,23.2,24084
2017-07-27,23.5,23.5,23.6,22.9,23.2,24084
2017-07-28,23.5,23.5,23.6,22.9,23.2,24084
2017-07-31,23.5,23.5,23.6,22.9,23.2,24084
2017-08-01,23.5,23.5,23.6,22.9,23.2,24084
2017-08-02,23.5,23.5,23.6,22.9,23.2,24084
2017-08-03,23.5,23.5,23.6,22.9,23.2,24084
2017-08-04,23.5,23.5,23.6,22.9,23.2,24084
2017-08-07,23.5,23.5,23.6,22.9,23.2,24084
2017-08-08,23.5,23.5,23.6,22.9,23.2,24084
2017-08-09,23.5,23.5,23.6,22.9,23.2,24084
2017-08-10,23.5,23.5,23.6,22.9,23.2,24084
2017-08-11,23.5,23.5,23.6,22.9,23.2,24084
2017-08-14,23.5,23.5,23.6,22.9,23.2,24084
2017-08-15,23.5,23.5,23.6,22.9,23.2,24084
2017-08-16,23.5,23.5,23.6,22.9,23.2,24084
2017-08-17,23.5,23.5,23.6,22.9,23.2,24084
2017-08-18,23.5,23.5,23.6,22.9,23.2,24084
2017-08-21,23.5,23.5,23.6,22.9,23.2,24084
2017-08-22,23.5,23.5,23.6,22.9,23.2,24084
2017-08-23,23.5,23.5,23.6,22.9,23.2,24084
2017-08-24,23.5,23.5,23.6,22.9,23.2,24084
2017-08-25,23.5,23.5,23.6,22.9,23.2,24084
2017-08-28,23.5,23.5,23.6,22.9,23.2,24084
2017-08-29,23.5,23.5,23.6,22.9,23.2,24084
2017-08-30,23.5,23.5,23.6,22.9,23.2,24084
2017-08-31,23.5,23.5,23.6,22.9,23.2,24084
2017-09-01,23.5,23.5,23.6,22.9,23.2,24084
2017-09-04,23.5,23.5,23.6,22.9,23.2,24084
2017-09-05,23.5,23.5,23.6,22.9,23.2,24084
2017-09-06,23.5,23.5,23.6,22.9,23.2,24084
2017-09-07,23.5,23.5,23.6,22.9,23.2,24084
2017-09-08,23.5,23.5,23.6,22.9,23.2,24084
2017-09-11,23.5,23.5,23.6,22.9,23.2,24084
2017-09-12,23.5,23.5,23.6,22.9,23.2,24084
2017-09-13,23.5,23.5,23.6,22.9,23.2,24084
2017-09-14,23.5,23.5,23.6,22.9,23.2,24084
2017-09-15,23.5,23.5,23.6,22.9,23.2,24084
2017-09-18,23.5,23.5,23.6,22.9,23.2,24084
2017-09-19,23.5,23.5,23.6,22.9,23.2,24084
2017-09-20,23.5,23.5,23.6,22.9,23.2,24084
2017-09-21,23.5,23.5,23.6,22.9,23.2,24084
2017-09-22,23.5,23.5,23.6,22.9,23.2,24084
2017-09-25,23.5,23.5,23.6,22.9,23.2,24084
2017-09-26,23.5,23.5,23.6,22.9,23.2,24084
2017-09-27,23.5,23.5,23.6,22.9,23.2,24084
2017-09-28,23.5,23.5,23.6,22.9,23.2,24084
2017-09-29,23.5,23.5,23.6,22.9,23.2,24084
2017-10-02,23.5,23.5,23.6,22.9,23.2,24084
2017-10-03,23.5,23.5,23.6,22.9,23.2,24084
2017-10-04,23.5,23.5,23.6,22.9,23.2,24084
2017-10-05,23.5,23.5,23.6,22.9,23.2,24084
2017-10-06,23.5,23.5,23.6,22.9,23.2,24084
2017-10-09,23.5,23.5,23.6,22.9,23.2,24084
2017-10-10,23.5,23.5,23.6,22.9,23.2,24084
2017-10-11,23.5,23.5,23.6,22.9,23.2,24084
2017-10-12,23.5,23.5,23.6,22.9,23.2,24084
2017-10-13,23.5,23.5,23.6,22.9,23.2,24084
2017-10-16,23.5,23.5,23.6,22.9,23.2,24084
2017-10-17,23.5,23.5,23.6,22.9,23.2,24084
2017-10-18,23.5,23.5,23.6,22.9,23.2,24084
2017-10-19,23.5,23.5,23.6,22.9,23.2,24084
2017-10-20,23.5,23.5,23.6,22.9,23.2,24084
2017-10-23,23.5,23.5,23.6,22.9,23.2,24084
2017-10-24,23.5,23.5,23.6,22.9,23.2,24084
2017-10-25,23.5,23.5,23.6,22.9,23.2,24084
2017-10-26,23.5,23.5,23.6,22.9,23.2,24084
2017-10-27,23.5,23.5,23.6,22.9,23.2,24084
2017-10-30,23.5,23.5,23.6,22.9,23.2,24084
2017-10-31,23.5,23.5,23.6,22.9,23.2,24084
2017-11-01,23.5,23.5,23.6,22.9,23.2,24084
2017-11-02,23.5,23.5,23.6,22.9,23.2,24084
2017-11-03,23.5,23.5,23.6,22.9,23.2,24084
2017-11-06,23.5,23.5,23.6,22.9,23.2,24084
2017-11-07,23.5,23.5,23.6,22.9,23.2,24084
2017-11-08,23.5,23.5,23.6,22.9,23.2,24084
2017-11-09,23.5,23.5,23.6,22.9,23.2,24084
2017-11-10,23.5,23.5,23.6,22.9,23.2,24084
2017-11-13,23.5,23.5,23.6,22.9,23.2,24084
2017-11-14,23.5,23.5,23.6,22.9,23.2,24084
2017-11-15,23.5,23.5,23.6,22.9,23.2,24084
2017-11-16,23.5,23.5,23.6,22.9,23.2,24084
2017-11-17,23.5,23.5,23.6,22.9,23.2,24084
2017-11-20,23.5,23.5,23.6,22.9,23.2,24084
2017-11-21,23.5,23.5,23.6,22.9,23.2,24084
2017-11-22,23.5,23.5,23.6,22.9,23.2,24084
2017-11-23,23.5,23.5,23.6,22.9,23.2,24084
2017-11-24,23.5,23.5,23.6,22.9,23.2,24084
2017-11-27,23.5,23.5,23.6,22.9,23.2,24084
2017-11-28,23.5,23.5,23.6,22.9,23.2,24084
2017-11-29,23.5,23.5,23.6,22.9,23.2,24084
2017-11-30,23.5,23.5,23.6,22.9,23.2,24084
2017-12-01,23.5,23.5,23.6,22.9,23.2,24084
2017-12-04,23.5,23.5,23.6,22.9,23.2,24084
2017-12-05,23.5,23.5,23.6,22.9,23.2,24084
2017-12-06,23.5,23.5,23.6,22.9,23.2,24084
2017-12-07,23.5,23.5,23.6,22.9,23.2,24084
2017-12-08,23.5,23.5,23.6,22.9,23.2,24084
2017-12-11,23.5,23.5,23.6,22.9,23.2,24084
2017-12-12,23.5,23.5,23.6,22.9,23.2,24084
2017-12-13,23.5,23.5,23.6,22.9,23.2,24084
2017-12-14,23.5,23.5,23.6,22.9,23.2,24084
2017-12-15,23.5,23.5,23.6,22.9,23.2,24084
2017-12-18,23.5,23.5,23.6,22.9,23.2,24084
2017-12-19,23.5,23.5,23.6,22.9,23.2,24084
2017-12-20,23.5,23.5,23.6,22.9,23.2,24084
2017-12-21,23.5,23.5,23.6,22.9,23.2,24084
2017-12-22,23.5,23.5,23.6,22.9,23.2,24084
2017-12-25,23.5,23.5,23.6,22.9,23.2,24084
2017-12-26,23.5,23.5,23.6,22.9,23.2,24084
2017-12-27,23.5,23.5,23.6,22.9,23.2,24084
2017-12-28,23.5,23.5,23.6,22.9,23.2,24084
2017-12-29,23.5,23.5,23.6,22.9,23.2,24084
2018-01-01,23.5,23.5,23.6,22.9,23.2,24084
2018-01-02,23.5,23.5,23.6,22.9,23.2,24084
2018-01-03,23.5,23.5,23.6,22.9,23.2,24084
2018-01-04,23.5,23.5,23.6,22.9,23.2,24084
2018-01-05,23.5,23.5,23.6,22.9,23.2,24084
2018-01-08,23.5,23.5,23.6,22.9,23.2,24084
2018-01-09,23.5,23.5,23.6,22.9,23.2,24084
2018-01-10,23.5,23.5,23.6,22.9,23.2,24084
2018-01-11,23.5,23.5,23.6,22.9,23.2,24084
2018-01-12,23.5,23.5,23.6,22.9,23.2,24084
2018-01-15,23.5,23.5,23.6,22.9,23.2,24084
2018-01-16,23.5,23.5,23.6,22.9,23.2,24084
2018-01-17,23.5,23.5,23.6,22.9,23.2,24084
2018-01-18,23.5,23.5,23.6,22.9,23.2,24084
2018-01-19,23.5,23.5,23.6,22.9,23.2,24084
2018-01-22,23.5,23.5,23.6,22.9,23.2,24084
2018-01-23,23.5,23.5,23.6,22.9,23.2,24084
2018-01-24,23.5,23.5,23.6,22.9,23.2,24084
2018-01-25,23.5,23.5,23.6,22.9,23.2,24084
2018-01-26,23.5,23.5,23.6,22.9,23.2,24084
2018-01-29,23.5,23.5,23.6,22.9,23.2,24084
2018-01-30,23.5,23.5,23.6,22.9,23.2,24084
2018-01-31,23.5,23.5,23.6,22.9,23.2,24084
2018-02-01,23.5,23.5,23.6,22.9,23.2,24084
2018-02-02,23.5,23.5,23.6,22.9,23.2,24084
2018-02-05,23.5,23.5,23.6,22.9,23.2,24084
2018-02-06,23.5,23.5,23.6,22.9,23.2,24084
2018-02-07,23.5,23.5,23.6,22.9,23.2,24084
2018-02-08,23.5,23.5,23.6,22.9,23.2,24084
2018-02-09,23.5,23.5,23.6,22.9,23.2,24084
2018-02-12,23.5,23.5,23.6,22.9,23.2,24084
2018-02-13,23.5,23.5,23.6,22.9,23.2,24084
2018-02-14,23.5,23.5,23.6,22.9,23.2,24084
2018-02-15,23.5,23.5,23.6,22.9,23.2,24084
2018-02-16,23.5,23.5,23.6,22.9,23.2,24084
2018-02-19,23.5,23.5,23.6,22.9,23.2,24084
2018-02-20,23.5,23.5,23.6,22.9,23.2,24084
2018-02-21,23.5,23.5,23.6,22.9,23.2,24084
2018-02-22,23.5,23.5,23.6,22.9,23.2,24084
2018-02-23,23.5,23.5,23.6,22.9,23.2,24084
2018-02-26,23.5,23.5,23.6,22.9,23.2,24084
2018-02-27,23.5,23.5,23.6,22.9,23.2,24084
2018-02-28,23.5,23.5,23.6,22.9,23.2,24084
2018-03-01,23.5,23.5,23.6,22.9,23.2,24084
2018-03-02,23.5,23.5,23.6,22.9,23.2,24084
2018-03-05,23.5,23.5,23.6,22.9,23.2,24084
2018-03-06,23.5,23.5,23.6,22.9,23.2,24084
2018-03-07,23.5,23.5,23.6,22.9,23.2,24084
2018-03-08,23.5,23.5,23.6,22.9,23.2,24084
2018-03-09,23.5,23.5,23.6,22.9,23.2,24084
2018-03-12,23.5,23.5,23.6,22.9,23.2,24084
2018-03-13,23.5,23.5,23.6,22.9,23.2,24084
2018-03-14,23.5,23.5,23.6,22.9,23.2,24084
2018-03-15,23.5,23.5,23.6,22.9,23.2,24084
2018-03-16,23.5,23.5,23.6,22.9,23.2,24084
2018-03-19,23.5,23.5,23.6,22.9,23.2,24084
2018-03-20,23.5,23.5,23.6,22.9,23.2,24084
2018-03-21,23.5,23.5,23.6,22.9,23.2,24084
2018-03-22,23.5,23.5,23.6,22.9,23.2,24084
2018-03-23,23.5,23.5,23.6,22.9,23.2,24084
2018-03-26,23.5,23.5,23.6,22.9,23.2,24084
2018-03-27,23.5,23.5,23.6,22.9,23.2,24084
2018-03-28,23.5,23.5,23.6,22.9,23.2,24084
2018-03-29,23.5,23.5,23.6,22.9,23.2,24084
2018-03-30,23.5,23.5,23.6,22.9,23.2,24084
2018-04-02,23.5,23.5,23.6,22.9,23.2,24084
2018-04-03,23.5,23.5,23.6,22.9,23.2,24084
2018-04-04,23.5,23.5,23.6,22.9,23.2,24084
2018-04-05,23.5,23.5,23.6,22.9,23.2,24084
2018-04-06,23.5,23.5,23.6,22.9,23.2,24084
2018-04-09,23.5,23.5,23.6,22.9,23.2,24084
2018-04-10,23.5,23.5,23.6,22.9,23.2,24084
2018-04-11,23.5,23.5,23.6,22.9,23.2,24084
2018-04-12,23.5,23.5,23.6,22.9,23.2,24084
2018-04-13,23.5,23.5,23.6,22.9,23.2,24084
2018-04-16,23.5,23.5,23.6,22.9,23.2,24084
2018-04-17,23.5,23.5,23.6,22.9,23.2,24084
2018-04-18,23.5,23.5,23.6,22.9,23.2,24084
2018-04-19,23.5,23.5,23.6,22.9,23.2,24084
2018-04-20,23.5,23.5,23.6,22.9,23.2,24084
2018-04-23,23.5,23.5,23.6,22.9,23.2,24084
2018-04-24,23.5,23.5,23.6,22.9,23.2,24084
2018-04-25,23.5,23.5,23.6,22.9,23.2,24084
2018-04-26,23.5,23.5,23.6,22.9,23.2,24084
2018-04-27,23.5,23.5,23.6,22.9,23.2,24084
2018-04-30,23.5,23.5,23.6,22.9,23.2,24084
2018-05-01,23.5,23.5,23.6,22.9,23.2,24084
2018-05-02,23.5,23.5,23.6,22.9,23.2,24084
2018-05-03,23.5,23.5,23.6,22.9,23.2,24084
2018-05-04,23.5,23.5,23.6,22.9,23.2,24084
2018-05-07,23.5,23.5,23.6,22.9,23.2,24084
2018-05-08,23.5,23.5,23.6,22.9,23.2,24084
2018-05-09,23.5,23.5,23.6,22.9,23.2,24084
2018-05-10,23.5,23.5,23.6,22.9,23.2,24084
2018-05-11,23.5,23.5,23.6,22.9,23.2,24084
2018-05-14,23.5,23.5,23.6,22.9,23.2,24084
2018-05-15,23.5,23.5,23.6,22.9,23.2,24084
2018-05-16,23.5,23.5,23.6,22.9,23.2,24084
2018-05-17,23.5,23.5,23.6,22.9,23.2,24084
2018-05-18,23.5,23.5,23.6,22.9,23.2,24084
2018-05-21,23.5,23.5,23.6,22.9,23.2,24084
2018-05-22,23.5,23.5,23.6,22.9,23.2,24084
2018-05-23,23.5,23.5,23.6,22.9,23.2,24084
2018-05-24,23.5,23.5,23.6,22.9,23.2,24084
2018-05-25,23.5,23.5,23.6,22.9,23.2,24084
2018-05-28,23.5,23.5,23.6,22.9,23.2,24084
2018-05-29,23.5,23.5,23.6,22.9,23.2,24084
2018-05-30,23.5,23.5,23.6,22.9,23.2,24084
2018-05-31,23.5,23.5,23.6,22.9,23.2,24084
2018-06-01,23.5,23.5,23.6,22.9,23.2,24084
2018-06-04,23.5,23.5,23.6,22.9,23.2,24084
2018-06-05,23.5,23.5,23.6,22.9,23.2,24084
2018-06-06,23.5,23.5,23.6,22.9,23.2,24084
2018-06-07,23.5,23.5,23.6,22.9,23.2,24084
2018-06-08,23.5,23.5,23.6,22.9,23.2,24084
2018-06-11,23.5,23.5,23.6,22.9,23.2,24084
2018-06-12,23.5,23.5,23.6,22.9,23.2,24084
2018-06-13,23.5,23.5,23.6,22.9,23.2,24084
2018-06-14,23.5,23.5,23.6,22.9,23.2,24084
2018-06-15,23.5,23.5,23.6,22.9,23.2,24084
2018-06-18,23.5,23.5,23.6,22.9,23.2,24084
2018-06-19,23.5,23.5,23.6,22.9,23.2,24084
2018-06-20,23.5,23.5,23.6,22.9,23.2,24084
2018-06-21,23.5,23.5,23.6,22.9,23.2,24084
2018-06-22,23.5,23.5,23.6,22.9,23.2,24084
2018-06-25,23.5,23.5,23.6,22.9,23.2,24084
2018-06-26,23.5,23.5,23.6,22.9,23.2,24084
2018-06-27,23.5,23.5,23.6,22.9,23.2,24084
2018-06-28,23.5,23.5,23.6,22.9,23.2,24084
2018-06-29,23.5,23.5,23.6,22.9,23.2,24084
2018-07-02,23.5,23.5,23.6,22.9,23.2,24084
2018-07-03,23.5,23.5,23.6,22.9,23.2,24084
2018-07-04,23.5,23.5,23.6,22.9,23.2,24084
2018-07-05,23.5,23.5,23.6,22.9,23.2,24084
2018-07-06,23.5,23.5,23.6,22.9,23.2,24084
2018-07-09,23.5,23.5,23.6,22.9,23.2,24084
2018-07-10,23.5,23.5,23.6,22.9,23.2,24084
2018-07-11,23.5,23.5,23.6,22.9,23.2,24084
2018-07-12,23.5,23.5,23.6,22.9,23.2,24084
2018-07-13,23.5,23.5,23.6,22.9,23.2,24084
2018-07-16,23.5,23.5,23.6,22.9,23.2,24084
2018-07-17,23.5,23.5,23.6,22.9,23.2,24084
2018-07-18,23.5,23.5,23.6,22.9,23.2,24084
2018-07-19,23.5,23.5,23.6,22.9,23.2,24084
2018-07-20,23.5,23.5,23.6,22.9,23.2,24084
2018-07-23,23.5,23.5,23.6,22.9,23.2,24084
2018-07-24,23.5,23.5,23.6,22.9,23.2,24084
2018-07-25,23.5,23.5,23.6,22.9,23.2,24084
2018-07-26,23.5,23.5,23.6,22.9,23.2,24084
2018-07-27,23.5,23.5,23.6,22.9,23.2,24084
2018-07-30,23.5,23.5,23.6,22.9,23.2,24084
2018-07-31,23.5,23.5,23.6,22.9,23.2,24084
2018-08-01,23.5,23.5,23.6,22.9,23.2,24084
2018-08-02,23.5,23.5,23.6,22.9,23.2,24084
2018-08-03,23.5,23.5,23.6,22.9,23.2,24084
2018-08-06,23.5,23.5,23.6,22.9,23.2,24084
2018-08-07,23.5,23.5,23.6,22.9,23.2,24084
2018-08-08,23.5,23.5,23.6,22.9,23.2,24084
2018-08-09,23.5,23.5,23.6,22.9,23.2,24084
2018-08-10,23.5,23.5,23.6,22.9,23.2,24084
2018-08-13,23.5,23.5,23.6,22.9,23.2,24084
2018-08-14,23.5,23.5,23.6,22.9,23.2,24084
2018-08-15,23.5,23.5,23.6,22.9,23.2,24084
2018-08-16,23.5,23.5,23.6,22.9,23.2,24084
2018-08-17,23.5,23.5,23.6,22.9,23.2,24084
2018-08-20,23.5,23.5,23.6,22.9,23.2,24084
2018-08-21,23.5,23.5,23.6,22.9,23.2,24084
2018-08-22,23.5,23.5,23.6,22.9,23.2,24084
2018-08-23,23.5,23.5,23.6,22.9,23.2,24084
2018-08-24,23.5,23.5,23.6,22.9,23.2,24084
2018-08-27,23.5,23.5,23.6,22.9,23.2,24084
2018-08-28,23.5,23.5,23.6,22.9,23.2,24084
2018-08-29,23.5,23.5,23.6,22.9,23.2,24084
2018-08-30,23.5,23.5,23.6,22.9,23.2,24084
2018-08-31,23.5,23.5,23.6,22.9,23.2,24084
2018-09-03,23.5,23.5,23.6,22.9,23.2,24084
2018-09-04,23.5,23.5,23.6,22.9,23.2,24084
2018-09-05,23.5,23.5,23.6,22.9,23.2,24084
2018-09-06,23.5,23.5,23.6,22.9,23.2,24084
2018-09-07,23.5,23.5,23.6,22.9,23.2,24084
2018-09-10,23.5,23.5,23.6,22.9,23.2,24084
2018-09-11,23.5,23.5,23.6,22.9,23.2,24084
2018-09-12,23.5,23.5,23.6,22.9,23.2,24084
2018-09-13,23.5,23.5,23.6,22.9,23.2,24084
2018-09-14,23.5,23.5,23.6,22.9,23.2,24084
2018-09-17,23.5,23.5,23.6,22.9,23.2,24084
2018-09-18,23.5,23.5,23.6,22.9,23.2,24084
2018-09-19,23.5,23.5,23.6,22.9,23.2,24084
2018-09-20,23.5,23.5,23.6,22.9,23.2,24084
2018-09-21,23.5,23.5,23.6,22.9,23.2,24084
2018-09-24,23.5,23.5,23.6,22.9,23.2,24084
2018-09-25,23.5,23.5,23.6,22.9,23.2,24084
2018-09-26,23.5,23.5,23.6,22.9,23.2,24084
2018-09-27,23.5,23.5,23.6,22.9,23.2,24084
2018-09-28,23.5,23.5,23.6,22.9,23.2,24084
2018-10-01,23.5,23.5,23.6,22.9,23.2,24084
2018-10-02,23.5,23.5,23.6,22.9,23.2,24084
2018-10-03,23.5,23.5,23.6,22.9,23.2,24084
2018-10-04,23.5,23.5,23.6,22.9,23.2,24084
2018-10-05,23.5,23.5,23.6,22.9,23.2,24084
2018-10-08,23.5,23.5,23.6,22.9,23.2,24084
2018-10-09,23.5,23.5,23.6,22.9,23.2,24084
2018-10-10,23.5,23.5,23.6,22.9,23.2,24084
2018-10-11,23.5,23.5,23.6,22.9,23.2,24084
2018-10-12,23.5,23.5,23.6,22.9,23.2,24084
2018-10-15,23.5,23.5,23.6,22.9,23.2,24084
2018-10-16,23.5,23.5,23.6,22.9,23.2,24084
2018-10-17,23.5,23.5,23.6,22.9,23.2,24084
2018-10-18,23.5,23.5,23.6,22.9,23.2,24084
2018-10-19,23.5,23.5,23.6,22.9,23.2,24084
2018-10-22,23.5,23.5,23.6,22.9,23.2,24084
2018-10-23,23.5,23.5,23.6,22.9,23.2,24084
2018-10-24,23.5,23.5,23.6,22.9,23.2,24084
2018-10-25,23.5,23.5,23.6,22.9,23.2,24084
2018-10-26,23.5,23.5,23.6,22.9,23.2,24084
2018-10-29,23.5,23.5,23.6,22.9,23.2,24084
2018-10-30,23.5,23.5,23.6,22.9,23.2,24084
2018-10-31,23.5,23.5,23.6,22.9,23.2,24084
2018-11-01,23.5,23.5,23.6,22.9,23.2,24084
2018-11-02,23.5,23.5,23.6,22.9,23.2,24084
2018-11-05,23.5,23.5,23.6,22.9,23.2,24084
2018-11-06,23.5,23.5,23.6,22.9,23.2,24084
2018-11-07,23.5,23.5,23.6,22.9,23.2,24084
2018-11-08,23.5,23.5,23.6,22.9,23.2,24084
2018-11-09,23.5,23.5,23.6,22.9,23.2,24084
2018-11-12,23.5,23.5,23.6,22.9,23.2,24084
2018-11-13,23.5,23.5,23.6,22.9,23.2,24084
2018-11-14,23.5,23.5,23.6,22.9,23.2,24084
2018-11-15,23.5,23.5,23.6,22.9,23.2,24084
2018-11-16,23.5,23.5,23.6,22.9,23.2,24084
2018-11-19,23.5,23.5,23.6,22.9,23.2,24084
2018-11-20,23.5,23.5,23.6,22.9,23.2,24084
2018-11-21,23.5,23.5,23.6,22.9,23.2,24084
2018-11-22,23.5,23.5,23.6,22.9,23.2,24084
2018-11-23,23.5,23.5,23.6,22.9,23.2,24084
2018-11-26,23.5,23.5,23.6,22.9,23.2,24084
2018-11-27,23.5,23.5,23.6,22.9,23.2,24084
2018-11-28,23.5,23.5,23.6,22.9,23.2,24084
2018-11-29,23.5,23.5,23.6,22.9,23.2,24084
2018-11-30,23.5,23.5,23.6,22.9,23.2,24084
2018-12-03,23.5,23.5,23.6,22.9,23.2,24084
2018-12-04,23.5,23.5,23.6,22.9,23.2,24084
2018-12-05,23.5,23.5,23.6,22.9,23.2,24084
2018-12-06,23.5,23.5,23.6,22.9,23.2,24084
2018-12-07,23.5,23.5,23.6,22.9,23.2,24084
2018-12-10,23.5,23.5,23.6,22.9,23.2,24084
2018-12-11,23.5,23.5,23.6,22.9,23.2,24084
2018-12-12,23.5,23.5,23.6,22.9,23.2,24084
2018-12-13,23.5,23.5,23.6,22.9,23.2,24084
2018-12-14,23.5,23.5,23.6,22.9,23.2,24084
2018-12-17,23.5,23.5,23.6,22.9,23.2,24084
2018-12-18,23.5,23.5,23.6,22.9,23.2,24084
2018-12-19,23.5,23.5,23.6,22.9,23.2,24084
2018-12-20,23.5,23.5,23.6,22.9,23.2,24084
2018-12-21,23.5,23.5,23.6,22.9,23.2,24084
2018-12-24,23.5,23.5,23.6,22.9,23.2,24084
2018-12-25,23.5,23.5,23.6,22.9,23.2,24084
2018-12-26,23.5,23.5,23.6,22.9,23.2,24084
2018-12-27,23.5,23.5,23.6,22.9,23.2,24084
2018-12-28,23.5,23.5,23.6,22.9,23.2,24084
2018-12-31,23.5,23.5,23.6,22.9,23.2,24084
2019-01-01,23.5,23.5,23.6,22.9,23.2,24084
2019-01-02,23.5,23.5,23.6,22.9,23.2,24084
2019-01-03,23.5,23.5,23.6,22.9,23.2,24084
2019-01-04,23.5,23.5,23.6,22.9,23.2,24084
2019-01-07,23.5,23.5,23.6,22.9,23.2,24084
2019-01-08,23.5,23.5,23.6,22.9,23.2,24084
2019-01-09,23.5,23.5,23.6,22.9,23.2,24084
2019-01-10,23.5,23.5,23.6,22.9,23.2,24084
2019-01-11,23.5,23.5,23.6,22.9,23.2,24084
2019-01-14,23.5,23.5,23.6,22.9,23.2,24084
2019-01-15,23.5,23.5,23.6,22.9,23.2,24084
2019-01-16,23.5,23.5,23.6,22.9,23.2,24084
2019-01-17,23.5,23.5,23.6,22.9,23.2,24084
2019-01-18,23.5,23.5,23.6,22.9,23.2,24084
2019-01-21,23.5,23.5,23.6,22.9,23.2,24084
2019-01-22,23.5,23.5,23.6,22.9,23.2,24084
2019-01-23,23.5,23.5,23.6,22.9,23.2,24084
2019-01-24,23.5,23.5,23.6,22.9,23.2,24084
2019-01-25,23.5,23.5,23.6,22.9,23.2,24084
2019-01-28,23.5,23.5,23.6,22.9,23.2,24084
2019-01-29,23.5,23.5,23.6,22.9,23.2,24084
2019-01-30,23.5,23.5,23.6,22.9,23.2,24084
2019-01-31,23.5,23.5,23.6,22.9,23.2,24084
2019-02-01,23.5,23.5,23.6,22.9,23.2,24084
2019-02-04,23.5,23.5,23.6,22.9,23.2,24084
2019-02-05,23.5,23.5,23.6,22.9,23.2,24084
2019-02-06,23.5,23.5,23.6,22.9,23.2,24084
2019-02-07,23.5,23.5,23.6,22.9,23.2,24084
2019-02-08,23.5,23.5,23.6,22.9,23.2,24084
2019-02-11,23.5,23.5,23.6,22.9,23.2,24084
2019-02-12,23.5,23.5,23.6,22.9,23.2,24084
2019-02-13,23.5,23.5,23.6,22.9,23.2,24084
2019-02-14,23.5,23.5,23.6,22.9,23.2,24084
2019-02-15,23.5,23.5,23.6,22.9,23.2,24084
2019-02-18,23.5,23.5,23.6,22.9,23.2,24084
2019-02-19,23.5,23.5,23.6,22.9,23.2,24084
2019-02-20,23.5,23.5,23.6,22.9,23.2,24084
2019-02-21,23.5,23.5,23.6,22.9,23.2,24084
2019-02-22,23.5,23.5,23.6,22.9,23.2,24084
2019-02-25,23.5,23.5,23.6,22.9,23.2,24084
2019-02-26,23.5,23.5,23.6,22.9,23.2,24084
2019-02-27,23.5,23.5,23.6,22.9,23.2,24084
2019-02-28,23.5,23.5,23.6,22.9,23.2,24084
2019-03-01,23.5,23.5,23.6,22.9,23.2,24084
2019-03-04,23.5,23.5,23.6,22.9,23.2,24084
2019-03-05,23.5,23.5,23.6,22.9,23.2,24084
2019-03-06,23.5,23.5,23.6,22.9,23.2,24084
2019-03-07,23.5,23.5,23.6,22.9,23.2,24084
2019-03-08,23.5,23.5,23.6,22.9,23.2,24084
2019-03-11,23.5,23.5,23.6,22.9,23.2,24084
2019-03-12,23.5,23.5,23.6,22.9,23.2,24084
2019-03-13,23.5,23.5,23.6,22.9,23.2,24084
2019-03-14,23.5,23.5,23.6,22.9,23.2,24084
2019-03-15,23.5,23.5,23.6,22.9,23.2,24084
2019-03-18,23.5,23.5,23.6,22.9,23.2,24084
2019-03-19,23.5,23.5,23.6,22.9,23.2,24084
2019-03-20,23.5,23.5,23.6,22.9,23.2,24084
2019-03-21,23.5,23.5,23.6,22.9,23.2,24084
2019-03-22,23.5,23.5,23.6,22.9,23.2,24084
2019-03-25,23.5,23.5,23.6,22.9,23.2,24084
2019-03-26,23.5,23.5,23.6,22.9,23.2,24084
2019-03-27,23.5,23.5,23.6,22.9,23.2,24084
2019-03-28,23.5,23.5,23.6,22.9,23.2,24084
2019-03-29,23.5,23.5,23.6,22.9,23.2,24084
2019-04-01,23.5,23.5,23.6,22.9,23.2,24084
2019-04-02,23.5,23.5,23.6,22.9,23.2,24084
2019-04-03,23.5,23.5,23.6,22.9,23.2,24084
2019-04-04,23.5,23.5,23.6,22.9,23.2,24084
2019-04-05,23.5,23.5,23.6,22.9,23.2,24084
2019-04-08,23.5,23.5,23.6,22.9,23.2,24084
2019-04-09,23.5,23.5,23.6,22.9,23.2,24084
2019-04-10,23.5,23.5,23.6,22.9,23.2,24084
2019-04-11,23.5,23.5,23.6,22.9,23.2,24084
2019-04-12,23.5,23.5,23.6,22.9,23.2,24084
2019-04-15,23.5,23.5,23.6,22.9,23.2,24084
2019-04-16,23.5,23.5,23.6,22.9,23.2,24084
2019-04-17,23.5,23.5,23.6,22.9,23.2,24084
2019-04-18,23.5,23.5,23.6,22.9,23.2,24084
2019-04-19,23.5,23.5,23.6,22.9,23.2,24084
2019-04-22,23.5,23.5,23.6,22.9,23.2,24084
2019-04-23,23.5,23.5,23.6,22.9,23.2,24084
2019-04-24,23.5,23.5,23.6,22.9,23.2,24084
2019-04-25,23.5,23.5,23.6,22.9,23.2,24084
2019-04-26,23.5,23.5,23.6,22.9,23.2,24084
2019-04-29,23.5,23.5,23.6,22.9,23.2,24084
2019-04-30,23.5,23.5,23.6,22.9,23.2,24084
2019-05-01,23.5,23.5,23.6,22.9,23.2,24084
2019-05-02,23.5,23.5,23.6,22.9,23.2,24084
2019-05-03,23.5,23.5,23.6,22.9,23.2,24084
2019-05-06,23.5,23.5,23.6,22.9,23.2,24084
2019-05-07,23.5,23.5,23.6,22.9,23.2,24084
2019-05-08,23.5,23.5,23.6,22.9,23.2,24084
2019-05-09,23.5,23.5,23.6,22.9,23.2,24084
2019-05-10,23.5,23.5,23.6,22.9,23.2,24084
2019-05-13,23.5,23.5,23.6,22.9,23.2,24084
2019-05-14,23.5,23.5,23.6,22.9,23.2,24084
2019-05-15,23.5,23.5,23.6,22.9,23.2,24084
2019-05-16,23.5,23.5,23.6,22.9,23.2,24084
2019-05-17,23.5,23.5,23.6,22.9,23.2,24084
2019-05-20,23.5,23.5,23.6,22.9,23.2,24084
2019-05-21,23.5,23.5,23.6,22.9,23.2,24084
2019-05-22,23.5,23.5,23.6,22.9,23.2,24084
2019-05-23,23.5,23.5,23.6,22.9,23.2,24084
2019-05-24,23.5,23.5,23.6,22.9,23.2,24084
2019-05-27,23.5,23.5,23.6,22.9,23.2,24084
2019-05-28,23.5,23.5,23.6,22.9,23.2,24084
2019-05-29,23.5,23.5,23.6,22.9,23.2,24084
2019-05-30,23.5,23.5,23.6,22.9,23.2,24084
2019-05-31,23.5,23.5,23.6,22.9,23.2,24084
2019-06-03,23.5,23.5,23.6,22.9,23.2,24084
2019-06-04,23.5,23.5,23.6,22.9,23.2,24084
2019-06-05,23.5,23.5,23.6,22.9,23.2,24084
2019-06-06,23.5,23.5,23.6,22.9,23.2,24084
2019-06-07,23.5,23.5,23.6,22.9,23.2,24084
2019-06-10,23.5,23.5,23.6,22.9,23.2,24084
2019-06-11,23.5,23.5,23.6,22.9,23.2,24084
2019-06-12,23.5,23.5,23.6,22.9,23.2,24084
2019-06-13,23.5,23.5,23.6,22.9,23.2,24084
2019-06-14,23.5,23.5,23.6,22.9,23.2,24084
2019-06-17,23.5,23.5,23.6,22.9,23.2,24084
2019-06-18,23.5,23.5,23.6,22.9,23.2,24084
2019-06-19,23.5,23.5,23.6,22.9,23.2,24084
2019-06-20,23.5,23.5,23.6,22.9,23.2,24084
2019-06-21,23.5,23.5,23.6,22.9,23.2,24084
2019-06-24,23.5,23.5,23.6,22.9,23.2,24084
2019-06-25,23.5,23.5,23.6,22.9,23.2,24084
2019-06-26,23.5,23.5,23.6,22.9,23.2,24084
2019-06-27,23.5,23.5,23.6,22.9,23.2,24084
2019-06-28,23.5,23.5,23.6,22.9,23.2,24084
2019-07-01,23.5,23.5,23.6,22.9,23.2,24084
2019-07-02,23.5,23.5,23.6,22.9,23.2,24084
2019-07-03,23.5,23.5,23.6,22.9,23.2,24084
2019-07-04,23.5,23.5,23.6,22.9,23.2,24084
2019-07-05,23.5,23.5,23.6,22.9,23.2,24084
2019-07-08,23.5,23.5,23.6,22.9,23.2,24084
2019-07-09,23.5,23.5,23.6,22.9,23.2,24084
2019-07-10,23.5,23.5,23.6,22.9,23.2,24084
2019-07-11,23.5,23.5,23.6,22.9,23.2,24084
2019-07-12,23.5,23.5,23.6,22.9,23.2,24084
2019-07-15,23.5,23.5,23.6,22.9,23.2,24084
2019-07-16,23.5,23.5,23.6,22.9,23.2,24084
2019-07-17,23.5,23.5,23.6,22.9,23.2,24084
2019-07-18,23.5,23.5,23.6,22.9,23.2,24084
2019-07-19,23.5,23.5,23.6,22.9,23.2,24084
2019-07-22,23.5,23.5,23.6,22.9,23.2,24084
2019-07-23,23.5,23.5,23.6,22.9,23.2,24084
2019-07-24,23.5,23.5,23.6,22.9,23.2,24084
2019-07-25,23.5,23.5,23.6,22.9,23.2,24084
2019-07-26,23.5,23.5,23.6,22.9,23.2,24084
2019-07-29,23.5,23.5,23.6,22.9,23.2,24084
2019-07-30,23.5,23.5,23.6,22.9,23.2,24084
2019-07-31,23.5,23.5,23.6,22.9,23.2,24084
2019-08-01,23.5,23.5,23.6,22.9,23.2,24084
2019-08-02,23.5,23.5,23.6,22.9,23.2,24084
2019-08-05,23.5,23.5,23.6,22.9,23.2,24084
2019-08-06,23.5,23.5,23.6,22.9,23.2,24084
2019-08-07,23.5,23.5,23.6,22.9,23.2,24084
2019-08-08,23.5,23.5,23.6,22.9,23.2,24084
2019-08-09,23.5,23.5,23.6,22.9,23.2,24084
2019-08-12,23.5,23.5,23.6,22.9,23.2,24084
2019-08-13,23.5,23.5,23.6,22.9,23.2,24084
2019-08-14,23.5,23.5,23.6,22.9,23.2,24084
2019-08-15,23.5,23.5,23.6,22.9,23.2,24084
2019-08-16,23.5,23.5,23.6,22.9,23.2,24084
2019-08-19,23.5,23.5,23.6,22.9,23.2,24084
2019-08-20,23.5,23.5,23.6,22.9,23.2,24084
2019-08-21,23.5,23.5,23.6,22.9,23.2,24084
2019-08-22,23.5,23.5,23.6,22.9,23.2,24084
2019-08-23,23.5,23.5,23.6,22.9,23.2,24084
2019-08-26,23.5,23.5,23.6,22.9,23.2,24084
2019-08-27,23.5,23.5,23.6,22.9,23.2,24084
2019-08-28,23.5,23.5,23.6,22.9,23.2,24084
2019-08-29,23.5,23.5,23.6,22.9,23.2,24084
2019-08-30,23.5,23.5,23.6,22.9,23.2,24084
2019-09-02,23.5,23.5,23.6,22.9,23.2,24084
2019-09-03,23.5,23.5,23.6,22.9,23.2,24084
2019-09-04,23.5,23.5,23.6,22.9,23.2,24084
2019-09-05,23.5,23.5,23.6,22.9,23.2,24084
2019-09-06,23.5,23.5,23.6,22.9,23.2,24084
2019-09-09,23.5,23.5,23.6,22.9,23.2,24084
2019-09-10,23.5,23.5,23.6,22.9,23.2,24084
2019-09-11,23.5,23.5,23.6,22.9,23.2,24084
2019-09-12,23.5,23.5,23.6,22.9,23.2,24084
2019-09-13,23.5,23.5,23.6,22.9,23.2,24084
2019-09-16,23.5,23.5,23.6,22.9,23.2,24084
2019-09-17,23.5,23.5,23.6,22.9,23.2,24084
2019-09-18,23.5,23.5,23.6,22.9,23.2,24084
2019-09-19,23.5,23.5,23.6,22.9,23.2,24084
2019-09-20,23.5,23.5,23.6,22.9,23.2,24084
2019-09-23,23.5,23.5,23.6,22.9,23.2,24084
2019-09-24,23.5,23.5,23.6,22.9,23.2,24084
2019-09-25,23.5,23.5,23.6,22.9,23.2,24084
2019-09-26,23.5,23.5,23.6,22.9,23.2,24084
2019-09-27,23.5,23.5,23.6,22.9,23.2,24084
2019-09-30,23.5,23.5,23.6,22.9,23.2,24084
2019-10-01,23.5,23.5,23.6,22.9,23.2,24084
2019-10-02,23.5,23.5,23.6,22.9,23.2,24084
2019-10-03,23.5,23.5,23.6,22.9,23.2,24084
2019-10-04,23.5,23.5,23.6,22.9,23.2,24084
2019-10-07,23.5,23.5,23.6,22.9,23.2,24084
2019-10-08,23.5,23.5,23.6,22.9,23.2,24084
2019-10-09,23.5,23.5,23.6,22.9,23.2,24084
2019-10-10,23.5,23.5,23.6,22.9,23.2,24084
2019-10-11,23.5,23.5,23.6,22.9,23.2,24084
2019-10-14,23.5,23.5,23.6,22.9,23.2,24084
2019-10-15,23.5,23.5,23.6,22.9,23.2,24084
2019-10-16,23.5,23.5,23.6,22.9,23.2,24084
2019-10-17,23.5,23.5,23.6,22.9,23.2,24084
2019-10-18,23.5,23.5,23.6,22.9,23.2,24084
2019-10-21,23.5,23.5,23.6,22.9,23.2,24084
2019-10-22,23.5,23.5,23.6,22.9,23.2,24084
2019-10-23,23.5,23.5,23.6,22.9,23.2,24084
2019-10-24,23.5,23.5,23.6,22.9,23.2,24084
2019-10-25,23.5,23.5,23.6,22.9,23.2,24084
2019-10-28,23.5,23.5,23.6,22.9,23.2,24084
2019-10-29,23.5,23.5,23.6,22.9,23.2,24084
2019-10-30,23.5,23.5,23.6,22.9,23.2,24084
2019-10-31,23.5,23.5,23.6,22.9,23.2,24084
2019-11-01,23.5,23.5,23.6,22.9,23.2,24084
2019-11-04,23.5,23.5,23.6,22.9,23.2,24084
2019-11-05,23.5,23.5,23.6,22.9,23.2,24084
2019-11-06,23.5,23.5,23.6,22.9,23.2,24084
2019-11-07,23.5,23.5,23.6,22.9,23.2,24084
2019-11-08,23.5,23.5,23.6,22.9,23.2,24084
2019-11-11,23.5,23.5,23.6,22.9,23.2,24084
2019-11-12,23.5,23.5,23.6,22.9,23.2,24084
2019-11-13,23.5,23.5,23.6,22.9,23.2,24084
2019-11-14,23.5,23.5,23.6,22.9,23.2,24084
2019-11-20,23.5,23.5,23.6,22.9,23.2,24084
2019-11-21,23.5,23.5,23.6,22.9,23.2,24084
2019-11-22,23.5,23.5,23.6,22.9,23.2,24084
2019-11-25,23.5,23.5,23.6,22.9,23.2,24084
2019-11-26,23.5,23.5,23.6,22.9,23.2,24084
2019-11-27,23.5,23.5,23.6,22.9,23.2,24084
2019-11-28,23.5,23.5,23.6,22.9,23.2,24084
2019-11-29,23.5,23.5,23.6,22.9,23.2,24084
2019-12-02,23.5,23.5,23.6,22.9,23.2,24084
2019-12-03,23.5,23.5,23.6,22.9,23.2,24084
2019-12-04,23.5,23.5,23.6,22.9,23.2,24084
2019-12-05,23.5,23.5,23.6,22.9,23.2,24084
2019-12-06,23.5,23.5,23.6,22.9,23.2,24084
2019-12-09,23.5,23.5,23.6,22.9,23.2,24084
2019-12-10,23.5,23.5,23.6,22.9,23.2,24084
2019-12-11,23.5,23.5,23.6,22.9,23.2,24084
2019-12-12,23.5,23.5,23.6,22.9,23.2,24084
2019-12-13,23.5,23.5,23.6,22.9,23.2,24084
2019-12-16,23.5,23.5,23.6,22.9,23.2,24084
2019-12-17,23.5,23.5,23.6,22.9,23.2,24084
2019-12-18,23.5,23.5,23.6,22.9,23.2,24084
2019-12-19,23.5,23.5,23.6,22.9,23.2,24084
2019-12-20,23.5,23.5,23.6,22.9,23.2,24084
2019-12-23,23.5,23.5,23.6,22.9,23.2,24084
2019-12-24,23.5,23.5,23.6,22.9,23.2,24084
2019-12-25,23.5,23.5,23.6,22.9,23.2,24084
2019-12-26,23.5,23.5,23.6,22.9,23.2,24084
2019-12-27,23.5,23.5,23.6,22.9,23.2,24084
2019-12-30,23.5,23.5,23.6,22.9,23.2,24084
2019-12-31,23.5,23.5,23.6,22.9,23.2,24084
2020-01-01,23.5,23.5,23.6,22.9,23.2,24084
2020-01-02,23.5,23.5,23.6,22.9,23.2,24084
2020-01-03,23.5,23.5,23.6,22.9,23.2,24084
2020-01-06,23.5,23.5,23.6,22.9,23.2,24084
2020-01-07,23.5,23.5,23.6,22.9,23.2,24084
2020-01-08,23.5,23.5,23.6,22.9,23.2,24084
2020-01-09,23.5,23.5,23.6,22.9,23.2,24084
2020-01-10,23.5,23.5,23.6,22.9,23.2,24084
2020-01-13,23.5,23.5,23.6,22.9,23.2,24084
2020-01-14,23.5,23.5,23.6,22.9,23.2,24084
2020-01-15,23.5,23.5,23.6,22.9,23.2,24084
2020-01-16,23.5,23.5,23.6,22.9,23.2,24084
2020-01-17,23.5,23.5,23.6,22.9,23.2,24084
2020-01-20,23.5,23.5,23.6,22.9,23.2,24084
2020-01-21,23.5,23.5,23.6,22.9,23.2,24084
2020-01-22,23.5,23.5,23.6,22.9,23.2,24084
2020-01-23,23.5,23.5,23.6,22.9,23.2,24084
2020-01-24,23.5,23.5,23.6,22.9,23.2,24084
2020-01-27,23.5,23.5,23.6,22.9,23.2,24084
2020-01-28,23.5,23.5,23.6,22.9,23.2,24084
2020-01-29,23.5,23.5,23.6,22.9,23.2,24084
2020-01-30,23.5,23.5,23.6,22.9,23.2,24084
2020-01-31,23.5,23.5,23.6,22.9,23.2,24084
2020-02-03,23.5,23.5,23.6,22.9,23.2,24084
2020-02-04,23.5,23.5,23.6,22.9,23.2,24084
2020-02-05,23.5,23.5,23.6,22.9,23.2,24084
2020-02-06,23.5,23.5,23.6,22.9,23.2,24084
2020-02-07,23.5,23.5,23.6,22.9,23.2,24084
2020-02-10,23.5,23.5,23.6,22.9,23.2,24084
2020-02-11,23.5,23.5,23.6,22.9,23.2,24084
2020-02-12,23.5,23.5,23.6,22.9,23.2,24084
2020-02-13,23.5,23.5,23.6,22.9,23.2,24084
2020-02-14,23.5,23.5,23.6,22.9,23.2,24084
2020-02-17,23.5,23.5,23.6,22.9,23.2,24084
2020-02-18,23.5,23.5,23.6,22.9,23.2,24084
2020-02-19,23.5,23.5,23.6,22.9,23.2,24084
2020-02-20,23.5,23.5,23.6,22.9,23.2,24084
2020-02-21,23.5,23.5,23.6,22.9,23.2,24084
2020-02-24,23.5,23.5,23.6,22.9,23.2,24084
2020-02-25,23.5,23.5,23.6,22.9,23.2,24084
2020-02-26,23.5,23.5,23.6,22.9,23.2,24084
2020-02-27,23.5,23.5,23.6,22.9,23.2,24084
2020-02-28,23.5,23.5,23.6,22.9,23.2,24084
2020-03-02,23.5,23.5,23.6,22.9,23.2,24084
2020-03-03,23.5,23.5,23.6,22.9,23.2,24084
2020-03-04,23.5,23.5,23.6,22.9,23.2,24084
2020-03-05,23.5,23.5,23.6,22.9,23.2,24084
2020-03-06,23.5,23.5,23.6,22.9,23.2,24084
2020-03-09,23.5,23.5,23.6,22.9,23.2,24084
2020-03-10,23.5,23.5,23.6,22.9,23.2,24084
2020-03-11,23.5,23.5,23.6,22.9,23.2,24084
2020-03-12,23.5,23.5,23.6,22.9,23.2,24084
2020-03-13,23.5,23.5,23.6,22.9,23.2,24084
2020-03-16,23.5,23.5,23.6,22.9,23.2,24084
2020-03-17,23.5,23.5,23.6,22.9,23.2,24084
2020-03-18,23.5,23.5,23.6,22.9,23.2,24084
2020-03-19,23.5,23.5,23.6,22.9,23.2,24084
2020-03-20,23.5,23.5,23.6,22.9,23.2,24084
2020-03-23,23.5,23.5,23.6,22.9,23.2,24084
2020-03-24,23.5,23.5,23.6,22.9,23.2,24084
2020-03-25,23.5,23.5,23.6,22.9,23.2,24084
2020-03-26,23.5,23.5,23.6,22.9,23.2,24084
2020-03-27,23.5,23.5,23.6,22.9,23.2,24084
2020-03-30,23.5,23.5,23.6,22.9,23.2,24084
2020-03-31,23.5,23.5,23.6,22.9,23.2,24084
2020-04-01,23.5,23.5,23.6,22.9,23.2,24084
2020-04-02,23.5,23.5,23.6,22.9,23.2,24084
2020-04-03,23.5,23.5,23.6,22.9,23.2,24084
2020-04-07,23.5,23.5,23.6,22.9,23.2,24084
2020-04-08,23.5,23.5,23.6,22.9,23.2,24084
2020-04-09,23.5,23.5,23.6,22.9,23.2,24084
2020-04-10,23.5,23.5,23.6,22.9,23.2,24084
2020-04-13,23.5,23.5,23.6,22.9,23.2,24084
2020-04-14,23.5,23.5,23.6,22.9,23.2,24084
2020-04-15,23.5,23.5,23.6,22.9,23.2,24084
2020-04-16,23.5,23.5,23.6,22.9,23.2,24084
2020-04-17,23.5,23.5,23.6,22.9,23.2,24084
2020-04-20,23.5,23.5,23.6,22.9,23.2,24084
2020-04-21,23.5,23.5,23.6,22.9,23.2,24084
2020-04-22,23.5,23.5,23.6,22.9,23.2,24084
2020-04-23,23.5,23.5,23.6,22.9,23.2,24084
2020-04-24,23.5,23.5,23.6,22.9,23.2,24084
2020-04-27,23.5,23.5,23.6,22.9,23.2,24084
2020-04-28,23.5,23.5,23.6,22.9,23.2,24084
2020-04-29,23.5,23.5,23.6,22.9,23.2,24084
2020-05-01,23.5,23.5,23.6,22.9,23.2,24084
2020-05-04,23.5,23.5,23.6,22.9,23.2,24084
2020-05-05,23.5,23.5,23.6,22.9,23.2,24084
2020-05-06,23.5,23.5,23.6,22.9,23.2,24084
2020-05-07,23.5,23.5,23.6,22.9,23.2,24084
2020-05-08,23.5,23.5,23.6,22.9,23.2,24084
2020-05-11,23.5,23.5,23.6,22.9,23.2,24084
2020-05-12,23.5,23.5,23.6,22.9,23.2,24084
2020-05-13,23.5,23.5,23.6,22.9,23.2,24084
2020-05-14,23.5,23.5,23.6,22.9,23.2,24084
2020-05-15,23.5,23.5,23.6,22.9,23.2,24084
2020-05-18,23.5,23.5,23.6,22.9,23.2,24084
2020-05-19,23.5,23.5,23.6,22.9,23.2,24084
2020-05-20,23.5,23.5,23.6,22.9,23.2,24084
2020-05-21,23.5,23.5,23.6,22.9,23.2,24084
2020-05-22,23.5,23.5,23.6,22.9,23.2,24084
2020-05-25,23.5,23.5,23.6,22.9,23.2,24084
2020-05-26,23.5,23.5,23.6,22.9,23.2,24084
2020-05-27,23.5,23.5,23.6,22.9,23.2,24084
2020-05-28,23.5,23.5,23.6,22.9,23.2,24084
2020-05-29,23.5,23.5,23.6,22.9,23.2,24084
2020-06-01,23.5,23.5,23.6,22.9,23.2,24084
2020-06-02,23.5,23.5,23.6,22.9,23.2,24084
2020-06-03,23.5,23.5,23.6,22.9,23.2,24084
2020-06-04,23.5,23.5,23.6,22.9,23.2,24084
2020-06-05,23.5,23.5,23.6,22.9,23.2,24084
2020-06-08,23.5,23.5,23.6,22.9,23.2,24084
2020-06-09,23.5,23.5,23.6,22.9,23.2,24084
2020-06-10,23.5,23.5,23.6,22.9,23.2,24084
2020-06-11,23.5,23.5,23.6,22.9,23.2,24084
2020-06-12,23.5,23.5,23.6,22.9,23.2,24084
2020-06-15,23.5,23.5,23.6,22.9,23.2,24084
2020-06-16,23.5,23.5,23.6,22.9,23.2,24084
2020-06-17,23.5,23.5,23.6,22.9,23.2,24084
2020-06-18,23.5,23.5,23.6,22.9,23.2,24084
2020-06-19,23.5,23.5,23.6,22.9,23.2,24084
2020-06-22,23.5,23.5,23.6,22.9,23.2,24084
2020-06-23,23.5,23.5,23.6,22.9,23.2,24084
2020-06-24,23.5,23.5,23.6,22.9,23.2,24084
2020-06-25,23.5,23.5,23.6,22.9,23.2,24084
2020-06-26,23.5,23.5,23.6,22.9,23.2,24084
2020-06-29,23.5,23.5,23.6,22.9,23.2,24084
2020-06-30,23.5,23.5,23.6,22.9,23.2,24084
2020-07-01,23.5,23.5,23.6,22.9,23.2,24084
2020-07-02,23.5,23.5,23.6,22.9,23.2,24084
2020-07-03,23.5,23.5,23.6,22.9,23.2,24084
2020-07-06,23.5,23.5,23.6,22.9,23.2,24084
2020-07-07,23.5,23.5,23.6,22.9,23.2,24084
2020-07-08,23.5,23.5,23.6,22.9,23.2,24084
2020-07-09,23.5,23.5,23.6,22.9,23.2,24084
2020-07-10,23.5,23.5,23.6,22.9,23.2,24084
2020-07-13,23.5,23.5,23.6,22.9,23.2,24084
2020-07-14,23.5,23.5,23.6,22.9,23.2,24084
2020-07-15,23.5,23.5,23.6,22.9,23.2,24084
2020-07-16,23.5,23.5,23.6,22.9,23.2,24084
2020-07-17,23.5,23.5,23.6,22.9,23.2,24084
2020-07-20,23.5,23.5,23.6,22.9,23.2,24084
2020-07-21,23.5,23.5,23.6,22.9,23.2,24084
2020-07-22,23.5,23.5,23.6,22.9,23.2,24084
2020-07-23,23.5,23.5,23.6,22.9,23.2,24084
2020-07-24,23.5,23.5,23.6,22.9,23.2,24084
2020-07-27,23.5,23.5,23.6,22.9,23.2,24084
2020-07-28,23.5,23.5,23.6,22.9,23.2,24084
2020-07-29,23.5,23.5,23.6,22.9,23.2,24084
2020-07-30,23.5,23.5,23.6,22.9,23.2,24084
2020-07-31,23.5,23.5,23.6,22.9,23.2,24084
2020-08-03,23.5,23.5,23.6,22.9,23.2,24084
2020-08-04,23.5,23.5,23.6,22.9,23.2,24084
2020-08-05,23.5,23.5,23.6,22.9,23.2,24084
2020-08-06,23.5,23.5,23.6,22.9,23.2,24084
2020-08-07,23.5,23.5,23.6,22.9,23.2,24084
2020-08-10,23.5,23.5,23.6,22.9,23.2,24084
2020-08-11,23.5,23.5,23.6,22.9,23.2,24084
2020-08-12,23.5,23.5,23.6,22.9,23.2,24084
2020-08-13,23.5,23.5,23.6,22.9,23.2,24084
2020-08-14,23.5,23.5,23.6,22.9,23.2,24084
2020-08-17,23.5,23.5,23.6,22.9,23.2,24084
2020-08-18,23.5,23.5,23.6,22.9,23.2,24084
2020-08-19,23.5,23.5,23.6,22.9,23.2,24084
2020-08-20,23.5,23.5,23.6,22.9,23.2,24084
2020-08-21,23.5,23.5,23.6,22.9,23.2,24084
2020-08-24,23.5,23.5,23.6,22.9,23.2,24084
2020-08-25,23.5,23.5,23.6,22.9,23.2,24084
2020-08-26,23.5,23.5,23.6,22.9,23.2,24084
2020-08-27,23.5,23.5,23.6,22.9,23.2,24084
2020-08-28,23.5,23.5,23.6,22.9,23.2,24084
2020-08-31,23.5,23.5,23.6,22.9,23.2,24084
2020-09-01,23.5,23.5,23.6,22.9,23.2,24084
2020-09-02,23.5,23.5,23.6,22.9,23.2,24084
2020-09-03,23.5,23.5,23.6,22.9,23.2,24084
2020-09-04,23.5,23.5,23.6,22.9,23.2,24084
2020-09-07,23.5,23.5,23.6,22.9,23.2,24084
2020-09-08,23.5,23.5,23.6,22.9,23.2,24084
2020-09-09,23.5,23.5,23.6,22.9,23.2,24084
2020-09-10,23.5,23.5,23.6,22.9,23.2,24084
2020-09-11,23.5,23.5,23.6,22.9,23.2,24084
2020-09-14,23.5,23.5,23.6,22.9,23.2,24084
2020-09-15,23.5,23.5,23.6,22.9,23.2,24084
2020-09-16,23.5,23.5,23.6,22.9,23.2,24084
2020-09-17,23.5,23.5,23.6,22.9,23.2,24084
2020-09-18,23.5,23.5,23.6,22.9,23.2,24084
2020-09-21,23.5,23.5,23.6,22.9,23.2,24084
2020-09-22,23.5,23.5,23.6,22.9,23.2,24084
2020-09-23,23.5,23.5,23.6,22.9,23.2,24084
2020-09-24,23.5,23.5,23.6,22.9,23.2,24084
2020-09-25,23.5,23.5,23.6,22.9,23.2,24084
2020-09-28,23.5,23.5,23.6,22.9,23.2,24084
2020-09-29,23.5,23.5,23.6,22.9,23.2,24084
2020-09-30,23.5,23.5,23.6,22.9,23.2,24084
2020-10-01,23.5,23.5,23.6,22.9,23.2,24084
2020-10-02,23.5,23.5,23.6,22.9,23.2,24084
2020-10-05,23.5,23.5,23.6,22.9,23.2,24084
2020-10-06,23.5,23.5,23.6,22.9,23.2,24084
2020-10-07,23.5,23.5,23.6,22.9,23.2,24084
2020-10-08,23.5,23.5,23.6,22.9,23.2,24084
2020-10-09,23.5,23.5,23.6,22.9,23.2,24084
2020-10-12,23.5,23.5,23.6,22.9,23.2,24084
2020-10-13,23.5,23.5,23.6,22.9,23.2,24084
2020-10-14,23.5,23.5,23.6,22.9,23.2,24084
2020-10-15,23.5,23.5,23.6,22.9,23.2,24084
2020-10-16,23.5,23.5,23.6,22.9,23.2,24084
2020-10-19,23.5,23.5,23.6,22.9,23.2,24084
2020-10-20,23.5,23.5,23.6,22.9,23.2,24084
2020-10-21,23.5,23.5,23.6,22.9,23.2,24084
2020-10-22,23.5,23.5,23.6,22.9,23.2,24084
2020-10-23,23.5,23.5,23.6,22.9,23.2,24084
2020-10-26,23.5,23.5,23.6,22.9,23.2,24084
2020-10-27,23.5,23.5,23.6,22.9,23.2,24084
2020-10-28,23.5,23.5,23.6,22.9,23.2,24084
2020-10-29,23.5,23.5,23.6,22.9,23.2,24084
2020-10-30,23.5,23.5,23.6,22.9,23.2,24084
2020-11-02,23.5,23.5,23.6,22.9,23.2,24084
2020-11-03,23.5,23.5,23.6,22.9,23.2,24084
2020-11-04,23.5,23.5,23.6,22.9,23.2,24084
2020-11-05,23.5,23.5,23.6,22.9,23.2,24084
2020-11-06,23.5,23.5,23.6,22.9,23.2,24084
2020-11-09,23.5,23.5,23.6,22.9,23.2,24084
2020-11-10,23.5,23.5,23.6,22.9,23.2,24084
2020-11-11,23.5,23.5,23.6,22.9,23.2,24084
2020-11-12,23.5,23.5,23.6,22.9,23.2,24084
2020-11-13,23.5,23.5,23.6,22.9,23.2,24084
2020-11-16,23.5,23.5,23.6,22.9,23.2,24084
2020-11-17,23.5,23.5,23.6,22.9,23.2,24084
2020-11-18,23.5,23.5,23.6,22.9,23.2,24084
2020-11-19,23.5,23.5,23.6,22.9,23.2,24084
2020-11-20,23.5,23.5,23.6,22.9,23.2,24084
2020-11-23,23.5,23.5,23.6,22.9,23.2,24084
2020-11-24,23.5,23.5,23.6,22.9,23.2,24084
2020-11-25,23.5,23.5,23.6,22.9,23.2,24084
2020-11-26,23.5,23.5,23.6,22.9,23.2,24084
2020-11-27,23.5,23.5,23.6,22.9,23.2,24084
2020-11-30,23.5,23.5,23.6,22.9,23.2,24084
2020-12-01,23.5,23.5,23.6,22.9,23.2,24084
2020-12-02,23.5,23.5,23.6,22.9,23.2,24084
2020-12-04,23.5,23.5,23.6,22.9,23.2,24084
2020-12-07,23.5,23.5,23.6,22.9,23.2,24084
2020-12-08,23.5,23.5,23.6,22.9,23.2,24084
2020-12-09,23.5,23.5,23.6,22.9,23.2,24084
2020-12-10,23.5,23.5,23.6,22.9,23.2,24084
2020-12-11,23.5,23.5,23.6,22.9,23.2,24084
2020-12-14,23.5,23.5,23.6,22.9,23.2,24084
2020-12-15,23.5,23.5,23.6,22.9,23.2,24084
2020-12-16,23.5,23.5,23.6,22.9,23.2,24084
2020-12-17,23.5,23.5,23.6,22.9,23.2,24084
2020-12-18,23.5,23.5,23.6,22.9,23.2,24084
2020-12-21,23.5,23.5,23.6,22.9,23.2,24084
2020-12-22,23.5,23.5,23.6,22.9,23.2,24084
2020-12-23,23.5,23.5,23.6,22.9,23.2,24084
2020-12-24,23.5,23.5,23.6,22.9,23.2,24084
2020-12-25,23.5,23.5,23.6,22.9,23.2,24084
2020-12-28,23.5,23.5,23.6,22.9,23.2,24084
2020-12-29,23.5,23.5,23.6,22.9,23.2,24084
2020-12-30,23.5,23.5,23.6,22.9,23.2,24084
2020-12-31,23.5,23.5,23.6,22.9,23.2,24084
2021-01-01,23.5,23.5,23.6,22.9,23.2,24084
2021-01-04,23.5,23.5,23.6,22.9,23.2,24084
2021-01-05,23.5,23.5,23.6,22.9,23.2,24084
2021-01-06,23.5,23.5,23.6,22.9,23.2,24084
2021-01-07,23.5,23.5,23.6,22.9,23.2,24084
2021-01-08,23.5,23.5,23.6,22.9,23.2,24084
2021-01-11,23.5,23.5,23.6,22.9,23.2,24084
2021-01-12,23.5,23.5,23.6,22.9,23.2,24084
2021-01-13,23.5,23.5,23.6,22.9,23.2,24084
2021-01-14,23.5,23.5,23.6,22.9,23.2,24084
2021-01-15,23.5,23.5,23.6,22.9,23.2,24084
2021-01-18,23.5,23.5,23.6,22.9,23.2,24084
2021-01-19,23.5,23.5,23.6,22.9,23.2,24084
2021-01-20,23.5,23.5,23.6,22.9,23.2,24084
2021-01-21,23.5,23.5,23.6,22.9,23.2,24084
2021-01-22,23.5,23.5,23.6,22.9,23.2,24084
2021-01-25,23.5,23.5,23.6,22.9,23.2,24084
2021-01-26,23.5,23.5,23.6,22.9,23.2,24084
2021-01-27,23.5,23.5,23.6,22.9,23.2,24084
2021-01-28,23.5,23.5,23.6,22.9,23.2,24084
2021-01-29,23.5,23.5,23.6,22.9,23.2,24084
2021-02-01,23.5,23.5,23.6,22.9,23.2,24084
2021-02-02,23.5,23.5,23.6,22.9,23.2,24084
2021-02-03,23.5,23.5,23.6,22.9,23.2,24084
2021-02-04,23.5,23.5,23.6,22.9,23.2,24084
2021-02-05,23.5,23.5,23.6,22.9,23.2,24084
2021-02-08,23.5,23.5,23.6,22.9,23.2,24084
2021-02-09,23.5,23.5,23.6,22.9,23.2,24084
2021-02-10,23.5,23.5,23.6,22.9,23.2,24084
2021-02-11,23.5,23.5,23.6,22.9,23.2,24084
2021-02-12,23.5,23.5,23.6,22.9,23.2,24084
2021-02-15,23.5,23.5,23.6,22.9,23.2,24084
2021-02-16,23.5,23.5,23.6,22.9,23.2,24084
2021-02-17,23.5,23.5,23.6,22.9,23.2,24084
2021-02-18,23.5,23.5,23.6,22.9,23.2,24084
2021-02-19,23.5,23.5,23.6,22.9,23.2,24084
2021-02-22,23.5,23.5,23.6,22.9,23.2,24084
2021-02-23,23.5,23.5,23.6,22.9,23.2,24084
2021-02-24,23.5,23.5,23.6,22.9,23.2,24084
2021-02-25,23.5,23.5,23.6,22.9,23.2,24084
2021-02-26,23.5,23.5,23.6,22.9,23.2,24084
2021-03-01,23.5,23.5,23.6,22.9,23.2,24084
2021-03-02,23.5,23.5,23.6,22.9,23.2,24084
2021-03-03,23.5,23.5,23.6,22.9,23.2,24084
2021-03-04,23.5,23.5,23.6,22.9,23.2,24084
2021-03-05,23.5,23.5,23.6,22.9,23.2,24084
2021-03-08,23.5,23.5,23.6,22.9,23.2,24084
2021-03-09,23.5,23.5,23.6,22.9,23.2,24084
2021-03-10,23.5,23.5,23.6,22.9,23.2,24084
2021-03-11,23.5,23.5,23.6,22.9,23.2,24084
2021-03-12,23.5,23.5,23.6,22.9,23.2,24084
2021-03-15,23.5,23.5,23.6,22.9,23.2,24084
2021-03-16,23.5,23.5,23.6,22.9,23.2,24084
2021-03-17,23.5,23.5,23.6,22.9,23.2,24084
2021-03-18,23.5,23.5,23.6,22.9,23.2,24084
2021-03-19,23.5,23.5,23.6,22.9,23.2,24084
2021-03-22,23.5,23.5,23.6,22.9,23.2,24084
2021-03-23,23.5,23.5,23.6,22.9,23.2,24084
2021-03-24,23.5,23.5,23.6,22.9,23.2,24084
2021-03-25,23.5,23.5,23.6,22.9,23.2,24084
2021-03-26,23.5,23.5,23.6,22.9,23.2,24084
2021-03-29,23.5,23.5,23.6,22.9,23.2,24084
2021-03-30,23.5,23.5,23.6,22.9,23.2,24084
2021-03-31,23.5,23.5,23.6,22.9,23.2,24084
2021-04-01,23.5,23.5,23.6,22.9,23.2,24084
2021-04-02,23.5,23.5,23.6,22.9,23.2,24084
2021-04-05,23.5,23.5,23.6,22.9,23.2,24084
2021-04-06,23.5,23.5,23.6,22.9,23.2,24084
2021-04-07,23.5,23.5,23.6,22.9,23.2,24084
2021-04-08,23.5,23.5,23.6,22.9,23.2,24084
2021-04-09,23.5,23.5,23.6,22.9,23.2,24084
2021-04-12,23.5,23.5,23.6,22.9,23.2,24084
2021-04-13,23.5,23.5,23.6,22.9,23.2,24084
2021-04-14,23.5,23.5,23.6,22.9,23.2,24084
2021-04-15,23.5,23.5,23.6,22.9,23.2,24084
2021-04-16,23.5,23.5,23.6,22.9,23.2,24084
2021-04-19,23.5,23.5,23.6,22.9,23.2,24084
2021-04-20,23.5,23.5,23.6,22.9,23.2,24084
2021-04-21,23.5,23.5,23.6,22.9,23.2,24084
2021-04-22,23.5,23.5,23.6,22.9,23.2,24084
2021-04-23,23.5,23.5,23.6,22.9,23.2,24084
2021-04-26,23.5,23.5,23.6,22.9,23.2,24084
2021-04-27,23.5,23.5,23.6,22.9,23.2,24084
2021-04-28,23.5,23.5,23.6,22.9,23.2,24084
2021-04-29,23.5,23.5,23.6,22.9,23.2,24084
2021-04-30,23.5,23.5,23.6,22.9,23.2,24084
2021-05-03,23.5,23.5,23.6,22.9,23.2,24084
2021-05-04,23.5,23.5,23.6,22.9,23.2,24084
2021-05-05,23.5,23.5,23.6,22.9,23.2,24084
2021-05-06,23.5,23.5,23.6,22.9,23.2,24084
2021-05-07,23.5,23.5,23.6,22.9,23.2,24084
2021-05-10,23.5,23.5,23.6,22.9,23.2,24084
2021-05-11,23.5,23.5,23.6,22.9,23.2,24084
2021-05-12,23.5,23.5,23.6,22.9,23.2,24084
2021-05-13,23.5,23.5,23.6,22.9,23.2,24084
2021-05-14,23.5,23.5,23.6,22.9,23.2,24084
2021-05-17,23.5,23.5,23.6,22.9,23.2,24084
2021-05-18,23.5,23.5,23.6,22.9,23.2,24084
2021-05-19,23.5,23.5,23.6,22.9,23.2,24084
2021-05-20,23.5,23.5,23.6,22.9,23.2,24084
2021-05-21,23.5,23.5,23.6,22.9,23.2,24084
2021-05-24,23.5,23.5,23.6,22.9,23.2,24084
2021-05-25,23.5,23.5,23.6,22.9,23.2,24084
2021-05-26,23.5,23.5,23.6,22.9,23.2,24084
2021-05-27,23.5,23.5,23.6,22.9,23.2,24084
2021-05-28,23.5,23.5,23.6,22.9,23.2,24084
2021-05-31,23.5,23.5,23.6,22.9,23.2,24084
2021-06-01,23.5,23.5,23.6,22.9,23.2,24084
2021-06-02,23.5,23.5,23.6,22.9,23.2,24084
2021-06-03,23.5,23.5,23.6,22.9,23.2,24084
2021-06-04,23.5,23.5,23.6,22.9,23.2,24084
2021-06-07,23.5,23.5,23.6,22.9,23.2,24084
2021-06-08,23.5,23.5,23.6,22.9,23.2,24084
2021-06-09,23.5,23.5,23.6,22.9,23.2,24084
2021-06-10,23.5,23.5,23.6,22.9,23.2,24084
2021-06-11,23.5,23.5,23.6,22.9,23.2,24084
2021-06-14,23.5,23.5,23.6,22.9,23.2,24084
2021-06-15,23.5,23.5,23.6,22.9,23.2,24084
2021-06-16,23.5,23.5,23.6,22.9,23.2,24084
2021-06-17,23.5,23.5,23.6,22.9,23.2,24084
2021-06-18,23.5,23.5,23.6,22.9,23.2,24084
2021-06-21,23.5,23.5,23.6,22.9,23.2,24084
2021-06-22,23.5,23.5,23.6,22.9,23.2,24084
2021-06-23,23.5,23.5,23.6,22.9,23.2,24084
2021-06-24,23.5,23.5,23.6,22.9,23.2,24084
2021-06-25,23.5,23.5,23.6,22.9,23.2,24084
2021-06-28,23.5,23.5,23.6,22.9,23.2,24084
2021-06-29,23.5,23.5,23.6,22.9,23.2,24084
2021-06-30,23.5,23.5,23.6,22.9,23.2,24084
2021-07-01,23.5,23.5,23.6,22.9,23.2,24084
2021-07-02,23.5,23.5,23.6,22.9,23.2,24084
2021-07-05,23.5,23.5,23.6,22.9,23.2,24084
2021-07-06,23.5,23.5,23.6,22.9,23.2,24084
2021-07-07,23.5,23.5,23.6,22.9,23.2,24084
2021-07-08,23.5,23.5,23.6,22.9,23.2,24084
2021-07-09,23.5,23.5,23.6,22.9,23.2,24084
2021-07-12,23.5,23.5,23.6,22.9,23.2,24084
2021-07-13,23.5,23.5,23.6,22.9,23.2,24084
2021-07-14,23.5,23.5,23.6,22.9,23.2,24084
2021-07-15,23.5,23.5,23.6,22.9,23.2,24084
2021-07-16,23.5,23.5,23.6,22.9,23.2,24084
2021-07-19,23.5,23.5,23.6,22.9,23.2,24084
2021-07-20,23.5,23.5,23.6,22.9,23.2,24084
2021-07-21,23.5,23.5,23.6,22.9,23.2,24084
2021-07-22,23.5,23.5,23.6,22.9,23.2,24084
2021-07-23,23.5,23.5,23.6,22.9,23.2,24084
2021-07-26,23.5,23.5,23.6,22.9,23.2,24084
2021-07-27,23.5,23.5,23.6,22.9,23.2,24084
2021-07-28,23.5,23.5,23.6,22.9,23.2,24084
2021-07-29,23.5,23.5,23.6,22.9,23.2,24084
2021-07-30,23.5,23.5,23.6,22.9,23.2,24084
2021-08-02,23.5,23.5,23.6,22.9,23.2,24084
2021-08-03,23.5,23.5,23.6,22.9,23.2,24084
2021-08-04,23.5,23.5,23.6,22.9,23.2,24084
2021-08-05,23.5,23.5,23.6,22.9,23.2,24084
2021-08-06,23.5,23.5,23.6,22.9,23.2,24084
2021-08-09,27.55,27.55,29.2,27.55,28.5,1107000
2021-08-10,27.55,27.55,27.9,26.8,26.95,165000
2021-08-11,27.1,27.1,28.0,26.1,28.0,282000
2021-08-12,27.15,27.15,27.55,26.9,27.55,51000
2021-08-13,24.7,24.7,27.05,24.5,27.05,719000
2021-08-16,24.1,24.1,24.9,23.5,24.9,278000
2021-08-17,24.2,24.2,24.45,23.95,24.4,94000
2021-08-18,24.4,24.4,24.5,24.0,24.5,230000
2021-08-19,24.35,24.35,24.45,23.9,24.0,157000
2021-08-20,24.4,24.4,24.55,23.45,24.35,244000
2021-08-23,24.75,24.75,24.95,24.25,24.5,148000
2021-08-24,24.65,24.65,25.1,24.5,25.1,81000
2021-08-25,26.25,26.25,26.4,24.8,24.8,286000
2021-08-26,26.35,26.35,26.65,25.75,26.25,66000
2021-08-27,26.35,26.35,26.6,25.95,26.45,75000
2021-08-30,26.6,26.6,26.9,26.25,26.9,60000
2021-08-31,26.3,26.3,26.8,26.0,26.8,94000
2021-09-01,26.0,26.0,26.4,25.85,26.1,175000
2021-09-02,26.25,26.25,26.35,25.85,25.85,76000
2021-09-03,26.5,26.5,26.6,26.2,26.55,85000
2021-09-06,26.15,26.15,26.5,25.95,26.5,114000
2021-09-07,26.25,26.25,26.5,26.05,26.5,44000
2021-09-08,25.9,25.9,26.35,25.8,26.05,88000
2021-09-09,26.05,26.05,26.2,25.7,26.0,33000
2021-09-10,26.1,26.1,26.25,25.9,26.25,90000
2021-09-13,27.0,27.0,28.0,26.15,26.25,236000
2021-09-14,26.7,26.7,27.4,26.6,27.05,137000
2021-09-15,26.85,26.85,27.15,26.05,27.15,102000
2021-09-16,26.85,26.85,27.15,26.5,27.15,53000
2021-09-17,27.0,27.0,27.15,26.7,26.85,61000
2021-09-20,23.95,23.95,24.2,23.75,23.85,56441
2021-09-21,23.95,23.95,24.2,23.75,23.85,56441
2021-09-22,27.1,27.1,27.1,26.3,26.85,72000
2021-09-23,27.25,27.25,27.6,27.0,27.6,77000
2021-09-24,27.7,27.7,27.75,27.1,27.75,117000
2021-09-27,27.7,27.7,27.75,27.0,27.75,135000
2021-09-28,27.95,27.95,28.0,27.5,27.7,231000
2021-09-29,27.4,27.4,27.7,26.15,26.15,170000
2021-09-30,27.7,27.7,27.8,27.2,27.2,100000
2021-10-01,26.65,26.65,27.9,26.65,27.9,228000
2021-10-04,26.0,26.0,27.2,25.9,26.8,113000
2021-10-05,26.35,26.35,26.45,25.45,25.45,53000
2021-10-06,26.15,26.15,26.9,26.15,26.45,73000
2021-10-07,26.45,26.45,26.9,26.35,26.75,80000
2021-10-08,26.15,26.15,26.75,26.0,26.4,83000
2021-10-11,23.95,23.95,24.2,23.75,23.85,56441
2021-10-12,25.95,25.95,26.15,25.7,26.0,56000
2021-10-13,25.3,25.3,26.1,25.1,25.85,140000
2021-10-14,24.85,24.85,25.4,24.75,25.15,92000
2021-10-15,25.7,25.7,25.7,24.9,25.4,27000
2021-10-18,25.4,25.4,25.9,25.25,25.9,32000
2021-10-19,26.0,26.0,26.1,25.25,25.4,46000
2021-10-20,26.3,26.3,26.4,25.85,26.35,67000
2021-10-21,26.3,26.3,26.5,25.85,25.85,24000
2021-10-22,26.3,26.3,26.45,25.6,26.3,49000
2021-10-25,26.0,26.0,26.35,25.85,26.15,30000
2021-10-26,26.0,26.0,26.35,26.0,26.0,47000
2021-10-27,26.2,26.2,26.3,25.9,26.3,47000
2021-10-28,26.3,26.3,26.3,26.0,26.05,45000
2021-10-29,26.1,26.1,26.35,25.95,26.3,37000
2021-11-01,25.9,25.9,26.3,25.9,26.0,33000
2021-11-02,25.4,25.4,26.2,25.4,26.2,72000
2021-11-03,25.6,25.6,25.8,25.35,25.35,80000
2021-11-04,25.85,25.85,25.85,25.55,25.8,40000
2021-11-05,25.7,25.7,25.8,25.3,25.8,49000
2021-11-08,27.0,27.0,28.15,26.6,26.6,567000
2021-11-09,26.6,26.6,27.35,26.35,27.0,120000
2021-11-10,27.25,27.25,27.45,26.9,26.95,172000
2021-11-11,25.95,25.95,26.65,25.7,26.5,398000
2021-11-12,26.3,26.3,26.35,25.95,26.1,115000
2021-11-15,26.9,26.9,26.9,26.7,26.85,113000
2021-11-16,28.05,28.05,28.9,27.15,27.15,592000
2021-11-17,27.3,27.3,28.45,27.15,28.05,206000
2021-11-18,26.85,26.85,27.8,26.85,27.5,196000
2021-11-19,26.3,26.3,27.1,26.05,27.05,334000
2021-11-22,26.65,26.65,26.7,26.4,26.4,39000
2021-11-23,26.25,26.25,26.45,26.1,26.45,113000
2021-11-24,26.5,26.5,26.9,26.3,26.65,121000
2021-11-25,26.55,26.55,26.9,26.5,26.5,50000
2021-11-26,26.5,26.5,26.85,26.2,26.85,97000
2021-11-29,26.35,26.35,26.45,25.55,26.2,85000
2021-11-30,26.5,26.5,26.85,26.4,26.6,103000
2021-12-01,26.55,26.55,26.7,26.0,26.3,76000
2021-12-02,26.35,26.35,26.7,26.15,26.7,172000
2021-12-03,26.65,26.65,26.7,26.35,26.7,35000
2021-12-06,27.5,27.5,27.85,26.3,26.65,487000
2021-12-07,27.1,27.1,27.85,26.75,27.85,123000
2021-12-08,27.65,27.65,27.85,27.0,27.0,252000
2021-12-09,28.0,28.0,28.5,27.75,27.8,490000
2021-12-10,27.7,27.7,28.3,27.5,28.1,216000
2021-12-13,26.55,26.55,27.2,26.4,27.2,279000
2021-12-14,26.5,26.5,26.75,26.35,26.65,125000
2021-12-15,26.55,26.55,26.65,26.25,26.25,37000
2021-12-16,26.55,26.55,26.7,26.4,26.7,98000
2021-12-17,26.65,26.65,26.75,26.4,26.5,70000
2021-12-20,26.25,26.25,26.65,26.15,26.65,210000
2021-12-21,26.65,26.65,26.65,26.15,26.55,74000
2021-12-22,26.9,26.9,27.15,26.5,26.5,136000
2021-12-23,27.1,27.1,27.25,26.85,27.0,121000
2021-12-24,27.5,27.5,28.1,27.25,27.3,255000
2021-12-27,28.0,28.0,29.7,27.5,27.5,726000
2021-12-28,28.05,28.05,28.5,27.9,28.2,215000
2021-12-29,28.75,28.75,29.3,28.5,28.5,279000
2021-12-30,28.75,28.75,28.95,28.15,28.75,152000
2021-12-31,23.95,23.95,24.2,23.75,23.85,56441
2022-01-03,28.85,28.85,29.55,28.4,28.8,181000
2022-01-04,28.75,28.75,29.0,28.15,28.95,195000
2022-01-05,28.6,28.6,29.15,28.35,28.6,98000
2022-01-06,27.95,27.95,28.8,27.45,28.75,263000
2022-01-07,28.0,28.0,28.15,27.2,27.95,121000
2022-01-10,28.1,28.1,28.25,28.0,28.25,41000
2022-01-11,27.85,27.85,28.3,27.3,28.15,152000
2022-01-12,27.5,27.5,27.95,27.3,27.55,83000
2022-01-13,27.3,27.3,27.6,27.2,27.6,56000
2022-01-14,27.3,27.3,27.45,26.8,27.4,66000
2022-01-17,27.5,27.5,27.6,27.1,27.6,49000
2022-01-18,27.5,27.5,27.8,27.2,27.6,54000
2022-01-19,27.7,27.7,27.7,27.05,27.2,27000
2022-01-20,27.75,27.75,27.8,27.45,27.75,34000
2022-01-21,27.2,27.2,27.65,26.9,27.65,102000
2022-01-24,26.75,26.75,27.3,26.55,26.6,112000
2022-01-25,26.9,26.9,26.95,26.3,26.6,168000
2022-01-26,27.0,27.0,27.2,26.85,26.9,44000
2022-01-27,23.95,23.95,24.2,23.75,23.85,56441
2022-01-28,23.95,23.95,24.2,23.75,23.85,56441
2022-01-31,23.95,23.95,24.2,23.75,23.85,56441
2022-02-01,23.95,23.95,24.2,23.75,23.85,56441
2022-02-02,23.95,23.95,24.2,23.75,23.85,56441
2022-02-03,23.95,23.95,24.2,23.75,23.85,56441
2022-02-04,23.95,23.95,24.2,23.75,23.85,56441
2022-02-07,27.6,27.6,27.7,27.3,27.5,31000
2022-02-08,27.45,27.45,27.85,27.25,27.85,69000
2022-02-09,27.8,27.8,27.9,27.2,27.5,152000
2022-02-10,27.45,27.45,28.05,27.3,27.95,122000
2022-02-11,27.6,27.6,27.8,27.1,27.15,145000
2022-02-14,27.45,27.45,27.6,27.1,27.4,68000
2022-02-15,27.2,27.2,27.75,27.2,27.35,192000
2022-02-16,27.5,27.5,27.8,27.35,27.5,128000
2022-02-17,30.25,30.25,30.25,27.7,27.8,2370000
2022-02-18,31.0,31.0,31.65,29.65,30.75,3810000
2022-02-21,28.8,28.8,31.0,28.5,31.0,1220000
2022-02-22,28.2,28.2,29.1,26.6,28.25,2013000
2022-02-23,28.0,28.0,28.95,27.7,28.2,379000
2022-02-24,27.1,27.1,27.95,26.6,27.95,607000
2022-02-25,27.25,27.25,27.75,27.0,27.1,272000
2022-02-28,23.95,23.95,24.2,23.75,23.85,56441
2022-03-01,26.5,26.5,27.5,25.85,27.5,1253000
2022-03-02,26.75,26.75,27.0,26.5,26.85,439000
2022-03-03,27.2,27.2,27.5,26.8,27.15,258000
2022-03-04,27.3,27.3,27.45,26.9,27.2,143000
2022-03-07,26.3,26.3,27.65,26.1,27.65,256000
2022-03-08,26.3,26.3,26.7,25.8,26.0,142000
2022-03-09,26.35,26.35,26.9,26.2,26.65,83000
2022-03-10,26.75,26.75,27.1,26.5,26.85,150000
2022-03-11,26.8,26.8,26.95,26.45,26.95,86000
2022-03-14,26.9,26.9,27.2,26.6,27.0,79000
2022-03-15,26.7,26.7,27.1,26.25,27.1,177000
2022-03-16,26.9,26.9,27.0,26.7,26.85,90000
2022-03-17,27.3,27.3,27.45,27.1,27.15,168000
2022-03-18,27.4,27.4,27.5,27.05,27.3,95000
2022-03-21,27.45,27.45,27.9,27.45,27.5,246000
2022-03-22,27.6,27.6,27.75,27.4,27.75,46000
2022-03-23,27.7,27.7,27.85,27.35,27.85,163000
2022-03-24,27.4,27.4,27.8,27.2,27.7,113000
2022-03-25,27.3,27.3,27.5,27.1,27.35,167000
2022-03-28,27.15,27.15,27.3,27.0,27.2,132000
2022-03-29,27.15,27.15,27.3,26.9,27.25,141000
2022-03-30,27.1,27.1,27.5,27.0,27.2,337000
2022-03-31,27.0,27.0,27.2,26.7,27.2,287000
2022-04-01,27.0,27.0,27.15,26.85,27.1,169000
2022-04-04,23.95,23.95,24.2,23.75,23.85,56441
2022-04-05,23.95,23.95,24.2,23.75,23.85,56441
2022-04-06,27.0,27.0,27.1,26.9,27.1,106000
2022-04-07,26.9,26.9,27.0,26.6,27.0,188000
2022-04-08,27.0,27.0,27.0,26.65,26.8,126000
2022-04-11,26.9,26.9,27.4,26.6,27.4,191000
2022-04-12,26.9,26.9,27.0,26.5,26.6,136000
2022-04-13,26.8,26.8,26.9,26.55,26.9,137000
2022-04-14,26.75,26.75,26.8,26.55,26.75,105000
2022-04-15,26.7,26.7,26.8,26.5,26.8,83000
2022-04-18,26.7,26.7,26.75,26.4,26.65,142000
2022-04-19,26.7,26.7,26.75,26.5,26.7,142000
2022-04-20,27.2,27.2,27.5,26.7,26.95,143000
2022-04-21,27.25,27.25,27.45,27.0,27.15,134000
2022-04-22,26.75,26.75,27.3,26.7,27.3,182000
2022-04-25,26.45,26.45,26.65,25.95,26.65,117000
2022-04-26,26.7,26.7,27.0,26.3,26.35,106000
2022-04-27,26.55,26.55,26.6,26.15,26.35,93000
2022-04-28,26.6,26.6,26.7,26.55,26.65,12000
2022-04-29,26.2,26.2,26.8,26.0,26.7,189000
2022-05-02,23.95,23.95,24.2,23.75,23.85,56441
2022-05-03,26.0,26.0,26.2,25.8,26.0,212000
2022-05-04,26.1,26.1,26.25,26.0,26.25,36000
2022-05-05,26.3,26.3,26.45,26.25,26.25,11000
2022-05-06,26.3,26.3,26.4,26.05,26.4,18000
2022-05-09,26.0,26.0,26.1,25.55,26.1,103000
2022-05-10,25.9,25.9,26.05,25.65,25.65,43000
2022-05-11,26.2,26.2,26.2,25.95,26.0,7000
2022-05-12,25.95,25.95,26.2,25.5,26.2,127000
2022-05-13,26.1,26.1,26.45,26.1,26.25,51000
2022-05-16,25.95,25.95,26.2,25.8,26.15,21000
2022-05-17,26.1,26.1,26.4,25.85,26.0,128000
2022-05-18,26.1,26.1,26.45,26.1,26.3,59000
2022-05-19,25.7,25.7,26.15,25.7,25.95,109000
2022-05-20,25.95,25.95,26.05,25.7,25.95,60000
2022-05-23,26.1,26.1,26.35,25.85,26.05,85000
2022-05-24,26.3,26.3,26.3,25.9,26.2,30000
2022-05-25,26.4,26.4,26.4,26.1,26.4,51000
2022-05-26,26.45,26.45,27.2,26.45,26.55,185000
2022-05-27,26.6,26.6,26.75,26.4,26.75,40000
2022-05-30,26.85,26.85,27.0,26.5,26.9,48000
2022-05-31,26.55,26.55,26.8,26.5,26.8,53000
2022-06-01,26.55,26.55,26.65,26.1,26.5,97000
2022-06-02,26.5,26.5,26.65,26.25,26.65,56000
2022-06-03,23.95,23.95,24.2,23.75,23.85,56441
2022-06-06,26.6,26.6,26.8,26.45,26.7,62000
2022-06-07,26.3,26.3,26.7,26.2,26.6,92000
2022-06-08,26.2,26.2,26.7,26.2,26.6,70000
2022-06-09,26.3,26.3,26.5,26.15,26.25,31000
2022-06-10,26.4,26.4,26.5,26.0,26.2,101000
2022-06-13,26.2,26.2,26.25,26.0,26.0,63000
2022-06-14,26.25,26.25,26.6,26.0,26.0,127000
2022-06-15,27.2,27.2,27.3,26.15,26.15,284000
2022-06-16,26.3,26.3,27.4,26.3,27.4,221000
2022-06-17,26.25,26.25,26.25,25.8,26.1,117000
2022-06-20,26.15,26.15,26.5,25.4,26.5,180000
2022-06-21,26.2,26.2,26.75,26.0,26.75,80000
2022-06-22,25.9,25.9,26.15,25.2,26.1,113000
2022-06-23,25.95,25.95,25.95,25.5,25.55,138000
2022-06-24,25.95,25.95,26.15,25.8,26.15,33000
2022-06-27,26.1,26.1,26.35,25.8,25.8,64000
2022-06-28,25.95,25.95,26.1,25.8,25.8,56000
2022-06-29,26.0,26.0,26.15,25.75,26.15,48000
2022-06-30,25.85,25.85,25.85,25.4,25.85,78000
2022-07-01,26.0,26.0,26.0,25.3,25.85,90000
2022-07-04,25.95,25.95,26.15,25.5,26.0,75000
2022-07-05,25.9,25.9,26.1,25.5,26.05,136000
2022-07-06,25.8,25.8,26.1,25.45,26.1,115000
2022-07-07,26.0,26.0,26.05,25.75,26.0,22000
2022-07-08,25.8,25.8,26.1,25.7,26.0,72000
2022-07-11,25.7,25.7,25.7,25.15,25.65,100000
2022-07-12,25.6,25.6,25.6,25.15,25.45,72000
2022-07-13,25.6,25.6,25.8,25.6,25.8,9000
2022-07-14,25.5,25.5,25.65,25.3,25.55,25000
2022-07-15,25.55,25.55,26.0,25.5,25.5,73000
2022-07-18,25.45,25.45,25.7,25.35,25.7,50000
2022-07-19,25.45,25.45,25.7,25.25,25.7,33000
2022-07-20,25.5,25.5,25.6,25.3,25.6,50000
2022-07-21,25.45,25.45,25.6,25.25,25.6,92000
2022-07-22,25.6,25.6,25.6,25.25,25.5,84000
2022-07-25,25.55,25.55,26.3,25.55,25.75,151000
2022-07-26,25.55,25.55,25.75,25.35,25.6,90000
2022-07-27,25.45,25.45,25.7,25.4,25.7,45000
2022-07-28,25.45,25.45,25.6,25.3,25.6,33000
2022-07-29,25.4,25.4,25.6,25.35,25.35,63000
2022-08-01,25.45,25.45,25.6,25.35,25.4,29000
2022-08-02,25.55,25.55,25.55,25.3,25.35,51000
2022-08-03,25.3,25.3,25.65,25.3,25.6,55000
2022-08-04,25.35,25.35,25.4,25.0,25.2,65000
2022-08-05,25.45,25.45,25.9,25.4,25.55,81000
2022-08-08,25.9,25.9,26.55,25.55,25.55,227000
2022-08-09,26.15,26.15,26.15,26.0,26.05,29000
2022-08-10,26.05,26.05,26.45,26.05,26.3,63000
2022-08-11,26.1,26.1,26.25,25.9,26.15,51000
2022-08-12,26.25,26.25,26.3,26.05,26.2,106000
2022-08-15,26.75,26.75,26.75,26.3,26.3,104000
2022-08-16,26.95,26.95,27.05,26.7,26.8,140000
2022-08-17,26.95,26.95,27.3,26.8,27.3,104000
2022-08-18,25.7,25.7,27.15,25.7,26.9,546000
2022-08-19,26.9,26.9,26.9,26.25,26.3,442000
2022-08-22,25.35,25.35,25.5,25.1,25.25,153000
2022-08-23,25.9,25.9,26.3,25.05,25.35,189000
2022-08-24,25.85,25.85,26.15,25.7,26.15,54000
2022-08-25,25.9,25.9,26.0,25.6,25.75,50000
2022-08-26,26.35,26.35,27.1,26.0,26.0,218000
2022-08-29,26.0,26.0,26.25,25.55,25.6,69000
2022-08-30,26.0,26.0,26.3,25.8,26.1,52000
2022-08-31,26.05,26.05,26.25,25.8,26.15,69000
2022-09-01,25.8,25.8,26.05,25.6,25.8,50000
2022-09-02,25.85,25.85,26.0,25.75,26.0,22000
2022-09-05,25.8,25.8,25.9,25.45,25.75,35000
2022-09-06,25.4,25.4,25.8,25.35,25.8,77000
2022-09-07,25.25,25.25,25.45,25.05,25.25,61000
2022-09-08,25.35,25.35,25.55,25.2,25.35,38000
2022-09-09,23.95,23.95,24.2,23.75,23.85,56441
2022-09-12,25.45,25.45,25.7,25.3,25.35,51000
2022-09-13,25.65,25.65,25.8,25.45,25.45,68000
2022-09-14,26.15,26.15,26.35,25.4,25.4,228000
2022-09-15,25.8,25.8,26.15,25.6,26.15,87000
2022-09-16,25.2,25.2,25.85,25.2,25.8,111000
2022-09-19,25.35,25.35,25.45,25.05,25.25,71000
2022-09-20,25.25,25.25,25.5,24.95,25.5,125000
2022-09-21,24.4,24.4,25.4,24.4,25.2,134000
2022-09-22,24.2,24.2,24.35,23.8,24.3,143000
2022-09-23,23.8,23.8,24.2,23.3,23.95,204000
2022-09-26,23.0,23.0,23.6,22.9,23.35,132000
2022-09-27,23.05,23.05,23.55,22.7,22.7,67000
2022-09-28,23.15,23.15,23.3,21.9,23.3,126000
2022-09-29,23.15,23.15,23.35,22.85,23.35,86000
2022-09-30,22.35,22.35,22.8,22.0,22.8,158000
2022-10-03,22.4,22.4,22.95,22.1,22.35,96000
2022-10-04,22.2,22.2,22.5,22.1,22.5,107000
2022-10-05,21.8,21.8,22.35,21.2,22.3,270000
2022-10-06,22.0,22.0,22.05,21.5,21.7,77000
2022-10-07,21.7,21.7,21.75,21.45,21.7,82000
2022-10-10,23.95,23.95,24.2,23.75,23.85,56441
2022-10-11,21.15,21.15,21.2,20.05,21.2,241000
2022-10-12,20.8,20.8,21.15,20.3,21.15,126000
2022-10-13,20.8,20.8,20.8,20.2,20.5,225000
2022-10-14,21.05,21.05,21.4,20.7,20.8,57000
2022-10-17,20.8,20.8,20.8,20.0,20.8,144000
2022-10-18,20.95,20.95,21.05,20.6,21.05,37000
2022-10-19,20.8,20.8,21.0,20.7,20.7,27000
2022-10-20,20.8,20.8,21.0,20.5,20.6,24000
2022-10-21,20.65,20.65,20.7,20.5,20.6,20000
2022-10-24,20.4,20.4,21.05,20.25,21.05,149000
2022-10-25,20.45,20.45,20.65,20.3,20.4,55000
2022-10-26,20.5,20.5,20.65,20.35,20.6,18000
2022-10-27,20.55,20.55,20.75,20.5,20.75,14000
2022-10-28,20.55,20.55,20.6,20.35,20.6,40000
2022-10-31,20.65,20.65,20.7,20.5,20.5,43000
2022-11-01,20.85,20.85,20.85,20.65,20.7,33000
2022-11-02,21.15,21.15,21.15,20.65,20.95,43000
2022-11-03,21.55,21.55,21.55,21.1,21.15,21000
2022-11-04,22.05,22.05,22.2,21.55,21.55,37000
2022-11-07,22.6,22.6,22.9,22.45,22.8,52000
2022-11-08,22.2,22.2,22.35,21.8,22.35,45000
2022-11-09,22.5,22.5,22.9,22.1,22.45,50000
2022-11-10,22.3,22.3,22.35,22.1,22.15,39000
2022-11-11,22.0,22.0,22.9,22.0,22.9,67000
2022-11-14,22.4,22.4,22.45,22.05,22.4,28000
2022-11-15,22.65,22.65,22.75,22.4,22.4,35000
2022-11-16,22.8,22.8,22.8,22.8,22.8,3000
2022-11-17,22.7,22.7,22.95,22.7,22.9,13000
2022-11-18,22.7,22.7,22.85,22.5,22.7,33000
2022-11-21,22.95,22.95,22.95,22.9,22.9,6000
2022-11-22,22.7,22.7,23.05,22.7,23.05,23000
2022-11-23,22.75,22.75,22.95,22.65,22.7,12000
2022-11-24,22.8,22.8,23.0,22.55,22.95,46000
2022-11-25,23.0,23.0,23.05,22.8,22.8,51000
2022-11-28,23.15,23.15,23.2,23.0,23.1,22000
2022-11-29,23.3,23.3,23.5,23.15,23.25,27000
2022-11-30,23.35,23.35,23.45,23.1,23.1,36000
2022-12-01,23.6,23.6,23.7,23.4,23.4,17000
2022-12-02,23.4,23.4,23.85,23.4,23.8,18000
2022-12-05,23.55,23.55,23.7,23.35,23.65,29000
2022-12-06,23.5,23.5,23.65,23.3,23.65,13000
2022-12-07,23.0,23.0,23.55,23.0,23.5,64000
2022-12-08,23.0,23.0,23.15,22.75,23.0,56000
2022-12-09,23.05,23.05,23.15,23.0,23.15,25000
2022-12-12,23.15,23.15,23.55,22.95,22.95,69000
2022-12-13,23.0,23.0,23.3,22.9,23.3,59000
2022-12-14,23.0,23.0,23.35,23.0,23.05,33000
2022-12-15,23.25,23.25,23.35,23.1,23.35,14000
2022-12-16,23.05,23.05,23.5,23.05,23.5,31000
2022-12-19,23.05,23.05,23.4,23.0,23.25,53000
2022-12-20,23.05,23.05,23.4,22.85,23.4,46000
2022-12-21,22.9,22.9,23.4,22.9,23.4,27000
2022-12-22,23.15,23.15,23.2,22.95,23.0,32000
2022-12-23,23.1,23.1,23.3,22.95,23.2,25000
2022-12-26,23.3,23.3,23.35,23.0,23.35,35000
2022-12-27,23.3,23.3,23.4,23.25,23.4,6000
2022-12-28,23.35,23.35,23.4,23.05,23.4,14000
2022-12-29,23.1,23.1,23.1,23.0,23.05,11000
2022-12-30,23.3,23.3,23.3,23.1,23.1,2000
2023-01-02,23.95,23.95,24.2,23.75,23.85,56441
2023-01-03,23.4,23.4,23.4,23.35,23.35,3000
2023-01-04,23.4,23.4,23.4,23.4,23.4,1000
2023-01-05,23.35,23.35,23.5,23.35,23.5,7000
2023-01-06,23.4,23.4,23.4,23.1,23.1,2000
2023-01-09,23.05,23.05,23.45,23.05,23.3,23000
2023-01-10,23.3,23.3,23.3,23.25,23.3,3000
2023-01-11,23.4,23.4,23.4,23.0,23.2,30000
2023-01-12,23.35,23.35,23.45,23.2,23.45,14000
2023-01-13,23.25,23.25,23.6,23.25,23.45,47000
2023-01-16,23.4,23.4,23.55,23.1,23.55,11000
2023-01-17,23.45,23.45,23.55,23.2,23.55,12000
2023-01-18,23.95,23.95,24.2,23.75,23.85,56441
2023-01-19,23.95,23.95,24.2,23.75,23.85,56441
2023-01-20,23.95,23.95,24.2,23.75,23.85,56441
2023-01-23,23.95,23.95,24.2,23.75,23.85,56441
2023-01-24,23.95,23.95,24.2,23.75,23.85,56441
2023-01-25,23.95,23.95,24.2,23.75,23.85,56441
2023-01-26,23.95,23.95,24.2,23.75,23.85,56441
2023-01-27,23.95,23.95,24.2,23.75,23.85,56441
2023-01-30,23.2,23.2,23.8,23.2,23.8,62000
2023-01-31,23.2,23.2,23.45,23.15,23.45,30000
2023-02-01,23.35,23.35,23.45,23.2,23.4,13000
2023-02-02,23.1,23.1,23.5,23.05,23.3,97000
2023-02-03,23.25,23.25,23.3,23.2,23.25,24000
2023-02-06,23.5,23.5,23.5,23.35,23.35,22000
2023-02-07,25.85,25.85,25.85,23.65,23.65,400000
2023-02-08,25.4,25.4,26.95,25.3,26.85,1045000
2023-02-09,25.5,25.5,25.85,24.65,25.1,269000
2023-02-10,24.8,24.8,25.65,24.8,25.55,171000
2023-02-13,25.95,25.95,26.3,24.95,25.15,369000
2023-02-14,25.6,25.6,26.1,25.55,25.85,83000
2023-02-15,25.5,25.5,25.95,25.25,25.95,105000
2023-02-16,25.5,25.5,25.7,25.35,25.6,47000
2023-02-17,25.5,25.5,25.7,25.25,25.4,100000
2023-02-20,25.55,25.55,25.7,25.4,25.6,57000
2023-02-21,25.35,25.35,25.55,25.3,25.55,40000
2023-02-22,25.2,25.2,25.5,25.2,25.5,70000
2023-02-23,25.35,25.35,25.55,25.25,25.55,46000
2023-02-24,26.0,26.0,26.75,25.5,25.6,258000
2023-02-27,23.95,23.95,24.2,23.75,23.85,56441
2023-02-28,23.95,23.95,24.2,23.75,23.85,56441
2023-03-01,26.1,26.1,26.3,26.0,26.1,75000
2023-03-02,26.2,26.2,26.4,25.9,26.2,77000
2023-03-03,26.3,26.3,26.4,26.1,26.4,22000
2023-03-06,26.25,26.25,26.45,26.05,26.45,70000
2023-03-07,26.2,26.2,26.35,26.2,26.35,24000
2023-03-08,26.35,26.35,26.45,26.0,26.2,87000
2023-03-09,26.6,26.6,26.85,26.35,26.35,111000
2023-03-10,26.4,26.4,26.75,26.1,26.75,77000
2023-03-13,26.05,26.05,26.7,26.05,26.6,62000
2023-03-14,26.0,26.0,26.2,26.0,26.2,14000
2023-03-15,26.15,26.15,26.5,25.95,26.0,70000
2023-03-16,26.05,26.05,26.15,25.55,26.15,114000
2023-03-17,26.25,26.25,26.25,26.0,26.25,51000
2023-03-20,26.25,26.25,26.65,26.0,26.65,108000
2023-03-21,26.45,26.45,26.45,26.2,26.25,131000
2023-03-22,26.9,26.9,27.2,26.3,26.3,234000
2023-03-23,27.1,27.1,27.35,27.0,27.0,114000
2023-03-24,27.4,27.4,27.6,27.2,27.25,196000
2023-03-27,27.6,27.6,27.65,27.45,27.65,111000
2023-03-28,27.6,27.6,27.75,27.4,27.4,47000
2023-03-29,27.6,27.6,27.9,27.3,27.9,72000
2023-03-30,27.55,27.55,27.75,27.5,27.75,40000
2023-03-31,27.55,27.55,27.65,27.4,27.5,68000
2023-04-03,23.95,23.95,24.2,23.75,23.85,56441
2023-04-04,23.95,23.95,24.2,23.75,23.85,56441
2023-04-05,23.95,23.95,24.2,23.75,23.85,56441
2023-04-06,27.1,27.1,27.4,26.9,27.35,187000
2023-04-07,27.25,27.25,27.3,26.95,27.2,41000
2023-04-10,28.5,28.5,28.5,27.25,27.25,302000
2023-04-11,29.0,29.0,29.15,28.3,28.7,219000
2023-04-12,28.95,28.95,29.15,28.7,29.0,104000
2023-04-13,27.85,27.85,29.05,27.75,29.05,267000
2023-04-14,28.0,28.0,28.2,27.85,27.85,87000
2023-04-17,28.1,28.1,28.3,28.0,28.0,85000
2023-04-18,29.4,29.4,29.6,28.3,28.5,545000
2023-04-19,29.4,29.4,30.0,29.0,29.85,304000
2023-04-20,29.0,29.0,29.55,28.65,29.55,214000
2023-04-21,28.05,28.05,29.3,27.95,29.3,248000
2023-04-24,28.35,28.35,28.6,28.15,28.25,58000
2023-04-25,28.0,28.0,28.5,28.0,28.5,92000
2023-04-26,28.65,28.65,28.95,28.0,28.35,90000
2023-04-27,28.75,28.75,29.0,28.6,28.75,104000
2023-04-28,28.7,28.7,29.0,28.65,28.75,58000
2023-05-01,23.95,23.95,24.2,23.75,23.85,56441
2023-05-02,29.15,29.15,30.7,28.1,28.9,463000
2023-05-03,29.9,29.9,30.4,29.5,29.5,564000
2023-05-04,30.35,30.35,30.9,30.0,30.0,547000
2023-05-05,30.1,30.1,30.7,30.0,30.35,378000
2023-05-08,29.3,29.3,30.1,29.0,30.1,370000
2023-05-09,29.9,29.9,30.5,29.5,29.5,336000
2023-05-10,29.55,29.55,29.9,29.4,29.9,198000
2023-05-11,30.05,30.05,30.4,29.05,29.4,511000
2023-05-12,30.45,30.45,30.7,30.05,30.05,561000
2023-05-15,29.95,29.95,30.5,29.8,30.5,362000
2023-05-16,29.8,29.8,30.45,29.75,30.0,143000
2023-05-17,29.9,29.9,30.0,29.7,29.8,128000
2023-05-18,29.95,29.95,30.5,29.8,30.5,113000
2023-05-19,30.2,30.2,30.45,29.9,30.2,227000
2023-05-22,31.0,31.0,31.1,30.35,30.35,520000
2023-05-23,31.95,31.95,31.95,31.3,31.75,515000
2023-05-24,33.9,33.9,34.75,32.0,32.0,1812000
2023-05-25,36.4,36.4,36.9,34.1,34.1,2887000
2023-05-26,32.85,32.85,38.5,32.85,36.9,4795000
2023-05-29,31.9,31.9,32.45,30.2,32.25,2359000
2023-05-30,32.25,32.25,33.15,31.9,32.5,801000
2023-05-31,32.2,32.2,32.55,31.7,32.55,651000
2023-06-01,32.3,32.3,32.7,32.05,32.2,330000
2023-06-02,31.9,31.9,32.5,31.5,32.3,631000
2023-06-05,31.65,31.65,32.45,31.6,32.45,243000
2023-06-06,31.0,31.0,32.05,31.0,32.0,353000
2023-06-07,31.2,31.2,31.75,31.0,31.0,264000
2023-06-08,30.35,30.35,31.35,30.1,31.35,436000
2023-06-09,30.55,30.55,30.9,30.3,30.5,324000
2023-06-12,30.0,30.0,30.7,29.6,30.65,532000
2023-06-13,30.6,30.6,30.8,30.05,30.3,202000
2023-06-14,30.95,30.95,31.4,30.7,30.95,270000
2023-06-15,30.65,30.65,31.3,30.6,31.3,188000
2023-06-16,30.3,30.3,30.8,30.2,30.65,257000
2023-06-19,30.0,30.0,30.45,29.95,30.3,260000
2023-06-20,29.8,29.8,30.0,29.6,30.0,300000
2023-06-21,29.9,29.9,30.25,29.65,29.65,178000
2023-06-22,23.95,23.95,24.2,23.75,23.85,56441
2023-06-23,23.95,23.95,24.2,23.75,23.85,56441
2023-06-26,29.5,29.5,30.0,29.3,30.0,458000
2023-06-27,29.2,29.2,29.65,29.1,29.5,135000
2023-06-28,29.3,29.3,29.55,29.0,29.3,149000
2023-06-29,29.5,29.5,29.85,29.35,29.85,28000
2023-06-30,29.0,29.0,29.7,29.0,29.5,229000
2023-07-03,29.95,29.95,29.95,29.15,29.25,157000
2023-07-04,29.4,29.4,30.0,29.35,30.0,107000
2023-07-05,29.4,29.4,29.7,29.4,29.4,71000
2023-07-06,30.45,30.45,30.55,29.25,29.25,331000
2023-07-07,30.35,30.35,30.95,30.05,30.45,525000
2023-07-10,30.1,30.1,30.5,29.95,30.35,133000
2023-07-11,29.6,29.6,30.5,29.6,30.5,205000
2023-07-12,29.5,29.5,29.8,29.5,29.8,106000
2023-07-13,30.5,30.5,30.8,29.55,29.6,494000
2023-07-14,30.5,30.5,31.15,30.45,30.85,207000
2023-07-17,29.95,29.95,30.8,29.95,30.8,194000
2023-07-18,29.95,29.95,30.45,29.75,30.35,161000
2023-07-19,29.7,29.7,30.3,29.4,30.3,168000
2023-07-20,29.8,29.8,29.95,29.65,29.95,53000
2023-07-21,29.85,29.85,30.05,29.6,29.8,70000
2023-07-24,29.5,29.5,30.15,29.5,30.1,105000
2023-07-25,29.8,29.8,29.8,29.5,29.5,98000
2023-07-26,29.9,29.9,30.5,29.9,29.95,180000
2023-07-27,30.2,30.2,30.4,30.0,30.15,115000
2023-07-28,30.2,30.2,30.45,30.0,30.35,126000
2023-07-31,30.0,30.0,30.5,29.6,30.3,166000
2023-08-01,29.6,29.6,30.05,29.55,30.0,137000
2023-08-02,29.45,29.45,29.9,29.4,29.8,193000
2023-08-03,23.95,23.95,24.2,23.75,23.85,56441
2023-08-04,30.1,30.1,30.25,29.4,29.4,119000
2023-08-07,30.25,30.25,30.35,29.95,30.25,74000
2023-08-08,29.8,29.8,30.2,29.7,30.2,86000
2023-08-09,29.5,29.5,30.1,29.5,30.1,57000
2023-08-10,29.2,29.2,29.8,29.15,29.8,217000
2023-08-11,29.55,29.55,29.65,29.25,29.65,102000
2023-08-14,29.55,29.55,29.8,29.2,29.8,119000
2023-08-15,29.25,29.25,29.55,29.2,29.3,76000
2023-08-16,29.35,29.35,29.5,29.05,29.05,82000
2023-08-17,29.75,29.75,29.8,29.2,29.2,104000
2023-08-18,29.7,29.7,29.8,29.55,29.8,223000
2023-08-21,28.1,28.1,28.45,27.95,28.0,157000
2023-08-22,27.75,27.75,28.4,27.55,28.15,138000
2023-08-23,27.9,27.9,28.0,27.4,27.9,36000
2023-08-24,27.65,27.65,28.25,27.45,28.25,85000
2023-08-25,27.65,27.65,27.9,27.55,27.7,39000
2023-08-28,27.6,27.6,27.9,27.45,27.9,25000
2023-08-29,27.5,27.5,27.85,27.45,27.85,40000
2023-08-30,27.5,27.5,27.8,27.45,27.55,34000
2023-08-31,27.35,27.35,27.7,27.35,27.7,43000
2023-09-01,27.55,27.55,27.55,26.9,27.55,148000
2023-09-04,28.2,28.2,28.2,27.35,27.6,148000
2023-09-05,28.25,28.25,28.3,28.0,28.2,67000
2023-09-06,28.35,28.35,28.5,28.05,28.5,53000
2023-09-07,28.3,28.3,28.4,28.2,28.35,82000
2023-09-08,28.35,28.35,28.4,28.2,28.4,8000
2023-09-11,28.35,28.35,28.75,28.1,28.35,83000
2023-09-12,28.5,28.5,28.55,28.15,28.15,96000
2023-09-13,28.4,28.4,28.8,28.4,28.8,25000
2023-09-14,28.5,28.5,28.7,28.25,28.7,26000
2023-09-15,28.4,28.4,28.6,28.3,28.4,54000
2023-09-18,28.25,28.25,28.45,28.05,28.45,33000
2023-09-19,28.05,28.05,28.45,28.0,28.45,39000
2023-09-20,27.95,27.95,28.25,27.85,28.25,14000
2023-09-21,27.95,27.95,28.0,27.75,27.95,63000
2023-09-22,28.1,28.1,28.45,28.1,28.45,5000
2023-09-25,28.1,28.1,28.25,28.05,28.1,21000
2023-09-26,28.2,28.2,28.3,28.0,28.3,42000
2023-09-27,28.25,28.25,28.45,28.05,28.45,17000
2023-09-28,28.05,28.05,28.4,28.05,28.3,18000
2023-09-29,23.95,23.95,24.2,23.75,23.85,56441
2023-10-02,28.1,28.1,28.25,27.8,28.25,64000
2023-10-03,28.05,28.05,28.2,27.9,28.2,54000
2023-10-04,28.0,28.0,28.15,27.9,28.15,93000
2023-10-05,28.0,28.0,28.2,27.85,28.2,28000
2023-10-06,28.0,28.0,28.15,27.8,28.15,33000
2023-10-09,23.95,23.95,24.2,23.75,23.85,56441
2023-10-10,23.95,23.95,24.2,23.75,23.85,56441
2023-10-11,27.95,27.95,28.0,27.8,28.0,33000
2023-10-12,27.85,27.85,28.25,27.8,28.25,46000
2023-10-13,27.9,27.9,28.0,27.75,27.9,49000
2023-10-16,27.9,27.9,27.9,27.7,27.9,68000
2023-10-17,27.9,27.9,27.95,27.75,27.95,86000
2023-10-18,27.8,27.8,27.9,27.65,27.9,140000
2023-10-19,27.75,27.75,27.85,27.7,27.85,69000
2023-10-20,27.7,27.7,27.8,27.6,27.7,61000
2023-10-23,27.6,27.6,27.75,27.6,27.75,36000
2023-10-24,27.65,27.65,27.65,27.55,27.6,75000
2023-10-25,27.7,27.7,27.75,27.6,27.65,77000
2023-10-26,27.9,27.9,28.1,27.7,27.75,61000
2023-10-27,28.15,28.15,28.35,28.05,28.05,52000
2023-10-30,28.0,28.0,28.25,28.0,28.15,27000
2023-10-31,28.0,28.0,28.15,27.85,28.0,46000
2023-11-01,28.05,28.05,28.2,27.95,28.2,22000
2023-11-02,28.1,28.1,28.2,27.95,28.2,11000
2023-11-03,27.9,27.9,28.1,27.9,28.1,47000
2023-11-06,28.15,28.15,28.2,28.0,28.1,50000
2023-11-07,28.2,28.2,28.25,28.0,28.25,22000
2023-11-08,27.95,27.95,28.25,27.9,28.25,30000
2023-11-09,28.2,28.2,28.3,28.0,28.2,115000
2023-11-10,28.2,28.2,28.25,28.1,28.25,20000
2023-11-13,28.2,28.2,28.3,28.0,28.3,63000
2023-11-14,28.35,28.35,28.35,28.0,28.3,91000
2023-11-15,28.3,28.3,28.45,28.1,28.45,62000
2023-11-16,28.3,28.3,28.4,28.1,28.4,22000
2023-11-17,28.15,28.15,28.4,28.1,28.4,100000
2023-11-20,28.35,28.35,28.35,28.15,28.15,26000
2023-11-21,28.25,28.25,28.4,28.15,28.15,59000
2023-11-22,28.25,28.25,28.35,28.05,28.35,56000
2023-11-23,28.3,28.3,28.45,28.2,28.3,68000
2023-11-24,28.3,28.3,28.45,28.3,28.45,28000
2023-11-27,28.45,28.45,28.5,28.2,28.3,33000
2023-11-28,28.45,28.45,28.55,28.4,28.55,22000
2023-11-29,28.55,28.55,28.55,28.4,28.55,38000
2023-11-30,28.45,28.45,28.55,28.3,28.4,40000
2023-12-01,28.45,28.45,28.5,28.3,28.5,36000
2023-12-04,28.5,28.5,28.5,28.25,28.5,62000
2023-12-05,28.5,28.5,28.5,28.3,28.35,49000
2023-12-06,28.4,28.4,28.65,28.3,28.35,80000
2023-12-07,28.3,28.3,28.6,28.3,28.5,77000
2023-12-08,28.35,28.35,28.5,28.3,28.45,28000
2023-12-11,28.4,28.4,28.45,28.2,28.35,62000
2023-12-12,28.35,28.35,28.4,28.2,28.4,184000
2023-12-13,28.35,28.35,28.4,28.25,28.35,59000
2023-12-14,28.4,28.4,28.4,28.25,28.35,49000
2023-12-15,28.7,28.7,29.3,28.3,28.4,70000
2023-12-18,28.8,28.8,28.8,28.5,28.75,46000
2023-12-19,28.75,28.75,28.85,28.65,28.85,70000
2023-12-20,28.85,28.85,29.1,28.65,29.1,26000
2023-12-21,28.7,28.7,28.95,28.5,28.5,47000
2023-12-22,28.6,28.6,28.9,28.3,28.9,91000
2023-12-25,28.6,28.6,28.6,28.45,28.55,49000
2023-12-26,28.5,28.5,28.75,28.4,28.75,59000
2023-12-27,28.5,28.5,28.6,28.4,28.6,58000
2023-12-28,28.5,28.5,28.85,28.45,28.85,22000
2023-12-29,28.45,28.45,28.75,28.4,28.75,52000
2024-01-01,23.95,23.95,24.2,23.75,23.85,56441
2024-01-02,28.5,28.5,28.6,28.4,28.4,49000
2024-01-03,28.45,28.45,28.6,28.4,28.6,32000
2024-01-04,28.5,28.5,28.65,28.4,28.65,17000
2024-01-05,28.65,28.65,28.8,28.5,28.65,24000
2024-01-08,28.95,28.95,29.1,28.85,29.1,129000
2024-01-09,28.95,28.95,29.25,28.9,29.25,57000
2024-01-10,28.9,28.9,29.1,28.8,29.1,57000
2024-01-11,29.1,29.1,29.35,29.0,29.3,121000
2024-01-12,29.2,29.2,29.25,29.05,29.1,116000
2024-01-15,30.4,30.4,31.45,29.3,29.3,572000
2024-01-16,30.2,30.2,30.55,29.7,30.55,187000
2024-01-17,30.1,30.1,30.4,29.9,30.4,182000
2024-01-18,30.15,30.15,30.3,29.9,30.0,138000
2024-01-19,30.1,30.1,30.7,29.75,30.05,108000
2024-01-22,30.1,30.1,30.3,29.9,30.1,93000
2024-01-23,30.1,30.1,30.25,29.9,30.25,46000
2024-01-24,30.15,30.15,30.25,30.0,30.0,62000
2024-01-25,30.15,30.15,30.35,29.95,30.3,110000
2024-01-26,30.2,30.2,30.25,30.1,30.2,126000
2024-01-29,30.8,30.8,30.95,30.2,30.4,230000
2024-01-30,30.75,30.75,31.15,30.4,31.1,63000
2024-01-31,30.6,30.6,30.75,30.4,30.75,34000
2024-02-01,30.7,30.7,30.95,30.45,30.85,111000
2024-02-02,30.7,30.7,30.9,30.4,30.8,84000
2024-02-05,30.8,30.8,31.3,30.6,31.2,76000
2024-02-06,23.95,23.95,24.2,23.75,23.85,56441
2024-02-07,23.95,23.95,24.2,23.75,23.85,56441
2024-02-08,23.95,23.95,24.2,23.75,23.85,56441
2024-02-09,23.95,23.95,24.2,23.75,23.85,56441
2024-02-12,23.95,23.95,24.2,23.75,23.85,56441
2024-02-13,23.95,23.95,24.2,23.75,23.85,56441
2024-02-14,23.95,23.95,24.2,23.75,23.85,56441
2024-02-15,31.0,31.0,31.4,30.7,31.4,133000
2024-02-16,30.9,30.9,31.0,30.7,31.0,138000
2024-02-19,30.95,30.95,31.05,30.8,31.0,186000
2024-02-20,30.95,30.95,31.05,30.85,30.95,67000
2024-02-21,30.9,30.9,31.0,30.75,30.8,191000
2024-02-22,30.9,30.9,30.95,30.0,30.75,164000
2024-02-23,30.75,30.75,30.9,30.4,30.9,152000
2024-02-26,30.6,30.6,30.7,30.2,30.7,177000
2024-02-27,30.6,30.6,30.6,30.2,30.6,101000
2024-02-28,23.95,23.95,24.2,23.75,23.85,56441
2024-02-29,30.6,30.6,30.95,30.5,30.5,86000
2024-03-01,30.6,30.6,30.75,30.4,30.6,75000
2024-03-04,30.65,30.65,30.75,30.45,30.75,90000
2024-03-05,30.7,30.7,30.75,30.5,30.65,53000
2024-03-06,30.4,30.4,30.7,30.35,30.7,122000
2024-03-07,30.5,30.5,30.7,30.3,30.6,111000
2024-03-08,30.5,30.5,30.6,30.15,30.6,167000
2024-03-11,30.9,30.9,30.9,30.3,30.45,171000
2024-03-12,31.0,31.0,31.65,30.9,30.9,233000
2024-03-13,30.9,30.9,31.25,30.7,31.2,61000
2024-03-14,30.6,30.6,30.85,30.5,30.7,142000
2024-03-15,30.65,30.65,31.0,30.35,30.55,59000
2024-03-18,30.6,30.6,30.9,30.45,30.9,38000
2024-03-19,30.6,30.6,30.6,30.4,30.6,95000
2024-03-20,30.75,30.75,30.85,30.5,30.6,117000
2024-03-21,30.5,30.5,30.95,30.45,30.95,94000
2024-03-22,30.55,30.55,30.65,30.45,30.45,49000
2024-03-25,30.55,30.55,30.6,30.25,30.6,69000
2024-03-26,30.55,30.55,30.7,30.4,30.7,33000
2024-03-27,30.25,30.25,30.8,30.25,30.7,99000
2024-03-28,30.55,30.55,30.85,30.25,30.25,80000
2024-03-29,30.65,30.65,30.65,30.35,30.4,68000
2024-04-01,30.55,30.55,30.75,30.45,30.75,76000
2024-04-02,30.65,30.65,30.7,30.5,30.5,29000
2024-04-03,30.7,30.7,30.7,30.45,30.5,40000
2024-04-04,23.95,23.95,24.2,23.75,23.85,56441
2024-04-05,23.95,23.95,24.2,23.75,23.85,56441
2024-04-08,30.7,30.7,30.9,30.6,30.8,69000
2024-04-09,30.7,30.7,30.8,30.6,30.8,92000
2024-04-10,30.95,30.95,31.3,30.65,30.65,182000
2024-04-11,31.0,31.0,31.45,30.85,31.45,71000
2024-04-12,31.0,31.0,31.15,30.85,31.15,110000
2024-04-15,30.9,30.9,31.1,30.75,31.1,53000
2024-04-16,30.45,30.45,30.9,30.4,30.9,88000
2024-04-17,30.4,30.4,30.75,30.4,30.4,55000
2024-04-18,30.5,30.5,30.6,30.35,30.4,27000
2024-04-19,30.3,30.3,30.65,30.05,30.65,77000
2024-04-22,30.4,30.4,30.75,30.25,30.25,65000
2024-04-23,30.4,30.4,30.5,30.2,30.3,47000
2024-04-24,30.5,30.5,30.55,30.3,30.3,69000
2024-04-25,30.3,30.3,30.5,30.25,30.5,25000
2024-04-26,30.5,30.5,30.5,30.3,30.3,24000
2024-04-29,30.5,30.5,30.55,30.4,30.4,39000
2024-04-30,30.8,30.8,31.25,30.3,30.3,128000
2024-05-01,23.95,23.95,24.2,23.75,23.85,56441
2024-05-02,30.95,30.95,31.0,30.8,30.8,62000
2024-05-03,30.95,30.95,31.2,30.75,31.05,68000
2024-05-06,31.5,31.5,31.85,30.95,30.95,285000
2024-05-07,31.3,31.3,31.7,31.15,31.7,78000
2024-05-08,31.3,31.3,31.4,31.2,31.3,66000
2024-05-09,31.05,31.05,31.7,30.9,31.7,106000
2024-05-10,31.2,31.2,31.25,30.85,30.85,69000
2024-05-13,30.6,30.6,31.25,30.2,31.25,329000
2024-05-14,30.5,30.5,30.65,30.4,30.65,43000
2024-05-15,30.5,30.5,30.55,30.3,30.4,74000
2024-05-16,30.5,30.5,30.55,30.1,30.5,245000
2024-05-17,30.45,30.45,30.55,30.3,30.55,52000
2024-05-20,30.5,30.5,30.5,30.05,30.25,66000
2024-05-21,30.25,30.25,30.55,30.15,30.55,66000
2024-05-22,30.25,30.25,30.3,30.15,30.2,89000
2024-05-23,30.15,30.15,30.3,30.0,30.2,107000
2024-05-24,30.05,30.05,30.2,30.05,30.1,60000
2024-05-27,30.1,30.1,30.3,30.0,30.05,104000
2024-05-28,30.15,30.15,30.2,30.0,30.2,78000
2024-05-29,30.2,30.2,30.35,30.05,30.25,72000
2024-05-30,30.1,30.1,30.45,30.05,30.15,70000
2024-05-31,30.15,30.15,30.2,30.05,30.1,54000
2024-06-03,30.0,30.0,30.1,29.9,30.0,169000
2024-06-04,30.2,30.2,30.4,30.0,30.0,51000
2024-06-05,30.1,30.1,30.35,30.05,30.2,60000
2024-06-06,30.1,30.1,30.3,30.0,30.1,88000
2024-06-07,30.2,30.2,30.2,30.0,30.1,62000
2024-06-10,23.95,23.95,24.2,23.75,23.85,56441
2024-06-11,30.25,30.25,30.4,30.1,30.4,24000
2024-06-12,30.2,30.2,30.3,30.0,30.3,55000
2024-06-13,30.0,30.0,30.35,30.0,30.35,84000
2024-06-14,30.1,30.1,30.25,30.0,30.1,40000
2024-06-17,30.1,30.1,30.3,30.0,30.3,107000
2024-06-18,30.05,30.05,30.2,30.0,30.2,41000
2024-06-19,30.1,30.1,30.2,30.0,30.05,46000
2024-06-20,30.2,30.2,30.45,30.0,30.2,131000
2024-06-21,30.3,30.3,30.4,30.1,30.35,34000
2024-06-24,30.3,30.3,30.45,30.05,30.4,57000
2024-06-25,30.4,30.4,30.4,30.1,30.4,30000
2024-06-26,30.15,30.15,30.45,30.05,30.4,70000
2024-06-27,30.15,30.15,30.2,30.0,30.2,49000
2024-06-28,30.15,30.15,30.2,30.0,30.2,73000
2024-07-01,30.25,30.25,30.5,30.15,30.25,17000
2024-07-02,30.1,30.1,30.4,30.1,30.4,28000
2024-07-03,30.1,30.1,30.4,30.1,30.1,31000
2024-07-04,30.25,30.25,30.3,30.0,30.1,56000
2024-07-05,30.35,30.35,30.4,30.2,30.2,36000
2024-07-08,30.2,30.2,30.45,30.15,30.45,42000
2024-07-09,30.3,30.3,30.4,30.1,30.1,32000
2024-07-10,30.25,30.25,30.4,30.2,30.4,23000
2024-07-11,30.7,30.7,30.9,30.45,30.45,244000
2024-07-12,30.8,30.8,31.0,30.55,30.8,134000
2024-07-15,30.65,30.65,30.7,30.55,30.7,102000
2024-07-16,31.3,31.3,31.7,30.55,30.55,263000
2024-07-17,31.5,31.5,32.1,31.35,32.05,122000
2024-07-18,31.3,31.3,31.65,30.8,31.65,83000
2024-07-19,30.9,30.9,31.25,30.6,31.25,117000
2024-07-22,30.45,30.45,30.9,30.4,30.9,76000
2024-07-23,30.65,30.65,30.85,30.4,30.65,42000
2024-07-24,23.95,23.95,24.2,23.75,23.85,56441
2024-07-25,23.95,23.95,24.2,23.75,23.85,56441
2024-07-26,30.65,30.65,30.65,30.25,30.5,32000
2024-07-29,30.65,30.65,30.7,30.25,30.65,41000
2024-07-30,30.65,30.65,30.65,30.6,30.65,10000
2024-07-31,30.65,30.65,30.75,30.6,30.65,16000
2024-08-01,30.7,30.7,30.75,30.65,30.75,16000
2024-08-02,30.5,30.5,30.6,30.25,30.6,55000
2024-08-05,30.4,30.4,30.45,29.0,30.3,153000
2024-08-06,29.95,29.95,30.25,29.3,29.8,85000
2024-08-07,30.1,30.1,30.2,29.9,30.2,40000
2024-08-08,30.05,30.05,30.1,29.8,29.8,36000
2024-08-09,30.0,30.0,30.35,29.8,30.35,52000
2024-08-12,30.15,30.15,30.4,30.0,30.0,40000
2024-08-13,30.0,30.0,30.35,29.95,30.35,53000
2024-08-14,30.05,30.05,30.3,29.9,30.3,40000
2024-08-15,30.15,30.15,30.4,30.1,30.1,35000
2024-08-16,30.25,30.25,30.45,30.1,30.2,51000
2024-08-19,30.4,30.4,30.5,30.0,30.1,90000
2024-08-20,30.45,30.45,30.75,30.35,30.4,78000
2024-08-21,30.45,30.45,30.55,30.35,30.55,34000
2024-08-22,30.4,30.4,30.6,30.25,30.45,45000
2024-08-23,30.5,30.5,30.55,30.3,30.5,74000
2024-08-26,30.7,30.7,30.85,30.6,30.6,138000
2024-08-27,29.65,29.65,29.85,28.95,29.0,130000
2024-08-28,29.6,29.6,30.05,29.6,30.05,109000
2024-08-29,29.7,29.7,29.9,29.35,29.9,44000
2024-08-30,29.75,29.75,29.95,29.5,29.95,49000
2024-09-02,29.6,29.6,29.85,29.4,29.75,102000
2024-09-03,29.75,29.75,29.8,29.65,29.7,21000
2024-09-04,29.5,29.5,29.75,29.2,29.55,52000
2024-09-05,29.5,29.5,29.7,29.15,29.4,74000
2024-09-06,29.55,29.55,29.6,29.35,29.6,16000
2024-09-09,29.6,29.6,29.6,29.45,29.5,12000
2024-09-10,29.65,29.65,29.75,29.1,29.7,77000
2024-09-11,29.15,29.15,29.55,29.15,29.35,63000
2024-09-12,29.65,29.65,29.65,29.2,29.3,12000
2024-09-13,29.55,29.55,29.65,29.5,29.6,15000
2024-09-16,29.75,29.75,29.75,29.4,29.65,40000
2024-09-17,23.95,23.95,24.2,23.75,23.85,56441
2024-09-18,29.5,29.5,29.9,29.5,29.9,21000
2024-09-19,29.85,29.85,29.85,29.35,29.7,43000
2024-09-20,29.9,29.9,30.0,29.6,29.95,40000
2024-09-23,30.0,30.0,30.0,29.85,29.9,39000
2024-09-24,30.6,30.6,30.7,29.95,30.0,149000
2024-09-25,30.55,30.55,30.9,30.2,30.7,132000
2024-09-26,30.5,30.5,30.7,30.3,30.6,40000
2024-09-27,30.2,30.2,30.65,30.2,30.6,77000
2024-09-30,30.25,30.25,30.3,30.1,30.2,16000
2024-10-01,30.15,30.15,30.35,30.05,30.35,38000
2024-10-02,23.95,23.95,24.2,23.75,23.85,56441
2024-10-03,23.95,23.95,24.2,23.75,23.85,56441
2024-10-04,30.15,30.15,30.4,29.9,30.4,36000
2024-10-07,30.15,30.15,30.35,29.95,30.15,42000
2024-10-08,30.0,30.0,30.3,30.0,30.3,19000
2024-10-09,30.0,30.0,30.3,29.9,30.3,28000
2024-10-10,23.95,23.95,24.2,23.75,23.85,56441
2024-10-11,30.05,30.05,30.2,29.85,29.95,51000
2024-10-14,30.0,30.0,30.25,29.8,30.25,44000
2024-10-15,30.0,30.0,30.2,29.85,30.15,37000
2024-10-16,29.9,29.9,30.1,29.8,30.1,21000
2024-10-17,29.9,29.9,30.1,29.8,30.0,20000
2024-10-18,30.05,30.05,30.05,29.85,30.05,26000
2024-10-21,30.1,30.1,30.15,29.85,30.15,35000
2024-10-22,30.0,30.0,30.2,29.85,30.2,58000
2024-10-23,30.1,30.1,30.15,30.0,30.1,26000
2024-10-24,29.85,29.85,30.15,29.85,30.0,27000
2024-10-25,30.0,30.0,30.1,29.95,30.1,13000
2024-10-28,30.0,30.0,30.2,29.85,30.2,41000
2024-10-29,29.9,29.9,30.0,29.75,30.0,35000
2024-10-30,29.9,29.9,29.9,29.7,29.9,34000
2024-10-31,23.95,23.95,24.2,23.75,23.85,56441
2024-11-01,30.15,30.15,30.2,29.7,29.9,19000
2024-11-04,30.15,30.15,30.3,29.7,30.3,65000
2024-11-05,30.1,30.1,30.15,29.9,30.15,21000
2024-11-06,30.1,30.1,30.25,29.9,30.15,23000
2024-11-07,29.75,29.75,30.15,29.75,30.15,58000
2024-11-08,30.15,30.15,30.4,29.85,29.9,62000
2024-11-11,29.95,29.95,30.05,29.8,29.8,35000
2024-11-12,29.95,29.95,30.15,29.85,30.15,16000
2024-11-13,30.0,30.0,30.2,30.0,30.2,15000
2024-11-14,30.05,30.05,30.15,29.8,30.1,32000
2024-11-15,30.0,30.0,30.2,29.8,30.2,34000
2024-11-18,29.9,29.9,30.15,29.9,30.1,40000
2024-11-19,30.05,30.05,30.05,29.85,30.05,18000
2024-11-20,30.0,30.0,30.1,29.8,30.1,29000
2024-11-21,29.8,29.8,30.05,29.8,30.0,30000
2024-11-22,29.7,29.7,30.1,29.7,30.1,37000
2024-11-25,29.95,29.95,30.0,29.95,30.0,6000
2024-11-26,29.95,29.95,30.0,29.8,30.0,11000
2024-11-27,29.8,29.8,29.85,29.65,29.85,31000
2024-11-28,29.6,29.6,29.7,29.6,29.7,14000
2024-11-29,29.55,29.55,29.6,29.55,29.6,21000
2024-12-02,29.35,29.35,29.55,29.25,29.5,50000
2024-12-03,29.3,29.3,29.4,29.3,29.4,14000
2024-12-04,29.45,29.45,29.5,29.35,29.35,9000
2024-12-05,29.45,29.45,29.45,29.35,29.35,7000
2024-12-06,29.4,29.4,29.5,29.4,29.45,13000
2024-12-09,29.35,29.35,29.4,29.3,29.4,10000
2024-12-10,29.5,29.5,29.5,29.2,29.35,20000
2024-12-11,29.65,29.65,29.65,27.15,29.0,296000
2024-12-12,29.35,29.35,29.6,28.9,29.6,51000
2024-12-13,28.6,28.6,29.6,28.5,29.5,60000
2024-12-16,28.35,28.35,28.7,27.05,28.6,82000
2024-12-17,28.0,28.0,28.05,27.85,28.05,40000
2024-12-18,28.6,28.6,28.6,27.9,28.0,26000
2024-12-19,28.5,28.5,28.5,28.2,28.2,5000
2024-12-20,28.5,28.5,28.55,28.4,28.5,8000
2024-12-23,28.65,28.65,28.75,28.5,28.5,8000
2024-12-24,28.85,28.85,28.85,28.7,28.8,14000
2024-12-25,29.0,29.0,29.0,28.85,28.85,7000
2024-12-26,29.1,29.1,29.1,29.05,29.05,2000
2024-12-27,29.2,29.2,29.2,29.05,29.05,8000
2024-12-30,29.25,29.25,29.25,28.9,29.1,4000
2024-12-31,29.1,29.1,29.1,28.95,29.05,7000
2025-01-01,23.95,23.95,24.2,23.75,23.85,56441
2025-01-02,29.25,29.25,29.3,29.0,29.3,3000
2025-01-03,29.15,29.15,29.15,29.05,29.1,4000
2025-01-06,29.25,29.25,29.25,28.95,29.15,17000
2025-01-07,29.25,29.25,29.25,29.15,29.2,23000
2025-01-08,29.15,29.15,29.2,29.1,29.2,16000
2025-01-09,29.15,29.15,29.15,29.05,29.15,25000
2025-01-10,29.05,29.05,29.2,28.85,29.1,29000
2025-01-13,28.8,28.8,28.9,28.5,28.9,39000
2025-01-14,29.0,29.0,29.6,28.6,28.7,11000
2025-01-15,29.1,29.1,29.1,28.8,29.0,19000
2025-01-16,29.1,29.1,29.35,29.0,29.35,7000
2025-01-17,29.1,29.1,29.25,28.85,28.85,9000
2025-01-20,29.1,29.1,29.1,29.1,29.1,2000
2025-01-21,28.85,28.85,29.1,28.7,28.9,27000
2025-01-22,28.8,28.8,29.0,28.5,28.9,56000
2025-01-23,23.95,23.95,24.2,23.75,23.85,56441
2025-01-24,23.95,23.95,24.2,23.75,23.85,56441
2025-01-27,23.95,23.95,24.2,23.75,23.85,56441
2025-01-28,23.95,23.95,24.2,23.75,23.85,56441
2025-01-29,23.95,23.95,24.2,23.75,23.85,56441
2025-01-30,23.95,23.95,24.2,23.75,23.85,56441
2025-01-31,23.95,23.95,24.2,23.75,23.85,56441
2025-02-03,29.0,29.0,29.1,28.65,28.85,12000
2025-02-04,28.95,28.95,28.95,28.7,28.75,23000
2025-02-05,28.95,28.95,28.95,28.5,28.6,34000
2025-02-06,28.95,28.95,28.95,28.8,28.85,9000
2025-02-07,29.0,29.0,29.05,28.75,28.75,17000
2025-02-10,28.85,28.85,28.85,28.8,28.8,7000
2025-02-11,29.0,29.0,29.0,28.9,29.0,38000
2025-02-12,29.8,29.8,30.85,29.05,29.2,71000
2025-02-13,29.7,29.7,30.0,29.65,30.0,32000
2025-02-14,29.7,29.7,30.1,29.45,29.7,17000
2025-02-17,29.55,29.55,30.0,29.55,30.0,7000
2025-02-18,29.5,29.5,30.2,29.4,30.2,14000
2025-02-19,29.7,29.7,30.0,29.7,29.85,34000
2025-02-20,29.7,29.7,29.95,29.7,29.95,93000
2025-02-21,29.8,29.8,30.15,29.65,30.15,18000
2025-02-24,30.3,30.3,30.3,29.6,29.95,65000
2025-02-25,30.4,30.4,30.7,30.2,30.7,39000
2025-02-26,30.45,30.45,30.55,30.35,30.55,26000
2025-02-27,30.3,30.3,30.65,30.3,30.65,8000
2025-02-28,23.95,23.95,24.2,23.75,23.85,56441
2025-03-03,30.2,30.2,30.5,30.15,30.5,31000
2025-03-04,30.1,30.1,30.3,29.95,30.2,15000
2025-03-05,30.05,30.05,30.55,29.9,30.55,18000
2025-03-06,30.15,30.15,30.35,29.95,30.35,27000
2025-03-07,30.15,30.15,30.25,30.05,30.15,48000
2025-03-10,30.2,30.2,30.25,30.1,30.25,25000
2025-03-11,30.4,30.4,30.55,30.0,30.0,9000
2025-03-12,30.4,30.4,30.7,30.35,30.7,80000
2025-03-13,30.45,30.45,30.65,30.4,30.6,95000
2025-03-14,30.45,30.45,30.6,30.15,30.55,54000
2025-03-17,29.9,29.9,30.35,29.35,30.3,127000
2025-03-18,30.0,30.0,30.15,29.7,30.1,23000
2025-03-19,30.0,30.0,30.05,29.75,30.0,6000
2025-03-20,29.8,29.8,30.35,29.75,30.35,18000
2025-03-21,29.8,29.8,30.1,29.7,30.1,14000
2025-03-24,29.85,29.85,30.0,29.65,29.95,19000
2025-03-25,29.95,29.95,30.25,29.6,30.25,16000
2025-03-26,29.95,29.95,30.0,29.75,30.0,14000
2025-03-27,29.85,29.85,30.1,29.8,29.95,8000
2025-03-28,29.85,29.85,30.1,29.6,30.1,30000
2025-03-31,29.8,29.8,29.85,29.3,29.65,28000
2025-04-01,30.1,30.1,30.2,30.1,30.2,3000
2025-04-02,30.05,30.05,30.1,29.6,30.1,40000
2025-04-03,23.95,23.95,24.2,23.75,23.85,56441
2025-04-04,23.95,23.95,24.2,23.75,23.85,56441
2025-04-07,27.05,27.05,27.05,27.05,27.05,62000
2025-04-08,28.3,28.3,28.3,24.75,24.75,107000
2025-04-09,28.2,28.2,28.85,27.2,28.3,118000
2025-04-10,29.75,29.75,29.9,29.75,29.9,9000
2025-04-11,29.75,29.75,29.9,29.0,29.9,19000
2025-04-14,29.85,29.85,29.9,29.3,29.85,24000
2025-04-15,29.85,29.85,29.9,29.6,29.9,14000
2025-04-16,29.85,29.85,29.85,29.75,29.8,8000
2025-04-17,29.8,29.8,29.8,29.5,29.8,26000
2025-04-18,29.75,29.75,29.75,29.45,29.6,30000
2025-04-21,29.7,29.7,29.8,29.4,29.8,15000
2025-04-22,29.5,29.5,29.6,29.4,29.6,6000
2025-04-23,29.8,29.8,29.9,29.6,29.75,28000
2025-04-24,29.75,29.75,29.9,29.5,29.9,9000
2025-04-25,29.85,29.85,29.9,29.6,29.9,7000
2025-04-28,29.9,29.9,29.95,29.9,29.95,15000
2025-04-29,29.85,29.85,29.85,29.6,29.85,7000
2025-04-30,29.9,29.9,29.9,29.25,29.9,27000
2025-05-01,23.95,23.95,24.2,23.75,23.85,56441
2025-05-02,29.65,29.65,29.95,29.55,29.95,31000
2025-05-05,29.8,29.8,29.8,29.8,29.8,1000
2025-05-06,29.75,29.75,29.8,29.75,29.75,12000
2025-05-07,29.45,29.45,29.45,29.35,29.45,13000
2025-05-08,29.6,29.6,29.6,29.25,29.25,6000
2025-05-09,29.55,29.55,29.75,29.3,29.75,21000
2025-05-12,29.5,29.5,29.7,29.1,29.7,37000
2025-05-13,29.65,29.65,29.75,29.6,29.75,5000
2025-05-14,29.2,29.2,29.75,29.2,29.75,23000
2025-05-15,29.4,29.4,29.5,29.0,29.15,20000
2025-05-16,29.5,29.5,29.5,29.2,29.5,25000
2025-05-19,29.4,29.4,29.75,29.2,29.75,20000
2025-05-20,29.35,29.35,29.65,29.1,29.65,25000
2025-05-21,29.3,29.3,29.3,29.1,29.2,35000
2025-05-22,29.25,29.25,29.45,29.0,29.45,25000
2025-05-23,29.25,29.25,29.35,29.1,29.35,14000
2025-05-26,29.45,29.45,29.45,29.1,29.1,5000
2025-05-27,29.3,29.3,29.4,29.25,29.25,3000
2025-05-28,29.25,29.25,29.55,29.25,29.55,2000
2025-05-29,29.2,29.2,29.25,29.0,29.25,19000
2025-05-30,23.95,23.95,24.2,23.75,23.85,56441
2025-06-02,29.15,29.15,29.5,28.5,29.5,31000
2025-06-03,29.1,29.1,29.2,28.95,28.95,10000
2025-06-04,29.3,29.3,29.35,29.3,29.35,2000
2025-06-05,29.4,29.4,29.4,29.4,29.4,1000
2025-06-06,29.4,29.4,29.4,29.0,29.2,14000
2025-06-09,29.45,29.45,29.55,29.45,29.55,4000
2025-06-10,29.5,29.5,29.5,29.45,29.45,2000
2025-06-11,29.2,29.2,29.45,29.05,29.45,9000
2025-06-12,29.2,29.2,29.2,29.2,29.2,2000
2025-06-13,29.2,29.2,29.2,28.9,28.95,16000
2025-06-16,29.05,29.05,29.3,28.75,29.3,16000
2025-06-17,29.05,29.05,29.05,29.0,29.0,25000
2025-06-18,29.05,29.05,29.35,28.9,29.35,5000
2025-06-19,29.1,29.1,29.1,29.1,29.1,2000
2025-06-20,29.05,29.05,29.2,28.7,29.2,13000
2025-06-23,29.05,29.05,29.05,29.05,29.05,1000
2025-06-24,29.05,29.05,29.3,29.0,29.0,13000
2025-06-25,29.15,29.15,29.25,29.0,29.1,13000
2025-06-26,29.1,29.1,29.15,29.0,29.15,5000
2025-06-27,29.2,29.2,29.5,29.1,29.3,15000
2025-06-30,29.1,29.1,29.3,29.05,29.3,28000
2025-07-01,29.1,29.1,29.2,28.6,29.2,55000
2025-07-02,29.35,29.35,29.35,29.2,29.2,2000
2025-07-03,29.1,29.1,29.1,29.1,29.1,3000
2025-07-04,29.2,29.2,29.2,28.9,29.2,42000
2025-07-07,29.2,29.2,29.25,28.95,29.25,31000
2025-07-08,29.15,29.15,29.25,28.85,29.2,34000
2025-07-09,29.05,29.05,29.05,28.7,28.9,101000
2025-07-10,29.25,29.25,29.25,29.15,29.15,2000
2025-07-11,29.15,29.15,29.15,28.9,28.9,12000
2025-07-14,29.2,29.2,29.3,29.2,29.25,4000
2025-07-15,29.15,29.15,29.15,28.8,28.95,58000
2025-07-16,29.0,29.0,29.0,28.85,28.9,16000
2025-07-17,29.05,29.05,29.05,28.85,28.85,5000
2025-07-18,29.05,29.05,29.05,28.75,28.85,30000
2025-07-21,29.1,29.1,29.1,29.1,29.1,1000
2025-07-22,29.15,29.15,29.15,28.9,29.15,3000
2025-07-23,29.1,29.1,29.1,28.5,28.7,37000
2025-07-24,29.1,29.1,29.15,28.8,29.15,9000
2025-07-25,28.95,28.95,29.0,28.7,28.8,32000
2025-07-28,29.05,29.05,29.05,28.7,29.05,8000
2025-07-29,29.15,29.15,29.15,28.8,29.15,9000
2025-07-30,28.95,28.95,28.95,28.75,28.8,16000
2025-07-31,29.05,29.05,29.05,28.7,29.05,24000
2025-08-01,29.1,29.1,29.1,28.5,28.7,52000
2025-08-04,29.3,29.3,29.3,28.8,29.0,9000
2025-08-06,28.7,28.7,28.8,28.7,28.75,18000
2025-08-07,28.9,28.9,29.05,28.9,29.05,3000
2025-08-08,28.75,28.75,29.1,28.6,29.1,38000
2025-08-11,28.8,28.8,28.8,28.55,28.7,31000
2025-08-12,28.8,28.8,28.8,28.6,28.6,8000
2025-08-13,28.8,28.8,29.0,28.75,28.85,44000
2025-08-14,28.8,28.8,28.95,28.6,28.95,14000
2025-08-15,28.85,28.85,28.85,28.5,28.85,16000
2025-08-18,28.75,28.75,28.85,28.45,28.85,36000
2025-08-19,28.8,28.8,28.85,28.55,28.85,13000
2025-08-20,28.9,28.9,28.9,28.65,28.8,39000
2025-08-21,28.85,28.85,28.95,28.85,28.95,7000
2025-08-22,28.85,28.85,28.9,28.45,28.85,30000
2025-08-25,29.4,29.4,29.45,28.85,28.85,93000
2025-08-26,28.4,28.4,28.6,27.8,28.35,66000
2025-08-27,28.3,28.3,28.75,28.3,28.75,15000
2025-08-28,28.4,28.4,28.6,28.0,28.6,30000
2025-08-29,28.45,28.45,28.55,28.35,28.55,12000
2025-09-01,28.5,28.5,28.5,28.1,28.1,10000
2025-09-02,28.55,28.55,28.65,28.35,28.65,6000
2025-09-03,28.4,28.4,28.6,28.25,28.6,18000
2025-09-04,28.5,28.5,28.5,28.3,28.5,5000
2025-09-05,28.6,28.6,28.7,28.3,28.7,9000
2025-09-08,28.9,28.9,28.9,28.6,28.6,20000
2025-09-09,29.2,29.2,29.2,28.6,28.9,43000
2025-09-10,29.4,29.4,29.45,29.2,29.3,18000
2025-09-11,29.5,29.5,29.5,29.5,29.5,1000
2025-09-12,29.2,29.2,29.45,28.6,28.85,22000
2025-09-15,29.3,29.3,29.35,29.0,29.3,6000
2025-09-16,29.5,29.5,29.5,29.4,29.45,13000
2025-09-17,29.3,29.3,29.55,29.2,29.55,13000
2025-09-18,29.5,29.5,29.5,29.5,29.5,1000
2025-09-19,29.3,29.3,29.45,28.9,29.05,25000
2025-09-22,29.2,29.2,29.5,29.15,29.5,18000
2025-09-23,29.0,29.0,29.3,29.0,29.3,25000
2025-09-24,29.15,29.15,29.15,28.9,29.15,19000
2025-09-25,29.15,29.15,29.3,28.8,29.3,25000
2025-09-26,29.1,29.1,29.1,28.8,29.0,14000
2025-09-29,23.95,23.95,24.2,23.75,23.85,56441
2025-09-30,29.1,29.1,29.2,28.5,29.2,35000
2025-10-01,29.1,29.1,29.1,28.75,28.75,3000
2025-10-02,29.25,29.25,29.25,29.25,29.25,1000
2025-10-03,28.95,28.95,29.1,28.8,29.1,16000
2025-10-06,23.95,23.95,24.2,23.75,23.85,56441
2025-10-07,29.0,29.0,29.0,28.8,28.85,9000
2025-10-08,29.0,29.0,29.0,28.7,28.8,10000
2025-10-09,29.1,29.1,29.2,28.85,29.2,7000
2025-10-10,23.95,23.95,24.2,23.75,23.85,56441
2025-10-13,28.95,28.95,29.0,28.15,28.75,23000
2025-10-14,28.85,28.85,28.95,28.6,28.7,18000
2025-10-15,28.8,28.8,28.85,28.55,28.85,8000
2025-10-16,28.8,28.8,29.0,28.6,29.0,12000
2025-10-17,28.8,28.8,28.9,28.6,28.9,7000
2025-10-20,28.75,28.75,28.9,28.4,28.9,35000
2025-10-21,28.4,28.4,28.75,28.4,28.5,33000
2025-10-22,28.5,28.5,28.5,28.3,28.4,15000
2025-10-23,28.5,28.5,28.5,28.4,28.4,4000
2025-10-24,23.95,23.95,24.2,23.75,23.85,56441
2025-10-27,28.6,28.6,28.75,28.4,28.4,6000
2025-10-28,28.65,28.65,28.65,28.65,28.65,1000
2025-10-29,28.55,28.55,28.7,28.3,28.65,38000
2025-10-30,28.65,28.65,29.2,28.65,29.2,2000
2025-10-31,28.55,28.55,28.9,28.35,28.9,8000
2025-11-03,28.55,28.55,29.2,28.3,29.2,19000
2025-11-04,28.5,28.5,28.5,28.25,28.5,4000
2025-11-05,28.5,28.5,28.5,28.15,28.5,14000
2025-11-06,28.55,28.55,28.55,28.1,28.2,23000
2025-11-07,28.4,28.4,28.4,28.25,28.25,3000
2025-11-10,28.35,28.35,28.35,27.85,28.0,29000
2025-11-11,28.3,28.3,28.3,28.0,28.3,17000
2025-11-12,28.0,28.0,28.2,27.85,28.05,20000
2025-11-13,27.9,27.9,27.95,27.75,27.85,24000
2025-11-14,27.75,27.75,27.85,27.35,27.85,44000
2025-11-17,27.75,27.75,27.75,27.35,27.4,18000
2025-11-18,27.55,27.55,27.7,27.15,27.4,27000
2025-11-19,27.35,27.35,27.4,27.0,27.25,45000
2025-11-20,27.2,27.2,27.25,26.9,27.1,33000
2025-11-21,27.2,27.2,27.2,26.7,27.1,17000
2025-11-24,27.15,27.15,27.15,27.0,27.0,3000
2025-11-25,27.05,27.05,27.05,26.8,27.0,18000
2025-11-26,26.75,26.75,27.0,26.5,26.8,32000
2025-11-27,26.55,26.55,26.6,26.15,26.5,30000
2025-11-28,26.55,26.55,26.55,26.3,26.45,12000
2025-12-01,26.55,26.55,26.55,26.3,26.35,6000
2025-12-02,26.5,26.5,26.55,26.4,26.45,87000
2025-12-03,26.5,26.5,26.5,26.3,26.5,51000
2025-12-04,26.5,26.5,26.5,26.5,26.5,2000
2025-12-05,26.3,26.3,26.3,26.2,26.3,15000
2025-12-08,26.2,26.2,26.3,25.95,26.05,17000
2025-12-09,26.0,26.0,26.0,25.8,26.0,31000
2025-12-10,25.75,25.75,25.8,25.2,25.65,67000
2025-12-11,25.15,25.15,25.3,25.0,25.3,68000
2025-12-12,25.4,25.4,25.6,25.15,25.15,121000
2025-12-15,25.1,25.1,25.3,25.1,25.3,21000
2025-12-16,25.1,25.1,25.15,25.0,25.1,17000
2025-12-17,25.0,25.0,25.0,24.9,25.0,17000
2025-12-18,25.0,25.0,25.0,24.7,24.7,10000
2025-12-19,24.9,24.9,24.9,24.85,24.9,6000
2025-12-22,24.75,24.75,24.75,24.65,24.7,16000
2025-12-23,24.75,24.75,24.75,24.65,24.75,16000
2025-12-24,24.55,24.55,24.7,24.5,24.7,12000
2025-12-25,23.95,23.95,24.2,23.75,23.85,56441
2025-12-26,24.55,24.55,24.55,24.0,24.3,112000
2025-12-29,24.4,24.4,24.55,24.35,24.55,14000
2025-12-30,24.4,24.4,24.45,24.35,24.4,15000
2025-12-31,24.3,24.3,24.4,24.15,24.3,38000
2026-01-01,23.95,23.95,24.2,23.75,23.85,56441
2026-01-02,24.3,24.3,24.3,24.15,24.25,14000
2026-01-05,24.0,24.0,24.2,23.8,24.2,40000
2026-01-06,23.85,23.85,23.9,23.6,23.8,49000
2026-01-07,23.55,23.55,23.55,23.35,23.55,33000
2026-01-08,23.75,23.75,23.85,23.3,23.55,38000
2026-01-09,25.35,25.35,25.6,23.75,23.75,178000
2026-01-12,24.8,24.8,25.0,24.25,24.25,80000
2026-01-13,25.35,25.35,26.1,24.65,25.35,111000
2026-01-14,25.2,25.2,25.9,24.9,25.85,49000
2026-01-15,25.35,25.35,26.0,25.2,26.0,16000
2026-01-16,25.5,25.5,25.6,25.05,25.6,41000
2026-01-19,25.55,25.55,26.0,25.3,26.0,45000
2026-01-20,25.25,25.25,25.5,25.1,25.25,41000
2026-01-21,25.15,25.15,25.55,25.0,25.55,24000
2026-01-22,25.35,25.35,26.1,25.15,25.4,20000
2026-01-23,25.7,25.7,26.0,25.3,25.4,30000
2026-01-26,25.6,25.6,25.8,25.6,25.7,10000
2026-01-27,25.8,25.8,26.15,25.8,26.15,3000
2026-01-28,25.8,25.8,25.95,25.6,25.9,8000
2026-01-29,25.75,25.75,26.4,25.45,26.4,6000
2026-01-30,25.1,25.1,25.95,25.0,25.5,27000
2026-02-02,24.65,24.65,25.5,24.45,25.1,32000
2026-02-03,24.65,24.65,25.1,24.45,25.1,24000
2026-02-04,24.9,24.9,24.95,24.9,24.95,2000
2026-02-05,24.85,24.85,24.95,24.85,24.9,10000
2026-02-06,24.9,24.9,25.05,24.7,24.7,28000
2026-02-09,25.0,25.0,25.1,24.85,25.0,19000
2026-02-10,25.0,25.0,25.0,24.6,24.6,3000
2026-02-11,25.0,25.0,25.0,24.55,25.0,15000
2026-02-12,23.95,23.95,24.2,23.75,23.85,56441
2026-02-13,23.95,23.95,24.2,23.75,23.85,56441
2026-02-16,23.95,23.95,24.2,23.75,23.85,56441
2026-02-17,23.95,23.95,24.2,23.75,23.85,56441
2026-02-18,23.95,23.95,24.2,23.75,23.85,56441
2026-02-19,23.95,23.95,24.2,23.75,23.85,56441
2026-02-20,23.95,23.95,24.2,23.75,23.85,56441
2026-02-23,25.3,25.3,25.7,25.0,25.0,28000
2026-02-24,25.3,25.3,25.6,25.15,25.6,16000
2026-02-25,25.05,25.05,26.0,25.0,26.0,25000
2026-02-26,25.0,25.0,25.0,24.8,24.8,19000
2026-02-27,23.95,23.95,24.2,23.75,23.85,56441
2026-03-02,24.9,24.9,25.6,24.8,25.6,15000
2026-03-03,24.9,24.9,24.9,24.9,24.9,2000
2026-03-04,24.65,24.65,24.9,24.25,24.8,27000
2026-03-05,24.6,24.6,24.8,23.55,24.5,62000
2026-03-06,24.5,24.5,24.5,24.1,24.5,34000
2026-03-09,24.5,24.5,24.5,23.85,24.25,18000
2026-03-11,24.5,24.5,24.55,24.4,24.5,17000
2026-03-12,24.6,24.6,25.0,24.5,24.5,21000
2026-03-16,24.4,24.4,24.5,24.15,24.5,23000
2026-03-17,24.4,24.4,24.4,24.4,24.4,1000
2026-03-18,24.5,24.5,25.45,24.5,24.5,15000
2026-03-19,24.4,24.4,24.5,24.15,24.5,17000
2026-03-20,24.3,24.3,24.4,23.95,24.4,31000
2026-03-23,23.9,23.9,24.2,23.8,24.2,38000
2026-03-24,24.5,24.5,24.5,24.5,24.5,1000
2026-03-25,24.3,24.3,24.5,24.1,24.5,14000
2026-03-26,24.35,24.35,24.45,24.0,24.45,11000
2026-03-30,24.25,24.25,24.3,24.25,24.3,4000
2026-03-31,24.1,24.1,24.1,23.3,23.85,16000
2026-04-01,24.2,24.2,24.2,24.0,24.0,9000
2026-04-02,24.2,24.2,24.2,24.1,24.1,9000
2026-04-03,23.95,23.95,24.2,23.75,23.85,56441
2026-04-06,23.95,23.95,24.2,23.75,23.85,56441
2026-04-07,24.1,24.1,24.1,23.7,24.0,33000
2026-04-08,24.0,24.0,24.0,23.8,24.0,24000
2026-04-09,23.75,23.75,24.15,23.7,24.15,42000
2026-04-10,23.45,23.45,23.65,23.3,23.5,26000
2026-04-13,23.4,23.4,23.4,23.1,23.15,20000
2026-04-14,23.05,23.05,23.4,23.05,23.4,70000
2026-04-15,23.35,23.35,23.7,23.3,23.5,22000
2026-04-16,23.3,23.3,23.35,23.1,23.35,42000
2026-04-17,23.45,23.45,23.5,23.05,23.05,16000
2026-04-20,23.4,23.4,23.4,23.4,23.4,2000
2026-04-21,23.4,23.4,23.4,23.1,23.4,9000
2026-04-22,23.35,23.35,23.4,23.0,23.35,43000
2026-04-23,23.2,23.2,23.35,23.1,23.35,32000
2026-04-24,23.3,23.3,23.3,23.0,23.15,30000
2026-04-27,23.3,23.3,23.3,23.1,23.3,9000
2026-04-28,23.3,23.3,23.3,23.3,23.3,1000
2026-04-29,23.35,23.35,23.35,23.15,23.2,15000
2026-04-30,23.3,23.3,23.35,23.05,23.35,18000
2026-05-01,23.95,23.95,24.2,23.75,23.85,56441
2026-05-04,23.3,23.3,24.4,23.1,23.7,25000
2026-05-06,23.3,23.3,23.3,23.1,23.3,23000
2026-05-07,23.15,23.15,23.6,23.0,23.15,51000
2026-05-08,23.2,23.2,23.2,23.0,23.05,28000
2026-05-11,23.2,23.2,23.2,23.0,23.15,24000
2026-05-12,23.2,23.2,23.2,23.0,23.0,9000
2026-05-13,23.15,23.15,23.2,23.05,23.2,13000
2026-05-14,24.2,24.2,25.45,23.65,23.8,181000
2026-05-15,23.8,23.8,24.6,23.3,24.45,95000
2026-05-18,23.5,23.5,23.8,23.35,23.5,4000
2026-05-19,23.5,23.5,23.55,23.3,23.5,28000
2026-05-20,23.15,23.15,23.4,23.15,23.3,23000
2026-05-21,23.5,23.5,23.8,23.15,23.8,21000
2026-05-22,23.4,23.4,23.4,23.2,23.4,9000
2026-05-25,23.2,23.2,23.35,23.2,23.25,21000
2026-05-26,23.4,23.4,23.85,23.2,23.2,20000
2026-05-27,23.85,23.85,23.85,23.25,23.4,51000
2026-05-28,23.95,23.95,25.0,23.45,23.45,57000
2026-05-29,23.8,23.8,23.95,23.5,23.8,40000
2026-06-01,23.6,23.6,24.5,23.6,23.9,11000
2026-06-02,23.6,23.6,23.6,23.4,23.5,55000
2026-06-03,23.7,23.7,24.2,23.7,24.0,25000
2026-06-04,23.55,23.55,23.8,23.5,23.8,14000
2026-06-05,23.85,23.85,24.0,23.5,24.0,25000
2026-06-08,23.7,23.7,23.85,23.15,23.85,32000
2026-06-09,24.15,24.15,24.95,23.55,24.5,26000
2026-06-10,23.6,23.6,24.3,23.45,24.15,16000
2026-06-11,23.55,23.55,23.9,23.5,23.9,3000
2026-06-12,23.9,23.9,24.0,23.9,24.0,8000
2026-06-15,23.45,23.45,24.0,23.2,23.95,57000
2026-06-16,23.2,23.2,23.6,22.85,23.3,69000
2026-06-17,23.45,23.45,23.5,23.0,23.2,20000
2026-06-18,23.5,23.5,23.6,23.1,23.6,33000
2026-06-19,23.95,23.95,24.2,23.75,23.85,56441
2026-06-22,23.35,23.35,23.8,23.3,23.8,12000
2026-06-23,23.3,23.3,23.8,23.2,23.3,27000
2026-06-24,23.4,23.4,23.5,23.0,23.45,33000
2026-06-25,23.2,23.2,23.9,23.2,23.9,12000
2026-06-26,23.25,23.25,23.4,23.05,23.2,25000
2026-06-29,23.45,23.45,23.8,23.3,23.8,7000
2026-06-30,23.6,23.6,23.9,23.25,23.5,28000
2026-07-01,23.25,23.25,23.6,23.25,23.45,16000
2026-07-02,23.35,23.35,23.9,23.35,23.9,9000
2026-07-03,23.35,23.35,23.65,23.25,23.6,29000
2026-07-06,23.5,23.5,23.8,23.4,23.8,49000
2026-07-07,23.5,23.5,23.85,23.5,23.5,28000
2026-07-08,23.6,23.6,24.2,23.5,24.2,6000
2026-07-09,23.6,23.6,23.6,23.4,23.4,12000
2026-07-10,23.95,23.95,24.2,23.75,23.85,56441
2026-07-13,23.5,23.5,23.9,23.4,23.5,15000
2026-07-14,23.5,23.5,23.8,23.1,23.7,49000
2026-07-15,23.25,23.25,23.85,23.2,23.85,29000
2026-07-16,23.15,23.15,23.15,23.0,23.15,30000
2026-07-17,23.1,23.1,23.1,22.9,23.05,19000
2026-07-20,23.1,23.1,23.1,22.55,22.9,45000
2026-07-21,23.15,23.15,23.15,23.05,23.1,32000
2026-07-22,23.2,23.2,23.4,23.2,23.4,3000
2026-07-23,23.2,23.2,23.3,23.0,23.3,17000
2026-07-24,23.1,23.1,23.1,22.9,22.95,6000
2026-07-28,23.15,23.15,23.15,22.7,22.75,26000
2026-07-29,23.15,23.15,23.15,22.7,23.0,37000
2026-07-30,23.0,23.0,23.1,22.9,23.1,14000
2026-07-31,23.1,23.1,24.0,23.1,23.9,26000
2026-08-03,23.2,23.2,23.2,22.75,23.1,16000
2026-08-04,23.5,23.5,23.5,23.45,23.45,2000
2026-08-05,23.4,23.4,23.4,23.2,23.2,25000
2026-08-06,23.2,23.2,23.2,23.2,23.2,1000
2026-08-07,23.25,23.25,23.45,23.25,23.4,3000
2026-08-10,23.3,23.3,23.8,23.25,23.35,11000
2026-08-11,23.3,23.3,23.3,23.2,23.2,19000
2026-08-12,23.45,23.45,23.75,23.3,23.3,27000
2026-08-13,23.45,23.45,23.45,23.2,23.3,12000
2026-08-14,23.2,23.2,23.4,23.1,23.1,41000
2026-08-17,23.0,23.0,23.2,22.9,23.15,32000
2026-08-18,23.0,23.0,23.25,23.0,23.25,9000
2026-08-19,23.0,23.0,23.3,23.0,23.3,29000
2026-08-20,23.6,23.6,23.95,23.2,23.4,30000
2026-08-21,23.95,23.95,24.2,23.75,23.85,56000
2026-08-24,23.5,23.5,23.6,22.9,23.2,24084
2026-08-25,23.5,23.5,23.55,23.05,23.05,8012
2026-08-26,23.5,23.5,23.65,23.2,23.65,40084
2026-08-27,23.5,23.5,23.6,23.25,23.5,23008
2026-08-28,23.45,23.45,23.55,23.4,23.55,9044
2026-08-31,23.55,23.55,23.9,23.55,23.6,19033
