Date,Adj Close,Close,High,Low,Open,Volume
2016-08-12,68.2,68.2,68.8,67.8,68.2,333336
2016-08-15,68.2,68.2,68.8,67.8,68.2,333336
2016-08-16,68.2,68.2,68.8,67.8,68.2,333336
2016-08-17,68.2,68.2,68.8,67.8,68.2,333336
2016-08-18,68.2,68.2,68.8,67.8,68.2,333336
2016-08-19,68.2,68.2,68.8,67.8,68.2,333336
2016-08-22,68.2,68.2,68.8,67.8,68.2,333336
2016-08-23,68.2,68.2,68.8,67.8,68.2,333336
2016-08-24,68.2,68.2,68.8,67.8,68.2,333336
2016-08-25,68.2,68.2,68.8,67.8,68.2,333336
2016-08-26,68.2,68.2,68.8,67.8,68.2,333336
2016-08-29,68.2,68.2,68.8,67.8,68.2,333336
2016-08-30,68.2,68.2,68.8,67.8,68.2,333336
2016-08-31,68.2,68.2,68.8,67.8,68.2,333336
2016-09-01,68.2,68.2,68.8,67.8,68.2,333336
2016-09-02,68.2,68.2,68.8,67.8,68.2,333336
2016-09-05,68.2,68.2,68.8,67.8,68.2,333336
2016-09-06,68.2,68.2,68.8,67.8,68.2,333336
2016-09-07,68.2,68.2,68.8,67.8,68.2,333336
2016-09-08,68.2,68.2,68.8,67.8,68.2,333336
2016-09-09,68.2,68.2,68.8,67.8,68.2,333336
2016-09-12,68.2,68.2,68.8,67.8,68.2,333336
2016-09-13,68.2,68.2,68.8,67.8,68.2,333336
2016-09-14,68.2,68.2,68.8,67.8,68.2,333336
2016-09-19,68.2,68.2,68.8,67.8,68.2,333336
2016-09-20,68.2,68.2,68.8,67.8,68.2,333336
2016-09-21,68.2,68.2,68.8,67.8,68.2,333336
2016-09-22,68.2,68.2,68.8,67.8,68.2,333336
2016-09-23,68.2,68.2,68.8,67.8,68.2,333336
2016-09-26,68.2,68.2,68.8,67.8,68.2,333336
2016-09-29,68.2,68.2,68.8,67.8,68.2,333336
2016-09-30,68.2,68.2,68.8,67.8,68.2,333336
2016-10-03,68.2,68.2,68.8,67.8,68.2,333336
2016-10-04,68.2,68.2,68.8,67.8,68.2,333336
2016-10-05,68.2,68.2,68.8,67.8,68.2,333336
2016-10-06,68.2,68.2,68.8,67.8,68.2,333336
2016-10-07,68.2,68.2,68.8,67.8,68.2,333336
2016-10-11,68.2,68.2,68.8,67.8,68.2,333336
2016-10-12,68.2,68.2,68.8,67.8,68.2,333336
2016-10-13,68.2,68.2,68.8,67.8,68.2,333336
2016-10-14,68.2,68.2,68.8,67.8,68.2,333336
2016-10-17,68.2,68.2,68.8,67.8,68.2,333336
2016-10-18,68.2,68.2,68.8,67.8,68.2,333336
2016-10-19,68.2,68.2,68.8,67.8,68.2,333336
2016-10-20,68.2,68.2,68.8,67.8,68.2,333336
2016-10-21,68.2,68.2,68.8,67.8,68.2,333336
2016-10-24,68.2,68.2,68.8,67.8,68.2,333336
2016-10-25,68.2,68.2,68.8,67.8,68.2,333336
2016-10-26,68.2,68.2,68.8,67.8,68.2,333336
2016-10-27,68.2,68.2,68.8,67.8,68.2,333336
2016-10-28,68.2,68.2,68.8,67.8,68.2,333336
2016-10-31,68.2,68.2,68.8,67.8,68.2,333336
2016-11-01,68.2,68.2,68.8,67.8,68.2,333336
2016-11-02,68.2,68.2,68.8,67.8,68.2,333336
2016-11-03,68.2,68.2,68.8,67.8,68.2,333336
2016-11-04,68.2,68.2,68.8,67.8,68.2,333336
2016-11-07,68.2,68.2,68.8,67.8,68.2,333336
2016-11-08,68.2,68.2,68.8,67.8,68.2,333336
2016-11-09,68.2,68.2,68.8,67.8,68.2,333336
2016-11-10,68.2,68.2,68.8,67.8,68.2,333336
2016-11-11,68.2,68.2,68.8,67.8,68.2,333336
2016-11-14,68.2,68.2,68.8,67.8,68.2,333336
2016-11-15,68.2,68.2,68.8,67.8,68.2,333336
2016-11-16,68.2,68.2,68.8,67.8,68.2,333336
2016-11-17,68.2,68.2,68.8,67.8,68.2,333336
2016-11-18,68.2,68.2,68.8,67.8,68.2,333336
2016-11-21,68.2,68.2,68.8,67.8,68.2,333336
2016-11-22,68.2,68.2,68.8,67.8,68.2,333336
2016-11-23,68.2,68.2,68.8,67.8,68.2,333336
2016-11-24,68.2,68.2,68.8,67.8,68.2,333336
2016-11-25,68.2,68.2,68.8,67.8,68.2,333336
2016-11-28,68.2,68.2,68.8,67.8,68.2,333336
2016-11-29,68.2,68.2,68.8,67.8,68.2,333336
2016-11-30,68.2,68.2,68.8,67.8,68.2,333336
2016-12-01,68.2,68.2,68.8,67.8,68.2,333336
2016-12-02,68.2,68.2,68.8,67.8,68.2,333336
2016-12-05,68.2,68.2,68.8,67.8,68.2,333336
2016-12-06,68.2,68.2,68.8,67.8,68.2,333336
2016-12-07,68.2,68.2,68.8,67.8,68.2,333336
2016-12-08,68.2,68.2,68.8,67.8,68.2,333336
2016-12-09,68.2,68.2,68.8,67.8,68.2,333336
2016-12-12,68.2,68.2,68.8,67.8,68.2,333336
2016-12-13,68.2,68.2,68.8,67.8,68.2,333336
2016-12-14,68.2,68.2,68.8,67.8,68.2,333336
2016-12-15,68.2,68.2,68.8,67.8,68.2,333336
2016-12-16,68.2,68.2,68.8,67.8,68.2,333336
2016-12-19,68.2,68.2,68.8,67.8,68.2,333336
2016-12-20,68.2,68.2,68.8,67.8,68.2,333336
2016-12-21,68.2,68.2,68.8,67.8,68.2,333336
2016-12-22,68.2,68.2,68.8,67.8,68.2,333336
2016-12-23,68.2,68.2,68.8,67.8,68.2,333336
2016-12-26,68.2,68.2,68.8,67.8,68.2,333336
2016-12-27,68.2,68.2,68.8,67.8,68.2,333336
2016-12-28,68.2,68.2,68.8,67.8,68.2,333336
2016-12-29,68.2,68.2,68.8,67.8,68.2,333336
2016-12-30,68.2,68.2,68.8,67.8,68.2,333336
2017-01-03,68.2,68.2,68.8,67.8,68.2,333336
2017-01-04,68.2,68.2,68.8,67.8,68.2,333336
2017-01-05,68.2,68.2,68.8,67.8,68.2,333336
2017-01-06,68.2,68.2,68.8,67.8,68.2,333336
2017-01-09,68.2,68.2,68.8,67.8,68.2,333336
2017-01-10,68.2,68.2,68.8,67.8,68.2,333336
2017-01-11,68.2,68.2,68.8,67.8,68.2,333336
2017-01-12,68.2,68.2,68.8,67.8,68.2,333336
2017-01-13,68.2,68.2,68.8,67.8,68.2,333336
2017-01-16,68.2,68.2,68.8,67.8,68.2,333336
2017-01-17,68.2,68.2,68.8,67.8,68.2,333336
2017-01-18,68.2,68.2,68.8,67.8,68.2,333336
2017-01-19,68.2,68.2,68.8,67.8,68.2,333336
2017-01-20,68.2,68.2,68.8,67.8,68.2,333336
2017-01-23,68.2,68.2,68.8,67.8,68.2,333336
2017-01-24,68.2,68.2,68.8,67.8,68.2,333336
2017-02-02,68.2,68.2,68.8,67.8,68.2,333336
2017-02-03,68.2,68.2,68.8,67.8,68.2,333336
2017-02-06,68.2,68.2,68.8,67.8,68.2,333336
2017-02-07,68.2,68.2,68.8,67.8,68.2,333336
2017-02-08,68.2,68.2,68.8,67.8,68.2,333336
2017-02-09,68.2,68.2,68.8,67.8,68.2,333336
2017-02-10,68.2,68.2,68.8,67.8,68.2,333336
2017-02-13,68.2,68.2,68.8,67.8,68.2,333336
2017-02-14,68.2,68.2,68.8,67.8,68.2,333336
2017-02-15,68.2,68.2,68.8,67.8,68.2,333336
2017-02-16,68.2,68.2,68.8,67.8,68.2,333336
2017-02-17,68.2,68.2,68.8,67.8,68.2,333336
2017-02-20,68.2,68.2,68.8,67.8,68.2,333336
2017-02-21,68.2,68.2,68.8,67.8,68.2,333336
2017-02-22,68.2,68.2,68.8,67.8,68.2,333336
2017-02-23,68.2,68.2,68.8,67.8,68.2,333336
2017-02-24,68.2,68.2,68.8,67.8,68.2,333336
2017-03-01,68.2,68.2,68.8,67.8,68.2,333336
2017-03-02,68.2,68.2,68.8,67.8,68.2,333336
2017-03-03,68.2,68.2,68.8,67.8,68.2,333336
2017-03-06,68.2,68.2,68.8,67.8,68.2,333336
2017-03-07,68.2,68.2,68.8,67.8,68.2,333336
2017-03-08,68.2,68.2,68.8,67.8,68.2,333336
2017-03-09,68.2,68.2,68.8,67.8,68.2,333336
2017-03-10,68.2,68.2,68.8,67.8,68.2,333336
2017-03-13,68.2,68.2,68.8,67.8,68.2,333336
2017-03-14,68.2,68.2,68.8,67.8,68.2,333336
2017-03-15,68.2,68.2,68.8,67.8,68.2,333336
2017-03-16,68.2,68.2,68.8,67.8,68.2,333336
2017-03-17,68.2,68.2,68.8,67.8,68.2,333336
2017-03-20,68.2,68.2,68.8,67.8,68.2,333336
2017-03-21,68.2,68.2,68.8,67.8,68.2,333336
2017-03-22,68.2,68.2,68.8,67.8,68.2,333336
2017-03-23,68.2,68.2,68.8,67.8,68.2,333336
2017-03-24,68.2,68.2,68.8,67.8,68.2,333336
2017-03-27,68.2,68.2,68.8,67.8,68.2,333336
2017-03-28,68.2,68.2,68.8,67.8,68.2,333336
2017-03-29,68.2,68.2,68.8,67.8,68.2,333336
2017-03-30,68.2,68.2,68.8,67.8,68.2,333336
2017-03-31,68.2,68.2,68.8,67.8,68.2,333336
2017-04-05,68.2,68.2,68.8,67.8,68.2,333336
2017-04-06,68.2,68.2,68.8,67.8,68.2,333336
2017-04-07,68.2,68.2,68.8,67.8,68.2,333336
2017-04-10,68.2,68.2,68.8,67.8,68.2,333336
2017-04-11,68.2,68.2,68.8,67.8,68.2,333336
2017-04-12,68.2,68.2,68.8,67.8,68.2,333336
2017-04-13,68.2,68.2,68.8,67.8,68.2,333336
2017-04-14,68.2,68.2,68.8,67.8,68.2,333336
2017-04-17,68.2,68.2,68.8,67.8,68.2,333336
2017-04-18,68.2,68.2,68.8,67.8,68.2,333336
2017-04-19,68.2,68.2,68.8,67.8,68.2,333336
2017-04-21,68.2,68.2,68.8,67.8,68.2,333336
2017-04-24,68.2,68.2,68.8,67.8,68.2,333336
2017-04-25,68.2,68.2,68.8,67.8,68.2,333336
2017-04-26,68.2,68.2,68.8,67.8,68.2,333336
2017-04-27,68.2,68.2,68.8,67.8,68.2,333336
2017-04-28,68.2,68.2,68.8,67.8,68.2,333336
2017-05-02,68.2,68.2,68.8,67.8,68.2,333336
2017-05-03,68.2,68.2,68.8,67.8,68.2,333336
2017-05-04,68.2,68.2,68.8,67.8,68.2,333336
2017-05-05,68.2,68.2,68.8,67.8,68.2,333336
2017-05-08,68.2,68.2,68.8,67.8,68.2,333336
2017-05-09,68.2,68.2,68.8,67.8,68.2,333336
2017-05-10,68.2,68.2,68.8,67.8,68.2,333336
2017-05-11,68.2,68.2,68.8,67.8,68.2,333336
2017-05-12,68.2,68.2,68.8,67.8,68.2,333336
2017-05-15,68.2,68.2,68.8,67.8,68.2,333336
2017-05-16,68.2,68.2,68.8,67.8,68.2,333336
2017-05-17,68.2,68.2,68.8,67.8,68.2,333336
2017-05-18,68.2,68.2,68.8,67.8,68.2,333336
2017-05-19,68.2,68.2,68.8,67.8,68.2,333336
2017-05-22,68.2,68.2,68.8,67.8,68.2,333336
2017-05-23,68.2,68.2,68.8,67.8,68.2,333336
2017-05-24,68.2,68.2,68.8,67.8,68.2,333336
2017-05-25,68.2,68.2,68.8,67.8,68.2,333336
2017-05-26,68.2,68.2,68.8,67.8,68.2,333336
2017-05-31,68.2,68.2,68.8,67.8,68.2,333336
2017-06-01,68.2,68.2,68.8,67.8,68.2,333336
2017-06-02,68.2,68.2,68.8,67.8,68.2,333336
2017-06-05,68.2,68.2,68.8,67.8,68.2,333336
2017-06-06,68.2,68.2,68.8,67.8,68.2,333336
2017-06-07,68.2,68.2,68.8,67.8,68.2,333336
2017-06-08,68.2,68.2,68.8,67.8,68.2,333336
2017-06-09,68.2,68.2,68.8,67.8,68.2,333336
2017-06-12,68.2,68.2,68.8,67.8,68.2,333336
2017-06-13,68.2,68.2,68.8,67.8,68.2,333336
2017-06-14,68.2,68.2,68.8,67.8,68.2,333336
2017-06-15,68.2,68.2,68.8,67.8,68.2,333336
2017-06-16,68.2,68.2,68.8,67.8,68.2,333336
2017-06-19,68.2,68.2,68.8,67.8,68.2,333336
2017-06-20,68.2,68.2,68.8,67.8,68.2,333336
2017-06-21,68.2,68.2,68.8,67.8,68.2,333336
2017-06-22,68.2,68.2,68.8,67.8,68.2,333336
2017-06-23,68.2,68.2,68.8,67.8,68.2,333336
2017-06-26,68.2,68.2,68.8,67.8,68.2,333336
2017-06-27,68.2,68.2,68.8,67.8,68.2,333336
2017-06-28,68.2,68.2,68.8,67.8,68.2,333336
2017-06-29,68.2,68.2,68.8,67.8,68.2,333336
2017-06-30,68.2,68.2,68.8,67.8,68.2,333336
2017-07-03,68.2,68.2,68.8,67.8,68.2,333336
2017-07-04,68.2,68.2,68.8,67.8,68.2,333336
2017-07-05,68.2,68.2,68.8,67.8,68.2,333336
2017-07-06,68.2,68.2,68.8,67.8,68.2,333336
2017-07-07,68.2,68.2,68.8,67.8,68.2,333336
2017-07-10,68.2,68.2,68.8,67.8,68.2,333336
2017-07-11,68.2,68.2,68.8,67.8,68.2,333336
2017-07-12,68.2,68.2,68.8,67.8,68.2,333336
2017-07-13,68.2,68.2,68.8,67.8,68.2,333336
2017-07-14,68.2,68.2,68.8,67.8,68.2,333336
2017-07-17,68.2,68.2,68.8,67.8,68.2,333336
2017-07-18,68.2,68.2,68.8,67.8,68.2,333336
2017-07-19,68.2,68.2,68.8,67.8,68.2,333336
2017-07-20,68.2,68.2,68.8,67.8,68.2,333336
2017-07-21,68.2,68.2,68.8,67.8,68.2,333336
2017-07-24,68.2,68.2,68.8,67.8,68.2,333336
2017-07-25,68.2,68.2,68.8,67.8,68.2,333336
2017-07-26,68.2,68.2,68.8,67.8,68.2,333336
2017-07-27,68.2,68.2,68.8,67.8,68.2,333336
2017-07-28,68.2,68.2,68.8,67.8,68.2,333336
2017-07-31,68.2,68.2,68.8,67.8,68.2,333336
2017-08-01,68.2,68.2,68.8,67.8,68.2,333336
2017-08-02,68.2,68.2,68.8,67.8,68.2,333336
2017-08-03,68.2,68.2,68.8,67.8,68.2,333336
2017-08-04,68.2,68.2,68.8,67.8,68.2,333336
2017-08-07,68.2,68.2,68.8,67.8,68.2,333336
2017-08-08,68.2,68.2,68.8,67.8,68.2,333336
2017-08-09,68.2,68.2,68.8,67.8,68.2,333336
2017-08-10,68.2,68.2,68.8,67.8,68.2,333336
2017-08-11,68.2,68.2,68.8,67.8,68.2,333336
2017-08-14,68.2,68.2,68.8,67.8,68.2,333336
2017-08-15,68.2,68.2,68.8,67.8,68.2,333336
2017-08-16,68.2,68.2,68.8,67.8,68.2,333336
2017-08-17,68.2,68.2,68.8,67.8,68.2,333336
2017-08-18,68.2,68.2,68.8,67.8,68.2,333336
2017-08-21,68.2,68.2,68.8,67.8,68.2,333336
2017-08-22,68.2,68.2,68.8,67.8,68.2,333336
2017-08-23,68.2,68.2,68.8,67.8,68.2,333336
2017-08-24,68.2,68.2,68.8,67.8,68.2,333336
2017-08-25,68.2,68.2,68.8,67.8,68.2,333336
2017-08-28,68.2,68.2,68.8,67.8,68.2,333336
2017-08-29,68.2,68.2,68.8,67.8,68.2,333336
2017-08-30,68.2,68.2,68.8,67.8,68.2,333336
2017-08-31,68.2,68.2,68.8,67.8,68.2,333336
2017-09-01,68.2,68.2,68.8,67.8,68.2,333336
2017-09-04,68.2,68.2,68.8,67.8,68.2,333336
2017-09-05,68.2,68.2,68.8,67.8,68.2,333336
2017-09-06,68.2,68.2,68.8,67.8,68.2,333336
2017-09-07,68.2,68.2,68.8,67.8,68.2,333336
2017-09-08,68.2,68.2,68.8,67.8,68.2,333336
2017-09-11,68.2,68.2,68.8,67.8,68.2,333336
2017-09-12,68.2,68.2,68.8,67.8,68.2,333336
2017-09-13,68.2,68.2,68.8,67.8,68.2,333336
2017-09-14,68.2,68.2,68.8,67.8,68.2,333336
2017-09-15,68.2,68.2,68.8,67.8,68.2,333336
2017-09-18,68.2,68.2,68.8,67.8,68.2,333336
2017-09-19,68.2,68.2,68.8,67.8,68.2,333336
2017-09-20,68.2,68.2,68.8,67.8,68.2,333336
2017-09-21,68.2,68.2,68.8,67.8,68.2,333336
2017-09-22,68.2,68.2,68.8,67.8,68.2,333336
2017-09-25,68.2,68.2,68.8,67.8,68.2,333336
2017-09-26,68.2,68.2,68.8,67.8,68.2,333336
2017-09-27,68.2,68.2,68.8,67.8,68.2,333336
2017-09-28,68.2,68.2,68.8,67.8,68.2,333336
2017-09-29,68.2,68.2,68.8,67.8,68.2,333336
2017-10-02,68.2,68.2,68.8,67.8,68.2,333336
2017-10-03,68.2,68.2,68.8,67.8,68.2,333336
2017-10-05,68.2,68.2,68.8,67.8,68.2,333336
2017-10-06,68.2,68.2,68.8,67.8,68.2,333336
2017-10-11,68.2,68.2,68.8,67.8,68.2,333336
2017-10-12,68.2,68.2,68.8,67.8,68.2,333336
2017-10-13,68.2,68.2,68.8,67.8,68.2,333336
2017-10-16,68.2,68.2,68.8,67.8,68.2,333336
2017-10-17,68.2,68.2,68.8,67.8,68.2,333336
2017-10-18,68.2,68.2,68.8,67.8,68.2,333336
2017-10-19,68.2,68.2,68.8,67.8,68.2,333336
2017-10-20,68.2,68.2,68.8,67.8,68.2,333336
2017-10-23,68.2,68.2,68.8,67.8,68.2,333336
2017-10-24,68.2,68.2,68.8,67.8,68.2,333336
2017-10-25,68.2,68.2,68.8,67.8,68.2,333336
2017-10-26,68.2,68.2,68.8,67.8,68.2,333336
2017-10-27,68.2,68.2,68.8,67.8,68.2,333336
2017-10-30,68.2,68.2,68.8,67.8,68.2,333336
2017-10-31,68.2,68.2,68.8,67.8,68.2,333336
2017-11-01,68.2,68.2,68.8,67.8,68.2,333336
2017-11-02,68.2,68.2,68.8,67.8,68.2,333336
2017-11-03,68.2,68.2,68.8,67.8,68.2,333336
2017-11-06,68.2,68.2,68.8,67.8,68.2,333336
2017-11-07,68.2,68.2,68.8,67.8,68.2,333336
2017-11-08,68.2,68.2,68.8,67.8,68.2,333336
2017-11-09,68.2,68.2,68.8,67.8,68.2,333336
2017-11-10,68.2,68.2,68.8,67.8,68.2,333336
2017-11-13,68.2,68.2,68.8,67.8,68.2,333336
2017-11-14,68.2,68.2,68.8,67.8,68.2,333336
2017-11-15,68.2,68.2,68.8,67.8,68.2,333336
2017-11-16,68.2,68.2,68.8,67.8,68.2,333336
2017-11-17,68.2,68.2,68.8,67.8,68.2,333336
2017-11-20,68.2,68.2,68.8,67.8,68.2,333336
2017-11-21,68.2,68.2,68.8,67.8,68.2,333336
2017-11-22,68.2,68.2,68.8,67.8,68.2,333336
2017-11-23,68.2,68.2,68.8,67.8,68.2,333336
2017-11-24,68.2,68.2,68.8,67.8,68.2,333336
2017-11-27,68.2,68.2,68.8,67.8,68.2,333336
2017-11-28,68.2,68.2,68.8,67.8,68.2,333336
2017-11-29,68.2,68.2,68.8,67.8,68.2,333336
2017-11-30,68.2,68.2,68.8,67.8,68.2,333336
2017-12-01,68.2,68.2,68.8,67.8,68.2,333336
2017-12-04,68.2,68.2,68.8,67.8,68.2,333336
2017-12-05,68.2,68.2,68.8,67.8,68.2,333336
2017-12-06,68.2,68.2,68.8,67.8,68.2,333336
2017-12-07,68.2,68.2,68.8,67.8,68.2,333336
2017-12-08,68.2,68.2,68.8,67.8,68.2,333336
2017-12-11,68.2,68.2,68.8,67.8,68.2,333336
2017-12-12,68.2,68.2,68.8,67.8,68.2,333336
2017-12-13,68.2,68.2,68.8,67.8,68.2,333336
2017-12-14,68.2,68.2,68.8,67.8,68.2,333336
2017-12-15,68.2,68.2,68.8,67.8,68.2,333336
2017-12-18,68.2,68.2,68.8,67.8,68.2,333336
2017-12-19,68.2,68.2,68.8,67.8,68.2,333336
2017-12-20,68.2,68.2,68.8,67.8,68.2,333336
2017-12-21,68.2,68.2,68.8,67.8,68.2,333336
2017-12-22,68.2,68.2,68.8,67.8,68.2,333336
2017-12-25,68.2,68.2,68.8,67.8,68.2,333336
2017-12-26,68.2,68.2,68.8,67.8,68.2,333336
2017-12-27,68.2,68.2,68.8,67.8,68.2,333336
2017-12-28,68.2,68.2,68.8,67.8,68.2,333336
2017-12-29,68.2,68.2,68.8,67.8,68.2,333336
2018-01-02,68.2,68.2,68.8,67.8,68.2,333336
2018-01-03,68.2,68.2,68.8,67.8,68.2,333336
2018-01-04,68.2,68.2,68.8,67.8,68.2,333336
2018-01-05,68.2,68.2,68.8,67.8,68.2,333336
2018-01-08,68.2,68.2,68.8,67.8,68.2,333336
2018-01-09,68.2,68.2,68.8,67.8,68.2,333336
2018-01-10,68.2,68.2,68.8,67.8,68.2,333336
2018-01-11,68.2,68.2,68.8,67.8,68.2,333336
2018-01-12,68.2,68.2,68.8,67.8,68.2,333336
2018-01-15,68.2,68.2,68.8,67.8,68.2,333336
2018-01-16,68.2,68.2,68.8,67.8,68.2,333336
2018-01-17,68.2,68.2,68.8,67.8,68.2,333336
2018-01-18,68.2,68.2,68.8,67.8,68.2,333336
2018-01-19,68.2,68.2,68.8,67.8,68.2,333336
2018-01-22,68.2,68.2,68.8,67.8,68.2,333336
2018-01-23,68.2,68.2,68.8,67.8,68.2,333336
2018-01-24,68.2,68.2,68.8,67.8,68.2,333336
2018-01-25,68.2,68.2,68.8,67.8,68.2,333336
2018-01-26,68.2,68.2,68.8,67.8,68.2,333336
2018-01-29,68.2,68.2,68.8,67.8,68.2,333336
2018-01-30,68.2,68.2,68.8,67.8,68.2,333336
2018-01-31,68.2,68.2,68.8,67.8,68.2,333336
2018-02-01,68.2,68.2,68.8,67.8,68.2,333336
2018-02-02,68.2,68.2,68.8,67.8,68.2,333336
2018-02-05,68.2,68.2,68.8,67.8,68.2,333336
2018-02-06,68.2,68.2,68.8,67.8,68.2,333336
2018-02-07,68.2,68.2,68.8,67.8,68.2,333336
2018-02-08,68.2,68.2,68.8,67.8,68.2,333336
2018-02-09,68.2,68.2,68.8,67.8,68.2,333336
2018-02-12,68.2,68.2,68.8,67.8,68.2,333336
2018-02-21,68.2,68.2,68.8,67.8,68.2,333336
2018-02-22,68.2,68.2,68.8,67.8,68.2,333336
2018-02-23,68.2,68.2,68.8,67.8,68.2,333336
2018-02-26,68.2,68.2,68.8,67.8,68.2,333336
2018-02-27,68.2,68.2,68.8,67.8,68.2,333336
2018-03-01,68.2,68.2,68.8,67.8,68.2,333336
2018-03-02,68.2,68.2,68.8,67.8,68.2,333336
2018-03-05,68.2,68.2,68.8,67.8,68.2,333336
2018-03-06,68.2,68.2,68.8,67.8,68.2,333336
2018-03-07,68.2,68.2,68.8,67.8,68.2,333336
2018-03-08,68.2,68.2,68.8,67.8,68.2,333336
2018-03-09,68.2,68.2,68.8,67.8,68.2,333336
2018-03-12,68.2,68.2,68.8,67.8,68.2,333336
2018-03-13,68.2,68.2,68.8,67.8,68.2,333336
2018-03-14,68.2,68.2,68.8,67.8,68.2,333336
2018-03-15,68.2,68.2,68.8,67.8,68.2,333336
2018-03-16,68.2,68.2,68.8,67.8,68.2,333336
2018-03-19,68.2,68.2,68.8,67.8,68.2,333336
2018-03-20,68.2,68.2,68.8,67.8,68.2,333336
2018-03-21,68.2,68.2,68.8,67.8,68.2,333336
2018-03-22,68.2,68.2,68.8,67.8,68.2,333336
2018-03-23,68.2,68.2,68.8,67.8,68.2,333336
2018-03-26,68.2,68.2,68.8,67.8,68.2,333336
2018-03-27,68.2,68.2,68.8,67.8,68.2,333336
2018-03-28,68.2,68.2,68.8,67.8,68.2,333336
2018-03-29,68.2,68.2,68.8,67.8,68.2,333336
2018-03-30,68.2,68.2,68.8,67.8,68.2,333336
2018-04-02,68.2,68.2,68.8,67.8,68.2,333336
2018-04-03,68.2,68.2,68.8,67.8,68.2,333336
2018-04-09,68.2,68.2,68.8,67.8,68.2,333336
2018-04-10,68.2,68.2,68.8,67.8,68.2,333336
2018-04-11,68.2,68.2,68.8,67.8,68.2,333336
2018-04-12,68.2,68.2,68.8,67.8,68.2,333336
2018-04-13,68.2,68.2,68.8,67.8,68.2,333336
2018-04-16,68.2,68.2,68.8,67.8,68.2,333336
2018-04-17,68.2,68.2,68.8,67.8,68.2,333336
2018-04-18,68.2,68.2,68.8,67.8,68.2,333336
2018-04-19,68.2,68.2,68.8,67.8,68.2,333336
2018-04-20,68.2,68.2,68.8,67.8,68.2,333336
2018-04-23,68.2,68.2,68.8,67.8,68.2,333336
2018-04-24,68.2,68.2,68.8,67.8,68.2,333336
2018-04-25,68.2,68.2,68.8,67.8,68.2,333336
2018-04-26,68.2,68.2,68.8,67.8,68.2,333336
2018-04-27,68.2,68.2,68.8,67.8,68.2,333336
2018-04-30,68.2,68.2,68.8,67.8,68.2,333336
2018-05-02,68.2,68.2,68.8,67.8,68.2,333336
2018-05-03,68.2,68.2,68.8,67.8,68.2,333336
2018-05-04,68.2,68.2,68.8,67.8,68.2,333336
2018-05-07,68.2,68.2,68.8,67.8,68.2,333336
2018-05-08,68.2,68.2,68.8,67.8,68.2,333336
2018-05-09,68.2,68.2,68.8,67.8,68.2,333336
2018-05-10,68.2,68.2,68.8,67.8,68.2,333336
2018-05-11,68.2,68.2,68.8,67.8,68.2,333336
2018-05-14,68.2,68.2,68.8,67.8,68.2,333336
2018-05-15,68.2,68.2,68.8,67.8,68.2,333336
2018-05-16,68.2,68.2,68.8,67.8,68.2,333336
2018-05-17,68.2,68.2,68.8,67.8,68.2,333336
2018-05-18,68.2,68.2,68.8,67.8,68.2,333336
2018-05-21,68.2,68.2,68.8,67.8,68.2,333336
2018-05-22,68.2,68.2,68.8,67.8,68.2,333336
2018-05-23,68.2,68.2,68.8,67.8,68.2,333336
2018-05-24,68.2,68.2,68.8,67.8,68.2,333336
2018-05-25,68.2,68.2,68.8,67.8,68.2,333336
2018-05-28,68.2,68.2,68.8,67.8,68.2,333336
2018-05-29,68.2,68.2,68.8,67.8,68.2,333336
2018-05-30,68.2,68.2,68.8,67.8,68.2,333336
2018-05-31,68.2,68.2,68.8,67.8,68.2,333336
2018-06-01,68.2,68.2,68.8,67.8,68.2,333336
2018-06-04,68.2,68.2,68.8,67.8,68.2,333336
2018-06-05,68.2,68.2,68.8,67.8,68.2,333336
2018-06-06,68.2,68.2,68.8,67.8,68.2,333336
2018-06-07,68.2,68.2,68.8,67.8,68.2,333336
2018-06-08,68.2,68.2,68.8,67.8,68.2,333336
2018-06-11,68.2,68.2,68.8,67.8,68.2,333336
2018-06-12,68.2,68.2,68.8,67.8,68.2,333336
2018-06-13,68.2,68.2,68.8,67.8,68.2,333336
2018-06-14,68.2,68.2,68.8,67.8,68.2,333336
2018-06-15,68.2,68.2,68.8,67.8,68.2,333336
2018-06-19,68.2,68.2,68.8,67.8,68.2,333336
2018-06-20,68.2,68.2,68.8,67.8,68.2,333336
2018-06-21,68.2,68.2,68.8,67.8,68.2,333336
2018-06-22,68.2,68.2,68.8,67.8,68.2,333336
2018-06-25,68.2,68.2,68.8,67.8,68.2,333336
2018-06-26,68.2,68.2,68.8,67.8,68.2,333336
2018-06-27,68.2,68.2,68.8,67.8,68.2,333336
2018-06-28,68.2,68.2,68.8,67.8,68.2,333336
2018-06-29,68.2,68.2,68.8,67.8,68.2,333336
2018-07-02,68.2,68.2,68.8,67.8,68.2,333336
2018-07-03,68.2,68.2,68.8,67.8,68.2,333336
2018-07-04,68.2,68.2,68.8,67.8,68.2,333336
2018-07-05,68.2,68.2,68.8,67.8,68.2,333336
2018-07-06,68.2,68.2,68.8,67.8,68.2,333336
2018-07-09,68.2,68.2,68.8,67.8,68.2,333336
2018-07-10,68.2,68.2,68.8,67.8,68.2,333336
2018-07-11,68.2,68.2,68.8,67.8,68.2,333336
2018-07-12,68.2,68.2,68.8,67.8,68.2,333336
2018-07-13,68.2,68.2,68.8,67.8,68.2,333336
2018-07-16,68.2,68.2,68.8,67.8,68.2,333336
2018-07-17,68.2,68.2,68.8,67.8,68.2,333336
2018-07-18,68.2,68.2,68.8,67.8,68.2,333336
2018-07-19,68.2,68.2,68.8,67.8,68.2,333336
2018-07-20,68.2,68.2,68.8,67.8,68.2,333336
2018-07-23,68.2,68.2,68.8,67.8,68.2,333336
2018-07-24,68.2,68.2,68.8,67.8,68.2,333336
2018-07-25,68.2,68.2,68.8,67.8,68.2,333336
2018-07-26,68.2,68.2,68.8,67.8,68.2,333336
2018-07-27,68.2,68.2,68.8,67.8,68.2,333336
2018-07-30,68.2,68.2,68.8,67.8,68.2,333336
2018-07-31,68.2,68.2,68.8,67.8,68.2,333336
2018-08-01,68.2,68.2,68.8,67.8,68.2,333336
2018-08-02,68.2,68.2,68.8,67.8,68.2,333336
2018-08-03,68.2,68.2,68.8,67.8,68.2,333336
2018-08-06,68.2,68.2,68.8,67.8,68.2,333336
2018-08-07,68.2,68.2,68.8,67.8,68.2,333336
2018-08-08,68.2,68.2,68.8,67.8,68.2,333336
2018-08-09,68.2,68.2,68.8,67.8,68.2,333336
2018-08-10,68.2,68.2,68.8,67.8,68.2,333336
2018-08-13,68.2,68.2,68.8,67.8,68.2,333336
2018-08-14,68.2,68.2,68.8,67.8,68.2,333336
2018-08-15,68.2,68.2,68.8,67.8,68.2,333336
2018-08-16,68.2,68.2,68.8,67.8,68.2,333336
2018-08-17,68.2,68.2,68.8,67.8,68.2,333336
2018-08-20,68.2,68.2,68.8,67.8,68.2,333336
2018-08-21,68.2,68.2,68.8,67.8,68.2,333336
2018-08-22,68.2,68.2,68.8,67.8,68.2,333336
2018-08-23,68.2,68.2,68.8,67.8,68.2,333336
2018-08-24,68.2,68.2,68.8,67.8,68.2,333336
2018-08-27,68.2,68.2,68.8,67.8,68.2,333336
2018-08-28,68.2,68.2,68.8,67.8,68.2,333336
2018-08-29,68.2,68.2,68.8,67.8,68.2,333336
2018-08-30,68.2,68.2,68.8,67.8,68.2,333336
2018-08-31,68.2,68.2,68.8,67.8,68.2,333336
2018-09-03,68.2,68.2,68.8,67.8,68.2,333336
2018-09-04,68.2,68.2,68.8,67.8,68.2,333336
2018-09-05,68.2,68.2,68.8,67.8,68.2,333336
2018-09-06,68.2,68.2,68.8,67.8,68.2,333336
2018-09-07,68.2,68.2,68.8,67.8,68.2,333336
2018-09-10,68.2,68.2,68.8,67.8,68.2,333336
2018-09-11,68.2,68.2,68.8,67.8,68.2,333336
2018-09-12,68.2,68.2,68.8,67.8,68.2,333336
2018-09-13,68.2,68.2,68.8,67.8,68.2,333336
2018-09-14,68.2,68.2,68.8,67.8,68.2,333336
2018-09-17,68.2,68.2,68.8,67.8,68.2,333336
2018-09-18,68.2,68.2,68.8,67.8,68.2,333336
2018-09-19,68.2,68.2,68.8,67.8,68.2,333336
2018-09-20,68.2,68.2,68.8,67.8,68.2,333336
2018-09-21,68.2,68.2,68.8,67.8,68.2,333336
2018-09-25,68.2,68.2,68.8,67.8,68.2,333336
2018-09-26,68.2,68.2,68.8,67.8,68.2,333336
2018-09-27,68.2,68.2,68.8,67.8,68.2,333336
2018-09-28,68.2,68.2,68.8,67.8,68.2,333336
2018-10-01,68.2,68.2,68.8,67.8,68.2,333336
2018-10-02,68.2,68.2,68.8,67.8,68.2,333336
2018-10-03,68.2,68.2,68.8,67.8,68.2,333336
2018-10-04,68.2,68.2,68.8,67.8,68.2,333336
2018-10-05,68.2,68.2,68.8,67.8,68.2,333336
2018-10-08,68.2,68.2,68.8,67.8,68.2,333336
2018-10-09,68.2,68.2,68.8,67.8,68.2,333336
2018-10-11,68.2,68.2,68.8,67.8,68.2,333336
2018-10-12,68.2,68.2,68.8,67.8,68.2,333336
2018-10-15,68.2,68.2,68.8,67.8,68.2,333336
2018-10-16,68.2,68.2,68.8,67.8,68.2,333336
2018-10-17,68.2,68.2,68.8,67.8,68.2,333336
2018-10-18,68.2,68.2,68.8,67.8,68.2,333336
2018-10-19,68.2,68.2,68.8,67.8,68.2,333336
2018-10-22,68.2,68.2,68.8,67.8,68.2,333336
2018-10-23,68.2,68.2,68.8,67.8,68.2,333336
2018-10-24,68.2,68.2,68.8,67.8,68.2,333336
2018-10-25,68.2,68.2,68.8,67.8,68.2,333336
2018-10-26,68.2,68.2,68.8,67.8,68.2,333336
2018-10-29,68.2,68.2,68.8,67.8,68.2,333336
2018-10-30,68.2,68.2,68.8,67.8,68.2,333336
2018-10-31,68.2,68.2,68.8,67.8,68.2,333336
2018-11-01,68.2,68.2,68.8,67.8,68.2,333336
2018-11-02,68.2,68.2,68.8,67.8,68.2,333336
2018-11-05,68.2,68.2,68.8,67.8,68.2,333336
2018-11-06,68.2,68.2,68.8,67.8,68.2,333336
2018-11-07,68.2,68.2,68.8,67.8,68.2,333336
2018-11-08,68.2,68.2,68.8,67.8,68.2,333336
2018-11-09,68.2,68.2,68.8,67.8,68.2,333336
2018-11-12,68.2,68.2,68.8,67.8,68.2,333336
2018-11-13,68.2,68.2,68.8,67.8,68.2,333336
2018-11-14,68.2,68.2,68.8,67.8,68.2,333336
2018-11-15,68.2,68.2,68.8,67.8,68.2,333336
2018-11-16,68.2,68.2,68.8,67.8,68.2,333336
2018-11-19,68.2,68.2,68.8,67.8,68.2,333336
2018-11-20,68.2,68.2,68.8,67.8,68.2,333336
2018-11-21,68.2,68.2,68.8,67.8,68.2,333336
2018-11-22,68.2,68.2,68.8,67.8,68.2,333336
2018-11-23,68.2,68.2,68.8,67.8,68.2,333336
2018-11-26,68.2,68.2,68.8,67.8,68.2,333336
2018-11-27,68.2,68.2,68.8,67.8,68.2,333336
2018-11-28,68.2,68.2,68.8,67.8,68.2,333336
2018-11-29,68.2,68.2,68.8,67.8,68.2,333336
2018-11-30,68.2,68.2,68.8,67.8,68.2,333336
2018-12-03,68.2,68.2,68.8,67.8,68.2,333336
2018-12-04,68.2,68.2,68.8,67.8,68.2,333336
2018-12-05,68.2,68.2,68.8,67.8,68.2,333336
2018-12-06,68.2,68.2,68.8,67.8,68.2,333336
2018-12-07,68.2,68.2,68.8,67.8,68.2,333336
2018-12-10,68.2,68.2,68.8,67.8,68.2,333336
2018-12-11,68.2,68.2,68.8,67.8,68.2,333336
2018-12-12,68.2,68.2,68.8,67.8,68.2,333336
2018-12-13,68.2,68.2,68.8,67.8,68.2,333336
2018-12-14,68.2,68.2,68.8,67.8,68.2,333336
2018-12-17,68.2,68.2,68.8,67.8,68.2,333336
2018-12-18,68.2,68.2,68.8,67.8,68.2,333336
2018-12-19,68.2,68.2,68.8,67.8,68.2,333336
2018-12-20,68.2,68.2,68.8,67.8,68.2,333336
2018-12-21,68.2,68.2,68.8,67.8,68.2,333336
2018-12-24,68.2,68.2,68.8,67.8,68.2,333336
2018-12-25,68.2,68.2,68.8,67.8,68.2,333336
2018-12-26,68.2,68.2,68.8,67.8,68.2,333336
2018-12-27,68.2,68.2,68.8,67.8,68.2,333336
2018-12-28,68.2,68.2,68.8,67.8,68.2,333336
2019-01-02,68.2,68.2,68.8,67.8,68.2,333336
2019-01-03,68.2,68.2,68.8,67.8,68.2,333336
2019-01-04,68.2,68.2,68.8,67.8,68.2,333336
2019-01-07,68.2,68.2,68.8,67.8,68.2,333336
2019-01-08,68.2,68.2,68.8,67.8,68.2,333336
2019-01-09,68.2,68.2,68.8,67.8,68.2,333336
2019-01-10,68.2,68.2,68.8,67.8,68.2,333336
2019-01-11,68.2,68.2,68.8,67.8,68.2,333336
2019-01-14,68.2,68.2,68.8,67.8,68.2,333336
2019-01-15,68.2,68.2,68.8,67.8,68.2,333336
2019-01-16,68.2,68.2,68.8,67.8,68.2,333336
2019-01-17,68.2,68.2,68.8,67.8,68.2,333336
2019-01-18,68.2,68.2,68.8,67.8,68.2,333336
2019-01-21,68.2,68.2,68.8,67.8,68.2,333336
2019-01-22,68.2,68.2,68.8,67.8,68.2,333336
2019-01-23,68.2,68.2,68.8,67.8,68.2,333336
2019-01-24,68.2,68.2,68.8,67.8,68.2,333336
2019-01-25,68.2,68.2,68.8,67.8,68.2,333336
2019-01-28,68.2,68.2,68.8,67.8,68.2,333336
2019-01-29,68.2,68.2,68.8,67.8,68.2,333336
2019-01-30,68.2,68.2,68.8,67.8,68.2,333336
2019-02-11,68.2,68.2,68.8,67.8,68.2,333336
2019-02-12,68.2,68.2,68.8,67.8,68.2,333336
2019-02-13,68.2,68.2,68.8,67.8,68.2,333336
2019-02-14,68.2,68.2,68.8,67.8,68.2,333336
2019-02-15,68.2,68.2,68.8,67.8,68.2,333336
2019-02-18,68.2,68.2,68.8,67.8,68.2,333336
2019-02-19,68.2,68.2,68.8,67.8,68.2,333336
2019-02-20,68.2,68.2,68.8,67.8,68.2,333336
2019-02-21,68.2,68.2,68.8,67.8,68.2,333336
2019-02-22,68.2,68.2,68.8,67.8,68.2,333336
2019-02-25,68.2,68.2,68.8,67.8,68.2,333336
2019-02-26,68.2,68.2,68.8,67.8,68.2,333336
2019-02-27,68.2,68.2,68.8,67.8,68.2,333336
2019-03-04,68.2,68.2,68.8,67.8,68.2,333336
2019-03-05,68.2,68.2,68.8,67.8,68.2,333336
2019-03-06,68.2,68.2,68.8,67.8,68.2,333336
2019-03-07,68.2,68.2,68.8,67.8,68.2,333336
2019-03-08,68.2,68.2,68.8,67.8,68.2,333336
2019-03-11,68.2,68.2,68.8,67.8,68.2,333336
2019-03-12,68.2,68.2,68.8,67.8,68.2,333336
2019-03-13,68.2,68.2,68.8,67.8,68.2,333336
2019-03-14,68.2,68.2,68.8,67.8,68.2,333336
2019-03-15,68.2,68.2,68.8,67.8,68.2,333336
2019-03-18,68.2,68.2,68.8,67.8,68.2,333336
2019-03-19,68.2,68.2,68.8,67.8,68.2,333336
2019-03-20,68.2,68.2,68.8,67.8,68.2,333336
2019-03-21,68.2,68.2,68.8,67.8,68.2,333336
2019-03-22,68.2,68.2,68.8,67.8,68.2,333336
2019-03-25,68.2,68.2,68.8,67.8,68.2,333336
2019-03-26,68.2,68.2,68.8,67.8,68.2,333336
2019-03-27,68.2,68.2,68.8,67.8,68.2,333336
2019-03-28,68.2,68.2,68.8,67.8,68.2,333336
2019-03-29,68.2,68.2,68.8,67.8,68.2,333336
2019-04-01,68.2,68.2,68.8,67.8,68.2,333336
2019-04-02,68.2,68.2,68.8,67.8,68.2,333336
2019-04-03,68.2,68.2,68.8,67.8,68.2,333336
2019-04-08,68.2,68.2,68.8,67.8,68.2,333336
2019-04-09,68.2,68.2,68.8,67.8,68.2,333336
2019-04-10,68.2,68.2,68.8,67.8,68.2,333336
2019-04-11,68.2,68.2,68.8,67.8,68.2,333336
2019-04-12,68.2,68.2,68.8,67.8,68.2,333336
2019-04-15,68.2,68.2,68.8,67.8,68.2,333336
2019-04-16,68.2,68.2,68.8,67.8,68.2,333336
2019-04-17,68.2,68.2,68.8,67.8,68.2,333336
2019-04-18,68.2,68.2,68.8,67.8,68.2,333336
2019-04-19,68.2,68.2,68.8,67.8,68.2,333336
2019-04-22,68.2,68.2,68.8,67.8,68.2,333336
2019-04-23,68.2,68.2,68.8,67.8,68.2,333336
2019-04-24,68.2,68.2,68.8,67.8,68.2,333336
2019-04-25,68.2,68.2,68.8,67.8,68.2,333336
2019-04-26,68.2,68.2,68.8,67.8,68.2,333336
2019-04-29,68.2,68.2,68.8,67.8,68.2,333336
2019-04-30,68.2,68.2,68.8,67.8,68.2,333336
2019-05-02,68.2,68.2,68.8,67.8,68.2,333336
2019-05-03,68.2,68.2,68.8,67.8,68.2,333336
2019-05-06,68.2,68.2,68.8,67.8,68.2,333336
2019-05-07,68.2,68.2,68.8,67.8,68.2,333336
2019-05-08,68.2,68.2,68.8,67.8,68.2,333336
2019-05-09,68.2,68.2,68.8,67.8,68.2,333336
2019-05-10,68.2,68.2,68.8,67.8,68.2,333336
2019-05-13,68.2,68.2,68.8,67.8,68.2,333336
2019-05-14,68.2,68.2,68.8,67.8,68.2,333336
2019-05-15,68.2,68.2,68.8,67.8,68.2,333336
2019-05-16,68.2,68.2,68.8,67.8,68.2,333336
2019-05-17,68.2,68.2,68.8,67.8,68.2,333336
2019-05-20,68.2,68.2,68.8,67.8,68.2,333336
2019-05-21,68.2,68.2,68.8,67.8,68.2,333336
2019-05-22,68.2,68.2,68.8,67.8,68.2,333336
2019-05-23,68.2,68.2,68.8,67.8,68.2,333336
2019-05-24,68.2,68.2,68.8,67.8,68.2,333336
2019-05-27,68.2,68.2,68.8,67.8,68.2,333336
2019-05-28,68.2,68.2,68.8,67.8,68.2,333336
2019-05-29,68.2,68.2,68.8,67.8,68.2,333336
2019-05-30,68.2,68.2,68.8,67.8,68.2,333336
2019-05-31,68.2,68.2,68.8,67.8,68.2,333336
2019-06-03,68.2,68.2,68.8,67.8,68.2,333336
2019-06-04,68.2,68.2,68.8,67.8,68.2,333336
2019-06-05,68.2,68.2,68.8,67.8,68.2,333336
2019-06-06,68.2,68.2,68.8,67.8,68.2,333336
2019-06-10,68.2,68.2,68.8,67.8,68.2,333336
2019-06-11,68.2,68.2,68.8,67.8,68.2,333336
2019-06-12,68.2,68.2,68.8,67.8,68.2,333336
2019-06-13,68.2,68.2,68.8,67.8,68.2,333336
2019-06-14,68.2,68.2,68.8,67.8,68.2,333336
2019-06-17,68.2,68.2,68.8,67.8,68.2,333336
2019-06-18,68.2,68.2,68.8,67.8,68.2,333336
2019-06-19,68.2,68.2,68.8,67.8,68.2,333336
2019-06-20,68.2,68.2,68.8,67.8,68.2,333336
2019-06-21,68.2,68.2,68.8,67.8,68.2,333336
2019-06-24,68.2,68.2,68.8,67.8,68.2,333336
2019-06-25,68.2,68.2,68.8,67.8,68.2,333336
2019-06-26,68.2,68.2,68.8,67.8,68.2,333336
2019-06-27,68.2,68.2,68.8,67.8,68.2,333336
2019-06-28,68.2,68.2,68.8,67.8,68.2,333336
2019-07-01,68.2,68.2,68.8,67.8,68.2,333336
2019-07-02,68.2,68.2,68.8,67.8,68.2,333336
2019-07-03,68.2,68.2,68.8,67.8,68.2,333336
2019-07-04,68.2,68.2,68.8,67.8,68.2,333336
2019-07-05,68.2,68.2,68.8,67.8,68.2,333336
2019-07-08,68.2,68.2,68.8,67.8,68.2,333336
2019-07-09,68.2,68.2,68.8,67.8,68.2,333336
2019-07-10,68.2,68.2,68.8,67.8,68.2,333336
2019-07-11,68.2,68.2,68.8,67.8,68.2,333336
2019-07-12,68.2,68.2,68.8,67.8,68.2,333336
2019-07-15,68.2,68.2,68.8,67.8,68.2,333336
2019-07-16,68.2,68.2,68.8,67.8,68.2,333336
2019-07-17,68.2,68.2,68.8,67.8,68.2,333336
2019-07-18,68.2,68.2,68.8,67.8,68.2,333336
2019-07-19,68.2,68.2,68.8,67.8,68.2,333336
2019-07-22,68.2,68.2,68.8,67.8,68.2,333336
2019-07-23,68.2,68.2,68.8,67.8,68.2,333336
2019-07-24,68.2,68.2,68.8,67.8,68.2,333336
2019-07-25,68.2,68.2,68.8,67.8,68.2,333336
2019-07-26,68.2,68.2,68.8,67.8,68.2,333336
2019-07-29,68.2,68.2,68.8,67.8,68.2,333336
2019-07-30,68.2,68.2,68.8,67.8,68.2,333336
2019-07-31,68.2,68.2,68.8,67.8,68.2,333336
2019-08-01,68.2,68.2,68.8,67.8,68.2,333336
2019-08-02,68.2,68.2,68.8,67.8,68.2,333336
2019-08-05,68.2,68.2,68.8,67.8,68.2,333336
2019-08-06,68.2,68.2,68.8,67.8,68.2,333336
2019-08-07,68.2,68.2,68.8,67.8,68.2,333336
2019-08-08,68.2,68.2,68.8,67.8,68.2,333336
2019-08-12,68.2,68.2,68.8,67.8,68.2,333336
2019-08-13,68.2,68.2,68.8,67.8,68.2,333336
2019-08-14,68.2,68.2,68.8,67.8,68.2,333336
2019-08-15,68.2,68.2,68.8,67.8,68.2,333336
2019-08-16,68.2,68.2,68.8,67.8,68.2,333336
2019-08-19,68.2,68.2,68.8,67.8,68.2,333336
2019-08-20,68.2,68.2,68.8,67.8,68.2,333336
2019-08-21,68.2,68.2,68.8,67.8,68.2,333336
2019-08-22,68.2,68.2,68.8,67.8,68.2,333336
2019-08-23,68.2,68.2,68.8,67.8,68.2,333336
2019-08-26,68.2,68.2,68.8,67.8,68.2,333336
2019-08-27,68.2,68.2,68.8,67.8,68.2,333336
2019-08-28,68.2,68.2,68.8,67.8,68.2,333336
2019-08-29,68.2,68.2,68.8,67.8,68.2,333336
2019-08-30,68.2,68.2,68.8,67.8,68.2,333336
2019-09-02,68.2,68.2,68.8,67.8,68.2,333336
2019-09-03,68.2,68.2,68.8,67.8,68.2,333336
2019-09-04,68.2,68.2,68.8,67.8,68.2,333336
2019-09-05,68.2,68.2,68.8,67.8,68.2,333336
2019-09-06,68.2,68.2,68.8,67.8,68.2,333336
2019-09-09,68.2,68.2,68.8,67.8,68.2,333336
2019-09-10,68.2,68.2,68.8,67.8,68.2,333336
2019-09-11,68.2,68.2,68.8,67.8,68.2,333336
2019-09-12,68.2,68.2,68.8,67.8,68.2,333336
2019-09-16,68.2,68.2,68.8,67.8,68.2,333336
2019-09-17,68.2,68.2,68.8,67.8,68.2,333336
2019-09-18,68.2,68.2,68.8,67.8,68.2,333336
2019-09-19,68.2,68.2,68.8,67.8,68.2,333336
2019-09-20,68.2,68.2,68.8,67.8,68.2,333336
2019-09-23,68.2,68.2,68.8,67.8,68.2,333336
2019-09-24,68.2,68.2,68.8,67.8,68.2,333336
2019-09-25,68.2,68.2,68.8,67.8,68.2,333336
2019-09-26,68.2,68.2,68.8,67.8,68.2,333336
2019-09-27,68.2,68.2,68.8,67.8,68.2,333336
2019-10-01,68.2,68.2,68.8,67.8,68.2,333336
2019-10-02,68.2,68.2,68.8,67.8,68.2,333336
2019-10-03,68.2,68.2,68.8,67.8,68.2,333336
2019-10-04,68.2,68.2,68.8,67.8,68.2,333336
2019-10-07,68.2,68.2,68.8,67.8,68.2,333336
2019-10-08,68.2,68.2,68.8,67.8,68.2,333336
2019-10-09,68.2,68.2,68.8,67.8,68.2,333336
2019-10-14,68.2,68.2,68.8,67.8,68.2,333336
2019-10-15,68.2,68.2,68.8,67.8,68.2,333336
2019-10-16,68.2,68.2,68.8,67.8,68.2,333336
2019-10-17,68.2,68.2,68.8,67.8,68.2,333336
2019-10-18,68.2,68.2,68.8,67.8,68.2,333336
2019-10-21,68.2,68.2,68.8,67.8,68.2,333336
2019-10-22,68.2,68.2,68.8,67.8,68.2,333336
2019-10-23,68.2,68.2,68.8,67.8,68.2,333336
2019-10-24,68.2,68.2,68.8,67.8,68.2,333336
2019-10-25,68.2,68.2,68.8,67.8,68.2,333336
2019-10-28,68.2,68.2,68.8,67.8,68.2,333336
2019-10-29,68.2,68.2,68.8,67.8,68.2,333336
2019-10-30,68.2,68.2,68.8,67.8,68.2,333336
2019-10-31,68.2,68.2,68.8,67.8,68.2,333336
2019-11-01,68.2,68.2,68.8,67.8,68.2,333336
2019-11-04,68.2,68.2,68.8,67.8,68.2,333336
2019-11-05,68.2,68.2,68.8,67.8,68.2,333336
2019-11-06,68.2,68.2,68.8,67.8,68.2,333336
2019-11-07,68.2,68.2,68.8,67.8,68.2,333336
2019-11-08,68.2,68.2,68.8,67.8,68.2,333336
2019-11-11,68.2,68.2,68.8,67.8,68.2,333336
2019-11-12,68.2,68.2,68.8,67.8,68.2,333336
2019-11-13,68.2,68.2,68.8,67.8,68.2,333336
2019-11-14,68.2,68.2,68.8,67.8,68.2,333336
2019-11-20,68.2,68.2,68.8,67.8,68.2,333336
2019-11-21,68.2,68.2,68.8,67.8,68.2,333336
2019-11-22,68.2,68.2,68.8,67.8,68.2,333336
2019-11-25,68.2,68.2,68.8,67.8,68.2,333336
2019-11-26,68.2,68.2,68.8,67.8,68.2,333336
2019-11-27,68.2,68.2,68.8,67.8,68.2,333336
2019-11-28,68.2,68.2,68.8,67.8,68.2,333336
2019-11-29,68.2,68.2,68.8,67.8,68.2,333336
2019-12-02,68.2,68.2,68.8,67.8,68.2,333336
2019-12-03,68.2,68.2,68.8,67.8,68.2,333336
2019-12-04,68.2,68.2,68.8,67.8,68.2,333336
2019-12-05,68.2,68.2,68.8,67.8,68.2,333336
2019-12-06,68.2,68.2,68.8,67.8,68.2,333336
2019-12-09,68.2,68.2,68.8,67.8,68.2,333336
2019-12-10,68.2,68.2,68.8,67.8,68.2,333336
2019-12-11,68.2,68.2,68.8,67.8,68.2,333336
2019-12-12,68.2,68.2,68.8,67.8,68.2,333336
2019-12-13,68.2,68.2,68.8,67.8,68.2,333336
2019-12-16,68.2,68.2,68.8,67.8,68.2,333336
2019-12-17,68.2,68.2,68.8,67.8,68.2,333336
2019-12-18,68.2,68.2,68.8,67.8,68.2,333336
2019-12-19,68.2,68.2,68.8,67.8,68.2,333336
2019-12-20,68.2,68.2,68.8,67.8,68.2,333336
2019-12-23,68.2,68.2,68.8,67.8,68.2,333336
2019-12-24,68.2,68.2,68.8,67.8,68.2,333336
2019-12-25,68.2,68.2,68.8,67.8,68.2,333336
2019-12-26,68.2,68.2,68.8,67.8,68.2,333336
2019-12-27,68.2,68.2,68.8,67.8,68.2,333336
2019-12-30,68.2,68.2,68.8,67.8,68.2,333336
2019-12-31,68.2,68.2,68.8,67.8,68.2,333336
2020-01-02,68.2,68.2,68.8,67.8,68.2,333336
2020-01-03,68.2,68.2,68.8,67.8,68.2,333336
2020-01-06,68.2,68.2,68.8,67.8,68.2,333336
2020-01-07,68.2,68.2,68.8,67.8,68.2,333336
2020-01-08,68.2,68.2,68.8,67.8,68.2,333336
2020-01-09,68.2,68.2,68.8,67.8,68.2,333336
2020-01-10,68.2,68.2,68.8,67.8,68.2,333336
2020-01-13,68.2,68.2,68.8,67.8,68.2,333336
2020-01-14,68.2,68.2,68.8,67.8,68.2,333336
2020-01-15,68.2,68.2,68.8,67.8,68.2,333336
2020-01-16,68.2,68.2,68.8,67.8,68.2,333336
2020-01-17,68.2,68.2,68.8,67.8,68.2,333336
2020-01-20,68.2,68.2,68.8,67.8,68.2,333336
2020-01-30,68.2,68.2,68.8,67.8,68.2,333336
2020-01-31,68.2,68.2,68.8,67.8,68.2,333336
2020-02-03,68.2,68.2,68.8,67.8,68.2,333336
2020-02-04,68.2,68.2,68.8,67.8,68.2,333336
2020-02-05,68.2,68.2,68.8,67.8,68.2,333336
2020-02-06,68.2,68.2,68.8,67.8,68.2,333336
2020-02-07,68.2,68.2,68.8,67.8,68.2,333336
2020-02-10,68.2,68.2,68.8,67.8,68.2,333336
2020-02-11,68.2,68.2,68.8,67.8,68.2,333336
2020-02-12,68.2,68.2,68.8,67.8,68.2,333336
2020-02-13,68.2,68.2,68.8,67.8,68.2,333336
2020-02-14,68.2,68.2,68.8,67.8,68.2,333336
2020-02-17,68.2,68.2,68.8,67.8,68.2,333336
2020-02-18,68.2,68.2,68.8,67.8,68.2,333336
2020-02-19,68.2,68.2,68.8,67.8,68.2,333336
2020-02-20,68.2,68.2,68.8,67.8,68.2,333336
2020-02-21,68.2,68.2,68.8,67.8,68.2,333336
2020-02-24,68.2,68.2,68.8,67.8,68.2,333336
2020-02-25,68.2,68.2,68.8,67.8,68.2,333336
2020-02-26,68.2,68.2,68.8,67.8,68.2,333336
2020-02-27,68.2,68.2,68.8,67.8,68.2,333336
2020-03-02,68.2,68.2,68.8,67.8,68.2,333336
2020-03-03,68.2,68.2,68.8,67.8,68.2,333336
2020-03-04,68.2,68.2,68.8,67.8,68.2,333336
2020-03-05,68.2,68.2,68.8,67.8,68.2,333336
2020-03-06,68.2,68.2,68.8,67.8,68.2,333336
2020-03-09,68.2,68.2,68.8,67.8,68.2,333336
2020-03-10,68.2,68.2,68.8,67.8,68.2,333336
2020-03-11,68.2,68.2,68.8,67.8,68.2,333336
2020-03-12,68.2,68.2,68.8,67.8,68.2,333336
2020-03-13,68.2,68.2,68.8,67.8,68.2,333336
2020-03-16,68.2,68.2,68.8,67.8,68.2,333336
2020-03-17,68.2,68.2,68.8,67.8,68.2,333336
2020-03-18,68.2,68.2,68.8,67.8,68.2,333336
2020-03-19,68.2,68.2,68.8,67.8,68.2,333336
2020-03-20,68.2,68.2,68.8,67.8,68.2,333336
2020-03-23,68.2,68.2,68.8,67.8,68.2,333336
2020-03-24,68.2,68.2,68.8,67.8,68.2,333336
2020-03-25,68.2,68.2,68.8,67.8,68.2,333336
2020-03-26,68.2,68.2,68.8,67.8,68.2,333336
2020-03-27,68.2,68.2,68.8,67.8,68.2,333336
2020-03-30,68.2,68.2,68.8,67.8,68.2,333336
2020-03-31,68.2,68.2,68.8,67.8,68.2,333336
2020-04-01,68.2,68.2,68.8,67.8,68.2,333336
2020-04-07,68.2,68.2,68.8,67.8,68.2,333336
2020-04-08,68.2,68.2,68.8,67.8,68.2,333336
2020-04-09,68.2,68.2,68.8,67.8,68.2,333336
2020-04-10,68.2,68.2,68.8,67.8,68.2,333336
2020-04-13,68.2,68.2,68.8,67.8,68.2,333336
2020-04-14,68.2,68.2,68.8,67.8,68.2,333336
2020-04-15,68.2,68.2,68.8,67.8,68.2,333336
2020-04-16,68.2,68.2,68.8,67.8,68.2,333336
2020-04-17,68.2,68.2,68.8,67.8,68.2,333336
2020-04-20,68.2,68.2,68.8,67.8,68.2,333336
2020-04-21,68.2,68.2,68.8,67.8,68.2,333336
2020-04-22,68.2,68.2,68.8,67.8,68.2,333336
2020-04-23,68.2,68.2,68.8,67.8,68.2,333336
2020-04-24,68.2,68.2,68.8,67.8,68.2,333336
2020-04-27,68.2,68.2,68.8,67.8,68.2,333336
2020-04-28,68.2,68.2,68.8,67.8,68.2,333336
2020-04-29,68.2,68.2,68.8,67.8,68.2,333336
2020-05-04,68.2,68.2,68.8,67.8,68.2,333336
2020-05-05,68.2,68.2,68.8,67.8,68.2,333336
2020-05-06,68.2,68.2,68.8,67.8,68.2,333336
2020-05-07,68.2,68.2,68.8,67.8,68.2,333336
2020-05-08,68.2,68.2,68.8,67.8,68.2,333336
2020-05-11,68.2,68.2,68.8,67.8,68.2,333336
2020-05-12,68.2,68.2,68.8,67.8,68.2,333336
2020-05-13,68.2,68.2,68.8,67.8,68.2,333336
2020-05-14,68.2,68.2,68.8,67.8,68.2,333336
2020-05-15,68.2,68.2,68.8,67.8,68.2,333336
2020-05-18,68.2,68.2,68.8,67.8,68.2,333336
2020-05-19,68.2,68.2,68.8,67.8,68.2,333336
2020-05-20,68.2,68.2,68.8,67.8,68.2,333336
2020-05-21,68.2,68.2,68.8,67.8,68.2,333336
2020-05-22,68.2,68.2,68.8,67.8,68.2,333336
2020-05-25,68.2,68.2,68.8,67.8,68.2,333336
2020-05-26,68.2,68.2,68.8,67.8,68.2,333336
2020-05-27,68.2,68.2,68.8,67.8,68.2,333336
2020-05-28,68.2,68.2,68.8,67.8,68.2,333336
2020-05-29,68.2,68.2,68.8,67.8,68.2,333336
2020-06-01,68.2,68.2,68.8,67.8,68.2,333336
2020-06-02,68.2,68.2,68.8,67.8,68.2,333336
2020-06-03,68.2,68.2,68.8,67.8,68.2,333336
2020-06-04,68.2,68.2,68.8,67.8,68.2,333336
2020-06-05,68.2,68.2,68.8,67.8,68.2,333336
2020-06-08,68.2,68.2,68.8,67.8,68.2,333336
2020-06-09,68.2,68.2,68.8,67.8,68.2,333336
2020-06-10,68.2,68.2,68.8,67.8,68.2,333336
2020-06-11,68.2,68.2,68.8,67.8,68.2,333336
2020-06-12,68.2,68.2,68.8,67.8,68.2,333336
2020-06-15,68.2,68.2,68.8,67.8,68.2,333336
2020-06-16,68.2,68.2,68.8,67.8,68.2,333336
2020-06-17,68.2,68.2,68.8,67.8,68.2,333336
2020-06-18,68.2,68.2,68.8,67.8,68.2,333336
2020-06-19,68.2,68.2,68.8,67.8,68.2,333336
2020-06-22,68.2,68.2,68.8,67.8,68.2,333336
2020-06-23,68.2,68.2,68.8,67.8,68.2,333336
2020-06-24,68.2,68.2,68.8,67.8,68.2,333336
2020-06-29,68.2,68.2,68.8,67.8,68.2,333336
2020-06-30,68.2,68.2,68.8,67.8,68.2,333336
2020-07-01,68.2,68.2,68.8,67.8,68.2,333336
2020-07-02,68.2,68.2,68.8,67.8,68.2,333336
2020-07-03,68.2,68.2,68.8,67.8,68.2,333336
2020-07-06,68.2,68.2,68.8,67.8,68.2,333336
2020-07-07,68.2,68.2,68.8,67.8,68.2,333336
2020-07-08,68.2,68.2,68.8,67.8,68.2,333336
2020-07-09,68.2,68.2,68.8,67.8,68.2,333336
2020-07-10,68.2,68.2,68.8,67.8,68.2,333336
2020-07-13,68.2,68.2,68.8,67.8,68.2,333336
2020-07-14,68.2,68.2,68.8,67.8,68.2,333336
2020-07-15,68.2,68.2,68.8,67.8,68.2,333336
2020-07-16,68.2,68.2,68.8,67.8,68.2,333336
2020-07-17,68.2,68.2,68.8,67.8,68.2,333336
2020-07-20,68.2,68.2,68.8,67.8,68.2,333336
2020-07-21,68.2,68.2,68.8,67.8,68.2,333336
2020-07-22,68.2,68.2,68.8,67.8,68.2,333336
2020-07-23,68.2,68.2,68.8,67.8,68.2,333336
2020-07-24,68.2,68.2,68.8,67.8,68.2,333336
2020-07-27,68.2,68.2,68.8,67.8,68.2,333336
2020-07-28,68.2,68.2,68.8,67.8,68.2,333336
2020-07-29,68.2,68.2,68.8,67.8,68.2,333336
2020-07-30,68.2,68.2,68.8,67.8,68.2,333336
2020-07-31,68.2,68.2,68.8,67.8,68.2,333336
2020-08-03,68.2,68.2,68.8,67.8,68.2,333336
2020-08-04,68.2,68.2,68.8,67.8,68.2,333336
2020-08-05,68.2,68.2,68.8,67.8,68.2,333336
2020-08-06,68.2,68.2,68.8,67.8,68.2,333336
2020-08-07,68.2,68.2,68.8,67.8,68.2,333336
2020-08-10,68.2,68.2,68.8,67.8,68.2,333336
2020-08-11,68.2,68.2,68.8,67.8,68.2,333336
2020-08-12,68.2,68.2,68.8,67.8,68.2,333336
2020-08-13,68.2,68.2,68.8,67.8,68.2,333336
2020-08-14,68.2,68.2,68.8,67.8,68.2,333336
2020-08-17,68.2,68.2,68.8,67.8,68.2,333336
2020-08-18,68.2,68.2,68.8,67.8,68.2,333336
2020-08-19,68.2,68.2,68.8,67.8,68.2,333336
2020-08-20,68.2,68.2,68.8,67.8,68.2,333336
2020-08-21,68.2,68.2,68.8,67.8,68.2,333336
2020-08-24,68.2,68.2,68.8,67.8,68.2,333336
2020-08-25,68.2,68.2,68.8,67.8,68.2,333336
2020-08-26,68.2,68.2,68.8,67.8,68.2,333336
2020-08-27,68.2,68.2,68.8,67.8,68.2,333336
2020-08-28,68.2,68.2,68.8,67.8,68.2,333336
2020-08-31,68.2,68.2,68.8,67.8,68.2,333336
2020-09-01,68.2,68.2,68.8,67.8,68.2,333336
2020-09-02,68.2,68.2,68.8,67.8,68.2,333336
2020-09-03,68.2,68.2,68.8,67.8,68.2,333336
2020-09-04,68.2,68.2,68.8,67.8,68.2,333336
2020-09-07,68.2,68.2,68.8,67.8,68.2,333336
2020-09-08,68.2,68.2,68.8,67.8,68.2,333336
2020-09-09,68.2,68.2,68.8,67.8,68.2,333336
2020-09-10,68.2,68.2,68.8,67.8,68.2,333336
2020-09-11,68.2,68.2,68.8,67.8,68.2,333336
2020-09-14,68.2,68.2,68.8,67.8,68.2,333336
2020-09-15,68.2,68.2,68.8,67.8,68.2,333336
2020-09-16,68.2,68.2,68.8,67.8,68.2,333336
2020-09-17,68.2,68.2,68.8,67.8,68.2,333336
2020-09-18,68.2,68.2,68.8,67.8,68.2,333336
2020-09-21,68.2,68.2,68.8,67.8,68.2,333336
2020-09-22,68.2,68.2,68.8,67.8,68.2,333336
2020-09-23,68.2,68.2,68.8,67.8,68.2,333336
2020-09-24,68.2,68.2,68.8,67.8,68.2,333336
2020-09-25,68.2,68.2,68.8,67.8,68.2,333336
2020-09-28,68.2,68.2,68.8,67.8,68.2,333336
2020-09-29,68.2,68.2,68.8,67.8,68.2,333336
2020-09-30,68.2,68.2,68.8,67.8,68.2,333336
2020-10-05,68.2,68.2,68.8,67.8,68.2,333336
2020-10-06,68.2,68.2,68.8,67.8,68.2,333336
2020-10-07,68.2,68.2,68.8,67.8,68.2,333336
2020-10-08,68.2,68.2,68.8,67.8,68.2,333336
2020-10-12,68.2,68.2,68.8,67.8,68.2,333336
2020-10-13,68.2,68.2,68.8,67.8,68.2,333336
2020-10-14,68.2,68.2,68.8,67.8,68.2,333336
2020-10-15,68.2,68.2,68.8,67.8,68.2,333336
2020-10-16,68.2,68.2,68.8,67.8,68.2,333336
2020-10-19,68.2,68.2,68.8,67.8,68.2,333336
2020-10-20,68.2,68.2,68.8,67.8,68.2,333336
2020-10-21,68.2,68.2,68.8,67.8,68.2,333336
2020-10-22,68.2,68.2,68.8,67.8,68.2,333336
2020-10-23,68.2,68.2,68.8,67.8,68.2,333336
2020-10-26,68.2,68.2,68.8,67.8,68.2,333336
2020-10-27,68.2,68.2,68.8,67.8,68.2,333336
2020-10-28,68.2,68.2,68.8,67.8,68.2,333336
2020-10-29,68.2,68.2,68.8,67.8,68.2,333336
2020-10-30,68.2,68.2,68.8,67.8,68.2,333336
2020-11-02,68.2,68.2,68.8,67.8,68.2,333336
2020-11-03,68.2,68.2,68.8,67.8,68.2,333336
2020-11-04,68.2,68.2,68.8,67.8,68.2,333336
2020-11-05,68.2,68.2,68.8,67.8,68.2,333336
2020-11-06,68.2,68.2,68.8,67.8,68.2,333336
2020-11-09,68.2,68.2,68.8,67.8,68.2,333336
2020-11-10,68.2,68.2,68.8,67.8,68.2,333336
2020-11-11,68.2,68.2,68.8,67.8,68.2,333336
2020-11-12,68.2,68.2,68.8,67.8,68.2,333336
2020-11-13,68.2,68.2,68.8,67.8,68.2,333336
2020-11-16,68.2,68.2,68.8,67.8,68.2,333336
2020-11-17,68.2,68.2,68.8,67.8,68.2,333336
2020-11-18,68.2,68.2,68.8,67.8,68.2,333336
2020-11-19,68.2,68.2,68.8,67.8,68.2,333336
2020-11-20,68.2,68.2,68.8,67.8,68.2,333336
2020-11-23,68.2,68.2,68.8,67.8,68.2,333336
2020-11-24,68.2,68.2,68.8,67.8,68.2,333336
2020-11-25,68.2,68.2,68.8,67.8,68.2,333336
2020-11-26,68.2,68.2,68.8,67.8,68.2,333336
2020-11-27,68.2,68.2,68.8,67.8,68.2,333336
2020-11-30,68.2,68.2,68.8,67.8,68.2,333336
2020-12-01,68.2,68.2,68.8,67.8,68.2,333336
2020-12-02,68.2,68.2,68.8,67.8,68.2,333336
2020-12-04,68.2,68.2,68.8,67.8,68.2,333336
2020-12-07,68.2,68.2,68.8,67.8,68.2,333336
2020-12-08,68.2,68.2,68.8,67.8,68.2,333336
2020-12-09,68.2,68.2,68.8,67.8,68.2,333336
2020-12-10,68.2,68.2,68.8,67.8,68.2,333336
2020-12-11,68.2,68.2,68.8,67.8,68.2,333336
2020-12-14,68.2,68.2,68.8,67.8,68.2,333336
2020-12-15,68.2,68.2,68.8,67.8,68.2,333336
2020-12-16,68.2,68.2,68.8,67.8,68.2,333336
2020-12-17,68.2,68.2,68.8,67.8,68.2,333336
2020-12-18,68.2,68.2,68.8,67.8,68.2,333336
2020-12-21,68.2,68.2,68.8,67.8,68.2,333336
2020-12-22,68.2,68.2,68.8,67.8,68.2,333336
2020-12-23,68.2,68.2,68.8,67.8,68.2,333336
2020-12-24,68.2,68.2,68.8,67.8,68.2,333336
2020-12-25,68.2,68.2,68.8,67.8,68.2,333336
2020-12-28,68.2,68.2,68.8,67.8,68.2,333336
2020-12-29,68.2,68.2,68.8,67.8,68.2,333336
2020-12-30,68.2,68.2,68.8,67.8,68.2,333336
2020-12-31,68.2,68.2,68.8,67.8,68.2,333336
2021-01-04,68.2,68.2,68.8,67.8,68.2,333336
2021-01-05,68.2,68.2,68.8,67.8,68.2,333336
2021-01-06,68.2,68.2,68.8,67.8,68.2,333336
2021-01-07,68.2,68.2,68.8,67.8,68.2,333336
2021-01-08,68.2,68.2,68.8,67.8,68.2,333336
2021-01-11,68.2,68.2,68.8,67.8,68.2,333336
2021-01-12,68.2,68.2,68.8,67.8,68.2,333336
2021-01-13,68.2,68.2,68.8,67.8,68.2,333336
2021-01-14,68.2,68.2,68.8,67.8,68.2,333336
2021-01-15,68.2,68.2,68.8,67.8,68.2,333336
2021-01-18,68.2,68.2,68.8,67.8,68.2,333336
2021-01-19,68.2,68.2,68.8,67.8,68.2,333336
2021-01-20,68.2,68.2,68.8,67.8,68.2,333336
2021-01-21,68.2,68.2,68.8,67.8,68.2,333336
2021-01-22,68.2,68.2,68.8,67.8,68.2,333336
2021-01-25,68.2,68.2,68.8,67.8,68.2,333336
2021-01-26,68.2,68.2,68.8,67.8,68.2,333336
2021-01-27,68.2,68.2,68.8,67.8,68.2,333336
2021-01-28,68.2,68.2,68.8,67.8,68.2,333336
2021-01-29,68.2,68.2,68.8,67.8,68.2,333336
2021-02-01,68.2,68.2,68.8,67.8,68.2,333336
2021-02-02,68.2,68.2,68.8,67.8,68.2,333336
2021-02-03,68.2,68.2,68.8,67.8,68.2,333336
2021-02-04,68.2,68.2,68.8,67.8,68.2,333336
2021-02-05,68.2,68.2,68.8,67.8,68.2,333336
2021-02-17,68.2,68.2,68.8,67.8,68.2,333336
2021-02-18,68.2,68.2,68.8,67.8,68.2,333336
2021-02-19,68.2,68.2,68.8,67.8,68.2,333336
2021-02-22,68.2,68.2,68.8,67.8,68.2,333336
2021-02-23,68.2,68.2,68.8,67.8,68.2,333336
2021-02-24,68.2,68.2,68.8,67.8,68.2,333336
2021-02-25,68.2,68.2,68.8,67.8,68.2,333336
2021-02-26,68.2,68.2,68.8,67.8,68.2,333336
2021-03-02,68.2,68.2,68.8,67.8,68.2,333336
2021-03-03,68.2,68.2,68.8,67.8,68.2,333336
2021-03-04,68.2,68.2,68.8,67.8,68.2,333336
2021-03-05,68.2,68.2,68.8,67.8,68.2,333336
2021-03-08,68.2,68.2,68.8,67.8,68.2,333336
2021-03-09,68.2,68.2,68.8,67.8,68.2,333336
2021-03-10,68.2,68.2,68.8,67.8,68.2,333336
2021-03-11,68.2,68.2,68.8,67.8,68.2,333336
2021-03-12,68.2,68.2,68.8,67.8,68.2,333336
2021-03-15,68.2,68.2,68.8,67.8,68.2,333336
2021-03-16,68.2,68.2,68.8,67.8,68.2,333336
2021-03-17,68.2,68.2,68.8,67.8,68.2,333336
2021-03-18,68.2,68.2,68.8,67.8,68.2,333336
2021-03-19,68.2,68.2,68.8,67.8,68.2,333336
2021-03-22,68.2,68.2,68.8,67.8,68.2,333336
2021-03-23,68.2,68.2,68.8,67.8,68.2,333336
2021-03-24,68.2,68.2,68.8,67.8,68.2,333336
2021-03-25,68.2,68.2,68.8,67.8,68.2,333336
2021-03-26,68.2,68.2,68.8,67.8,68.2,333336
2021-03-29,68.2,68.2,68.8,67.8,68.2,333336
2021-03-30,68.2,68.2,68.8,67.8,68.2,333336
2021-03-31,68.2,68.2,68.8,67.8,68.2,333336
2021-04-01,68.2,68.2,68.8,67.8,68.2,333336
2021-04-06,68.2,68.2,68.8,67.8,68.2,333336
2021-04-07,68.2,68.2,68.8,67.8,68.2,333336
2021-04-08,68.2,68.2,68.8,67.8,68.2,333336
2021-04-09,68.2,68.2,68.8,67.8,68.2,333336
2021-04-12,68.2,68.2,68.8,67.8,68.2,333336
2021-04-13,68.2,68.2,68.8,67.8,68.2,333336
2021-04-14,68.2,68.2,68.8,67.8,68.2,333336
2021-04-15,68.2,68.2,68.8,67.8,68.2,333336
2021-04-16,68.2,68.2,68.8,67.8,68.2,333336
2021-04-19,68.2,68.2,68.8,67.8,68.2,333336
2021-04-20,68.2,68.2,68.8,67.8,68.2,333336
2021-04-21,68.2,68.2,68.8,67.8,68.2,333336
2021-04-22,68.2,68.2,68.8,67.8,68.2,333336
2021-04-23,68.2,68.2,68.8,67.8,68.2,333336
2021-04-26,68.2,68.2,68.8,67.8,68.2,333336
2021-04-27,68.2,68.2,68.8,67.8,68.2,333336
2021-04-28,68.2,68.2,68.8,67.8,68.2,333336
2021-04-29,68.2,68.2,68.8,67.8,68.2,333336
2021-05-03,68.2,68.2,68.8,67.8,68.2,333336
2021-05-04,68.2,68.2,68.8,67.8,68.2,333336
2021-05-05,68.2,68.2,68.8,67.8,68.2,333336
2021-05-06,68.2,68.2,68.8,67.8,68.2,333336
2021-05-07,68.2,68.2,68.8,67.8,68.2,333336
2021-05-10,68.2,68.2,68.8,67.8,68.2,333336
2021-05-11,68.2,68.2,68.8,67.8,68.2,333336
2021-05-12,68.2,68.2,68.8,67.8,68.2,333336
2021-05-13,68.2,68.2,68.8,67.8,68.2,333336
2021-05-14,68.2,68.2,68.8,67.8,68.2,333336
2021-05-17,68.2,68.2,68.8,67.8,68.2,333336
2021-05-18,68.2,68.2,68.8,67.8,68.2,333336
2021-05-19,68.2,68.2,68.8,67.8,68.2,333336
2021-05-20,68.2,68.2,68.8,67.8,68.2,333336
2021-05-21,68.2,68.2,68.8,67.8,68.2,333336
2021-05-24,68.2,68.2,68.8,67.8,68.2,333336
2021-05-25,68.2,68.2,68.8,67.8,68.2,333336
2021-05-26,68.2,68.2,68.8,67.8,68.2,333336
2021-05-27,68.2,68.2,68.8,67.8,68.2,333336
2021-05-28,68.2,68.2,68.8,67.8,68.2,333336
2021-05-31,68.2,68.2,68.8,67.8,68.2,333336
2021-06-01,68.2,68.2,68.8,67.8,68.2,333336
2021-06-02,68.2,68.2,68.8,67.8,68.2,333336
2021-06-03,68.2,68.2,68.8,67.8,68.2,333336
2021-06-04,68.2,68.2,68.8,67.8,68.2,333336
2021-06-07,68.2,68.2,68.8,67.8,68.2,333336
2021-06-08,68.2,68.2,68.8,67.8,68.2,333336
2021-06-09,68.2,68.2,68.8,67.8,68.2,333336
2021-06-10,68.2,68.2,68.8,67.8,68.2,333336
2021-06-11,68.2,68.2,68.8,67.8,68.2,333336
2021-06-15,68.2,68.2,68.8,67.8,68.2,333336
2021-06-16,68.2,68.2,68.8,67.8,68.2,333336
2021-06-17,68.2,68.2,68.8,67.8,68.2,333336
2021-06-18,68.2,68.2,68.8,67.8,68.2,333336
2021-06-21,68.2,68.2,68.8,67.8,68.2,333336
2021-06-22,68.2,68.2,68.8,67.8,68.2,333336
2021-06-23,68.2,68.2,68.8,67.8,68.2,333336
2021-06-24,68.2,68.2,68.8,67.8,68.2,333336
2021-06-25,68.2,68.2,68.8,67.8,68.2,333336
2021-06-28,68.2,68.2,68.8,67.8,68.2,333336
2021-06-29,68.2,68.2,68.8,67.8,68.2,333336
2021-06-30,68.2,68.2,68.8,67.8,68.2,333336
2021-07-01,68.2,68.2,68.8,67.8,68.2,333336
2021-07-02,68.2,68.2,68.8,67.8,68.2,333336
2021-07-05,68.2,68.2,68.8,67.8,68.2,333336
2021-07-06,68.2,68.2,68.8,67.8,68.2,333336
2021-07-07,68.2,68.2,68.8,67.8,68.2,333336
2021-07-08,68.2,68.2,68.8,67.8,68.2,333336
2021-07-09,68.2,68.2,68.8,67.8,68.2,333336
2021-07-12,68.2,68.2,68.8,67.8,68.2,333336
2021-07-13,68.2,68.2,68.8,67.8,68.2,333336
2021-07-14,68.2,68.2,68.8,67.8,68.2,333336
2021-07-15,68.2,68.2,68.8,67.8,68.2,333336
2021-07-16,68.2,68.2,68.8,67.8,68.2,333336
2021-07-19,68.2,68.2,68.8,67.8,68.2,333336
2021-07-20,68.2,68.2,68.8,67.8,68.2,333336
2021-07-21,68.2,68.2,68.8,67.8,68.2,333336
2021-07-22,68.2,68.2,68.8,67.8,68.2,333336
2021-07-23,68.2,68.2,68.8,67.8,68.2,333336
2021-07-26,68.2,68.2,68.8,67.8,68.2,333336
2021-07-27,68.2,68.2,68.8,67.8,68.2,333336
2021-07-28,68.2,68.2,68.8,67.8,68.2,333336
2021-07-29,68.2,68.2,68.8,67.8,68.2,333336
2021-07-30,68.2,68.2,68.8,67.8,68.2,333336
2021-08-02,68.2,68.2,68.8,67.8,68.2,333336
2021-08-03,68.2,68.2,68.8,67.8,68.2,333336
2021-08-04,68.2,68.2,68.8,67.8,68.2,333336
2021-08-05,68.2,68.2,68.8,67.8,68.2,333336
2021-08-06,68.2,68.2,68.8,67.8,68.2,333336
2021-08-09,25.45,25.45,26.15,25.45,25.8,48000
2021-08-10,26.6,26.6,27.95,26.2,27.95,577000
2021-08-11,26.25,26.25,26.9,25.75,26.6,162000
2021-08-12,27.3,27.3,27.8,26.6,27.8,194000
2021-08-13,27.3,27.3,27.55,26.95,27.4,84000
2021-08-16,26.5,26.5,27.3,26.5,27.3,164000
2021-08-17,26.6,26.6,26.7,26.5,26.55,44000
2021-08-18,26.75,26.75,26.75,26.45,26.45,50000
2021-08-19,26.65,26.65,27.05,26.4,27.05,23000
2021-08-20,26.5,26.5,26.65,26.35,26.65,31000
2021-08-23,26.55,26.55,26.95,26.5,26.5,86000
2021-08-24,26.35,26.35,26.75,26.05,26.45,453000
2021-08-25,26.35,26.35,26.35,26.1,26.35,90000
2021-08-26,26.2,26.2,26.3,25.95,26.15,153000
2021-08-27,26.15,26.15,26.65,25.75,25.75,60000
2021-08-30,26.15,26.15,26.5,26.0,26.5,81000
2021-08-31,26.2,26.2,26.45,26.15,26.45,82000
2021-09-01,26.35,26.35,26.55,26.2,26.5,41000
2021-09-02,26.65,26.65,27.0,26.35,26.5,202000
2021-09-03,26.55,26.55,27.0,26.2,27.0,127000
2021-09-06,26.1,26.1,26.7,26.05,26.7,98000
2021-09-07,25.9,25.9,26.4,25.9,26.3,47000
2021-09-08,25.6,25.6,26.2,25.6,25.9,53000
2021-09-09,25.9,25.9,26.0,25.9,26.0,8000
2021-09-10,25.75,25.75,26.1,25.7,26.0,50000
2021-09-13,25.5,25.5,25.65,25.45,25.55,71000
2021-09-14,24.8,24.8,25.1,24.8,24.85,1155000
2021-09-15,24.85,24.85,25.1,24.65,24.65,529000
2021-09-16,24.85,24.85,25.0,24.75,25.0,313000
2021-09-17,25.65,25.65,25.8,24.8,24.8,230000
2021-09-22,25.4,25.4,25.65,25.1,25.1,165000
2021-09-23,25.25,25.25,25.55,25.25,25.5,184000
2021-09-24,25.8,25.8,26.0,25.45,25.45,175000
2021-09-27,26.45,26.45,26.65,25.75,25.75,333000
2021-09-28,27.35,27.35,27.5,26.25,26.25,444000
2021-09-29,28.0,28.0,28.15,26.9,26.9,589000
2021-09-30,28.75,28.75,29.5,27.7,28.0,614000
2021-10-01,29.0,29.0,29.4,28.6,28.75,356000
2021-10-04,26.9,26.9,28.8,26.9,28.8,478000
2021-10-05,28.0,28.0,28.35,26.2,26.65,228000
2021-10-06,28.05,28.05,28.45,28.0,28.3,297000
2021-10-07,29.5,29.5,29.5,28.5,29.0,602000
2021-10-08,32.45,32.45,32.45,29.8,29.8,2140000
2021-10-12,35.65,35.65,35.65,33.0,35.6,5077000
2021-10-13,39.2,39.2,39.2,36.2,37.0,7113000
2021-10-14,35.3,35.3,39.1,35.3,38.8,5023000
2021-10-15,34.4,34.4,37.0,33.55,36.4,2960000
2021-10-18,33.9,33.9,34.95,33.0,34.1,1305000
2021-10-19,37.25,37.25,37.25,34.0,34.0,1644000
2021-10-20,35.0,35.0,38.55,35.0,38.15,3479000
2021-10-21,36.25,36.25,36.9,34.1,35.0,1421000
2021-10-22,35.1,35.1,36.45,35.1,36.25,723000
2021-10-25,34.7,34.7,35.9,34.05,35.05,745000
2021-10-26,33.85,33.85,35.85,33.85,34.5,701000
2021-10-27,34.4,34.4,35.7,33.7,33.75,904000
2021-10-28,34.0,34.0,34.75,33.85,34.35,568000
2021-10-29,34.85,34.85,35.5,34.05,34.05,576000
2021-11-01,34.75,34.75,36.95,34.75,36.5,673000
2021-11-02,34.6,34.6,35.9,34.55,35.4,452000
2021-11-03,34.55,34.55,35.6,34.4,34.6,645000
2021-11-04,35.2,35.2,36.4,34.65,35.0,616000
2021-11-05,34.9,34.9,36.2,34.9,35.7,695000
2021-11-08,35.1,35.1,35.6,35.05,35.25,375000
2021-11-09,38.6,38.6,38.6,34.2,35.1,3673000
2021-11-10,39.25,39.25,41.55,38.35,40.1,4875000
2021-11-11,38.6,38.6,39.9,38.1,39.3,1081000
2021-11-12,40.05,40.05,40.5,38.1,38.6,1027000
2021-11-15,38.8,38.8,40.2,38.7,40.2,1064000
2021-11-16,38.7,38.7,39.45,38.55,39.0,667000
2021-11-17,38.65,38.65,39.25,38.25,38.8,468000
2021-11-18,39.6,39.6,41.25,39.0,39.0,1721000
2021-11-19,41.9,41.9,42.5,39.15,39.95,1696000
2021-11-22,41.5,41.5,42.65,41.25,41.9,1038000
2021-11-23,38.75,38.75,42.75,38.5,41.45,1138000
2021-11-24,39.45,39.45,40.5,38.6,39.45,623000
2021-11-25,39.6,39.6,40.1,39.05,39.55,296000
2021-11-26,39.15,39.15,40.75,38.6,39.85,505000
2021-11-29,38.1,38.1,39.15,37.1,39.15,432000
2021-11-30,39.3,39.3,39.35,38.0,38.8,385000
2021-12-01,38.8,38.8,39.2,38.55,39.2,101000
2021-12-02,38.1,38.1,38.8,38.1,38.8,219000
2021-12-03,37.9,37.9,38.55,37.9,38.1,253000
2021-12-06,37.05,37.05,37.55,37.05,37.4,272000
2021-12-07,37.25,37.25,37.5,37.1,37.35,177000
2021-12-08,37.55,37.55,37.85,37.1,37.35,241000
2021-12-09,38.2,38.2,38.2,37.35,37.35,250000
2021-12-10,38.55,38.55,38.8,38.2,38.2,143000
2021-12-13,37.95,37.95,38.6,37.9,38.25,238000
2021-12-14,37.75,37.75,38.0,37.1,38.0,81000
2021-12-15,37.7,37.7,37.85,37.4,37.6,73000
2021-12-16,37.65,37.65,38.5,37.6,38.5,123000
2021-12-17,37.15,37.15,37.6,37.1,37.6,129000
2021-12-20,37.45,37.45,38.0,37.25,37.5,346000
2021-12-21,37.15,37.15,37.35,37.1,37.3,71000
2021-12-22,37.1,37.1,37.45,37.1,37.2,81000
2021-12-23,37.35,37.35,38.0,37.1,38.0,43000
2021-12-24,37.45,37.45,37.55,37.2,37.2,89000
2021-12-27,37.85,37.85,38.2,37.5,37.5,79000
2021-12-28,37.5,37.5,38.0,37.5,38.0,171000
2021-12-29,37.95,37.95,38.2,37.45,37.45,126000
2021-12-30,38.05,38.05,39.2,37.9,37.9,123000
2022-01-03,37.65,37.65,38.35,37.5,38.35,77000
2022-01-04,37.45,37.45,37.65,37.1,37.65,107000
2022-01-05,37.3,37.3,37.45,37.25,37.25,42000
2022-01-06,36.5,36.5,37.1,36.0,37.1,272000
2022-01-07,35.6,35.6,36.6,35.0,36.05,186000
2022-01-10,35.65,35.65,35.75,35.35,35.5,94000
2022-01-11,34.55,34.55,35.4,34.55,35.4,220000
2022-01-12,34.75,34.75,35.35,34.6,34.6,55000
2022-01-13,35.45,35.45,36.8,34.65,34.65,132000
2022-01-14,34.5,34.5,35.65,34.5,35.65,142000
2022-01-17,34.45,34.45,35.65,34.3,35.65,27000
2022-01-18,35.0,35.0,35.45,34.3,34.3,39000
2022-01-19,34.6,34.6,35.05,34.3,35.05,29000
2022-01-20,34.5,34.5,34.8,34.2,34.5,60000
2022-01-21,33.5,33.5,34.6,33.4,34.5,180000
2022-01-24,33.5,33.5,33.85,32.5,32.9,27000
2022-01-25,32.65,32.65,33.35,32.5,33.35,96000
2022-01-26,32.75,32.75,33.0,32.6,32.85,68000
2022-02-07,33.4,33.4,33.4,33.0,33.0,84000
2022-02-08,33.5,33.5,33.65,33.35,33.5,70000
2022-02-09,33.85,33.85,33.9,33.4,33.4,58000
2022-02-10,33.7,33.7,33.9,33.55,33.9,78000
2022-02-11,33.7,33.7,33.9,33.45,33.5,52000
2022-02-14,33.5,33.5,33.75,33.2,33.7,43000
2022-02-15,33.75,33.75,34.05,33.7,33.8,64000
2022-02-16,34.1,34.1,34.6,33.5,33.8,62000
2022-02-17,34.2,34.2,34.3,33.9,33.95,83000
2022-02-18,34.25,34.25,34.25,33.85,34.05,26000
2022-02-21,34.4,34.4,34.7,34.15,34.4,38000
2022-02-22,34.15,34.15,34.45,33.9,34.4,41000
2022-02-23,34.3,34.3,34.3,34.2,34.2,24000
2022-02-24,33.75,33.75,34.4,33.65,33.95,65000
2022-02-25,33.6,33.6,33.7,33.25,33.65,75000
2022-03-01,34.35,34.35,35.0,33.6,33.7,116000
2022-03-02,34.3,34.3,34.65,34.1,34.5,51000
2022-03-03,34.5,34.5,35.0,34.35,34.9,85000
2022-03-04,34.7,34.7,34.75,34.4,34.4,43000
2022-03-07,33.65,33.65,34.4,33.5,34.4,45000
2022-03-08,32.9,32.9,33.65,32.5,33.65,42000
2022-03-09,33.3,33.3,33.55,33.0,33.55,44000
2022-03-10,33.9,33.9,33.95,33.45,33.5,23000
2022-03-11,33.9,33.9,33.9,33.7,33.7,3000
2022-03-14,33.65,33.65,34.1,33.3,33.7,35000
2022-03-15,33.1,33.1,33.65,32.9,33.5,52000
2022-03-16,33.0,33.0,33.15,32.95,33.05,31000
2022-03-17,33.6,33.6,33.7,33.0,33.7,13000
2022-03-18,33.8,33.8,33.8,33.5,33.7,15000
2022-03-21,34.0,34.0,34.25,33.8,33.8,26000
2022-03-22,34.15,34.15,34.2,33.8,34.15,46000
2022-03-23,34.05,34.05,34.15,33.65,34.15,35000
2022-03-24,34.15,34.15,34.3,33.7,34.0,30000
2022-03-25,34.5,34.5,34.8,33.7,34.15,179000
2022-03-28,34.3,34.3,34.7,34.05,34.05,28000
2022-03-29,34.4,34.4,34.5,34.0,34.0,53000
2022-03-30,34.6,34.6,34.65,34.45,34.6,40000
2022-03-31,34.35,34.35,34.6,34.35,34.55,66000
2022-04-01,34.4,34.4,34.45,34.3,34.35,15000
2022-04-06,34.5,34.5,34.6,34.45,34.6,7000
2022-04-07,34.45,34.45,34.75,34.35,34.5,26000
2022-04-08,34.85,34.85,35.0,34.45,34.7,58000
2022-04-11,34.45,34.45,35.0,34.3,35.0,33000
2022-04-12,33.2,33.2,34.35,32.85,34.35,78000
2022-04-13,33.7,33.7,33.85,33.4,33.7,67000
2022-04-14,34.35,34.35,34.4,33.9,33.9,34000
2022-04-15,34.4,34.4,34.45,34.05,34.1,37000
2022-04-18,34.25,34.25,34.25,34.05,34.1,10000
2022-04-19,34.4,34.4,34.4,34.2,34.3,5000
2022-04-20,34.35,34.35,34.4,34.2,34.2,18000
2022-04-21,34.35,34.35,34.45,34.35,34.35,44000
2022-04-22,34.45,34.45,34.75,34.35,34.35,13000
2022-04-25,33.2,33.2,33.8,32.95,32.95,29000
2022-04-26,29.9,29.9,32.75,29.9,32.75,556000
2022-04-27,28.85,28.85,29.2,28.15,28.3,87000
2022-04-28,29.4,29.4,30.0,29.2,30.0,46000
2022-04-29,29.8,29.8,29.8,29.4,29.4,30000
2022-05-03,28.6,28.6,29.7,28.3,29.7,25000
2022-05-04,28.9,28.9,28.95,28.6,28.75,25000
2022-05-05,28.65,28.65,29.2,28.6,29.0,65000
2022-05-06,28.7,28.7,29.15,28.45,28.45,31000
2022-05-09,28.5,28.5,29.0,28.4,29.0,37000
2022-05-10,28.75,28.75,28.75,28.1,28.3,23000
2022-05-11,28.7,28.7,29.0,28.7,29.0,35000
2022-05-12,28.1,28.1,28.5,28.1,28.5,23000
2022-05-13,27.95,27.95,28.4,27.7,28.4,46000
2022-05-16,27.85,27.85,28.05,27.85,28.0,22000
2022-05-17,27.95,27.95,28.1,27.95,28.0,34000
2022-05-18,28.15,28.15,28.2,27.95,28.1,71000
2022-05-19,27.8,27.8,28.15,27.5,28.15,23000
2022-05-20,27.95,27.95,28.65,27.9,28.65,9000
2022-05-23,27.85,27.85,27.9,27.85,27.9,10000
2022-05-24,27.95,27.95,28.0,27.6,27.95,45000
2022-05-25,28.2,28.2,28.2,27.75,27.9,34000
2022-05-26,28.2,28.2,28.4,28.0,28.4,6000
2022-05-27,28.4,28.4,28.4,28.15,28.2,32000
2022-05-30,28.7,28.7,28.8,28.5,28.5,14000
2022-05-31,29.3,29.3,29.3,28.7,28.7,35000
2022-06-01,29.45,29.45,29.5,29.3,29.3,23000
2022-06-02,29.4,29.4,29.55,29.3,29.3,10000
2022-06-06,29.35,29.35,29.35,29.25,29.25,12000
2022-06-07,29.35,29.35,29.6,29.3,29.6,9000
2022-06-08,29.3,29.3,29.45,29.1,29.35,45000
2022-06-09,29.6,29.6,29.6,29.1,29.3,5000
2022-06-10,29.8,29.8,29.8,29.2,29.8,30000
2022-06-13,29.7,29.7,30.2,29.65,29.65,22000
2022-06-14,29.95,29.95,30.5,29.1,30.5,26000
2022-06-15,29.2,29.2,29.9,29.2,29.3,26000
2022-06-16,29.35,29.35,29.55,29.3,29.5,18000
2022-06-17,28.9,28.9,29.35,28.7,28.85,25000
2022-06-20,28.7,28.7,28.7,28.0,28.5,14000
2022-06-21,28.6,28.6,28.8,27.65,28.0,9000
2022-06-22,28.1,28.1,29.0,28.1,28.55,174000
2022-06-23,28.45,28.45,28.45,27.6,27.8,11000
2022-06-24,28.95,28.95,29.25,28.95,29.25,8000
2022-06-27,29.3,29.3,29.75,28.9,29.0,102000
2022-06-28,29.55,29.55,29.55,29.1,29.5,6000
2022-06-29,29.35,29.35,29.35,28.65,28.7,9000
2022-06-30,29.0,29.0,29.0,28.1,28.15,13000
2022-07-01,28.2,28.2,28.45,27.5,28.45,39000
2022-07-04,28.2,28.2,28.55,27.45,28.2,33000
2022-07-05,28.2,28.2,28.2,27.6,27.6,38000
2022-07-06,28.1,28.1,28.15,27.65,27.75,18000
2022-07-07,26.75,26.75,26.95,26.3,26.95,16000
2022-07-08,26.55,26.55,27.5,26.35,27.5,20000
2022-07-11,26.65,26.65,27.9,26.6,27.9,4000
2022-07-12,25.6,25.6,26.5,25.55,26.5,61000
2022-07-13,26.3,26.3,26.35,25.65,25.65,8000
2022-07-14,25.95,25.95,26.3,25.95,26.3,19000
2022-07-15,26.25,26.25,26.3,25.95,25.95,50000
2022-07-18,26.75,26.75,27.7,26.1,26.25,41000
2022-07-19,26.6,26.6,26.95,25.85,26.75,71000
2022-07-20,27.15,27.15,27.25,26.6,26.6,51000
2022-07-21,27.8,27.8,27.85,27.15,27.15,41000
2022-07-22,28.45,28.45,28.45,27.8,27.8,50000
2022-07-25,28.4,28.4,28.4,28.05,28.4,11000
2022-07-26,27.55,27.55,28.5,27.45,28.5,15000
2022-07-27,27.55,27.55,27.6,27.3,27.55,8000
2022-07-28,27.85,27.85,28.05,27.85,28.05,10000
2022-07-29,27.35,27.35,27.85,27.3,27.85,48000
2022-08-01,27.4,27.4,28.05,27.4,28.05,4000
2022-08-02,27.25,27.25,27.55,27.25,27.55,3000
2022-08-03,27.25,27.25,27.65,27.05,27.3,7000
2022-08-04,27.15,27.15,28.1,27.15,28.0,6000
2022-08-05,26.55,26.55,26.8,26.4,26.6,131000
2022-08-08,26.5,26.5,26.65,26.4,26.55,25000
2022-08-09,26.3,26.3,26.3,26.2,26.3,85000
2022-08-10,26.2,26.2,27.0,26.05,26.25,36000
2022-08-11,26.2,26.2,26.35,26.05,26.2,41000
2022-08-12,26.2,26.2,26.3,25.75,26.3,13000
2022-08-15,26.0,26.0,26.25,26.0,26.25,29000
2022-08-16,26.0,26.0,26.15,25.8,26.15,62000
2022-08-17,25.95,25.95,26.15,25.95,25.95,37000
2022-08-18,26.1,26.1,26.15,25.55,25.8,17000
2022-08-19,25.95,25.95,26.0,25.7,25.9,20000
2022-08-22,25.95,25.95,26.1,25.9,26.0,18000
2022-08-23,25.9,25.9,26.0,25.8,26.0,31000
2022-08-24,26.15,26.15,26.15,25.9,25.9,47000
2022-08-25,26.3,26.3,26.35,26.05,26.2,18000
2022-08-26,26.1,26.1,26.2,26.1,26.2,26000
2022-08-29,25.75,25.75,26.25,25.6,25.7,23000
2022-08-30,26.0,26.0,26.0,25.8,25.8,21000
2022-08-31,25.7,25.7,26.0,25.7,26.0,31000
2022-09-01,25.7,25.7,25.7,25.45,25.6,48000
2022-09-02,25.7,25.7,25.75,25.35,25.35,24000
2022-09-05,25.6,25.6,25.6,25.4,25.6,7000
2022-09-06,25.45,25.45,25.6,25.2,25.6,17000
2022-09-07,25.05,25.05,25.65,24.75,25.2,21000
2022-09-08,25.1,25.1,25.45,24.65,25.45,22000
2022-09-12,25.3,25.3,25.55,25.0,25.45,67000
2022-09-13,25.1,25.1,25.3,24.65,25.3,51000
2022-09-15,25.05,25.05,25.45,25.05,25.45,3000
2022-09-16,25.15,25.15,25.2,24.75,25.05,10000
2022-09-19,24.4,24.4,24.8,24.0,24.8,16000
2022-09-20,24.2,24.2,24.5,24.1,24.4,24000
2022-09-21,23.95,23.95,24.3,23.8,24.2,45000
2022-09-22,23.95,23.95,23.95,23.9,23.95,4000
2022-09-23,23.2,23.2,24.35,23.0,23.9,55000
2022-09-26,22.0,22.0,23.2,22.0,22.9,52000
2022-09-27,21.35,21.35,22.5,21.05,22.0,77000
2022-09-28,21.1,21.1,21.5,21.1,21.35,77000
2022-09-29,21.65,21.65,21.65,21.1,21.1,26000
2022-09-30,21.8,21.8,21.8,21.8,21.8,1000
2022-10-03,20.7,20.7,21.1,20.0,21.1,204000
2022-10-04,21.05,21.05,21.3,20.85,20.95,15000
2022-10-05,21.05,21.05,21.55,20.9,21.1,133000
2022-10-06,21.35,21.35,21.35,21.35,21.35,2000
2022-10-07,21.1,21.1,21.35,20.65,21.35,16000
2022-10-11,21.3,21.3,21.3,20.9,21.1,21000
2022-10-12,21.4,21.4,21.8,20.7,21.3,26000
2022-10-13,20.25,20.25,21.4,20.2,21.4,61000
2022-10-14,20.75,20.75,20.95,20.5,20.6,43000
2022-10-17,19.95,19.95,20.7,19.85,20.7,54000
2022-10-18,20.2,20.2,20.5,19.95,20.0,30000
2022-10-19,20.2,20.2,20.2,20.1,20.1,7000
2022-10-20,19.8,19.8,20.0,19.8,20.0,11000
2022-10-21,19.8,19.8,19.9,19.55,19.8,23000
2022-10-24,19.85,19.85,20.2,19.7,20.2,13000
2022-10-25,19.75,19.75,19.95,19.55,19.6,116000
2022-10-26,19.65,19.65,19.95,19.3,19.75,16000
2022-10-27,20.05,20.05,20.05,19.4,19.65,15000
2022-10-28,19.9,19.9,19.9,19.7,19.7,6000
2022-10-31,20.05,20.05,20.05,19.7,19.9,27000
2022-11-01,20.0,20.0,20.1,20.0,20.0,8000
2022-11-02,20.45,20.45,20.45,19.65,20.0,49000
2022-11-03,20.45,20.45,20.45,20.1,20.4,12000
2022-11-04,20.45,20.45,20.45,20.3,20.3,3000
2022-11-07,20.7,20.7,21.0,20.45,20.45,58000
2022-11-08,20.85,20.85,21.0,20.7,20.7,11000
2022-11-09,21.25,21.25,21.6,20.2,20.8,31000
2022-11-10,21.35,21.35,21.4,21.2,21.25,19000
2022-11-11,21.95,21.95,22.8,21.6,21.6,27000
2022-11-14,21.45,21.45,21.7,20.8,20.8,31000
2022-11-15,21.15,21.15,21.9,21.05,21.45,92000
2022-11-16,20.8,20.8,21.65,20.7,21.15,130000
2022-11-17,20.85,20.85,21.8,20.75,21.0,189000
2022-11-18,20.7,20.7,21.1,20.7,20.85,49000
2022-11-21,21.1,21.1,21.1,20.6,20.7,124000
2022-11-22,21.15,21.15,21.25,21.1,21.1,11000
2022-11-23,21.7,21.7,22.0,20.8,21.3,72000
2022-11-24,21.7,21.7,21.8,21.6,21.75,56000
2022-11-25,21.8,21.8,21.8,21.65,21.75,9000
2022-11-28,21.9,21.9,22.0,21.6,22.0,8000
2022-11-29,22.15,22.15,22.3,21.75,22.15,15000
2022-11-30,22.15,22.15,22.15,21.85,21.9,15000
2022-12-01,21.9,21.9,22.0,21.75,22.0,37000
2022-12-02,22.25,22.25,22.35,22.0,22.0,56000
2022-12-05,22.4,22.4,22.45,22.15,22.15,40000
2022-12-06,22.3,22.3,22.4,22.05,22.4,43000
2022-12-07,22.4,22.4,22.4,22.0,22.0,24000
2022-12-08,22.35,22.35,23.0,22.35,22.6,12000
2022-12-09,22.25,22.25,22.4,22.1,22.4,11000
2022-12-12,21.8,21.8,21.8,21.6,21.6,102000
2022-12-13,21.95,21.95,22.3,21.95,22.3,8000
2022-12-14,22.8,22.8,22.8,21.95,21.95,34000
2022-12-15,23.0,23.0,23.0,22.4,22.4,6000
2022-12-16,22.5,22.5,22.75,22.5,22.75,13000
2022-12-19,22.3,22.3,22.3,22.3,22.3,1000
2022-12-20,23.0,23.0,23.0,23.0,23.0,1000
2022-12-21,22.95,22.95,22.95,22.9,22.9,9000
2022-12-22,22.95,22.95,22.95,22.2,22.2,2000
2022-12-23,23.0,23.0,23.0,22.15,22.15,19000
2022-12-26,23.0,23.0,23.0,22.95,23.0,14000
2022-12-27,23.0,23.0,23.0,22.4,22.5,19000
2022-12-28,22.75,22.75,22.85,22.6,22.6,34000
2022-12-29,22.8,22.8,23.0,22.3,22.3,10000
2022-12-30,22.75,22.75,23.0,22.7,22.7,16000
2023-01-03,22.85,22.85,22.85,22.8,22.8,3000
2023-01-04,22.7,22.7,22.7,22.6,22.6,4000
2023-01-05,22.8,22.8,22.8,22.6,22.7,11000
2023-01-06,23.05,23.05,23.05,22.6,22.6,12000
2023-01-09,23.05,23.05,23.05,22.9,23.05,44000
2023-01-10,22.95,22.95,22.95,22.7,22.7,5000
2023-01-11,22.9,22.9,22.95,22.6,22.6,33000
2023-01-12,23.0,23.0,23.05,22.8,22.85,19000
2023-01-13,22.65,22.65,23.05,22.65,23.05,25000
2023-01-16,22.65,22.65,22.7,22.6,22.6,14000
2023-01-17,22.7,22.7,22.7,22.7,22.7,11000
2023-01-30,23.0,23.0,23.1,22.85,22.9,25000
2023-01-31,23.15,23.15,23.15,22.9,22.9,41000
2023-02-01,22.9,22.9,22.9,22.9,22.9,5000
2023-02-02,22.85,22.85,23.1,22.75,22.9,87000
2023-02-03,22.85,22.85,23.15,22.55,23.15,145000
2023-02-06,22.5,22.5,22.85,22.3,22.85,77000
2023-02-07,22.5,22.5,22.5,22.5,22.5,1000
2023-02-08,22.65,22.65,22.75,22.65,22.7,13000
2023-02-09,22.45,22.45,22.7,22.4,22.7,35000
2023-02-10,22.35,22.35,22.45,22.35,22.45,18000
2023-02-13,22.5,22.5,22.9,22.25,22.9,17000
2023-02-14,22.5,22.5,22.55,22.5,22.55,14000
2023-02-15,22.7,22.7,22.7,22.45,22.5,16000
2023-02-16,22.8,22.8,22.9,22.6,22.65,24000
2023-02-17,22.85,22.85,22.95,22.3,22.95,17000
2023-02-20,23.05,23.05,23.05,22.8,22.8,21000
2023-02-21,23.5,23.5,23.7,23.3,23.7,23000
2023-02-22,23.5,23.5,23.6,23.15,23.6,12000
2023-02-23,23.65,23.65,23.75,23.25,23.25,54000
2023-02-24,23.65,23.65,23.65,23.65,23.65,1000
2023-03-01,23.5,23.5,23.5,23.4,23.5,6000
2023-03-02,23.45,23.45,23.45,23.3,23.4,14000
2023-03-03,23.4,23.4,23.4,23.3,23.3,3000
2023-03-06,23.3,23.3,23.5,23.3,23.4,19000
2023-03-07,23.35,23.35,23.35,23.35,23.35,11000
2023-03-08,23.2,23.2,23.35,23.2,23.35,13000
2023-03-09,23.3,23.3,23.3,23.05,23.2,12000
2023-03-10,23.2,23.2,23.3,22.9,23.0,18000
2023-03-13,23.2,23.2,23.2,22.8,22.8,3000
2023-03-14,22.75,22.75,23.1,22.65,22.8,22000
2023-03-15,22.7,22.7,22.85,22.5,22.5,11000
2023-03-16,22.6,22.6,22.6,22.6,22.6,2000
2023-03-17,22.6,22.6,22.8,22.3,22.5,8000
2023-03-20,22.55,22.55,22.6,22.55,22.6,3000
2023-03-21,22.65,22.65,22.65,22.45,22.5,7000
2023-03-22,22.7,22.7,22.7,22.55,22.55,4000
2023-03-23,22.65,22.65,22.7,22.5,22.7,9000
2023-03-24,22.7,22.7,22.7,22.5,22.55,20000
2023-03-27,22.7,22.7,22.8,22.6,22.75,17000
2023-03-28,22.7,22.7,22.7,22.7,22.7,13000
2023-03-29,22.45,22.45,22.6,22.45,22.6,10000
2023-03-30,22.5,22.5,22.5,22.5,22.5,5000
2023-03-31,22.5,22.5,22.5,22.5,22.5,10000
2023-04-06,22.05,22.05,22.5,21.7,22.5,48000
2023-04-07,22.2,22.2,22.25,22.2,22.25,7000
2023-04-10,22.5,22.5,22.5,22.5,22.5,1000
2023-04-11,22.6,22.6,22.65,22.5,22.5,8000
2023-04-12,22.75,22.75,22.75,22.6,22.6,10000
2023-04-13,22.75,22.75,22.75,22.75,22.75,1000
2023-04-14,22.65,22.65,22.8,22.5,22.5,10000
2023-04-17,22.8,22.8,23.0,22.55,22.6,32000
2023-04-18,23.05,23.05,23.2,23.0,23.0,27000
2023-04-19,23.15,23.15,23.15,23.0,23.1,28000
2023-04-20,22.6,22.6,23.0,22.5,23.0,43000
2023-04-21,22.5,22.5,23.05,22.45,23.05,21000
2023-04-24,22.5,22.5,22.5,22.5,22.5,4000
2023-04-25,21.2,21.2,22.3,21.2,22.3,123000
2023-04-26,21.25,21.25,21.65,21.25,21.65,35000
2023-04-27,21.5,21.5,21.6,21.25,21.6,38000
2023-04-28,21.45,21.45,21.7,21.4,21.7,45000
2023-05-02,21.4,21.4,21.5,21.2,21.35,87000
2023-05-03,21.35,21.35,21.4,21.3,21.3,9000
2023-05-04,21.4,21.4,21.55,21.35,21.35,19000
2023-05-05,21.3,21.3,21.3,21.3,21.3,10000
2023-05-08,21.3,21.3,21.55,21.1,21.55,63000
2023-05-09,21.35,21.35,21.65,21.15,21.45,105000
2023-05-10,21.3,21.3,21.3,21.2,21.2,12000
2023-05-11,20.95,20.95,21.2,20.95,21.2,55000
2023-05-12,21.25,21.25,21.3,21.0,21.0,5000
2023-05-15,21.2,21.2,21.2,21.0,21.05,21000
2023-05-16,21.8,21.8,21.8,21.2,21.2,37000
2023-05-17,21.8,21.8,21.8,21.45,21.45,9000
2023-05-18,21.8,21.8,21.9,21.8,21.9,16000
2023-05-19,21.65,21.65,21.8,21.6,21.8,165000
2023-05-22,21.6,21.6,21.95,21.6,21.95,53000
2023-05-23,21.5,21.5,21.65,21.5,21.65,9000
2023-05-24,21.75,21.75,21.75,21.5,21.6,17000
2023-05-25,22.0,22.0,22.0,21.75,21.75,12000
2023-05-26,21.75,21.75,22.2,21.75,22.0,101000
2023-05-29,21.9,21.9,22.0,21.85,22.0,41000
2023-05-30,22.0,22.0,22.0,21.7,21.8,19000
2023-05-31,22.2,22.2,22.25,22.0,22.0,15000
2023-06-01,22.55,22.55,22.55,22.2,22.4,19000
2023-06-02,22.6,22.6,22.65,22.5,22.6,14000
2023-06-05,22.75,22.75,22.95,22.6,22.6,73000
2023-06-06,22.85,22.85,23.0,22.8,23.0,52000
2023-06-07,22.7,22.7,23.0,22.65,23.0,62000
2023-06-08,22.75,22.75,22.8,22.7,22.7,6000
2023-06-09,23.0,23.0,23.1,22.9,22.9,40000
2023-06-12,22.7,22.7,23.0,22.7,23.0,18000
2023-06-13,22.9,22.9,23.0,22.8,22.8,13000
2023-06-14,23.0,23.0,23.05,22.9,22.9,104000
2023-06-15,23.0,23.0,23.05,23.0,23.0,25000
2023-06-16,23.6,23.6,24.1,23.3,23.5,121000
2023-06-19,23.5,23.5,23.6,23.5,23.6,18000
2023-06-20,23.45,23.45,23.55,23.3,23.5,12000
2023-06-21,23.45,23.45,23.6,23.45,23.5,24000
2023-06-26,23.6,23.6,23.6,23.45,23.45,10000
2023-06-27,23.65,23.65,23.65,23.4,23.55,7000
2023-06-28,23.7,23.7,23.75,23.35,23.75,10000
2023-06-29,23.85,23.85,23.85,23.55,23.8,58000
2023-06-30,23.85,23.85,24.0,23.75,24.0,21000
2023-07-03,23.95,23.95,24.3,23.85,24.0,97000
2023-07-04,24.0,24.0,24.0,23.8,23.95,9000
2023-07-05,23.95,23.95,24.4,23.75,24.4,50000
2023-07-06,23.7,23.7,23.75,23.7,23.75,10000
2023-07-07,23.65,23.65,23.7,23.45,23.65,38000
2023-07-10,23.85,23.85,23.85,23.5,23.5,19000
2023-07-11,24.35,24.35,24.5,24.0,24.5,194000
2023-07-12,24.2,24.2,24.95,24.05,24.95,60000
2023-07-13,24.2,24.2,24.65,24.05,24.25,93000
2023-07-14,23.35,23.35,23.45,23.05,23.45,56000
2023-07-17,24.2,24.2,24.35,23.35,23.35,116000
2023-07-18,26.6,26.6,26.6,24.9,24.9,631000
2023-07-19,26.0,26.0,27.8,25.65,27.2,679000
2023-07-20,26.0,26.0,26.2,25.5,25.7,115000
2023-07-21,25.1,25.1,26.4,25.0,25.75,150000
2023-07-24,24.5,24.5,25.3,24.3,25.1,74000
2023-07-25,24.6,24.6,25.35,24.3,24.5,51000
2023-07-26,24.45,24.45,25.2,24.2,25.2,77000
2023-07-27,24.7,24.7,24.75,24.15,24.45,42000
2023-07-28,24.85,24.85,25.15,24.7,24.7,26000
2023-07-31,24.7,24.7,25.8,24.5,25.8,48000
2023-08-01,24.55,24.55,24.65,23.95,24.65,67000
2023-08-02,23.95,23.95,24.4,23.65,24.05,36000
2023-08-04,23.9,23.9,24.0,23.45,23.5,39000
2023-08-07,23.8,23.8,24.0,23.7,23.85,16000
2023-08-08,23.45,23.45,23.7,23.2,23.7,43000
2023-08-09,23.55,23.55,23.8,23.5,23.55,17000
2023-08-10,23.05,23.05,23.45,23.05,23.45,52000
2023-08-11,23.2,23.2,23.65,23.2,23.65,3000
2023-08-14,23.2,23.2,23.2,21.95,22.6,62000
2023-08-15,23.15,23.15,23.7,23.05,23.2,8000
2023-08-16,23.1,23.1,23.15,22.8,23.15,8000
2023-08-17,23.15,23.15,23.15,23.1,23.1,4000
2023-08-18,23.2,23.2,23.2,22.5,23.15,4000
2023-08-21,23.05,23.05,23.05,23.05,23.05,1000
2023-08-22,22.8,22.8,22.8,22.4,22.5,6000
2023-08-23,23.55,23.55,23.7,22.8,22.95,67000
2023-08-24,23.0,23.0,23.7,23.0,23.6,19000
2023-08-25,22.85,22.85,22.9,22.85,22.9,7000
2023-08-28,23.0,23.0,23.05,22.4,22.9,9000
2023-08-29,22.8,22.8,23.0,22.8,23.0,2000
2023-08-30,23.0,23.0,23.05,23.0,23.0,13000
2023-08-31,23.0,23.0,23.0,22.8,23.0,6000
2023-09-01,23.6,23.6,23.9,23.0,23.0,14000
2023-09-04,23.6,23.6,23.75,23.3,23.75,7000
2023-09-05,23.75,23.75,23.75,23.25,23.6,65000
2023-09-06,23.9,23.9,24.0,23.45,23.75,86000
2023-09-07,24.0,24.0,24.3,24.0,24.3,34000
2023-09-08,23.55,23.55,24.0,23.55,24.0,37000
2023-09-11,25.9,25.9,25.9,24.85,24.85,1343000
2023-09-12,27.55,27.55,28.45,24.45,26.8,1357000
2023-09-13,29.25,29.25,30.25,27.7,28.0,2140000
2023-09-14,31.7,31.7,32.15,29.05,29.25,2570000
2023-09-15,33.65,33.65,34.8,32.3,32.8,4149000
2023-09-18,32.25,32.25,34.55,32.15,32.3,1876000
2023-09-19,34.35,34.35,34.75,32.8,33.9,1901000
2023-09-20,33.95,33.95,35.2,33.35,35.2,1312000
2023-09-21,35.5,35.5,37.0,33.7,34.6,3223000
2023-09-22,34.55,34.55,36.45,34.2,35.5,1944000
2023-09-25,33.8,33.8,35.95,33.8,35.75,1153000
2023-09-26,33.85,33.85,34.2,32.1,33.95,1641000
2023-09-27,35.5,35.5,37.0,34.2,34.35,4090000
2023-09-28,36.9,36.9,37.2,34.7,35.65,2222000
2023-10-02,35.1,35.1,38.7,35.1,37.65,2837000
2023-10-03,36.0,36.0,37.6,35.2,35.45,2309000
2023-10-04,35.8,35.8,36.6,35.15,35.3,903000
2023-10-05,35.6,35.6,36.6,35.55,36.55,787000
2023-10-06,34.85,34.85,36.9,34.85,36.9,960000
2023-10-11,31.4,31.4,35.6,31.4,35.2,1299000
2023-10-12,29.8,29.8,31.6,29.8,30.35,1172000
2023-10-13,30.2,30.2,31.85,29.85,30.45,657000
2023-10-16,27.85,27.85,30.2,27.45,30.2,811000
2023-10-17,27.55,27.55,29.6,27.5,28.5,599000
2023-10-18,30.3,30.3,30.3,27.55,27.85,1292000
2023-10-19,32.3,32.3,33.3,30.0,30.0,3477000
2023-10-20,31.8,31.8,35.0,30.55,33.0,5096000
2023-10-23,31.2,31.2,32.1,30.5,32.1,896000
2023-10-24,29.75,29.75,31.2,29.45,31.2,959000
2023-10-25,28.25,28.25,30.25,28.15,29.95,879000
2023-10-26,27.6,27.6,29.95,27.6,28.15,1543000
2023-10-27,26.7,26.7,28.25,26.5,28.25,972000
2023-10-30,26.7,26.7,27.45,26.05,26.9,612000
2023-10-31,26.3,26.3,28.2,26.3,27.1,697000
2023-11-01,25.75,25.75,26.8,25.7,26.35,408000
2023-11-02,26.5,26.5,26.8,26.0,26.25,267000
2023-11-03,26.8,26.8,27.35,26.3,26.55,277000
2023-11-06,27.2,27.2,27.3,26.75,26.95,309000
2023-11-07,26.65,26.65,27.15,26.45,26.9,319000
2023-11-08,26.35,26.35,26.65,26.05,26.65,350000
2023-11-09,25.7,25.7,26.45,25.05,26.45,450000
2023-11-10,25.25,25.25,26.2,25.1,25.7,291000
2023-11-13,25.7,25.7,26.0,24.85,25.35,407000
2023-11-14,25.7,25.7,26.3,25.7,26.1,150000
2023-11-15,26.1,26.1,26.3,25.9,25.9,204000
2023-11-16,25.8,25.8,26.25,25.75,26.25,251000
2023-11-17,26.0,26.0,26.4,25.8,25.8,247000
2023-11-20,26.05,26.05,26.25,26.0,26.25,92000
2023-11-21,26.2,26.2,26.55,26.05,26.05,225000
2023-11-22,26.4,26.4,26.85,26.2,26.2,224000
2023-11-23,26.5,26.5,27.45,26.45,26.8,387000
2023-11-24,26.15,26.15,26.85,26.15,26.6,174000
2023-11-27,26.05,26.05,26.5,26.0,26.3,103000
2023-11-28,26.7,26.7,26.7,25.95,26.1,140000
2023-11-29,26.5,26.5,27.45,26.5,26.95,293000
2023-11-30,27.7,27.7,28.2,26.5,26.7,794000
2023-12-01,27.25,27.25,28.55,27.1,27.8,732000
2023-12-04,26.65,26.65,27.85,26.6,27.5,545000
2023-12-05,26.7,26.7,26.95,26.4,26.9,469000
2023-12-06,27.3,27.3,28.1,26.8,27.1,541000
2023-12-07,27.3,27.3,27.55,27.0,27.45,262000
2023-12-08,26.6,26.6,27.75,26.6,27.2,420000
2023-12-11,25.9,25.9,26.8,25.85,26.8,389000
2023-12-12,25.35,25.35,26.15,25.35,26.15,272000
2023-12-13,25.2,25.2,25.7,25.2,25.35,184000
2023-12-14,25.1,25.1,25.65,25.1,25.3,177000
2023-12-15,25.25,25.25,25.55,25.05,25.3,193000
2023-12-18,25.3,25.3,25.5,25.05,25.25,62000
2023-12-19,25.0,25.0,25.3,24.5,25.3,271000
2023-12-20,25.8,25.8,25.8,25.0,25.05,213000
2023-12-21,25.5,25.5,25.8,25.5,25.55,144000
2023-12-22,25.5,25.5,25.85,25.45,25.55,154000
2023-12-25,25.8,25.8,26.4,25.55,25.65,179000
2023-12-26,26.05,26.05,26.15,25.6,25.85,141000
2023-12-27,26.6,26.6,27.1,25.95,25.95,570000
2023-12-28,26.4,26.4,26.9,26.4,26.9,172000
2023-12-29,27.2,27.2,27.3,26.35,26.35,384000
2024-01-02,28.05,28.05,28.25,27.2,27.2,774000
2024-01-03,27.45,27.45,28.15,27.25,28.05,352000
2024-01-04,26.85,26.85,28.2,26.7,27.7,427000
2024-01-05,27.4,27.4,27.6,26.9,26.9,171000
2024-01-08,26.9,26.9,27.7,26.85,27.5,185000
2024-01-09,26.75,26.75,27.5,26.55,27.35,258000
2024-01-10,26.55,26.55,27.15,26.45,26.7,94000
2024-01-11,26.3,26.3,26.8,26.25,26.25,230000
2024-01-12,26.25,26.25,26.9,26.25,26.9,166000
2024-01-15,26.2,26.2,26.5,26.05,26.3,327000
2024-01-16,26.4,26.4,26.65,26.15,26.65,145000
2024-01-17,25.7,25.7,26.3,25.65,26.15,175000
2024-01-18,25.95,25.95,26.6,25.7,26.6,111000
2024-01-19,25.5,25.5,26.05,25.45,25.75,140000
2024-01-22,25.55,25.55,25.85,25.45,25.6,139000
2024-01-23,26.15,26.15,26.25,25.6,25.6,134000
2024-01-24,26.75,26.75,26.9,26.1,26.1,237000
2024-01-25,26.45,26.45,26.75,26.4,26.75,71000
2024-01-26,25.9,25.9,26.45,25.6,26.45,153000
2024-01-29,26.7,26.7,26.75,25.95,25.95,96000
2024-01-30,26.65,26.65,27.05,26.4,26.7,53000
2024-01-31,26.35,26.35,26.75,26.35,26.65,47000
2024-02-01,26.7,26.7,26.85,26.3,26.55,143000
2024-02-02,29.35,29.35,29.35,26.8,26.8,1988000
2024-02-05,28.0,28.0,32.05,27.75,30.75,2457000
2024-02-15,29.2,29.2,29.35,28.1,28.25,487000
2024-02-16,30.1,30.1,30.3,28.5,29.7,710000
2024-02-19,29.2,29.2,30.5,29.1,30.1,522000
2024-02-20,29.8,29.8,30.1,29.4,29.5,286000
2024-02-21,29.95,29.95,30.2,29.55,30.05,251000
2024-02-22,29.2,29.2,30.6,29.05,30.6,249000
2024-02-23,29.2,29.2,30.0,29.2,29.75,189000
2024-02-26,28.45,28.45,29.5,28.25,29.4,220000
2024-02-27,27.85,27.85,28.6,27.75,28.5,196000
2024-02-29,28.35,28.35,28.55,28.05,28.2,104000
2024-03-01,28.2,28.2,29.1,28.15,29.1,127000
2024-03-04,27.9,27.9,28.35,27.85,28.25,138000
2024-03-05,27.3,27.3,28.0,27.15,28.0,181000
2024-03-06,27.05,27.05,27.5,27.05,27.3,131000
2024-03-07,26.7,26.7,27.15,26.5,27.15,199000
2024-03-08,26.2,26.2,27.1,26.1,26.9,260000
2024-03-11,26.8,26.8,26.95,26.1,26.2,51000
2024-03-12,26.8,26.8,27.15,26.55,27.15,195000
2024-03-13,26.15,26.15,26.65,26.0,26.65,119000
2024-03-14,26.05,26.05,26.7,26.0,26.7,81000
2024-03-15,26.0,26.0,26.1,25.8,26.05,135000
2024-03-18,26.3,26.3,26.55,26.2,26.2,147000
2024-03-19,26.5,26.5,26.55,26.15,26.3,150000
2024-03-20,26.3,26.3,27.45,26.3,26.4,253000
2024-03-21,26.05,26.05,26.3,26.0,26.3,501000
2024-03-22,26.05,26.05,26.7,25.9,26.05,485000
2024-03-25,25.95,25.95,26.05,25.9,26.05,58000
2024-03-26,24.9,24.9,25.95,24.75,25.85,311000
2024-03-27,25.4,25.4,25.65,24.95,24.95,61000
2024-03-28,25.2,25.2,25.6,25.2,25.25,120000
2024-03-29,25.2,25.2,25.2,25.1,25.2,17000
2024-04-01,25.1,25.1,25.35,25.05,25.15,66000
2024-04-02,25.25,25.25,25.4,25.15,25.15,78000
2024-04-03,25.55,25.55,25.75,25.25,25.25,60000
2024-04-08,25.5,25.5,25.75,25.45,25.5,188000
2024-04-09,25.55,25.55,25.7,25.45,25.45,94000
2024-04-10,25.5,25.5,25.75,25.5,25.55,78000
2024-04-11,25.2,25.2,25.45,25.2,25.35,92000
2024-04-12,24.85,24.85,25.25,24.85,25.15,170000
2024-04-15,24.65,24.65,24.7,24.45,24.65,81000
2024-04-16,23.65,23.65,24.35,23.4,24.35,166000
2024-04-17,24.05,24.05,24.05,23.65,23.65,26000
2024-04-18,24.1,24.1,24.2,24.0,24.0,31000
2024-04-19,23.25,23.25,23.85,23.1,23.85,98000
2024-04-22,23.4,23.4,23.7,23.3,23.3,45000
2024-04-23,23.4,23.4,23.9,23.4,23.9,28000
2024-04-24,23.6,23.6,23.9,23.5,23.5,96000
2024-04-25,23.6,23.6,23.7,23.6,23.65,21000
2024-04-26,23.6,23.6,23.65,23.5,23.6,30000
2024-04-29,23.9,23.9,24.15,23.65,23.7,71000
2024-04-30,23.95,23.95,24.05,23.9,23.95,18000
2024-05-02,24.15,24.15,24.15,23.7,23.7,41000
2024-05-03,24.2,24.2,24.3,24.1,24.15,38000
2024-05-06,24.45,24.45,24.65,24.35,24.65,16000
2024-05-07,24.5,24.5,24.8,24.25,24.45,44000
2024-05-08,24.6,24.6,24.8,24.6,24.6,57000
2024-05-09,24.75,24.75,25.1,24.75,25.0,53000
2024-05-10,24.85,24.85,24.95,24.7,24.75,31000
2024-05-13,24.6,24.6,25.0,24.6,24.9,182000
2024-05-14,24.25,24.25,24.6,24.15,24.3,79000
2024-05-15,24.15,24.15,24.5,24.1,24.1,82000
2024-05-16,24.3,24.3,24.4,24.1,24.2,39000
2024-05-17,24.4,24.4,24.55,24.4,24.4,55000
2024-05-20,24.45,24.45,24.8,24.4,24.5,26000
2024-05-21,24.3,24.3,24.45,24.25,24.25,27000
2024-05-22,24.9,24.9,24.9,24.3,24.35,71000
2024-05-23,24.45,24.45,24.85,24.3,24.85,150000
2024-05-24,24.5,24.5,24.5,24.3,24.5,35000
2024-05-27,24.5,24.5,25.15,24.5,25.15,58000
2024-05-28,24.5,24.5,24.65,24.4,24.4,29000
2024-05-29,24.35,24.35,24.85,24.35,24.85,89000
2024-05-30,24.3,24.3,24.4,24.2,24.35,48000
2024-05-31,24.7,24.7,24.85,24.3,24.35,57000
2024-06-03,24.7,24.7,25.45,24.55,25.45,59000
2024-06-04,24.3,24.3,24.75,24.3,24.5,42000
2024-06-05,24.1,24.1,24.35,23.85,24.35,64000
2024-06-06,23.85,23.85,24.2,23.85,24.15,96000
2024-06-07,24.3,24.3,24.3,23.9,23.9,26000
2024-06-11,24.8,24.8,24.95,24.65,24.65,81000
2024-06-12,24.7,24.7,25.0,24.65,24.75,42000
2024-06-13,25.15,25.15,25.8,24.6,24.75,123000
2024-06-14,25.6,25.6,25.6,25.2,25.3,70000
2024-06-17,26.0,26.0,26.0,25.6,25.65,86000
2024-06-18,25.5,25.5,26.1,25.3,26.1,31000
2024-06-19,26.1,26.1,26.45,25.15,25.4,193000
2024-06-20,26.9,26.9,27.35,26.35,26.4,441000
2024-06-21,27.95,27.95,29.15,27.2,27.2,754000
2024-06-24,27.15,27.15,27.55,27.05,27.3,449000
2024-06-25,27.7,27.7,27.8,26.95,27.8,368000
2024-06-26,26.95,26.95,28.25,26.8,27.7,306000
2024-06-27,26.85,26.85,27.45,26.85,27.1,158000
2024-06-28,26.9,26.9,27.2,26.75,27.2,167000
2024-07-01,26.65,26.65,27.0,26.6,26.9,115000
2024-07-02,26.2,26.2,26.5,25.7,26.35,153000
2024-07-03,27.05,27.05,27.6,26.05,26.2,168000
2024-07-04,27.4,27.4,28.4,27.35,27.55,580000
2024-07-05,28.1,28.1,28.15,27.45,27.8,325000
2024-07-08,28.0,28.0,28.7,27.8,28.5,344000
2024-07-09,27.55,27.55,28.05,27.3,28.05,96000
2024-07-10,27.25,27.25,27.95,27.15,27.6,104000
2024-07-11,27.2,27.2,27.7,27.0,27.25,187000
2024-07-12,26.35,26.35,27.3,26.25,27.2,165000
2024-07-15,26.6,26.6,27.35,26.45,26.45,122000
2024-07-16,26.4,26.4,27.3,26.4,26.6,59000
2024-07-17,26.8,26.8,27.0,26.45,26.45,62000
2024-07-18,26.95,26.95,27.0,26.5,27.0,28000
2024-07-19,26.05,26.05,26.5,26.05,26.5,40000
2024-07-22,25.8,25.8,26.9,25.5,26.85,57000
2024-07-23,25.75,25.75,26.0,25.75,26.0,24000
2024-07-26,25.45,25.45,25.7,25.35,25.65,51000
2024-07-29,25.25,25.25,26.7,25.25,25.5,41000
2024-07-30,25.25,25.25,25.25,24.8,25.0,27000
2024-07-31,25.1,25.1,25.15,24.8,24.85,42000
2024-08-01,25.35,25.35,25.65,25.2,25.35,42000
2024-08-02,25.1,25.1,25.35,25.1,25.35,23000
2024-08-05,22.6,22.6,23.8,22.6,23.8,205000
2024-08-06,22.2,22.2,23.15,21.45,22.65,160000
2024-08-07,23.35,23.35,24.4,22.75,22.95,48000
2024-08-08,23.4,23.4,23.45,22.55,23.0,12000
2024-08-09,24.85,24.85,25.6,23.85,24.6,265000
2024-08-12,24.85,24.85,25.4,24.55,24.55,26000
2024-08-13,25.3,25.3,25.65,24.9,24.9,144000
2024-08-14,26.1,26.1,26.25,25.55,25.6,176000
2024-08-15,26.8,26.8,27.05,26.15,26.85,343000
2024-08-16,26.1,26.1,27.0,26.1,26.85,79000
2024-08-19,25.8,25.8,26.5,25.8,26.15,62000
2024-08-20,26.0,26.0,26.7,25.65,26.7,44000
2024-08-21,25.9,25.9,26.1,25.9,26.0,22000
2024-08-22,25.9,25.9,26.4,25.9,26.0,90000
2024-08-23,26.0,26.0,26.25,25.9,26.25,38000
2024-08-26,26.65,26.65,27.25,26.15,26.15,106000
2024-08-27,26.5,26.5,27.2,26.5,27.0,46000
2024-08-28,26.5,26.5,26.95,26.45,26.95,34000
2024-08-29,26.7,26.7,26.7,26.35,26.35,8000
2024-08-30,26.2,26.2,26.7,26.15,26.45,41000
2024-09-02,26.2,26.2,26.7,26.2,26.7,30000
2024-09-03,25.9,25.9,26.45,25.85,26.45,52000
2024-09-04,25.3,25.3,26.0,25.25,25.35,115000
2024-09-05,25.45,25.45,26.1,25.45,26.1,26000
2024-09-06,25.95,25.95,26.0,25.45,25.45,26000
2024-09-09,25.9,25.9,25.95,25.8,25.8,14000
2024-09-10,25.25,25.25,26.1,25.25,26.1,187000
2024-09-11,24.8,24.8,25.75,24.5,25.75,313000
2024-09-12,25.5,25.5,25.5,25.1,25.2,82000
2024-09-13,25.45,25.45,25.65,25.15,25.15,28000
2024-09-16,25.4,25.4,25.5,25.3,25.3,45000
2024-09-18,25.35,25.35,25.7,25.35,25.7,97000
2024-09-19,26.1,26.1,26.1,25.45,25.45,44000
2024-09-20,26.0,26.0,26.2,26.0,26.15,40000
2024-09-23,26.15,26.15,26.3,26.0,26.15,86000
2024-09-24,26.25,26.25,26.25,26.0,26.2,70000
2024-09-25,26.3,26.3,26.5,26.25,26.4,106000
2024-09-26,26.35,26.35,26.6,26.1,26.6,26000
2024-09-27,26.45,26.45,26.55,26.25,26.35,57000
2024-09-30,26.2,26.2,26.55,26.15,26.55,29000
2024-10-01,25.75,25.75,26.25,25.65,26.25,34000
2024-10-04,25.7,25.7,26.25,25.6,26.25,66000
2024-10-07,26.65,26.65,28.25,25.7,25.7,1195000
2024-10-08,26.05,26.05,27.0,26.05,26.65,276000
2024-10-09,26.7,26.7,26.7,26.2,26.4,116000
2024-10-11,28.9,28.9,29.15,27.5,27.9,1291000
2024-10-14,31.75,31.75,31.75,30.2,30.75,1554000
2024-10-15,31.75,31.75,34.85,29.95,34.85,3300000
2024-10-16,32.65,32.65,33.85,30.8,31.0,1424000
2024-10-17,32.2,32.2,33.5,32.05,33.4,691000
2024-10-18,30.85,30.85,34.5,30.55,32.25,1160000
2024-10-21,30.85,30.85,31.95,30.8,31.1,776000
2024-10-22,30.3,30.3,31.05,30.2,30.85,483000
2024-10-23,32.15,32.15,32.15,30.55,30.55,825000
2024-10-24,31.75,31.75,34.2,31.75,33.0,1722000
2024-10-25,32.45,32.45,33.2,31.8,32.1,577000
2024-10-28,35.65,35.65,35.65,33.3,34.3,6469000
2024-10-29,39.2,39.2,39.2,38.1,38.8,6159000
2024-10-30,36.0,36.0,39.05,35.3,38.35,6003000
2024-11-01,35.4,35.4,37.25,33.65,36.0,2236000
2024-11-04,33.65,33.65,38.15,33.65,35.3,3496000
2024-11-05,33.1,33.1,34.45,33.0,33.2,1023000
2024-11-06,33.3,33.3,35.8,33.2,33.2,1849000
2024-11-07,35.35,35.35,35.45,33.5,33.5,948000
2024-11-08,34.0,34.0,35.75,34.0,35.7,856000
2024-11-11,34.2,34.2,36.95,33.75,34.1,1397000
2024-11-12,30.9,30.9,33.2,30.8,33.2,1404000
2024-11-13,30.75,30.75,31.55,30.5,31.4,800000
2024-11-14,30.15,30.15,31.15,30.15,30.95,240000
2024-11-15,29.3,29.3,30.65,28.8,30.45,861000
2024-11-18,30.5,30.5,31.8,28.6,28.65,1030000
2024-11-19,30.2,30.2,31.35,30.1,31.35,369000
2024-11-20,29.3,29.3,30.6,29.15,30.55,346000
2024-11-21,30.55,30.55,30.6,29.05,29.45,393000
2024-11-22,30.2,30.2,30.95,30.2,30.95,281000
2024-11-25,30.9,30.9,31.35,30.3,30.3,347000
2024-11-26,30.8,30.8,31.0,30.4,30.9,197000
2024-11-27,29.75,29.75,31.0,29.65,30.8,328000
2024-11-28,30.2,30.2,31.0,29.1,29.75,483000
2024-11-29,29.75,29.75,30.6,29.75,30.0,269000
2024-12-02,29.15,29.15,30.2,28.15,30.0,967000
2024-12-03,29.1,29.1,29.75,29.0,29.25,224000
2024-12-04,30.25,30.25,30.45,28.85,29.1,476000
2024-12-05,30.5,30.5,31.2,30.25,30.65,564000
2024-12-06,30.85,30.85,31.05,30.45,30.6,268000
2024-12-09,31.15,31.15,31.4,30.3,31.05,374000
2024-12-10,31.4,31.4,33.0,31.2,32.6,1103000
2024-12-11,34.5,34.5,34.5,31.8,31.85,2131000
2024-12-12,33.5,33.5,35.4,33.3,34.5,3212000
2024-12-13,32.45,32.45,33.65,31.5,33.45,931000
2024-12-16,31.0,31.0,33.4,30.8,32.8,651000
2024-12-17,30.3,30.3,31.3,30.2,31.2,290000
2024-12-18,31.0,31.0,31.55,29.8,30.2,229000
2024-12-19,29.7,29.7,30.7,29.55,30.7,220000
2024-12-20,29.45,29.45,30.6,29.1,29.8,180000
2024-12-23,30.3,30.3,30.8,30.2,30.35,175000
2024-12-24,30.35,30.35,31.0,30.3,30.35,244000
2024-12-25,30.55,30.55,30.8,30.25,30.25,134000
2024-12-26,31.5,31.5,31.75,30.55,30.55,399000
2024-12-27,30.5,30.5,32.0,30.3,32.0,271000
2024-12-30,30.2,30.2,30.65,29.8,30.5,201000
2024-12-31,30.25,30.25,30.4,29.8,30.05,149000
2025-01-02,30.0,30.0,30.75,30.0,30.3,270000
2025-01-03,29.3,29.3,30.3,28.85,30.0,259000
2025-01-06,29.1,29.1,29.8,28.85,29.75,191000
2025-01-07,28.55,28.55,29.6,28.55,29.15,139000
2025-01-08,28.7,28.7,28.9,28.05,28.4,195000
2025-01-09,28.35,28.35,29.0,28.3,28.75,165000
2025-01-10,30.15,30.15,30.9,29.1,29.95,940000
2025-01-13,29.05,29.05,30.05,28.5,30.05,623000
2025-01-14,29.3,29.3,29.8,29.05,29.05,156000
2025-01-15,29.25,29.25,29.55,28.85,29.3,136000
2025-01-16,29.65,29.65,30.0,29.5,29.6,146000
2025-01-17,29.05,29.05,29.8,29.05,29.8,104000
2025-01-20,28.95,28.95,29.2,28.5,29.2,140000
2025-01-21,29.8,29.8,30.6,29.0,29.0,422000
2025-01-22,30.05,30.05,30.2,29.65,30.2,153000
2025-02-03,29.95,29.95,30.0,29.05,29.5,170000
2025-02-04,29.95,29.95,30.65,29.9,30.2,115000
2025-02-05,30.45,30.45,30.7,29.95,29.95,251000
2025-02-06,31.0,31.0,31.15,30.45,30.45,273000
2025-02-07,30.55,30.55,31.5,30.4,31.0,315000
2025-02-10,29.65,29.65,29.95,29.15,29.55,411000
2025-02-11,28.25,28.25,29.85,28.25,29.65,799000
2025-02-12,28.2,28.2,28.95,28.15,28.25,158000
2025-02-13,28.5,28.5,28.75,28.3,28.35,141000
2025-02-14,28.75,28.75,28.8,28.6,28.8,95000
2025-02-17,29.55,29.55,29.6,28.9,28.9,170000
2025-02-18,28.8,28.8,29.0,28.5,28.65,216000
2025-02-19,28.6,28.6,29.1,28.4,28.95,248000
2025-02-20,28.65,28.65,28.85,28.55,28.7,93000
2025-02-21,28.75,28.75,28.9,28.55,28.65,93000
2025-02-24,28.95,28.95,28.95,28.55,28.55,82000
2025-02-25,29.8,29.8,30.2,29.25,29.5,489000
2025-02-26,30.55,30.55,30.55,29.8,29.8,493000
2025-02-27,29.9,29.9,30.75,29.85,30.75,295000
2025-03-03,29.35,29.35,29.9,29.3,29.9,161000
2025-03-04,28.95,28.95,29.3,28.8,29.3,238000
2025-03-05,28.95,28.95,29.25,28.6,29.0,244000
2025-03-06,29.3,29.3,29.45,28.85,29.45,191000
2025-03-07,29.0,29.0,29.55,29.0,29.15,238000
2025-03-10,28.95,28.95,29.3,28.7,29.3,121000
2025-03-11,31.8,31.8,31.8,29.15,29.5,1925000
2025-03-12,32.65,32.65,32.9,30.9,32.9,2859000
2025-03-13,32.3,32.3,34.4,32.15,32.55,2086000
2025-03-14,32.85,32.85,33.05,31.95,32.3,452000
2025-03-17,32.85,32.85,33.2,32.25,32.85,638000
2025-03-18,32.35,32.35,32.95,32.35,32.85,484000
2025-03-19,33.55,33.55,33.6,32.3,32.3,714000
2025-03-20,33.0,33.0,34.5,32.95,34.5,1328000
2025-03-21,36.3,36.3,36.3,33.4,33.5,6325000
2025-03-24,36.65,36.65,38.6,36.55,37.3,9662000
2025-03-25,34.0,34.0,37.5,34.0,37.0,2856000
2025-03-26,33.75,33.75,35.4,33.7,35.4,1075000
2025-03-27,32.2,32.2,33.7,32.2,33.7,1062000
2025-03-28,32.0,32.0,32.65,31.4,32.4,873000
2025-03-31,31.25,31.25,31.85,30.35,31.15,846000
2025-04-01,34.35,34.35,34.35,31.75,31.75,2999000
2025-04-02,37.75,37.75,37.75,34.65,34.9,7383000
2025-04-07,34.0,34.0,34.0,34.0,34.0,176000
2025-04-08,30.6,30.6,30.6,30.6,30.6,959000
2025-04-09,27.55,27.55,32.5,27.55,29.7,7330000
2025-04-10,30.3,30.3,30.3,30.3,30.3,653000
2025-04-11,29.45,29.45,30.5,28.15,30.5,3533000
2025-04-14,30.5,30.5,31.85,29.5,30.35,3451000
2025-04-15,31.1,31.1,31.75,30.45,30.5,1983000
2025-04-16,30.9,30.9,32.7,30.85,31.35,2449000
2025-04-17,30.75,30.75,31.6,30.35,31.05,998000
2025-04-18,33.8,33.8,33.8,31.0,31.0,1763000
2025-04-21,36.6,36.6,37.15,33.6,37.15,20961000
2025-04-22,35.95,35.95,39.5,35.55,36.6,23366000
2025-04-23,39.5,39.5,39.5,36.4,36.6,16745000
2025-04-24,43.45,43.45,43.45,42.8,43.45,5761000
2025-04-25,47.75,47.75,47.75,47.65,47.75,3904000
2025-04-28,48.45,48.45,49.95,45.8,47.9,38989000
2025-04-29,46.9,46.9,48.5,46.15,47.0,4227000
2025-04-30,45.85,45.85,47.9,44.4,47.55,3065000
2025-05-02,47.15,47.15,47.2,45.55,46.65,2215000
2025-05-05,46.0,46.0,47.4,44.45,47.3,3137000
2025-05-06,46.4,46.4,47.4,45.85,46.05,1703000
2025-05-07,45.45,45.45,47.25,45.3,46.8,1450000
2025-05-08,48.0,48.0,48.1,45.4,45.75,2730000
2025-05-09,48.5,48.5,48.5,46.7,47.9,2380000
2025-05-12,47.65,47.65,51.8,47.2,50.0,5651000
2025-05-13,44.9,44.9,47.9,43.85,47.9,4044000
2025-05-14,43.95,43.95,47.2,43.35,45.3,9250000
2025-05-15,44.1,44.1,47.2,43.8,44.0,9914000
2025-05-16,40.4,40.4,45.3,39.95,44.15,7993000
2025-05-19,41.6,41.6,43.65,40.9,41.05,8073000
2025-05-20,43.05,43.05,44.65,42.0,42.0,8360000
2025-05-21,42.15,42.15,43.6,41.3,43.1,6314000
2025-05-22,41.1,41.1,42.6,40.9,42.3,2813000
2025-05-23,41.4,41.4,44.95,41.3,43.4,9555000
2025-05-26,42.7,42.7,42.8,41.15,41.5,3990000
2025-05-27,43.0,43.0,46.95,43.0,43.5,26908000
2025-05-28,41.5,41.5,44.8,41.15,44.15,8069000
2025-05-29,40.5,40.5,41.95,40.0,41.6,4422000
2025-06-02,39.75,39.75,40.9,38.25,40.0,4261000
2025-06-03,40.8,40.8,41.7,40.2,40.2,4115000
2025-06-04,41.05,41.05,42.65,40.9,41.05,3978000
2025-06-05,39.7,39.7,41.75,39.7,41.2,3245000
2025-06-06,38.7,38.7,40.4,38.7,39.7,2200000
2025-06-09,40.6,40.6,41.2,38.65,38.7,4182000
2025-06-10,38.8,38.8,40.6,38.8,39.85,3542000
2025-06-11,38.4,38.4,39.2,37.85,38.65,2604000
2025-06-12,40.25,40.25,40.3,38.4,38.65,3999000
2025-06-13,38.7,38.7,40.85,38.7,40.25,2681000
2025-06-16,38.4,38.4,38.75,38.15,38.7,776000
2025-06-17,38.65,38.65,39.85,38.55,38.55,1643000
2025-06-18,39.2,39.2,39.5,38.4,38.85,1207000
2025-06-19,38.1,38.1,40.45,38.1,39.7,2117000
2025-06-20,36.45,36.45,38.6,36.3,38.2,1921000
2025-06-23,35.95,35.95,37.45,35.8,37.45,1416000
2025-06-24,36.7,36.7,37.45,35.5,35.8,1475000
2025-06-25,36.0,36.0,37.5,36.0,37.05,1109000
2025-06-26,35.15,35.15,36.5,35.15,36.2,1589000
2025-06-27,34.95,34.95,36.3,34.75,35.3,1984000
2025-06-30,34.3,34.3,35.1,34.15,35.05,1294000
2025-07-01,35.05,35.05,35.95,34.45,34.85,1249000
2025-07-02,35.2,35.2,35.5,34.85,35.05,628000
2025-07-03,35.3,35.3,36.5,35.3,35.8,1375000
2025-07-04,33.7,33.7,35.35,33.7,35.35,1410000
2025-07-07,33.9,33.9,34.2,33.45,33.9,679000
2025-07-08,33.65,33.65,34.3,33.3,33.95,491000
2025-07-09,34.45,34.45,34.45,33.4,33.7,519000
2025-07-10,37.85,37.85,37.85,37.2,37.85,1636000
2025-07-11,37.2,37.2,38.8,37.2,38.0,8520000
2025-07-14,36.4,36.4,37.65,36.35,37.1,1764000
2025-07-15,38.15,38.15,39.5,36.7,36.75,5298000
2025-07-16,38.15,38.15,39.0,37.8,38.7,2605000
2025-07-17,38.15,38.15,38.5,37.7,38.05,1068000
2025-07-18,38.15,38.15,38.5,37.35,38.35,1593000
2025-07-21,37.6,37.6,38.4,37.6,38.15,737000
2025-07-22,36.1,36.1,37.75,35.9,37.7,1730000
2025-07-23,37.05,37.05,37.35,36.6,36.85,917000
2025-07-24,37.25,37.25,37.75,36.7,37.5,713000
2025-07-25,36.5,36.5,37.3,36.45,37.25,578000
2025-07-28,36.9,36.9,37.35,36.3,36.7,718000
2025-07-29,36.2,36.2,37.25,36.05,37.1,599000
2025-07-30,36.65,36.65,37.05,36.0,36.55,690000
2025-07-31,36.1,36.1,36.8,35.8,36.8,752000
2025-08-01,36.75,36.75,37.45,35.45,36.2,1092000
2025-08-04,37.45,37.45,37.9,36.25,36.95,1381000
2025-08-05,37.6,37.6,37.75,37.25,37.7,693000
2025-08-06,37.2,37.2,37.9,37.2,37.4,503000
2025-08-07,38.2,38.2,38.5,36.75,37.45,1684000
2025-08-08,38.65,38.65,39.15,37.8,38.65,3221000
2025-08-11,36.8,36.8,37.35,35.85,37.15,2912000
2025-08-12,39.55,39.55,40.45,38.65,39.3,10690000
2025-08-13,39.9,39.9,42.75,39.55,40.8,8580000
2025-08-14,39.7,39.7,40.7,39.5,40.25,3118000
2025-08-15,39.05,39.05,40.25,38.85,40.1,2474000
2025-08-18,38.85,38.85,39.7,38.7,39.3,1635000
2025-08-19,40.9,40.9,42.3,38.65,39.15,6118000
2025-08-20,40.1,40.1,41.85,40.05,41.7,4733000
2025-08-21,40.1,40.1,41.0,40.1,40.5,1838000
2025-08-22,40.55,40.55,40.75,39.75,40.3,1729000
2025-08-25,40.85,40.85,41.7,40.3,41.0,3470000
2025-08-26,40.4,40.4,40.85,39.35,40.8,3656000
2025-08-27,39.8,39.8,41.25,39.8,40.75,2014000
2025-08-28,39.95,39.95,40.3,39.3,39.8,1599000
2025-08-29,38.8,38.8,40.25,38.8,40.1,1483000
2025-09-01,36.55,36.55,38.55,36.5,38.55,3153000
2025-09-02,36.55,36.55,37.2,36.15,36.9,1102000
2025-09-03,38.35,38.35,38.85,36.6,36.8,1908000
2025-09-04,39.35,39.35,40.0,38.3,38.3,2119000
2025-09-05,39.0,39.0,39.65,38.8,39.6,1078000
2025-09-08,39.0,39.0,39.35,38.7,39.3,581000
2025-09-09,40.2,40.2,40.2,38.65,39.3,1239000
2025-09-10,38.0,38.0,38.6,37.2,37.8,2677000
2025-09-11,36.85,36.85,38.7,36.75,38.2,1546000
2025-09-12,36.9,36.9,37.4,36.7,37.25,711000
2025-09-15,36.8,36.8,37.1,36.5,37.1,436000
2025-09-16,37.3,37.3,37.5,36.5,37.1,773000
2025-09-17,37.5,37.5,37.85,37.25,37.25,391000
2025-09-18,39.4,39.4,39.95,37.55,37.55,3561000
2025-09-19,39.7,39.7,40.3,39.2,39.4,2737000
2025-09-22,40.25,40.25,40.95,40.1,40.1,2461000
2025-09-23,41.15,41.15,41.4,40.55,40.7,2614000
2025-09-24,41.7,41.7,41.8,40.6,41.3,2756000
2025-09-25,42.4,42.4,43.3,41.55,41.85,3713000
2025-09-26,42.25,42.25,42.8,41.2,42.35,2766000
2025-09-30,43.65,43.65,43.7,42.0,43.0,3032000
2025-10-01,43.0,43.0,43.7,42.45,43.65,2050000
2025-10-02,43.0,43.0,43.7,42.85,43.25,1979000
2025-10-03,47.3,47.3,47.3,42.7,43.0,6661000
2025-10-07,52.0,52.0,52.0,49.55,49.7,4772000
2025-10-08,57.2,57.2,57.2,53.0,53.0,9362000
2025-10-09,62.9,62.9,62.9,58.0,59.2,17678000
2025-10-13,59.2,59.2,60.9,56.7,58.5,8603000
2025-10-14,58.5,58.5,59.9,57.4,59.9,2743000
2025-10-15,53.2,53.2,57.3,52.9,57.3,4142000
2025-10-16,53.2,53.2,54.8,53.2,53.5,2049000
2025-10-17,50.0,50.0,52.8,50.0,52.4,3033000
2025-10-20,50.4,50.4,51.1,49.0,50.9,2724000
2025-10-21,49.5,49.5,51.0,49.5,50.9,1702000
2025-10-22,49.75,49.75,49.95,49.3,49.4,1042000
2025-10-23,50.4,50.4,51.5,49.45,49.45,1590000
2025-10-27,51.5,51.5,52.4,50.2,51.6,2282000
2025-10-28,49.4,49.4,51.0,49.4,50.8,2299000
2025-10-29,44.5,44.5,48.55,44.5,48.5,10205000
2025-10-30,45.4,45.4,45.5,44.0,44.05,4547000
2025-10-31,47.0,47.0,47.8,44.6,45.1,3728000
2025-11-03,47.5,47.5,49.25,47.3,47.5,5253000
2025-11-04,47.5,47.5,48.6,47.1,48.5,2218000
2025-11-05,48.7,48.7,50.2,46.4,47.3,4320000
2025-11-06,47.6,47.6,49.5,47.1,49.2,2721000
2025-11-07,46.9,46.9,47.7,46.2,47.55,1049000
2025-11-10,48.2,48.2,49.8,45.5,47.2,3967000
2025-11-11,53.0,53.0,53.0,48.8,49.05,10610000
2025-11-12,57.4,57.4,58.2,53.3,53.3,11940000
2025-11-13,60.3,60.3,62.7,56.4,57.8,13236000
2025-11-14,60.8,60.8,62.8,58.0,58.5,9823000
2025-11-17,62.7,62.7,66.6,61.0,62.0,9631000
2025-11-18,60.7,60.7,63.4,60.1,62.3,5772000
2025-11-19,59.4,59.4,61.3,58.6,60.9,3615000
2025-11-20,59.0,59.0,61.6,57.4,61.0,3326000
2025-11-21,53.1,53.1,58.2,53.1,57.3,5538000
2025-11-24,53.7,53.7,55.5,51.7,53.5,4105000
2025-11-25,55.0,55.0,57.1,53.6,54.5,3904000
2025-11-26,52.5,52.5,55.7,52.3,55.3,2773000
2025-11-27,54.8,54.8,55.6,52.8,52.8,2650000
2025-11-28,54.6,54.6,56.7,54.1,56.0,1760000
2025-12-01,54.0,54.0,56.1,54.0,55.0,1124000
2025-12-02,55.0,55.0,55.7,54.3,55.0,1343000
2025-12-03,55.4,55.4,56.4,55.1,55.1,1894000
2025-12-04,57.0,57.0,57.1,53.7,55.1,2702000
2025-12-05,54.1,54.1,57.0,53.9,56.9,2917000
2025-12-08,55.1,55.1,56.6,54.4,55.0,1940000
2025-12-09,57.7,57.7,57.8,54.5,55.7,2902000
2025-12-10,57.7,57.7,58.6,53.2,54.4,9518000
2025-12-11,55.8,55.8,58.4,55.8,57.5,4695000
2025-12-12,56.6,56.6,57.2,56.0,56.4,1808000
2025-12-15,51.0,51.0,55.6,51.0,55.0,8579000
2025-12-16,48.6,48.6,51.0,47.6,50.7,3451000
2025-12-17,48.45,48.45,50.2,48.45,49.0,1807000
2025-12-18,48.6,48.6,49.3,48.3,48.5,876000
2025-12-19,49.25,49.25,50.7,48.95,49.55,1441000
2025-12-22,49.4,49.4,50.6,49.4,50.1,1263000
2025-12-23,49.3,49.3,50.3,49.2,49.9,760000
2025-12-24,50.1,50.1,51.1,49.6,49.9,1705000
2025-12-26,49.5,49.5,51.3,49.3,50.6,2458000
2025-12-29,49.05,49.05,50.3,49.05,49.7,1110000
2025-12-30,49.9,49.9,50.0,48.65,49.15,901000
2025-12-31,49.65,49.65,51.2,49.45,50.2,1781000
2026-01-02,54.6,54.6,54.6,50.2,50.2,5667000
2026-01-05,55.8,55.8,57.8,53.9,57.0,8080000
2026-01-06,56.7,56.7,57.1,55.1,55.9,2409000
2026-01-07,61.2,61.2,62.3,56.5,56.7,10841000
2026-01-08,63.9,63.9,63.9,59.4,61.0,5274000
2026-01-09,63.9,63.9,68.4,62.8,65.6,10069000
2026-01-12,63.8,63.8,63.9,61.9,62.9,3463000
2026-01-13,60.6,60.6,65.8,60.2,63.9,5412000
2026-01-14,60.9,60.9,61.7,60.1,60.6,2504000
2026-01-15,60.5,60.5,63.5,60.1,61.0,3420000
2026-01-16,63.9,63.9,64.9,60.3,61.3,3553000
2026-01-19,60.6,60.6,65.9,60.6,63.9,3882000
2026-01-20,59.9,59.9,61.9,58.5,60.1,2022000
2026-01-21,58.1,58.1,59.9,57.9,59.8,2013000
2026-01-22,61.3,61.3,62.5,58.6,59.9,2162000
2026-01-23,61.4,61.4,62.3,59.8,61.4,1737000
2026-01-26,61.9,61.9,63.9,61.4,62.1,2299000
2026-01-27,60.9,60.9,63.6,60.5,63.3,2501000
2026-01-28,61.6,61.6,62.2,61.1,61.1,970000
2026-01-29,62.1,62.1,63.2,60.8,62.2,1608000
2026-01-30,61.7,61.7,62.3,59.5,61.1,1997000
2026-02-02,60.2,60.2,61.6,59.4,61.0,1132000
2026-02-03,64.9,64.9,64.9,61.6,61.8,4357000
2026-02-04,66.5,66.5,67.5,63.2,64.5,5873000
2026-02-05,62.9,62.9,64.8,60.3,64.8,4819000
2026-02-06,61.7,61.7,62.8,58.8,62.8,2800000
2026-02-09,63.2,63.2,64.7,62.5,63.2,1908000
2026-02-10,61.5,61.5,68.2,61.0,66.5,6238000
2026-02-11,62.0,62.0,64.4,61.1,61.6,1887000
2026-02-23,63.7,63.7,65.8,61.6,63.6,2588000
2026-02-24,63.1,63.1,66.9,61.1,63.9,4156000
2026-02-25,69.4,69.4,69.4,62.9,63.1,9354000
2026-02-26,76.3,76.3,76.3,72.0,72.1,4697000
2026-03-02,76.2,76.2,78.8,71.0,75.6,10304000
2026-03-03,70.5,70.5,77.1,69.5,76.2,5975000
2026-03-04,66.5,66.5,68.9,64.2,68.1,6335000
2026-03-05,67.7,67.7,73.1,67.0,69.0,5550000
2026-03-06,70.5,70.5,70.6,66.5,68.5,3035000
2026-03-09,77.5,77.5,77.5,65.0,67.4,7999000
2026-03-10,69.8,69.8,85.2,69.8,85.2,19553000
2026-03-11,68.0,68.0,70.8,66.6,68.1,7558000
2026-03-12,65.8,65.8,69.1,65.8,68.2,3748000
2026-03-13,65.7,65.7,67.2,64.8,66.0,2335000
2026-03-16,68.8,68.8,69.8,65.9,65.9,3856000
2026-03-17,70.0,70.0,72.9,69.0,70.1,5183000
2026-03-18,71.5,71.5,73.1,70.3,71.9,6733000
2026-03-19,71.7,71.7,73.6,69.9,70.8,4110000
2026-03-20,69.7,69.7,72.6,69.2,72.3,2851000
2026-03-23,66.6,66.6,69.2,66.0,67.3,2182000
2026-03-24,67.1,67.1,69.4,65.6,68.0,1882000
2026-03-25,69.2,69.2,70.4,68.2,69.2,2907000
2026-03-26,66.2,66.2,70.0,66.2,70.0,2135000
2026-03-27,67.7,67.7,68.9,65.0,66.0,1626000
2026-03-30,66.0,66.0,67.8,65.5,67.0,1270000
2026-03-31,62.9,62.9,65.8,62.3,65.4,2235000
2026-04-01,65.2,65.2,66.5,64.2,65.0,1178000
2026-04-02,63.4,63.4,67.5,63.4,66.4,1610000
2026-04-07,65.2,65.2,65.9,63.2,64.4,918000
2026-04-08,69.1,69.1,69.8,66.1,66.8,2341000
2026-04-09,68.0,68.0,69.6,67.6,69.1,1108000
2026-04-10,68.1,68.1,70.2,67.9,69.0,1815000
2026-04-13,68.8,68.8,70.3,68.3,69.6,2427000
2026-04-14,74.8,74.8,75.6,69.7,70.4,12110000
2026-04-15,70.2,70.2,74.6,70.1,74.1,5999000
2026-04-16,69.0,69.0,71.0,68.5,70.9,1685000
2026-04-17,71.3,71.3,72.3,68.9,69.0,2491000
2026-04-20,70.3,70.3,73.1,69.9,72.1,2732000
2026-04-21,77.3,77.3,77.3,71.1,71.4,9854000
2026-04-22,77.6,77.6,85.0,76.0,79.9,11094000
2026-04-23,79.9,79.9,81.5,74.3,79.6,8243000
2026-04-24,80.7,80.7,87.0,77.0,85.0,8549000
2026-04-27,81.7,81.7,85.9,80.9,85.0,6194000
2026-04-28,82.0,82.0,82.8,79.7,82.3,2892000
2026-04-29,79.2,79.2,81.5,79.0,81.5,2482000
2026-04-30,82.5,82.5,84.4,78.6,78.6,4634000
2026-05-04,85.2,85.2,86.4,80.6,84.4,5062000
2026-05-05,85.0,85.0,85.4,82.8,85.0,2672000
2026-05-06,82.5,82.5,85.9,81.4,85.7,4230000
2026-05-07,84.5,84.5,90.5,82.7,83.7,7774000
2026-05-08,92.9,92.9,92.9,83.6,85.3,9341000
2026-05-11,89.1,89.1,91.1,84.6,91.0,8274000
2026-05-12,82.0,82.0,86.5,80.3,86.0,9174000
2026-05-13,81.9,81.9,83.5,80.6,82.0,2300000
2026-05-14,81.8,81.8,85.6,81.6,83.4,3589000
2026-05-15,81.1,81.1,84.5,79.8,82.3,2660000
2026-05-18,81.3,81.3,82.0,78.1,80.5,2299000
2026-05-19,78.9,78.9,82.4,78.6,81.5,1974000
2026-05-20,83.4,83.4,85.0,79.6,80.0,4157000
2026-05-21,87.0,87.0,87.8,83.5,84.1,3756000
2026-05-22,88.2,88.2,90.4,87.5,87.6,3257000
2026-05-25,90.2,90.2,91.7,85.2,89.4,4314000
2026-05-26,89.4,89.4,91.0,88.1,90.5,2203000
2026-05-27,86.3,86.3,91.8,86.3,91.5,3175000
2026-05-28,87.3,87.3,89.3,85.1,86.0,2200000
2026-05-29,88.8,88.8,89.5,87.4,88.4,1669000
2026-06-01,86.7,86.7,88.6,86.6,87.0,2004000
2026-06-02,88.4,88.4,89.1,86.1,87.0,2421000
2026-06-03,86.5,86.5,89.9,86.3,89.9,2390000
2026-06-04,86.7,86.7,88.5,86.2,86.7,1579000
2026-06-05,84.3,84.3,87.0,83.7,86.3,1380000
2026-06-08,79.7,79.7,79.9,76.0,76.0,1573000
2026-06-09,77.7,77.7,80.6,77.4,78.9,2452000
2026-06-10,74.0,74.0,77.7,74.0,77.1,1602000
2026-06-11,72.7,72.7,75.1,71.6,74.1,1114000
2026-06-12,73.3,73.3,74.9,73.3,74.4,809000
2026-06-15,76.2,76.2,76.7,74.3,74.6,991000
2026-06-16,75.0,75.0,76.9,74.9,76.6,539000
2026-06-17,74.6,74.6,75.0,73.7,74.5,526000
2026-06-18,74.4,74.4,76.1,74.0,74.8,856000
2026-06-22,74.6,74.6,75.3,74.2,74.9,598000
2026-06-23,72.5,72.5,74.9,72.1,74.8,734000
2026-06-24,74.0,74.0,74.2,71.4,72.2,510000
2026-06-25,76.0,76.0,76.8,73.5,74.5,908000
2026-06-26,77.1,77.1,81.9,76.4,80.8,4842000
2026-06-29,74.5,74.5,77.2,74.1,77.1,1048000
2026-06-30,74.6,74.6,77.2,74.2,75.2,705000
2026-07-01,73.7,73.7,75.9,73.3,75.9,735000
2026-07-02,74.5,74.5,75.0,73.1,73.1,389000
2026-07-03,74.7,74.7,75.7,73.7,74.8,497000
2026-07-06,75.8,75.8,76.3,74.9,74.9,460000
2026-07-07,74.3,74.3,76.3,74.2,76.3,532000
2026-07-08,73.2,73.2,74.8,72.9,74.5,542000
2026-07-09,79.6,79.6,80.5,78.8,80.0,4893000
2026-07-13,81.4,81.4,84.0,79.3,80.3,3463000
2026-07-14,78.4,78.4,81.5,76.6,81.4,1508000
2026-07-15,78.3,78.3,80.9,77.1,79.9,1502000
2026-07-16,78.0,78.0,79.9,76.2,77.5,903000
2026-07-17,74.0,74.0,76.2,74.0,76.2,970000
2026-07-20,72.7,72.7,75.2,71.0,75.2,904000
2026-07-21,73.1,73.1,74.5,72.2,72.5,1206000
2026-07-22,74.3,74.3,76.0,73.5,74.0,940000
2026-07-23,74.4,74.4,75.3,73.3,75.0,603000
2026-07-24,72.3,72.3,75.1,72.2,74.4,830000
2026-07-27,73.0,73.0,73.3,71.7,72.3,518000
2026-07-28,70.6,70.6,72.5,70.6,72.3,820000
2026-07-29,67.5,67.5,71.0,64.0,71.0,1417000
2026-07-30,66.0,66.0,69.0,65.4,66.2,602000
2026-07-31,71.3,71.3,71.6,69.1,70.0,720000
2026-08-03,73.9,73.9,73.9,70.6,70.6,599000
2026-08-04,74.7,74.7,74.8,73.3,73.5,630000
2026-08-05,78.6,78.6,79.5,75.6,76.0,1387000
2026-08-06,79.5,79.5,79.5,77.2,79.5,1061000
2026-08-07,79.4,79.4,80.4,78.4,79.8,626000
2026-08-10,79.5,79.5,79.7,77.8,78.2,1073000
2026-08-11,71.6,71.6,73.9,71.6,73.4,3239000
2026-08-12,71.2,71.2,72.7,70.8,71.9,1372000
2026-08-13,71.6,71.6,73.3,71.6,72.4,795000
2026-08-14,70.5,70.5,72.4,70.4,72.3,643000
2026-08-17,70.6,70.6,71.0,70.3,70.6,348000
2026-08-18,68.6,68.6,70.7,68.4,70.7,758000
2026-08-19,68.0,68.0,68.7,67.0,67.7,291000
2026-08-20,67.5,67.5,68.8,67.1,68.2,324000
2026-08-21,67.8,67.8,68.8,67.6,68.3,417000
2026-08-24,68.2,68.2,68.8,67.8,68.2,333336
2026-08-25,67.7,67.7,68.0,66.7,68.0,402164
2026-08-26,68.0,68.0,68.5,67.6,67.7,204173
2026-08-27,67.7,67.7,68.8,67.6,68.1,336340
2026-08-28,67.3,67.3,68.1,67.2,67.8,401026
2026-08-31,66.6,66.6,67.3,66.4,66.8,282865
2026-09-01,66.6,66.6,67.2,66.6,66.6,307781
2026-09-02,66.0,66.0,67.6,66.0,66.4,451480
2026-09-03,64.9,64.9,67.2,64.8,66.5,476411
2026-09-04,65.7,65.7,66.0,64.7,65.4,356495
2026-09-07,66.0,66.0,66.7,66.0,66.2,305290
