Date,Adj Close,Close,High,Low,Open,Volume
2016-08-12,44.3,44.3,45.6,44.3,44.9,251957
2016-08-15,44.3,44.3,45.6,44.3,44.9,251957
2016-08-16,44.3,44.3,45.6,44.3,44.9,251957
2016-08-17,44.3,44.3,45.6,44.3,44.9,251957
2016-08-18,44.3,44.3,45.6,44.3,44.9,251957
2016-08-19,44.3,44.3,45.6,44.3,44.9,251957
2016-08-22,44.3,44.3,45.6,44.3,44.9,251957
2016-08-23,44.3,44.3,45.6,44.3,44.9,251957
2016-08-24,44.3,44.3,45.6,44.3,44.9,251957
2016-08-25,44.3,44.3,45.6,44.3,44.9,251957
2016-08-26,44.3,44.3,45.6,44.3,44.9,251957
2016-08-29,44.3,44.3,45.6,44.3,44.9,251957
2016-08-30,44.3,44.3,45.6,44.3,44.9,251957
2016-08-31,44.3,44.3,45.6,44.3,44.9,251957
2016-09-01,44.3,44.3,45.6,44.3,44.9,251957
2016-09-02,44.3,44.3,45.6,44.3,44.9,251957
2016-09-05,44.3,44.3,45.6,44.3,44.9,251957
2016-09-06,44.3,44.3,45.6,44.3,44.9,251957
2016-09-07,44.3,44.3,45.6,44.3,44.9,251957
2016-09-08,44.3,44.3,45.6,44.3,44.9,251957
2016-09-09,44.3,44.3,45.6,44.3,44.9,251957
2016-09-12,44.3,44.3,45.6,44.3,44.9,251957
2016-09-13,44.3,44.3,45.6,44.3,44.9,251957
2016-09-14,44.3,44.3,45.6,44.3,44.9,251957
2016-09-15,44.3,44.3,45.6,44.3,44.9,251957
2016-09-16,44.3,44.3,45.6,44.3,44.9,251957
2016-09-19,44.3,44.3,45.6,44.3,44.9,251957
2016-09-20,44.3,44.3,45.6,44.3,44.9,251957
2016-09-21,44.3,44.3,45.6,44.3,44.9,251957
2016-09-22,44.3,44.3,45.6,44.3,44.9,251957
2016-09-23,44.3,44.3,45.6,44.3,44.9,251957
2016-09-26,44.3,44.3,45.6,44.3,44.9,251957
2016-09-27,44.3,44.3,45.6,44.3,44.9,251957
2016-09-28,44.3,44.3,45.6,44.3,44.9,251957
2016-09-29,44.3,44.3,45.6,44.3,44.9,251957
2016-09-30,44.3,44.3,45.6,44.3,44.9,251957
2016-10-03,44.3,44.3,45.6,44.3,44.9,251957
2016-10-04,44.3,44.3,45.6,44.3,44.9,251957
2016-10-05,44.3,44.3,45.6,44.3,44.9,251957
2016-10-06,44.3,44.3,45.6,44.3,44.9,251957
2016-10-07,44.3,44.3,45.6,44.3,44.9,251957
2016-10-10,44.3,44.3,45.6,44.3,44.9,251957
2016-10-11,44.3,44.3,45.6,44.3,44.9,251957
2016-10-12,44.3,44.3,45.6,44.3,44.9,251957
2016-10-13,44.3,44.3,45.6,44.3,44.9,251957
2016-10-14,44.3,44.3,45.6,44.3,44.9,251957
2016-10-17,44.3,44.3,45.6,44.3,44.9,251957
2016-10-18,44.3,44.3,45.6,44.3,44.9,251957
2016-10-19,44.3,44.3,45.6,44.3,44.9,251957
2016-10-20,44.3,44.3,45.6,44.3,44.9,251957
2016-10-21,44.3,44.3,45.6,44.3,44.9,251957
2016-10-24,44.3,44.3,45.6,44.3,44.9,251957
2016-10-25,44.3,44.3,45.6,44.3,44.9,251957
2016-10-26,44.3,44.3,45.6,44.3,44.9,251957
2016-10-27,44.3,44.3,45.6,44.3,44.9,251957
2016-10-28,44.3,44.3,45.6,44.3,44.9,251957
2016-10-31,44.3,44.3,45.6,44.3,44.9,251957
2016-11-01,44.3,44.3,45.6,44.3,44.9,251957
2016-11-02,44.3,44.3,45.6,44.3,44.9,251957
2016-11-03,44.3,44.3,45.6,44.3,44.9,251957
2016-11-04,44.3,44.3,45.6,44.3,44.9,251957
2016-11-07,44.3,44.3,45.6,44.3,44.9,251957
2016-11-08,44.3,44.3,45.6,44.3,44.9,251957
2016-11-09,44.3,44.3,45.6,44.3,44.9,251957
2016-11-10,44.3,44.3,45.6,44.3,44.9,251957
2016-11-11,44.3,44.3,45.6,44.3,44.9,251957
2016-11-14,44.3,44.3,45.6,44.3,44.9,251957
2016-11-15,44.3,44.3,45.6,44.3,44.9,251957
2016-11-16,44.3,44.3,45.6,44.3,44.9,251957
2016-11-17,44.3,44.3,45.6,44.3,44.9,251957
2016-11-18,44.3,44.3,45.6,44.3,44.9,251957
2016-11-21,44.3,44.3,45.6,44.3,44.9,251957
2016-11-22,44.3,44.3,45.6,44.3,44.9,251957
2016-11-23,44.3,44.3,45.6,44.3,44.9,251957
2016-11-24,44.3,44.3,45.6,44.3,44.9,251957
2016-11-25,44.3,44.3,45.6,44.3,44.9,251957
2016-11-28,44.3,44.3,45.6,44.3,44.9,251957
2016-11-29,44.3,44.3,45.6,44.3,44.9,251957
2016-11-30,44.3,44.3,45.6,44.3,44.9,251957
2016-12-01,44.3,44.3,45.6,44.3,44.9,251957
2016-12-02,44.3,44.3,45.6,44.3,44.9,251957
2016-12-05,44.3,44.3,45.6,44.3,44.9,251957
2016-12-06,44.3,44.3,45.6,44.3,44.9,251957
2016-12-07,44.3,44.3,45.6,44.3,44.9,251957
2016-12-08,44.3,44.3,45.6,44.3,44.9,251957
2016-12-09,44.3,44.3,45.6,44.3,44.9,251957
2016-12-12,44.3,44.3,45.6,44.3,44.9,251957
2016-12-13,44.3,44.3,45.6,44.3,44.9,251957
2016-12-14,44.3,44.3,45.6,44.3,44.9,251957
2016-12-15,44.3,44.3,45.6,44.3,44.9,251957
2016-12-16,44.3,44.3,45.6,44.3,44.9,251957
2016-12-19,44.3,44.3,45.6,44.3,44.9,251957
2016-12-20,44.3,44.3,45.6,44.3,44.9,251957
2016-12-21,44.3,44.3,45.6,44.3,44.9,251957
2016-12-22,44.3,44.3,45.6,44.3,44.9,251957
2016-12-23,44.3,44.3,45.6,44.3,44.9,251957
2016-12-26,44.3,44.3,45.6,44.3,44.9,251957
2016-12-27,44.3,44.3,45.6,44.3,44.9,251957
2016-12-28,44.3,44.3,45.6,44.3,44.9,251957
2016-12-29,44.3,44.3,45.6,44.3,44.9,251957
2016-12-30,44.3,44.3,45.6,44.3,44.9,251957
2017-01-02,44.3,44.3,45.6,44.3,44.9,251957
2017-01-03,44.3,44.3,45.6,44.3,44.9,251957
2017-01-04,44.3,44.3,45.6,44.3,44.9,251957
2017-01-05,44.3,44.3,45.6,44.3,44.9,251957
2017-01-06,44.3,44.3,45.6,44.3,44.9,251957
2017-01-09,44.3,44.3,45.6,44.3,44.9,251957
2017-01-10,44.3,44.3,45.6,44.3,44.9,251957
2017-01-11,44.3,44.3,45.6,44.3,44.9,251957
2017-01-12,44.3,44.3,45.6,44.3,44.9,251957
2017-01-13,44.3,44.3,45.6,44.3,44.9,251957
2017-01-16,44.3,44.3,45.6,44.3,44.9,251957
2017-01-17,44.3,44.3,45.6,44.3,44.9,251957
2017-01-18,44.3,44.3,45.6,44.3,44.9,251957
2017-01-19,44.3,44.3,45.6,44.3,44.9,251957
2017-01-20,44.3,44.3,45.6,44.3,44.9,251957
2017-01-23,44.3,44.3,45.6,44.3,44.9,251957
2017-01-24,44.3,44.3,45.6,44.3,44.9,251957
2017-01-25,44.3,44.3,45.6,44.3,44.9,251957
2017-01-26,44.3,44.3,45.6,44.3,44.9,251957
2017-01-27,44.3,44.3,45.6,44.3,44.9,251957
2017-01-30,44.3,44.3,45.6,44.3,44.9,251957
2017-01-31,44.3,44.3,45.6,44.3,44.9,251957
2017-02-01,44.3,44.3,45.6,44.3,44.9,251957
2017-02-02,44.3,44.3,45.6,44.3,44.9,251957
2017-02-03,44.3,44.3,45.6,44.3,44.9,251957
2017-02-06,44.3,44.3,45.6,44.3,44.9,251957
2017-02-07,44.3,44.3,45.6,44.3,44.9,251957
2017-02-08,44.3,44.3,45.6,44.3,44.9,251957
2017-02-09,44.3,44.3,45.6,44.3,44.9,251957
2017-02-10,44.3,44.3,45.6,44.3,44.9,251957
2017-02-13,44.3,44.3,45.6,44.3,44.9,251957
2017-02-14,44.3,44.3,45.6,44.3,44.9,251957
2017-02-15,44.3,44.3,45.6,44.3,44.9,251957
2017-02-16,44.3,44.3,45.6,44.3,44.9,251957
2017-02-17,44.3,44.3,45.6,44.3,44.9,251957
2017-02-20,44.3,44.3,45.6,44.3,44.9,251957
2017-02-21,44.3,44.3,45.6,44.3,44.9,251957
2017-02-22,44.3,44.3,45.6,44.3,44.9,251957
2017-02-23,44.3,44.3,45.6,44.3,44.9,251957
2017-02-24,44.3,44.3,45.6,44.3,44.9,251957
2017-02-27,44.3,44.3,45.6,44.3,44.9,251957
2017-02-28,44.3,44.3,45.6,44.3,44.9,251957
2017-03-01,44.3,44.3,45.6,44.3,44.9,251957
2017-03-02,44.3,44.3,45.6,44.3,44.9,251957
2017-03-03,44.3,44.3,45.6,44.3,44.9,251957
2017-03-06,44.3,44.3,45.6,44.3,44.9,251957
2017-03-07,44.3,44.3,45.6,44.3,44.9,251957
2017-03-08,44.3,44.3,45.6,44.3,44.9,251957
2017-03-09,44.3,44.3,45.6,44.3,44.9,251957
2017-03-10,44.3,44.3,45.6,44.3,44.9,251957
2017-03-13,44.3,44.3,45.6,44.3,44.9,251957
2017-03-14,44.3,44.3,45.6,44.3,44.9,251957
2017-03-15,44.3,44.3,45.6,44.3,44.9,251957
2017-03-16,44.3,44.3,45.6,44.3,44.9,251957
2017-03-17,44.3,44.3,45.6,44.3,44.9,251957
2017-03-20,44.3,44.3,45.6,44.3,44.9,251957
2017-03-21,44.3,44.3,45.6,44.3,44.9,251957
2017-03-22,44.3,44.3,45.6,44.3,44.9,251957
2017-03-23,44.3,44.3,45.6,44.3,44.9,251957
2017-03-24,44.3,44.3,45.6,44.3,44.9,251957
2017-03-27,44.3,44.3,45.6,44.3,44.9,251957
2017-03-28,44.3,44.3,45.6,44.3,44.9,251957
2017-03-29,44.3,44.3,45.6,44.3,44.9,251957
2017-03-30,44.3,44.3,45.6,44.3,44.9,251957
2017-03-31,44.3,44.3,45.6,44.3,44.9,251957
2017-04-03,44.3,44.3,45.6,44.3,44.9,251957
2017-04-04,44.3,44.3,45.6,44.3,44.9,251957
2017-04-05,44.3,44.3,45.6,44.3,44.9,251957
2017-04-06,44.3,44.3,45.6,44.3,44.9,251957
2017-04-07,44.3,44.3,45.6,44.3,44.9,251957
2017-04-10,44.3,44.3,45.6,44.3,44.9,251957
2017-04-11,44.3,44.3,45.6,44.3,44.9,251957
2017-04-12,44.3,44.3,45.6,44.3,44.9,251957
2017-04-13,44.3,44.3,45.6,44.3,44.9,251957
2017-04-14,44.3,44.3,45.6,44.3,44.9,251957
2017-04-17,44.3,44.3,45.6,44.3,44.9,251957
2017-04-18,44.3,44.3,45.6,44.3,44.9,251957
2017-04-19,44.3,44.3,45.6,44.3,44.9,251957
2017-04-21,44.3,44.3,45.6,44.3,44.9,251957
2017-04-24,44.3,44.3,45.6,44.3,44.9,251957
2017-04-25,44.3,44.3,45.6,44.3,44.9,251957
2017-04-26,44.3,44.3,45.6,44.3,44.9,251957
2017-04-27,44.3,44.3,45.6,44.3,44.9,251957
2017-04-28,44.3,44.3,45.6,44.3,44.9,251957
2017-05-01,44.3,44.3,45.6,44.3,44.9,251957
2017-05-02,44.3,44.3,45.6,44.3,44.9,251957
2017-05-03,44.3,44.3,45.6,44.3,44.9,251957
2017-05-04,44.3,44.3,45.6,44.3,44.9,251957
2017-05-05,44.3,44.3,45.6,44.3,44.9,251957
2017-05-08,44.3,44.3,45.6,44.3,44.9,251957
2017-05-09,44.3,44.3,45.6,44.3,44.9,251957
2017-05-10,44.3,44.3,45.6,44.3,44.9,251957
2017-05-11,44.3,44.3,45.6,44.3,44.9,251957
2017-05-12,44.3,44.3,45.6,44.3,44.9,251957
2017-05-15,44.3,44.3,45.6,44.3,44.9,251957
2017-05-16,44.3,44.3,45.6,44.3,44.9,251957
2017-05-17,44.3,44.3,45.6,44.3,44.9,251957
2017-05-18,44.3,44.3,45.6,44.3,44.9,251957
2017-05-19,44.3,44.3,45.6,44.3,44.9,251957
2017-05-22,44.3,44.3,45.6,44.3,44.9,251957
2017-05-23,44.3,44.3,45.6,44.3,44.9,251957
2017-05-24,44.3,44.3,45.6,44.3,44.9,251957
2017-05-25,44.3,44.3,45.6,44.3,44.9,251957
2017-05-26,44.3,44.3,45.6,44.3,44.9,251957
2017-05-29,44.3,44.3,45.6,44.3,44.9,251957
2017-05-30,44.3,44.3,45.6,44.3,44.9,251957
2017-05-31,44.3,44.3,45.6,44.3,44.9,251957
2017-06-01,44.3,44.3,45.6,44.3,44.9,251957
2017-06-02,44.3,44.3,45.6,44.3,44.9,251957
2017-06-05,44.3,44.3,45.6,44.3,44.9,251957
2017-06-06,44.3,44.3,45.6,44.3,44.9,251957
2017-06-07,44.3,44.3,45.6,44.3,44.9,251957
2017-06-08,44.3,44.3,45.6,44.3,44.9,251957
2017-06-09,44.3,44.3,45.6,44.3,44.9,251957
2017-06-12,44.3,44.3,45.6,44.3,44.9,251957
2017-06-13,44.3,44.3,45.6,44.3,44.9,251957
2017-06-14,44.3,44.3,45.6,44.3,44.9,251957
2017-06-15,44.3,44.3,45.6,44.3,44.9,251957
2017-06-16,44.3,44.3,45.6,44.3,44.9,251957
2017-06-19,44.3,44.3,45.6,44.3,44.9,251957
2017-06-20,44.3,44.3,45.6,44.3,44.9,251957
2017-06-21,44.3,44.3,45.6,44.3,44.9,251957
2017-06-22,44.3,44.3,45.6,44.3,44.9,251957
2017-06-23,44.3,44.3,45.6,44.3,44.9,251957
2017-06-26,44.3,44.3,45.6,44.3,44.9,251957
2017-06-27,44.3,44.3,45.6,44.3,44.9,251957
2017-06-28,44.3,44.3,45.6,44.3,44.9,251957
2017-06-29,44.3,44.3,45.6,44.3,44.9,251957
2017-06-30,44.3,44.3,45.6,44.3,44.9,251957
2017-07-03,44.3,44.3,45.6,44.3,44.9,251957
2017-07-04,44.3,44.3,45.6,44.3,44.9,251957
2017-07-05,44.3,44.3,45.6,44.3,44.9,251957
2017-07-06,44.3,44.3,45.6,44.3,44.9,251957
2017-07-07,44.3,44.3,45.6,44.3,44.9,251957
2017-07-10,44.3,44.3,45.6,44.3,44.9,251957
2017-07-11,44.3,44.3,45.6,44.3,44.9,251957
2017-07-12,44.3,44.3,45.6,44.3,44.9,251957
2017-07-13,44.3,44.3,45.6,44.3,44.9,251957
2017-07-14,44.3,44.3,45.6,44.3,44.9,251957
2017-07-17,44.3,44.3,45.6,44.3,44.9,251957
2017-07-18,44.3,44.3,45.6,44.3,44.9,251957
2017-07-19,44.3,44.3,45.6,44.3,44.9,251957
2017-07-20,44.3,44.3,45.6,44.3,44.9,251957
2017-07-21,44.3,44.3,45.6,44.3,44.9,251957
2017-07-24,44.3,44.3,45.6,44.3,44.9,251957
2017-07-25,44.3,44.3,45.6,44.3,44.9,251957
2017-07-26,44.3,44.3,45.6,44.3,44.9,251957
2017-07-27,44.3,44.3,45.6,44.3,44.9,251957
2017-07-28,44.3,44.3,45.6,44.3,44.9,251957
2017-07-31,44.3,44.3,45.6,44.3,44.9,251957
2017-08-01,44.3,44.3,45.6,44.3,44.9,251957
2017-08-02,44.3,44.3,45.6,44.3,44.9,251957
2017-08-03,44.3,44.3,45.6,44.3,44.9,251957
2017-08-04,44.3,44.3,45.6,44.3,44.9,251957
2017-08-07,44.3,44.3,45.6,44.3,44.9,251957
2017-08-08,44.3,44.3,45.6,44.3,44.9,251957
2017-08-09,44.3,44.3,45.6,44.3,44.9,251957
2017-08-10,44.3,44.3,45.6,44.3,44.9,251957
2017-08-11,44.3,44.3,45.6,44.3,44.9,251957
2017-08-14,44.3,44.3,45.6,44.3,44.9,251957
2017-08-15,44.3,44.3,45.6,44.3,44.9,251957
2017-08-16,44.3,44.3,45.6,44.3,44.9,251957
2017-08-17,44.3,44.3,45.6,44.3,44.9,251957
2017-08-18,44.3,44.3,45.6,44.3,44.9,251957
2017-08-21,44.3,44.3,45.6,44.3,44.9,251957
2017-08-22,44.3,44.3,45.6,44.3,44.9,251957
2017-08-23,44.3,44.3,45.6,44.3,44.9,251957
2017-08-24,44.3,44.3,45.6,44.3,44.9,251957
2017-08-25,44.3,44.3,45.6,44.3,44.9,251957
2017-08-28,44.3,44.3,45.6,44.3,44.9,251957
2017-08-29,44.3,44.3,45.6,44.3,44.9,251957
2017-08-30,44.3,44.3,45.6,44.3,44.9,251957
2017-08-31,44.3,44.3,45.6,44.3,44.9,251957
2017-09-01,44.3,44.3,45.6,44.3,44.9,251957
2017-09-04,44.3,44.3,45.6,44.3,44.9,251957
2017-09-05,44.3,44.3,45.6,44.3,44.9,251957
2017-09-06,44.3,44.3,45.6,44.3,44.9,251957
2017-09-07,44.3,44.3,45.6,44.3,44.9,251957
2017-09-08,44.3,44.3,45.6,44.3,44.9,251957
2017-09-11,44.3,44.3,45.6,44.3,44.9,251957
2017-09-12,44.3,44.3,45.6,44.3,44.9,251957
2017-09-13,44.3,44.3,45.6,44.3,44.9,251957
2017-09-14,44.3,44.3,45.6,44.3,44.9,251957
2017-09-15,44.3,44.3,45.6,44.3,44.9,251957
2017-09-18,44.3,44.3,45.6,44.3,44.9,251957
2017-09-19,44.3,44.3,45.6,44.3,44.9,251957
2017-09-20,44.3,44.3,45.6,44.3,44.9,251957
2017-09-21,44.3,44.3,45.6,44.3,44.9,251957
2017-09-22,44.3,44.3,45.6,44.3,44.9,251957
2017-09-25,44.3,44.3,45.6,44.3,44.9,251957
2017-09-26,44.3,44.3,45.6,44.3,44.9,251957
2017-09-27,44.3,44.3,45.6,44.3,44.9,251957
2017-09-28,44.3,44.3,45.6,44.3,44.9,251957
2017-09-29,44.3,44.3,45.6,44.3,44.9,251957
2017-10-02,44.3,44.3,45.6,44.3,44.9,251957
2017-10-03,44.3,44.3,45.6,44.3,44.9,251957
2017-10-04,44.3,44.3,45.6,44.3,44.9,251957
2017-10-05,44.3,44.3,45.6,44.3,44.9,251957
2017-10-06,44.3,44.3,45.6,44.3,44.9,251957
2017-10-09,44.3,44.3,45.6,44.3,44.9,251957
2017-10-10,44.3,44.3,45.6,44.3,44.9,251957
2017-10-11,44.3,44.3,45.6,44.3,44.9,251957
2017-10-12,44.3,44.3,45.6,44.3,44.9,251957
2017-10-13,44.3,44.3,45.6,44.3,44.9,251957
2017-10-16,44.3,44.3,45.6,44.3,44.9,251957
2017-10-17,44.3,44.3,45.6,44.3,44.9,251957
2017-10-18,44.3,44.3,45.6,44.3,44.9,251957
2017-10-19,44.3,44.3,45.6,44.3,44.9,251957
2017-10-20,44.3,44.3,45.6,44.3,44.9,251957
2017-10-23,44.3,44.3,45.6,44.3,44.9,251957
2017-10-24,44.3,44.3,45.6,44.3,44.9,251957
2017-10-25,44.3,44.3,45.6,44.3,44.9,251957
2017-10-26,44.3,44.3,45.6,44.3,44.9,251957
2017-10-27,44.3,44.3,45.6,44.3,44.9,251957
2017-10-30,44.3,44.3,45.6,44.3,44.9,251957
2017-10-31,44.3,44.3,45.6,44.3,44.9,251957
2017-11-01,44.3,44.3,45.6,44.3,44.9,251957
2017-11-02,44.3,44.3,45.6,44.3,44.9,251957
2017-11-03,44.3,44.3,45.6,44.3,44.9,251957
2017-11-06,44.3,44.3,45.6,44.3,44.9,251957
2017-11-07,44.3,44.3,45.6,44.3,44.9,251957
2017-11-08,44.3,44.3,45.6,44.3,44.9,251957
2017-11-09,44.3,44.3,45.6,44.3,44.9,251957
2017-11-10,44.3,44.3,45.6,44.3,44.9,251957
2017-11-13,44.3,44.3,45.6,44.3,44.9,251957
2017-11-14,44.3,44.3,45.6,44.3,44.9,251957
2017-11-15,44.3,44.3,45.6,44.3,44.9,251957
2017-11-16,44.3,44.3,45.6,44.3,44.9,251957
2017-11-17,44.3,44.3,45.6,44.3,44.9,251957
2017-11-20,44.3,44.3,45.6,44.3,44.9,251957
2017-11-21,44.3,44.3,45.6,44.3,44.9,251957
2017-11-22,44.3,44.3,45.6,44.3,44.9,251957
2017-11-23,44.3,44.3,45.6,44.3,44.9,251957
2017-11-24,44.3,44.3,45.6,44.3,44.9,251957
2017-11-27,44.3,44.3,45.6,44.3,44.9,251957
2017-11-28,44.3,44.3,45.6,44.3,44.9,251957
2017-11-29,44.3,44.3,45.6,44.3,44.9,251957
2017-11-30,44.3,44.3,45.6,44.3,44.9,251957
2017-12-01,44.3,44.3,45.6,44.3,44.9,251957
2017-12-04,44.3,44.3,45.6,44.3,44.9,251957
2017-12-05,44.3,44.3,45.6,44.3,44.9,251957
2017-12-06,44.3,44.3,45.6,44.3,44.9,251957
2017-12-07,44.3,44.3,45.6,44.3,44.9,251957
2017-12-08,44.3,44.3,45.6,44.3,44.9,251957
2017-12-11,44.3,44.3,45.6,44.3,44.9,251957
2017-12-12,44.3,44.3,45.6,44.3,44.9,251957
2017-12-13,44.3,44.3,45.6,44.3,44.9,251957
2017-12-14,44.3,44.3,45.6,44.3,44.9,251957
2017-12-15,44.3,44.3,45.6,44.3,44.9,251957
2017-12-18,44.3,44.3,45.6,44.3,44.9,251957
2017-12-19,44.3,44.3,45.6,44.3,44.9,251957
2017-12-20,44.3,44.3,45.6,44.3,44.9,251957
2017-12-21,44.3,44.3,45.6,44.3,44.9,251957
2017-12-22,44.3,44.3,45.6,44.3,44.9,251957
2017-12-25,44.3,44.3,45.6,44.3,44.9,251957
2017-12-26,44.3,44.3,45.6,44.3,44.9,251957
2017-12-27,44.3,44.3,45.6,44.3,44.9,251957
2017-12-28,44.3,44.3,45.6,44.3,44.9,251957
2017-12-29,44.3,44.3,45.6,44.3,44.9,251957
2018-01-01,44.3,44.3,45.6,44.3,44.9,251957
2018-01-02,44.3,44.3,45.6,44.3,44.9,251957
2018-01-03,44.3,44.3,45.6,44.3,44.9,251957
2018-01-04,44.3,44.3,45.6,44.3,44.9,251957
2018-01-05,44.3,44.3,45.6,44.3,44.9,251957
2018-01-08,44.3,44.3,45.6,44.3,44.9,251957
2018-01-09,44.3,44.3,45.6,44.3,44.9,251957
2018-01-10,44.3,44.3,45.6,44.3,44.9,251957
2018-01-11,44.3,44.3,45.6,44.3,44.9,251957
2018-01-12,44.3,44.3,45.6,44.3,44.9,251957
2018-01-15,44.3,44.3,45.6,44.3,44.9,251957
2018-01-16,44.3,44.3,45.6,44.3,44.9,251957
2018-01-17,44.3,44.3,45.6,44.3,44.9,251957
2018-01-18,44.3,44.3,45.6,44.3,44.9,251957
2018-01-19,44.3,44.3,45.6,44.3,44.9,251957
2018-01-22,44.3,44.3,45.6,44.3,44.9,251957
2018-01-23,44.3,44.3,45.6,44.3,44.9,251957
2018-01-24,44.3,44.3,45.6,44.3,44.9,251957
2018-01-25,44.3,44.3,45.6,44.3,44.9,251957
2018-01-26,44.3,44.3,45.6,44.3,44.9,251957
2018-01-29,44.3,44.3,45.6,44.3,44.9,251957
2018-01-30,44.3,44.3,45.6,44.3,44.9,251957
2018-01-31,44.3,44.3,45.6,44.3,44.9,251957
2018-02-01,44.3,44.3,45.6,44.3,44.9,251957
2018-02-02,44.3,44.3,45.6,44.3,44.9,251957
2018-02-05,44.3,44.3,45.6,44.3,44.9,251957
2018-02-06,44.3,44.3,45.6,44.3,44.9,251957
2018-02-07,44.3,44.3,45.6,44.3,44.9,251957
2018-02-08,44.3,44.3,45.6,44.3,44.9,251957
2018-02-09,44.3,44.3,45.6,44.3,44.9,251957
2018-02-12,44.3,44.3,45.6,44.3,44.9,251957
2018-02-13,44.3,44.3,45.6,44.3,44.9,251957
2018-02-14,44.3,44.3,45.6,44.3,44.9,251957
2018-02-15,44.3,44.3,45.6,44.3,44.9,251957
2018-02-16,44.3,44.3,45.6,44.3,44.9,251957
2018-02-19,44.3,44.3,45.6,44.3,44.9,251957
2018-02-20,44.3,44.3,45.6,44.3,44.9,251957
2018-02-21,44.3,44.3,45.6,44.3,44.9,251957
2018-02-22,44.3,44.3,45.6,44.3,44.9,251957
2018-02-23,44.3,44.3,45.6,44.3,44.9,251957
2018-02-26,44.3,44.3,45.6,44.3,44.9,251957
2018-02-27,44.3,44.3,45.6,44.3,44.9,251957
2018-02-28,44.3,44.3,45.6,44.3,44.9,251957
2018-03-01,44.3,44.3,45.6,44.3,44.9,251957
2018-03-02,44.3,44.3,45.6,44.3,44.9,251957
2018-03-05,44.3,44.3,45.6,44.3,44.9,251957
2018-03-06,44.3,44.3,45.6,44.3,44.9,251957
2018-03-07,44.3,44.3,45.6,44.3,44.9,251957
2018-03-08,44.3,44.3,45.6,44.3,44.9,251957
2018-03-09,44.3,44.3,45.6,44.3,44.9,251957
2018-03-12,44.3,44.3,45.6,44.3,44.9,251957
2018-03-13,44.3,44.3,45.6,44.3,44.9,251957
2018-03-14,44.3,44.3,45.6,44.3,44.9,251957
2018-03-15,44.3,44.3,45.6,44.3,44.9,251957
2018-03-16,44.3,44.3,45.6,44.3,44.9,251957
2018-03-19,44.3,44.3,45.6,44.3,44.9,251957
2018-03-20,44.3,44.3,45.6,44.3,44.9,251957
2018-03-21,44.3,44.3,45.6,44.3,44.9,251957
2018-03-22,44.3,44.3,45.6,44.3,44.9,251957
2018-03-23,44.3,44.3,45.6,44.3,44.9,251957
2018-03-26,44.3,44.3,45.6,44.3,44.9,251957
2018-03-27,44.3,44.3,45.6,44.3,44.9,251957
2018-03-28,44.3,44.3,45.6,44.3,44.9,251957
2018-03-29,44.3,44.3,45.6,44.3,44.9,251957
2018-03-30,44.3,44.3,45.6,44.3,44.9,251957
2018-04-02,44.3,44.3,45.6,44.3,44.9,251957
2018-04-03,44.3,44.3,45.6,44.3,44.9,251957
2018-04-04,44.3,44.3,45.6,44.3,44.9,251957
2018-04-05,44.3,44.3,45.6,44.3,44.9,251957
2018-04-06,44.3,44.3,45.6,44.3,44.9,251957
2018-04-09,44.3,44.3,45.6,44.3,44.9,251957
2018-04-10,44.3,44.3,45.6,44.3,44.9,251957
2018-04-11,44.3,44.3,45.6,44.3,44.9,251957
2018-04-12,44.3,44.3,45.6,44.3,44.9,251957
2018-04-13,44.3,44.3,45.6,44.3,44.9,251957
2018-04-16,44.3,44.3,45.6,44.3,44.9,251957
2018-04-17,44.3,44.3,45.6,44.3,44.9,251957
2018-04-18,44.3,44.3,45.6,44.3,44.9,251957
2018-04-19,44.3,44.3,45.6,44.3,44.9,251957
2018-04-20,44.3,44.3,45.6,44.3,44.9,251957
2018-04-23,44.3,44.3,45.6,44.3,44.9,251957
2018-04-24,44.3,44.3,45.6,44.3,44.9,251957
2018-04-25,44.3,44.3,45.6,44.3,44.9,251957
2018-04-26,44.3,44.3,45.6,44.3,44.9,251957
2018-04-27,44.3,44.3,45.6,44.3,44.9,251957
2018-04-30,44.3,44.3,45.6,44.3,44.9,251957
2018-05-01,44.3,44.3,45.6,44.3,44.9,251957
2018-05-02,44.3,44.3,45.6,44.3,44.9,251957
2018-05-03,44.3,44.3,45.6,44.3,44.9,251957
2018-05-04,44.3,44.3,45.6,44.3,44.9,251957
2018-05-07,44.3,44.3,45.6,44.3,44.9,251957
2018-05-08,44.3,44.3,45.6,44.3,44.9,251957
2018-05-09,44.3,44.3,45.6,44.3,44.9,251957
2018-05-10,44.3,44.3,45.6,44.3,44.9,251957
2018-05-11,44.3,44.3,45.6,44.3,44.9,251957
2018-05-14,44.3,44.3,45.6,44.3,44.9,251957
2018-05-15,44.3,44.3,45.6,44.3,44.9,251957
2018-05-16,44.3,44.3,45.6,44.3,44.9,251957
2018-05-17,44.3,44.3,45.6,44.3,44.9,251957
2018-05-18,44.3,44.3,45.6,44.3,44.9,251957
2018-05-21,44.3,44.3,45.6,44.3,44.9,251957
2018-05-22,44.3,44.3,45.6,44.3,44.9,251957
2018-05-23,44.3,44.3,45.6,44.3,44.9,251957
2018-05-24,44.3,44.3,45.6,44.3,44.9,251957
2018-05-25,44.3,44.3,45.6,44.3,44.9,251957
2018-05-28,44.3,44.3,45.6,44.3,44.9,251957
2018-05-29,44.3,44.3,45.6,44.3,44.9,251957
2018-05-30,44.3,44.3,45.6,44.3,44.9,251957
2018-05-31,44.3,44.3,45.6,44.3,44.9,251957
2018-06-01,44.3,44.3,45.6,44.3,44.9,251957
2018-06-04,44.3,44.3,45.6,44.3,44.9,251957
2018-06-05,44.3,44.3,45.6,44.3,44.9,251957
2018-06-06,44.3,44.3,45.6,44.3,44.9,251957
2018-06-07,44.3,44.3,45.6,44.3,44.9,251957
2018-06-08,44.3,44.3,45.6,44.3,44.9,251957
2018-06-11,44.3,44.3,45.6,44.3,44.9,251957
2018-06-12,44.3,44.3,45.6,44.3,44.9,251957
2018-06-13,44.3,44.3,45.6,44.3,44.9,251957
2018-06-14,44.3,44.3,45.6,44.3,44.9,251957
2018-06-15,44.3,44.3,45.6,44.3,44.9,251957
2018-06-18,44.3,44.3,45.6,44.3,44.9,251957
2018-06-19,44.3,44.3,45.6,44.3,44.9,251957
2018-06-20,44.3,44.3,45.6,44.3,44.9,251957
2018-06-21,44.3,44.3,45.6,44.3,44.9,251957
2018-06-22,44.3,44.3,45.6,44.3,44.9,251957
2018-06-25,44.3,44.3,45.6,44.3,44.9,251957
2018-06-26,44.3,44.3,45.6,44.3,44.9,251957
2018-06-27,44.3,44.3,45.6,44.3,44.9,251957
2018-06-28,44.3,44.3,45.6,44.3,44.9,251957
2018-06-29,44.3,44.3,45.6,44.3,44.9,251957
2018-07-02,44.3,44.3,45.6,44.3,44.9,251957
2018-07-03,44.3,44.3,45.6,44.3,44.9,251957
2018-07-04,44.3,44.3,45.6,44.3,44.9,251957
2018-07-05,44.3,44.3,45.6,44.3,44.9,251957
2018-07-06,44.3,44.3,45.6,44.3,44.9,251957
2018-07-09,44.3,44.3,45.6,44.3,44.9,251957
2018-07-10,44.3,44.3,45.6,44.3,44.9,251957
2018-07-11,44.3,44.3,45.6,44.3,44.9,251957
2018-07-12,44.3,44.3,45.6,44.3,44.9,251957
2018-07-13,44.3,44.3,45.6,44.3,44.9,251957
2018-07-16,44.3,44.3,45.6,44.3,44.9,251957
2018-07-17,44.3,44.3,45.6,44.3,44.9,251957
2018-07-18,44.3,44.3,45.6,44.3,44.9,251957
2018-07-19,44.3,44.3,45.6,44.3,44.9,251957
2018-07-20,44.3,44.3,45.6,44.3,44.9,251957
2018-07-23,44.3,44.3,45.6,44.3,44.9,251957
2018-07-24,44.3,44.3,45.6,44.3,44.9,251957
2018-07-25,44.3,44.3,45.6,44.3,44.9,251957
2018-07-26,44.3,44.3,45.6,44.3,44.9,251957
2018-07-27,44.3,44.3,45.6,44.3,44.9,251957
2018-07-30,44.3,44.3,45.6,44.3,44.9,251957
2018-07-31,44.3,44.3,45.6,44.3,44.9,251957
2018-08-01,44.3,44.3,45.6,44.3,44.9,251957
2018-08-02,44.3,44.3,45.6,44.3,44.9,251957
2018-08-03,44.3,44.3,45.6,44.3,44.9,251957
2018-08-06,44.3,44.3,45.6,44.3,44.9,251957
2018-08-07,44.3,44.3,45.6,44.3,44.9,251957
2018-08-08,44.3,44.3,45.6,44.3,44.9,251957
2018-08-09,44.3,44.3,45.6,44.3,44.9,251957
2018-08-10,44.3,44.3,45.6,44.3,44.9,251957
2018-08-13,44.3,44.3,45.6,44.3,44.9,251957
2018-08-14,44.3,44.3,45.6,44.3,44.9,251957
2018-08-15,44.3,44.3,45.6,44.3,44.9,251957
2018-08-16,44.3,44.3,45.6,44.3,44.9,251957
2018-08-17,44.3,44.3,45.6,44.3,44.9,251957
2018-08-20,44.3,44.3,45.6,44.3,44.9,251957
2018-08-21,44.3,44.3,45.6,44.3,44.9,251957
2018-08-22,44.3,44.3,45.6,44.3,44.9,251957
2018-08-23,44.3,44.3,45.6,44.3,44.9,251957
2018-08-24,44.3,44.3,45.6,44.3,44.9,251957
2018-08-27,44.3,44.3,45.6,44.3,44.9,251957
2018-08-28,44.3,44.3,45.6,44.3,44.9,251957
2018-08-29,44.3,44.3,45.6,44.3,44.9,251957
2018-08-30,44.3,44.3,45.6,44.3,44.9,251957
2018-08-31,44.3,44.3,45.6,44.3,44.9,251957
2018-09-03,44.3,44.3,45.6,44.3,44.9,251957
2018-09-04,44.3,44.3,45.6,44.3,44.9,251957
2018-09-05,44.3,44.3,45.6,44.3,44.9,251957
2018-09-06,44.3,44.3,45.6,44.3,44.9,251957
2018-09-07,44.3,44.3,45.6,44.3,44.9,251957
2018-09-10,44.3,44.3,45.6,44.3,44.9,251957
2018-09-11,44.3,44.3,45.6,44.3,44.9,251957
2018-09-12,44.3,44.3,45.6,44.3,44.9,251957
2018-09-13,44.3,44.3,45.6,44.3,44.9,251957
2018-09-14,44.3,44.3,45.6,44.3,44.9,251957
2018-09-17,44.3,44.3,45.6,44.3,44.9,251957
2018-09-18,44.3,44.3,45.6,44.3,44.9,251957
2018-09-19,44.3,44.3,45.6,44.3,44.9,251957
2018-09-20,44.3,44.3,45.6,44.3,44.9,251957
2018-09-21,44.3,44.3,45.6,44.3,44.9,251957
2018-09-24,44.3,44.3,45.6,44.3,44.9,251957
2018-09-25,44.3,44.3,45.6,44.3,44.9,251957
2018-09-26,44.3,44.3,45.6,44.3,44.9,251957
2018-09-27,44.3,44.3,45.6,44.3,44.9,251957
2018-09-28,44.3,44.3,45.6,44.3,44.9,251957
2018-10-01,44.3,44.3,45.6,44.3,44.9,251957
2018-10-02,44.3,44.3,45.6,44.3,44.9,251957
2018-10-03,44.3,44.3,45.6,44.3,44.9,251957
2018-10-04,44.3,44.3,45.6,44.3,44.9,251957
2018-10-05,44.3,44.3,45.6,44.3,44.9,251957
2018-10-08,44.3,44.3,45.6,44.3,44.9,251957
2018-10-09,44.3,44.3,45.6,44.3,44.9,251957
2018-10-10,44.3,44.3,45.6,44.3,44.9,251957
2018-10-11,44.3,44.3,45.6,44.3,44.9,251957
2018-10-12,44.3,44.3,45.6,44.3,44.9,251957
2018-10-15,44.3,44.3,45.6,44.3,44.9,251957
2018-10-16,44.3,44.3,45.6,44.3,44.9,251957
2018-10-17,44.3,44.3,45.6,44.3,44.9,251957
2018-10-18,44.3,44.3,45.6,44.3,44.9,251957
2018-10-19,44.3,44.3,45.6,44.3,44.9,251957
2018-10-22,44.3,44.3,45.6,44.3,44.9,251957
2018-10-23,44.3,44.3,45.6,44.3,44.9,251957
2018-10-24,44.3,44.3,45.6,44.3,44.9,251957
2018-10-25,44.3,44.3,45.6,44.3,44.9,251957
2018-10-26,44.3,44.3,45.6,44.3,44.9,251957
2018-10-29,44.3,44.3,45.6,44.3,44.9,251957
2018-10-30,44.3,44.3,45.6,44.3,44.9,251957
2018-10-31,44.3,44.3,45.6,44.3,44.9,251957
2018-11-01,44.3,44.3,45.6,44.3,44.9,251957
2018-11-02,44.3,44.3,45.6,44.3,44.9,251957
2018-11-05,44.3,44.3,45.6,44.3,44.9,251957
2018-11-06,44.3,44.3,45.6,44.3,44.9,251957
2018-11-07,44.3,44.3,45.6,44.3,44.9,251957
2018-11-08,44.3,44.3,45.6,44.3,44.9,251957
2018-11-09,44.3,44.3,45.6,44.3,44.9,251957
2018-11-12,44.3,44.3,45.6,44.3,44.9,251957
2018-11-13,44.3,44.3,45.6,44.3,44.9,251957
2018-11-14,44.3,44.3,45.6,44.3,44.9,251957
2018-11-15,44.3,44.3,45.6,44.3,44.9,251957
2018-11-16,44.3,44.3,45.6,44.3,44.9,251957
2018-11-19,44.3,44.3,45.6,44.3,44.9,251957
2018-11-20,44.3,44.3,45.6,44.3,44.9,251957
2018-11-21,44.3,44.3,45.6,44.3,44.9,251957
2018-11-22,44.3,44.3,45.6,44.3,44.9,251957
2018-11-23,44.3,44.3,45.6,44.3,44.9,251957
2018-11-26,44.3,44.3,45.6,44.3,44.9,251957
2018-11-27,44.3,44.3,45.6,44.3,44.9,251957
2018-11-28,44.3,44.3,45.6,44.3,44.9,251957
2018-11-29,44.3,44.3,45.6,44.3,44.9,251957
2018-11-30,44.3,44.3,45.6,44.3,44.9,251957
2018-12-03,44.3,44.3,45.6,44.3,44.9,251957
2018-12-04,44.3,44.3,45.6,44.3,44.9,251957
2018-12-05,44.3,44.3,45.6,44.3,44.9,251957
2018-12-06,44.3,44.3,45.6,44.3,44.9,251957
2018-12-07,44.3,44.3,45.6,44.3,44.9,251957
2018-12-10,44.3,44.3,45.6,44.3,44.9,251957
2018-12-11,44.3,44.3,45.6,44.3,44.9,251957
2018-12-12,44.3,44.3,45.6,44.3,44.9,251957
2018-12-13,44.3,44.3,45.6,44.3,44.9,251957
2018-12-14,44.3,44.3,45.6,44.3,44.9,251957
2018-12-17,44.3,44.3,45.6,44.3,44.9,251957
2018-12-18,44.3,44.3,45.6,44.3,44.9,251957
2018-12-19,44.3,44.3,45.6,44.3,44.9,251957
2018-12-20,44.3,44.3,45.6,44.3,44.9,251957
2018-12-21,44.3,44.3,45.6,44.3,44.9,251957
2018-12-24,44.3,44.3,45.6,44.3,44.9,251957
2018-12-25,44.3,44.3,45.6,44.3,44.9,251957
2018-12-26,44.3,44.3,45.6,44.3,44.9,251957
2018-12-27,44.3,44.3,45.6,44.3,44.9,251957
2018-12-28,44.3,44.3,45.6,44.3,44.9,251957
2018-12-31,44.3,44.3,45.6,44.3,44.9,251957
2019-01-01,44.3,44.3,45.6,44.3,44.9,251957
2019-01-02,44.3,44.3,45.6,44.3,44.9,251957
2019-01-03,44.3,44.3,45.6,44.3,44.9,251957
2019-01-04,44.3,44.3,45.6,44.3,44.9,251957
2019-01-07,44.3,44.3,45.6,44.3,44.9,251957
2019-01-08,44.3,44.3,45.6,44.3,44.9,251957
2019-01-09,44.3,44.3,45.6,44.3,44.9,251957
2019-01-10,44.3,44.3,45.6,44.3,44.9,251957
2019-01-11,44.3,44.3,45.6,44.3,44.9,251957
2019-01-14,44.3,44.3,45.6,44.3,44.9,251957
2019-01-15,44.3,44.3,45.6,44.3,44.9,251957
2019-01-16,44.3,44.3,45.6,44.3,44.9,251957
2019-01-17,44.3,44.3,45.6,44.3,44.9,251957
2019-01-18,44.3,44.3,45.6,44.3,44.9,251957
2019-01-21,44.3,44.3,45.6,44.3,44.9,251957
2019-01-22,44.3,44.3,45.6,44.3,44.9,251957
2019-01-23,44.3,44.3,45.6,44.3,44.9,251957
2019-01-24,44.3,44.3,45.6,44.3,44.9,251957
2019-01-25,44.3,44.3,45.6,44.3,44.9,251957
2019-01-28,44.3,44.3,45.6,44.3,44.9,251957
2019-01-29,44.3,44.3,45.6,44.3,44.9,251957
2019-01-30,44.3,44.3,45.6,44.3,44.9,251957
2019-01-31,44.3,44.3,45.6,44.3,44.9,251957
2019-02-01,44.3,44.3,45.6,44.3,44.9,251957
2019-02-04,44.3,44.3,45.6,44.3,44.9,251957
2019-02-05,44.3,44.3,45.6,44.3,44.9,251957
2019-02-06,44.3,44.3,45.6,44.3,44.9,251957
2019-02-07,44.3,44.3,45.6,44.3,44.9,251957
2019-02-08,44.3,44.3,45.6,44.3,44.9,251957
2019-02-11,44.3,44.3,45.6,44.3,44.9,251957
2019-02-12,44.3,44.3,45.6,44.3,44.9,251957
2019-02-13,44.3,44.3,45.6,44.3,44.9,251957
2019-02-14,44.3,44.3,45.6,44.3,44.9,251957
2019-02-15,44.3,44.3,45.6,44.3,44.9,251957
2019-02-18,44.3,44.3,45.6,44.3,44.9,251957
2019-02-19,44.3,44.3,45.6,44.3,44.9,251957
2019-02-20,44.3,44.3,45.6,44.3,44.9,251957
2019-02-21,44.3,44.3,45.6,44.3,44.9,251957
2019-02-22,44.3,44.3,45.6,44.3,44.9,251957
2019-02-25,44.3,44.3,45.6,44.3,44.9,251957
2019-02-26,44.3,44.3,45.6,44.3,44.9,251957
2019-02-27,44.3,44.3,45.6,44.3,44.9,251957
2019-02-28,44.3,44.3,45.6,44.3,44.9,251957
2019-03-01,44.3,44.3,45.6,44.3,44.9,251957
2019-03-04,44.3,44.3,45.6,44.3,44.9,251957
2019-03-05,44.3,44.3,45.6,44.3,44.9,251957
2019-03-06,44.3,44.3,45.6,44.3,44.9,251957
2019-03-07,44.3,44.3,45.6,44.3,44.9,251957
2019-03-08,44.3,44.3,45.6,44.3,44.9,251957
2019-03-11,44.3,44.3,45.6,44.3,44.9,251957
2019-03-12,44.3,44.3,45.6,44.3,44.9,251957
2019-03-13,44.3,44.3,45.6,44.3,44.9,251957
2019-03-14,44.3,44.3,45.6,44.3,44.9,251957
2019-03-15,44.3,44.3,45.6,44.3,44.9,251957
2019-03-18,44.3,44.3,45.6,44.3,44.9,251957
2019-03-19,44.3,44.3,45.6,44.3,44.9,251957
2019-03-20,44.3,44.3,45.6,44.3,44.9,251957
2019-03-21,44.3,44.3,45.6,44.3,44.9,251957
2019-03-22,44.3,44.3,45.6,44.3,44.9,251957
2019-03-25,44.3,44.3,45.6,44.3,44.9,251957
2019-03-26,44.3,44.3,45.6,44.3,44.9,251957
2019-03-27,44.3,44.3,45.6,44.3,44.9,251957
2019-03-28,44.3,44.3,45.6,44.3,44.9,251957
2019-03-29,44.3,44.3,45.6,44.3,44.9,251957
2019-04-01,44.3,44.3,45.6,44.3,44.9,251957
2019-04-02,44.3,44.3,45.6,44.3,44.9,251957
2019-04-03,44.3,44.3,45.6,44.3,44.9,251957
2019-04-04,44.3,44.3,45.6,44.3,44.9,251957
2019-04-05,44.3,44.3,45.6,44.3,44.9,251957
2019-04-08,44.3,44.3,45.6,44.3,44.9,251957
2019-04-09,44.3,44.3,45.6,44.3,44.9,251957
2019-04-10,44.3,44.3,45.6,44.3,44.9,251957
2019-04-11,44.3,44.3,45.6,44.3,44.9,251957
2019-04-12,44.3,44.3,45.6,44.3,44.9,251957
2019-04-15,44.3,44.3,45.6,44.3,44.9,251957
2019-04-16,44.3,44.3,45.6,44.3,44.9,251957
2019-04-17,44.3,44.3,45.6,44.3,44.9,251957
2019-04-18,44.3,44.3,45.6,44.3,44.9,251957
2019-04-19,44.3,44.3,45.6,44.3,44.9,251957
2019-04-22,44.3,44.3,45.6,44.3,44.9,251957
2019-04-23,44.3,44.3,45.6,44.3,44.9,251957
2019-04-24,44.3,44.3,45.6,44.3,44.9,251957
2019-04-25,44.3,44.3,45.6,44.3,44.9,251957
2019-04-26,44.3,44.3,45.6,44.3,44.9,251957
2019-04-29,44.3,44.3,45.6,44.3,44.9,251957
2019-04-30,44.3,44.3,45.6,44.3,44.9,251957
2019-05-01,44.3,44.3,45.6,44.3,44.9,251957
2019-05-02,44.3,44.3,45.6,44.3,44.9,251957
2019-05-03,44.3,44.3,45.6,44.3,44.9,251957
2019-05-06,44.3,44.3,45.6,44.3,44.9,251957
2019-05-07,44.3,44.3,45.6,44.3,44.9,251957
2019-05-08,44.3,44.3,45.6,44.3,44.9,251957
2019-05-09,44.3,44.3,45.6,44.3,44.9,251957
2019-05-10,44.3,44.3,45.6,44.3,44.9,251957
2019-05-13,44.3,44.3,45.6,44.3,44.9,251957
2019-05-14,44.3,44.3,45.6,44.3,44.9,251957
2019-05-15,44.3,44.3,45.6,44.3,44.9,251957
2019-05-16,44.3,44.3,45.6,44.3,44.9,251957
2019-05-17,44.3,44.3,45.6,44.3,44.9,251957
2019-05-20,44.3,44.3,45.6,44.3,44.9,251957
2019-05-21,44.3,44.3,45.6,44.3,44.9,251957
2019-05-22,44.3,44.3,45.6,44.3,44.9,251957
2019-05-23,44.3,44.3,45.6,44.3,44.9,251957
2019-05-24,44.3,44.3,45.6,44.3,44.9,251957
2019-05-27,44.3,44.3,45.6,44.3,44.9,251957
2019-05-28,44.3,44.3,45.6,44.3,44.9,251957
2019-05-29,44.3,44.3,45.6,44.3,44.9,251957
2019-05-30,44.3,44.3,45.6,44.3,44.9,251957
2019-05-31,44.3,44.3,45.6,44.3,44.9,251957
2019-06-03,44.3,44.3,45.6,44.3,44.9,251957
2019-06-04,44.3,44.3,45.6,44.3,44.9,251957
2019-06-05,44.3,44.3,45.6,44.3,44.9,251957
2019-06-06,44.3,44.3,45.6,44.3,44.9,251957
2019-06-07,44.3,44.3,45.6,44.3,44.9,251957
2019-06-10,44.3,44.3,45.6,44.3,44.9,251957
2019-06-11,44.3,44.3,45.6,44.3,44.9,251957
2019-06-12,44.3,44.3,45.6,44.3,44.9,251957
2019-06-13,44.3,44.3,45.6,44.3,44.9,251957
2019-06-14,44.3,44.3,45.6,44.3,44.9,251957
2019-06-17,44.3,44.3,45.6,44.3,44.9,251957
2019-06-18,44.3,44.3,45.6,44.3,44.9,251957
2019-06-19,44.3,44.3,45.6,44.3,44.9,251957
2019-06-20,44.3,44.3,45.6,44.3,44.9,251957
2019-06-21,44.3,44.3,45.6,44.3,44.9,251957
2019-06-24,44.3,44.3,45.6,44.3,44.9,251957
2019-06-25,44.3,44.3,45.6,44.3,44.9,251957
2019-06-26,44.3,44.3,45.6,44.3,44.9,251957
2019-06-27,44.3,44.3,45.6,44.3,44.9,251957
2019-06-28,44.3,44.3,45.6,44.3,44.9,251957
2019-07-01,44.3,44.3,45.6,44.3,44.9,251957
2019-07-02,44.3,44.3,45.6,44.3,44.9,251957
2019-07-03,44.3,44.3,45.6,44.3,44.9,251957
2019-07-04,44.3,44.3,45.6,44.3,44.9,251957
2019-07-05,44.3,44.3,45.6,44.3,44.9,251957
2019-07-08,44.3,44.3,45.6,44.3,44.9,251957
2019-07-09,44.3,44.3,45.6,44.3,44.9,251957
2019-07-10,44.3,44.3,45.6,44.3,44.9,251957
2019-07-11,44.3,44.3,45.6,44.3,44.9,251957
2019-07-12,44.3,44.3,45.6,44.3,44.9,251957
2019-07-15,44.3,44.3,45.6,44.3,44.9,251957
2019-07-16,44.3,44.3,45.6,44.3,44.9,251957
2019-07-17,44.3,44.3,45.6,44.3,44.9,251957
2019-07-18,44.3,44.3,45.6,44.3,44.9,251957
2019-07-19,44.3,44.3,45.6,44.3,44.9,251957
2019-07-22,44.3,44.3,45.6,44.3,44.9,251957
2019-07-23,44.3,44.3,45.6,44.3,44.9,251957
2019-07-24,44.3,44.3,45.6,44.3,44.9,251957
2019-07-25,44.3,44.3,45.6,44.3,44.9,251957
2019-07-26,44.3,44.3,45.6,44.3,44.9,251957
2019-07-29,44.3,44.3,45.6,44.3,44.9,251957
2019-07-30,44.3,44.3,45.6,44.3,44.9,251957
2019-07-31,44.3,44.3,45.6,44.3,44.9,251957
2019-08-01,44.3,44.3,45.6,44.3,44.9,251957
2019-08-02,44.3,44.3,45.6,44.3,44.9,251957
2019-08-05,44.3,44.3,45.6,44.3,44.9,251957
2019-08-06,44.3,44.3,45.6,44.3,44.9,251957
2019-08-07,44.3,44.3,45.6,44.3,44.9,251957
2019-08-08,44.3,44.3,45.6,44.3,44.9,251957
2019-08-09,44.3,44.3,45.6,44.3,44.9,251957
2019-08-12,44.3,44.3,45.6,44.3,44.9,251957
2019-08-13,44.3,44.3,45.6,44.3,44.9,251957
2019-08-14,44.3,44.3,45.6,44.3,44.9,251957
2019-08-15,44.3,44.3,45.6,44.3,44.9,251957
2019-08-16,44.3,44.3,45.6,44.3,44.9,251957
2019-08-19,44.3,44.3,45.6,44.3,44.9,251957
2019-08-20,44.3,44.3,45.6,44.3,44.9,251957
2019-08-21,44.3,44.3,45.6,44.3,44.9,251957
2019-08-22,44.3,44.3,45.6,44.3,44.9,251957
2019-08-23,44.3,44.3,45.6,44.3,44.9,251957
2019-08-26,44.3,44.3,45.6,44.3,44.9,251957
2019-08-27,44.3,44.3,45.6,44.3,44.9,251957
2019-08-28,44.3,44.3,45.6,44.3,44.9,251957
2019-08-29,44.3,44.3,45.6,44.3,44.9,251957
2019-08-30,44.3,44.3,45.6,44.3,44.9,251957
2019-09-02,44.3,44.3,45.6,44.3,44.9,251957
2019-09-03,44.3,44.3,45.6,44.3,44.9,251957
2019-09-04,44.3,44.3,45.6,44.3,44.9,251957
2019-09-05,44.3,44.3,45.6,44.3,44.9,251957
2019-09-06,44.3,44.3,45.6,44.3,44.9,251957
2019-09-09,44.3,44.3,45.6,44.3,44.9,251957
2019-09-10,44.3,44.3,45.6,44.3,44.9,251957
2019-09-11,44.3,44.3,45.6,44.3,44.9,251957
2019-09-12,44.3,44.3,45.6,44.3,44.9,251957
2019-09-13,44.3,44.3,45.6,44.3,44.9,251957
2019-09-16,44.3,44.3,45.6,44.3,44.9,251957
2019-09-17,44.3,44.3,45.6,44.3,44.9,251957
2019-09-18,44.3,44.3,45.6,44.3,44.9,251957
2019-09-19,44.3,44.3,45.6,44.3,44.9,251957
2019-09-20,44.3,44.3,45.6,44.3,44.9,251957
2019-09-23,44.3,44.3,45.6,44.3,44.9,251957
2019-09-24,44.3,44.3,45.6,44.3,44.9,251957
2019-09-25,44.3,44.3,45.6,44.3,44.9,251957
2019-09-26,44.3,44.3,45.6,44.3,44.9,251957
2019-09-27,44.3,44.3,45.6,44.3,44.9,251957
2019-09-30,44.3,44.3,45.6,44.3,44.9,251957
2019-10-01,44.3,44.3,45.6,44.3,44.9,251957
2019-10-02,44.3,44.3,45.6,44.3,44.9,251957
2019-10-03,44.3,44.3,45.6,44.3,44.9,251957
2019-10-04,44.3,44.3,45.6,44.3,44.9,251957
2019-10-07,44.3,44.3,45.6,44.3,44.9,251957
2019-10-08,44.3,44.3,45.6,44.3,44.9,251957
2019-10-09,44.3,44.3,45.6,44.3,44.9,251957
2019-10-10,44.3,44.3,45.6,44.3,44.9,251957
2019-10-11,44.3,44.3,45.6,44.3,44.9,251957
2019-10-14,44.3,44.3,45.6,44.3,44.9,251957
2019-10-15,44.3,44.3,45.6,44.3,44.9,251957
2019-10-16,44.3,44.3,45.6,44.3,44.9,251957
2019-10-17,44.3,44.3,45.6,44.3,44.9,251957
2019-10-18,44.3,44.3,45.6,44.3,44.9,251957
2019-10-21,44.3,44.3,45.6,44.3,44.9,251957
2019-10-22,44.3,44.3,45.6,44.3,44.9,251957
2019-10-23,44.3,44.3,45.6,44.3,44.9,251957
2019-10-24,44.3,44.3,45.6,44.3,44.9,251957
2019-10-25,44.3,44.3,45.6,44.3,44.9,251957
2019-10-28,44.3,44.3,45.6,44.3,44.9,251957
2019-10-29,44.3,44.3,45.6,44.3,44.9,251957
2019-10-30,44.3,44.3,45.6,44.3,44.9,251957
2019-10-31,44.3,44.3,45.6,44.3,44.9,251957
2019-11-01,44.3,44.3,45.6,44.3,44.9,251957
2019-11-04,44.3,44.3,45.6,44.3,44.9,251957
2019-11-05,44.3,44.3,45.6,44.3,44.9,251957
2019-11-06,44.3,44.3,45.6,44.3,44.9,251957
2019-11-07,44.3,44.3,45.6,44.3,44.9,251957
2019-11-08,44.3,44.3,45.6,44.3,44.9,251957
2019-11-11,44.3,44.3,45.6,44.3,44.9,251957
2019-11-12,44.3,44.3,45.6,44.3,44.9,251957
2019-11-13,44.3,44.3,45.6,44.3,44.9,251957
2019-11-14,44.3,44.3,45.6,44.3,44.9,251957
2019-11-20,44.3,44.3,45.6,44.3,44.9,251957
2019-11-21,44.3,44.3,45.6,44.3,44.9,251957
2019-11-22,44.3,44.3,45.6,44.3,44.9,251957
2019-11-25,44.3,44.3,45.6,44.3,44.9,251957
2019-11-26,44.3,44.3,45.6,44.3,44.9,251957
2019-11-27,44.3,44.3,45.6,44.3,44.9,251957
2019-11-28,44.3,44.3,45.6,44.3,44.9,251957
2019-11-29,44.3,44.3,45.6,44.3,44.9,251957
2019-12-02,44.3,44.3,45.6,44.3,44.9,251957
2019-12-03,44.3,44.3,45.6,44.3,44.9,251957
2019-12-04,44.3,44.3,45.6,44.3,44.9,251957
2019-12-05,44.3,44.3,45.6,44.3,44.9,251957
2019-12-06,44.3,44.3,45.6,44.3,44.9,251957
2019-12-09,44.3,44.3,45.6,44.3,44.9,251957
2019-12-10,44.3,44.3,45.6,44.3,44.9,251957
2019-12-11,44.3,44.3,45.6,44.3,44.9,251957
2019-12-12,44.3,44.3,45.6,44.3,44.9,251957
2019-12-13,44.3,44.3,45.6,44.3,44.9,251957
2019-12-16,44.3,44.3,45.6,44.3,44.9,251957
2019-12-17,44.3,44.3,45.6,44.3,44.9,251957
2019-12-18,44.3,44.3,45.6,44.3,44.9,251957
2019-12-19,44.3,44.3,45.6,44.3,44.9,251957
2019-12-20,44.3,44.3,45.6,44.3,44.9,251957
2019-12-23,44.3,44.3,45.6,44.3,44.9,251957
2019-12-24,44.3,44.3,45.6,44.3,44.9,251957
2019-12-25,44.3,44.3,45.6,44.3,44.9,251957
2019-12-26,44.3,44.3,45.6,44.3,44.9,251957
2019-12-27,44.3,44.3,45.6,44.3,44.9,251957
2019-12-30,44.3,44.3,45.6,44.3,44.9,251957
2019-12-31,44.3,44.3,45.6,44.3,44.9,251957
2020-01-01,44.3,44.3,45.6,44.3,44.9,251957
2020-01-02,44.3,44.3,45.6,44.3,44.9,251957
2020-01-03,44.3,44.3,45.6,44.3,44.9,251957
2020-01-06,44.3,44.3,45.6,44.3,44.9,251957
2020-01-07,44.3,44.3,45.6,44.3,44.9,251957
2020-01-08,44.3,44.3,45.6,44.3,44.9,251957
2020-01-09,44.3,44.3,45.6,44.3,44.9,251957
2020-01-10,44.3,44.3,45.6,44.3,44.9,251957
2020-01-13,44.3,44.3,45.6,44.3,44.9,251957
2020-01-14,44.3,44.3,45.6,44.3,44.9,251957
2020-01-15,44.3,44.3,45.6,44.3,44.9,251957
2020-01-16,44.3,44.3,45.6,44.3,44.9,251957
2020-01-17,44.3,44.3,45.6,44.3,44.9,251957
2020-01-20,44.3,44.3,45.6,44.3,44.9,251957
2020-01-21,44.3,44.3,45.6,44.3,44.9,251957
2020-01-22,44.3,44.3,45.6,44.3,44.9,251957
2020-01-23,44.3,44.3,45.6,44.3,44.9,251957
2020-01-24,44.3,44.3,45.6,44.3,44.9,251957
2020-01-27,44.3,44.3,45.6,44.3,44.9,251957
2020-01-28,44.3,44.3,45.6,44.3,44.9,251957
2020-01-29,44.3,44.3,45.6,44.3,44.9,251957
2020-01-30,44.3,44.3,45.6,44.3,44.9,251957
2020-01-31,44.3,44.3,45.6,44.3,44.9,251957
2020-02-03,44.3,44.3,45.6,44.3,44.9,251957
2020-02-04,44.3,44.3,45.6,44.3,44.9,251957
2020-02-05,44.3,44.3,45.6,44.3,44.9,251957
2020-02-06,44.3,44.3,45.6,44.3,44.9,251957
2020-02-07,44.3,44.3,45.6,44.3,44.9,251957
2020-02-10,44.3,44.3,45.6,44.3,44.9,251957
2020-02-11,44.3,44.3,45.6,44.3,44.9,251957
2020-02-12,44.3,44.3,45.6,44.3,44.9,251957
2020-02-13,44.3,44.3,45.6,44.3,44.9,251957
2020-02-14,44.3,44.3,45.6,44.3,44.9,251957
2020-02-17,44.3,44.3,45.6,44.3,44.9,251957
2020-02-18,44.3,44.3,45.6,44.3,44.9,251957
2020-02-19,44.3,44.3,45.6,44.3,44.9,251957
2020-02-20,44.3,44.3,45.6,44.3,44.9,251957
2020-02-21,44.3,44.3,45.6,44.3,44.9,251957
2020-02-24,44.3,44.3,45.6,44.3,44.9,251957
2020-02-25,44.3,44.3,45.6,44.3,44.9,251957
2020-02-26,44.3,44.3,45.6,44.3,44.9,251957
2020-02-27,44.3,44.3,45.6,44.3,44.9,251957
2020-02-28,44.3,44.3,45.6,44.3,44.9,251957
2020-03-02,44.3,44.3,45.6,44.3,44.9,251957
2020-03-03,44.3,44.3,45.6,44.3,44.9,251957
2020-03-04,44.3,44.3,45.6,44.3,44.9,251957
2020-03-05,44.3,44.3,45.6,44.3,44.9,251957
2020-03-06,44.3,44.3,45.6,44.3,44.9,251957
2020-03-09,44.3,44.3,45.6,44.3,44.9,251957
2020-03-10,44.3,44.3,45.6,44.3,44.9,251957
2020-03-11,44.3,44.3,45.6,44.3,44.9,251957
2020-03-12,44.3,44.3,45.6,44.3,44.9,251957
2020-03-13,44.3,44.3,45.6,44.3,44.9,251957
2020-03-16,44.3,44.3,45.6,44.3,44.9,251957
2020-03-17,44.3,44.3,45.6,44.3,44.9,251957
2020-03-18,44.3,44.3,45.6,44.3,44.9,251957
2020-03-19,44.3,44.3,45.6,44.3,44.9,251957
2020-03-20,44.3,44.3,45.6,44.3,44.9,251957
2020-03-23,44.3,44.3,45.6,44.3,44.9,251957
2020-03-24,44.3,44.3,45.6,44.3,44.9,251957
2020-03-25,44.3,44.3,45.6,44.3,44.9,251957
2020-03-26,44.3,44.3,45.6,44.3,44.9,251957
2020-03-27,44.3,44.3,45.6,44.3,44.9,251957
2020-03-30,44.3,44.3,45.6,44.3,44.9,251957
2020-03-31,44.3,44.3,45.6,44.3,44.9,251957
2020-04-01,44.3,44.3,45.6,44.3,44.9,251957
2020-04-02,44.3,44.3,45.6,44.3,44.9,251957
2020-04-03,44.3,44.3,45.6,44.3,44.9,251957
2020-04-07,44.3,44.3,45.6,44.3,44.9,251957
2020-04-08,44.3,44.3,45.6,44.3,44.9,251957
2020-04-09,44.3,44.3,45.6,44.3,44.9,251957
2020-04-10,44.3,44.3,45.6,44.3,44.9,251957
2020-04-13,44.3,44.3,45.6,44.3,44.9,251957
2020-04-14,44.3,44.3,45.6,44.3,44.9,251957
2020-04-15,44.3,44.3,45.6,44.3,44.9,251957
2020-04-16,44.3,44.3,45.6,44.3,44.9,251957
2020-04-17,44.3,44.3,45.6,44.3,44.9,251957
2020-04-20,44.3,44.3,45.6,44.3,44.9,251957
2020-04-21,44.3,44.3,45.6,44.3,44.9,251957
2020-04-22,44.3,44.3,45.6,44.3,44.9,251957
2020-04-23,44.3,44.3,45.6,44.3,44.9,251957
2020-04-24,44.3,44.3,45.6,44.3,44.9,251957
2020-04-27,44.3,44.3,45.6,44.3,44.9,251957
2020-04-28,44.3,44.3,45.6,44.3,44.9,251957
2020-04-29,44.3,44.3,45.6,44.3,44.9,251957
2020-05-01,44.3,44.3,45.6,44.3,44.9,251957
2020-05-04,44.3,44.3,45.6,44.3,44.9,251957
2020-05-05,44.3,44.3,45.6,44.3,44.9,251957
2020-05-06,44.3,44.3,45.6,44.3,44.9,251957
2020-05-07,44.3,44.3,45.6,44.3,44.9,251957
2020-05-08,44.3,44.3,45.6,44.3,44.9,251957
2020-05-11,44.3,44.3,45.6,44.3,44.9,251957
2020-05-12,44.3,44.3,45.6,44.3,44.9,251957
2020-05-13,44.3,44.3,45.6,44.3,44.9,251957
2020-05-14,44.3,44.3,45.6,44.3,44.9,251957
2020-05-15,44.3,44.3,45.6,44.3,44.9,251957
2020-05-18,44.3,44.3,45.6,44.3,44.9,251957
2020-05-19,44.3,44.3,45.6,44.3,44.9,251957
2020-05-20,44.3,44.3,45.6,44.3,44.9,251957
2020-05-21,44.3,44.3,45.6,44.3,44.9,251957
2020-05-22,44.3,44.3,45.6,44.3,44.9,251957
2020-05-25,44.3,44.3,45.6,44.3,44.9,251957
2020-05-26,44.3,44.3,45.6,44.3,44.9,251957
2020-05-27,44.3,44.3,45.6,44.3,44.9,251957
2020-05-28,44.3,44.3,45.6,44.3,44.9,251957
2020-05-29,44.3,44.3,45.6,44.3,44.9,251957
2020-06-01,44.3,44.3,45.6,44.3,44.9,251957
2020-06-02,44.3,44.3,45.6,44.3,44.9,251957
2020-06-03,44.3,44.3,45.6,44.3,44.9,251957
2020-06-04,44.3,44.3,45.6,44.3,44.9,251957
2020-06-05,44.3,44.3,45.6,44.3,44.9,251957
2020-06-08,44.3,44.3,45.6,44.3,44.9,251957
2020-06-09,44.3,44.3,45.6,44.3,44.9,251957
2020-06-10,44.3,44.3,45.6,44.3,44.9,251957
2020-06-11,44.3,44.3,45.6,44.3,44.9,251957
2020-06-12,44.3,44.3,45.6,44.3,44.9,251957
2020-06-15,44.3,44.3,45.6,44.3,44.9,251957
2020-06-16,44.3,44.3,45.6,44.3,44.9,251957
2020-06-17,44.3,44.3,45.6,44.3,44.9,251957
2020-06-18,44.3,44.3,45.6,44.3,44.9,251957
2020-06-19,44.3,44.3,45.6,44.3,44.9,251957
2020-06-22,44.3,44.3,45.6,44.3,44.9,251957
2020-06-23,44.3,44.3,45.6,44.3,44.9,251957
2020-06-24,44.3,44.3,45.6,44.3,44.9,251957
2020-06-25,44.3,44.3,45.6,44.3,44.9,251957
2020-06-26,44.3,44.3,45.6,44.3,44.9,251957
2020-06-29,44.3,44.3,45.6,44.3,44.9,251957
2020-06-30,44.3,44.3,45.6,44.3,44.9,251957
2020-07-01,44.3,44.3,45.6,44.3,44.9,251957
2020-07-02,44.3,44.3,45.6,44.3,44.9,251957
2020-07-03,44.3,44.3,45.6,44.3,44.9,251957
2020-07-06,44.3,44.3,45.6,44.3,44.9,251957
2020-07-07,44.3,44.3,45.6,44.3,44.9,251957
2020-07-08,44.3,44.3,45.6,44.3,44.9,251957
2020-07-09,44.3,44.3,45.6,44.3,44.9,251957
2020-07-10,44.3,44.3,45.6,44.3,44.9,251957
2020-07-13,44.3,44.3,45.6,44.3,44.9,251957
2020-07-14,44.3,44.3,45.6,44.3,44.9,251957
2020-07-15,44.3,44.3,45.6,44.3,44.9,251957
2020-07-16,44.3,44.3,45.6,44.3,44.9,251957
2020-07-17,44.3,44.3,45.6,44.3,44.9,251957
2020-07-20,44.3,44.3,45.6,44.3,44.9,251957
2020-07-21,44.3,44.3,45.6,44.3,44.9,251957
2020-07-22,44.3,44.3,45.6,44.3,44.9,251957
2020-07-23,44.3,44.3,45.6,44.3,44.9,251957
2020-07-24,44.3,44.3,45.6,44.3,44.9,251957
2020-07-27,44.3,44.3,45.6,44.3,44.9,251957
2020-07-28,44.3,44.3,45.6,44.3,44.9,251957
2020-07-29,44.3,44.3,45.6,44.3,44.9,251957
2020-07-30,44.3,44.3,45.6,44.3,44.9,251957
2020-07-31,44.3,44.3,45.6,44.3,44.9,251957
2020-08-03,44.3,44.3,45.6,44.3,44.9,251957
2020-08-04,44.3,44.3,45.6,44.3,44.9,251957
2020-08-05,44.3,44.3,45.6,44.3,44.9,251957
2020-08-06,44.3,44.3,45.6,44.3,44.9,251957
2020-08-07,44.3,44.3,45.6,44.3,44.9,251957
2020-08-10,44.3,44.3,45.6,44.3,44.9,251957
2020-08-11,44.3,44.3,45.6,44.3,44.9,251957
2020-08-12,44.3,44.3,45.6,44.3,44.9,251957
2020-08-13,44.3,44.3,45.6,44.3,44.9,251957
2020-08-14,44.3,44.3,45.6,44.3,44.9,251957
2020-08-17,44.3,44.3,45.6,44.3,44.9,251957
2020-08-18,44.3,44.3,45.6,44.3,44.9,251957
2020-08-19,44.3,44.3,45.6,44.3,44.9,251957
2020-08-20,44.3,44.3,45.6,44.3,44.9,251957
2020-08-21,44.3,44.3,45.6,44.3,44.9,251957
2020-08-24,44.3,44.3,45.6,44.3,44.9,251957
2020-08-25,44.3,44.3,45.6,44.3,44.9,251957
2020-08-26,44.3,44.3,45.6,44.3,44.9,251957
2020-08-27,44.3,44.3,45.6,44.3,44.9,251957
2020-08-28,44.3,44.3,45.6,44.3,44.9,251957
2020-08-31,44.3,44.3,45.6,44.3,44.9,251957
2020-09-01,44.3,44.3,45.6,44.3,44.9,251957
2020-09-02,44.3,44.3,45.6,44.3,44.9,251957
2020-09-03,44.3,44.3,45.6,44.3,44.9,251957
2020-09-04,44.3,44.3,45.6,44.3,44.9,251957
2020-09-07,44.3,44.3,45.6,44.3,44.9,251957
2020-09-08,44.3,44.3,45.6,44.3,44.9,251957
2020-09-09,44.3,44.3,45.6,44.3,44.9,251957
2020-09-10,44.3,44.3,45.6,44.3,44.9,251957
2020-09-11,44.3,44.3,45.6,44.3,44.9,251957
2020-09-14,44.3,44.3,45.6,44.3,44.9,251957
2020-09-15,44.3,44.3,45.6,44.3,44.9,251957
2020-09-16,44.3,44.3,45.6,44.3,44.9,251957
2020-09-17,44.3,44.3,45.6,44.3,44.9,251957
2020-09-18,44.3,44.3,45.6,44.3,44.9,251957
2020-09-21,44.3,44.3,45.6,44.3,44.9,251957
2020-09-22,44.3,44.3,45.6,44.3,44.9,251957
2020-09-23,44.3,44.3,45.6,44.3,44.9,251957
2020-09-24,44.3,44.3,45.6,44.3,44.9,251957
2020-09-25,44.3,44.3,45.6,44.3,44.9,251957
2020-09-28,44.3,44.3,45.6,44.3,44.9,251957
2020-09-29,44.3,44.3,45.6,44.3,44.9,251957
2020-09-30,44.3,44.3,45.6,44.3,44.9,251957
2020-10-01,44.3,44.3,45.6,44.3,44.9,251957
2020-10-02,44.3,44.3,45.6,44.3,44.9,251957
2020-10-05,44.3,44.3,45.6,44.3,44.9,251957
2020-10-06,44.3,44.3,45.6,44.3,44.9,251957
2020-10-07,44.3,44.3,45.6,44.3,44.9,251957
2020-10-08,44.3,44.3,45.6,44.3,44.9,251957
2020-10-09,44.3,44.3,45.6,44.3,44.9,251957
2020-10-12,44.3,44.3,45.6,44.3,44.9,251957
2020-10-13,44.3,44.3,45.6,44.3,44.9,251957
2020-10-14,44.3,44.3,45.6,44.3,44.9,251957
2020-10-15,44.3,44.3,45.6,44.3,44.9,251957
2020-10-16,44.3,44.3,45.6,44.3,44.9,251957
2020-10-19,44.3,44.3,45.6,44.3,44.9,251957
2020-10-20,44.3,44.3,45.6,44.3,44.9,251957
2020-10-21,44.3,44.3,45.6,44.3,44.9,251957
2020-10-22,44.3,44.3,45.6,44.3,44.9,251957
2020-10-23,44.3,44.3,45.6,44.3,44.9,251957
2020-10-26,44.3,44.3,45.6,44.3,44.9,251957
2020-10-27,44.3,44.3,45.6,44.3,44.9,251957
2020-10-28,44.3,44.3,45.6,44.3,44.9,251957
2020-10-29,44.3,44.3,45.6,44.3,44.9,251957
2020-10-30,44.3,44.3,45.6,44.3,44.9,251957
2020-11-02,44.3,44.3,45.6,44.3,44.9,251957
2020-11-03,44.3,44.3,45.6,44.3,44.9,251957
2020-11-04,44.3,44.3,45.6,44.3,44.9,251957
2020-11-05,44.3,44.3,45.6,44.3,44.9,251957
2020-11-06,44.3,44.3,45.6,44.3,44.9,251957
2020-11-09,44.3,44.3,45.6,44.3,44.9,251957
2020-11-10,44.3,44.3,45.6,44.3,44.9,251957
2020-11-11,44.3,44.3,45.6,44.3,44.9,251957
2020-11-12,44.3,44.3,45.6,44.3,44.9,251957
2020-11-13,44.3,44.3,45.6,44.3,44.9,251957
2020-11-16,44.3,44.3,45.6,44.3,44.9,251957
2020-11-17,44.3,44.3,45.6,44.3,44.9,251957
2020-11-18,44.3,44.3,45.6,44.3,44.9,251957
2020-11-19,44.3,44.3,45.6,44.3,44.9,251957
2020-11-20,44.3,44.3,45.6,44.3,44.9,251957
2020-11-23,44.3,44.3,45.6,44.3,44.9,251957
2020-11-24,44.3,44.3,45.6,44.3,44.9,251957
2020-11-25,44.3,44.3,45.6,44.3,44.9,251957
2020-11-26,44.3,44.3,45.6,44.3,44.9,251957
2020-11-27,44.3,44.3,45.6,44.3,44.9,251957
2020-11-30,44.3,44.3,45.6,44.3,44.9,251957
2020-12-01,44.3,44.3,45.6,44.3,44.9,251957
2020-12-02,44.3,44.3,45.6,44.3,44.9,251957
2020-12-04,44.3,44.3,45.6,44.3,44.9,251957
2020-12-07,44.3,44.3,45.6,44.3,44.9,251957
2020-12-08,44.3,44.3,45.6,44.3,44.9,251957
2020-12-09,44.3,44.3,45.6,44.3,44.9,251957
2020-12-10,44.3,44.3,45.6,44.3,44.9,251957
2020-12-11,44.3,44.3,45.6,44.3,44.9,251957
2020-12-14,44.3,44.3,45.6,44.3,44.9,251957
2020-12-15,44.3,44.3,45.6,44.3,44.9,251957
2020-12-16,44.3,44.3,45.6,44.3,44.9,251957
2020-12-17,44.3,44.3,45.6,44.3,44.9,251957
2020-12-18,44.3,44.3,45.6,44.3,44.9,251957
2020-12-21,44.3,44.3,45.6,44.3,44.9,251957
2020-12-22,44.3,44.3,45.6,44.3,44.9,251957
2020-12-23,44.3,44.3,45.6,44.3,44.9,251957
2020-12-24,44.3,44.3,45.6,44.3,44.9,251957
2020-12-25,44.3,44.3,45.6,44.3,44.9,251957
2020-12-28,44.3,44.3,45.6,44.3,44.9,251957
2020-12-29,44.3,44.3,45.6,44.3,44.9,251957
2020-12-30,44.3,44.3,45.6,44.3,44.9,251957
2020-12-31,44.3,44.3,45.6,44.3,44.9,251957
2021-01-01,44.3,44.3,45.6,44.3,44.9,251957
2021-01-04,44.3,44.3,45.6,44.3,44.9,251957
2021-01-05,44.3,44.3,45.6,44.3,44.9,251957
2021-01-06,44.3,44.3,45.6,44.3,44.9,251957
2021-01-07,44.3,44.3,45.6,44.3,44.9,251957
2021-01-08,44.3,44.3,45.6,44.3,44.9,251957
2021-01-11,44.3,44.3,45.6,44.3,44.9,251957
2021-01-12,44.3,44.3,45.6,44.3,44.9,251957
2021-01-13,44.3,44.3,45.6,44.3,44.9,251957
2021-01-14,44.3,44.3,45.6,44.3,44.9,251957
2021-01-15,44.3,44.3,45.6,44.3,44.9,251957
2021-01-18,44.3,44.3,45.6,44.3,44.9,251957
2021-01-19,44.3,44.3,45.6,44.3,44.9,251957
2021-01-20,44.3,44.3,45.6,44.3,44.9,251957
2021-01-21,44.3,44.3,45.6,44.3,44.9,251957
2021-01-22,44.3,44.3,45.6,44.3,44.9,251957
2021-01-25,44.3,44.3,45.6,44.3,44.9,251957
2021-01-26,44.3,44.3,45.6,44.3,44.9,251957
2021-01-27,44.3,44.3,45.6,44.3,44.9,251957
2021-01-28,44.3,44.3,45.6,44.3,44.9,251957
2021-01-29,44.3,44.3,45.6,44.3,44.9,251957
2021-02-01,44.3,44.3,45.6,44.3,44.9,251957
2021-02-02,44.3,44.3,45.6,44.3,44.9,251957
2021-02-03,44.3,44.3,45.6,44.3,44.9,251957
2021-02-04,44.3,44.3,45.6,44.3,44.9,251957
2021-02-05,44.3,44.3,45.6,44.3,44.9,251957
2021-02-08,44.3,44.3,45.6,44.3,44.9,251957
2021-02-09,44.3,44.3,45.6,44.3,44.9,251957
2021-02-10,44.3,44.3,45.6,44.3,44.9,251957
2021-02-11,44.3,44.3,45.6,44.3,44.9,251957
2021-02-12,44.3,44.3,45.6,44.3,44.9,251957
2021-02-15,44.3,44.3,45.6,44.3,44.9,251957
2021-02-16,44.3,44.3,45.6,44.3,44.9,251957
2021-02-17,44.3,44.3,45.6,44.3,44.9,251957
2021-02-18,44.3,44.3,45.6,44.3,44.9,251957
2021-02-19,44.3,44.3,45.6,44.3,44.9,251957
2021-02-22,44.3,44.3,45.6,44.3,44.9,251957
2021-02-23,44.3,44.3,45.6,44.3,44.9,251957
2021-02-24,44.3,44.3,45.6,44.3,44.9,251957
2021-02-25,44.3,44.3,45.6,44.3,44.9,251957
2021-02-26,44.3,44.3,45.6,44.3,44.9,251957
2021-03-01,44.3,44.3,45.6,44.3,44.9,251957
2021-03-02,44.3,44.3,45.6,44.3,44.9,251957
2021-03-03,44.3,44.3,45.6,44.3,44.9,251957
2021-03-04,44.3,44.3,45.6,44.3,44.9,251957
2021-03-05,44.3,44.3,45.6,44.3,44.9,251957
2021-03-08,44.3,44.3,45.6,44.3,44.9,251957
2021-03-09,44.3,44.3,45.6,44.3,44.9,251957
2021-03-10,44.3,44.3,45.6,44.3,44.9,251957
2021-03-11,44.3,44.3,45.6,44.3,44.9,251957
2021-03-12,44.3,44.3,45.6,44.3,44.9,251957
2021-03-15,44.3,44.3,45.6,44.3,44.9,251957
2021-03-16,44.3,44.3,45.6,44.3,44.9,251957
2021-03-17,44.3,44.3,45.6,44.3,44.9,251957
2021-03-18,44.3,44.3,45.6,44.3,44.9,251957
2021-03-19,44.3,44.3,45.6,44.3,44.9,251957
2021-03-22,44.3,44.3,45.6,44.3,44.9,251957
2021-03-23,44.3,44.3,45.6,44.3,44.9,251957
2021-03-24,44.3,44.3,45.6,44.3,44.9,251957
2021-03-25,44.3,44.3,45.6,44.3,44.9,251957
2021-03-26,44.3,44.3,45.6,44.3,44.9,251957
2021-03-29,44.3,44.3,45.6,44.3,44.9,251957
2021-03-30,44.3,44.3,45.6,44.3,44.9,251957
2021-03-31,44.3,44.3,45.6,44.3,44.9,251957
2021-04-01,44.3,44.3,45.6,44.3,44.9,251957
2021-04-02,44.3,44.3,45.6,44.3,44.9,251957
2021-04-05,44.3,44.3,45.6,44.3,44.9,251957
2021-04-06,44.3,44.3,45.6,44.3,44.9,251957
2021-04-07,44.3,44.3,45.6,44.3,44.9,251957
2021-04-08,44.3,44.3,45.6,44.3,44.9,251957
2021-04-09,44.3,44.3,45.6,44.3,44.9,251957
2021-04-12,44.3,44.3,45.6,44.3,44.9,251957
2021-04-13,44.3,44.3,45.6,44.3,44.9,251957
2021-04-14,44.3,44.3,45.6,44.3,44.9,251957
2021-04-15,44.3,44.3,45.6,44.3,44.9,251957
2021-04-16,44.3,44.3,45.6,44.3,44.9,251957
2021-04-19,44.3,44.3,45.6,44.3,44.9,251957
2021-04-20,44.3,44.3,45.6,44.3,44.9,251957
2021-04-21,44.3,44.3,45.6,44.3,44.9,251957
2021-04-22,44.3,44.3,45.6,44.3,44.9,251957
2021-04-23,44.3,44.3,45.6,44.3,44.9,251957
2021-04-26,44.3,44.3,45.6,44.3,44.9,251957
2021-04-27,44.3,44.3,45.6,44.3,44.9,251957
2021-04-28,44.3,44.3,45.6,44.3,44.9,251957
2021-04-29,44.3,44.3,45.6,44.3,44.9,251957
2021-04-30,44.3,44.3,45.6,44.3,44.9,251957
2021-05-03,44.3,44.3,45.6,44.3,44.9,251957
2021-05-04,44.3,44.3,45.6,44.3,44.9,251957
2021-05-05,44.3,44.3,45.6,44.3,44.9,251957
2021-05-06,44.3,44.3,45.6,44.3,44.9,251957
2021-05-07,44.3,44.3,45.6,44.3,44.9,251957
2021-05-10,44.3,44.3,45.6,44.3,44.9,251957
2021-05-11,44.3,44.3,45.6,44.3,44.9,251957
2021-05-12,44.3,44.3,45.6,44.3,44.9,251957
2021-05-13,44.3,44.3,45.6,44.3,44.9,251957
2021-05-14,44.3,44.3,45.6,44.3,44.9,251957
2021-05-17,44.3,44.3,45.6,44.3,44.9,251957
2021-05-18,44.3,44.3,45.6,44.3,44.9,251957
2021-05-19,44.3,44.3,45.6,44.3,44.9,251957
2021-05-20,44.3,44.3,45.6,44.3,44.9,251957
2021-05-21,44.3,44.3,45.6,44.3,44.9,251957
2021-05-24,44.3,44.3,45.6,44.3,44.9,251957
2021-05-25,44.3,44.3,45.6,44.3,44.9,251957
2021-05-26,44.3,44.3,45.6,44.3,44.9,251957
2021-05-27,44.3,44.3,45.6,44.3,44.9,251957
2021-05-28,44.3,44.3,45.6,44.3,44.9,251957
2021-05-31,44.3,44.3,45.6,44.3,44.9,251957
2021-06-01,44.3,44.3,45.6,44.3,44.9,251957
2021-06-02,44.3,44.3,45.6,44.3,44.9,251957
2021-06-03,44.3,44.3,45.6,44.3,44.9,251957
2021-06-04,44.3,44.3,45.6,44.3,44.9,251957
2021-06-07,44.3,44.3,45.6,44.3,44.9,251957
2021-06-08,44.3,44.3,45.6,44.3,44.9,251957
2021-06-09,44.3,44.3,45.6,44.3,44.9,251957
2021-06-10,44.3,44.3,45.6,44.3,44.9,251957
2021-06-11,44.3,44.3,45.6,44.3,44.9,251957
2021-06-14,44.3,44.3,45.6,44.3,44.9,251957
2021-06-15,44.3,44.3,45.6,44.3,44.9,251957
2021-06-16,44.3,44.3,45.6,44.3,44.9,251957
2021-06-17,44.3,44.3,45.6,44.3,44.9,251957
2021-06-18,44.3,44.3,45.6,44.3,44.9,251957
2021-06-21,44.3,44.3,45.6,44.3,44.9,251957
2021-06-22,44.3,44.3,45.6,44.3,44.9,251957
2021-06-23,44.3,44.3,45.6,44.3,44.9,251957
2021-06-24,44.3,44.3,45.6,44.3,44.9,251957
2021-06-25,44.3,44.3,45.6,44.3,44.9,251957
2021-06-28,44.3,44.3,45.6,44.3,44.9,251957
2021-06-29,44.3,44.3,45.6,44.3,44.9,251957
2021-06-30,44.3,44.3,45.6,44.3,44.9,251957
2021-07-01,44.3,44.3,45.6,44.3,44.9,251957
2021-07-02,44.3,44.3,45.6,44.3,44.9,251957
2021-07-05,44.3,44.3,45.6,44.3,44.9,251957
2021-07-06,44.3,44.3,45.6,44.3,44.9,251957
2021-07-07,44.3,44.3,45.6,44.3,44.9,251957
2021-07-08,44.3,44.3,45.6,44.3,44.9,251957
2021-07-09,44.3,44.3,45.6,44.3,44.9,251957
2021-07-12,44.3,44.3,45.6,44.3,44.9,251957
2021-07-13,44.3,44.3,45.6,44.3,44.9,251957
2021-07-14,44.3,44.3,45.6,44.3,44.9,251957
2021-07-15,44.3,44.3,45.6,44.3,44.9,251957
2021-07-16,44.3,44.3,45.6,44.3,44.9,251957
2021-07-19,44.3,44.3,45.6,44.3,44.9,251957
2021-07-20,44.3,44.3,45.6,44.3,44.9,251957
2021-07-21,44.3,44.3,45.6,44.3,44.9,251957
2021-07-22,44.3,44.3,45.6,44.3,44.9,251957
2021-07-23,44.3,44.3,45.6,44.3,44.9,251957
2021-07-26,44.3,44.3,45.6,44.3,44.9,251957
2021-07-27,44.3,44.3,45.6,44.3,44.9,251957
2021-07-28,44.3,44.3,45.6,44.3,44.9,251957
2021-07-29,44.3,44.3,45.6,44.3,44.9,251957
2021-07-30,44.3,44.3,45.6,44.3,44.9,251957
2021-08-02,44.3,44.3,45.6,44.3,44.9,251957
2021-08-03,44.3,44.3,45.6,44.3,44.9,251957
2021-08-04,44.3,44.3,45.6,44.3,44.9,251957
2021-08-05,44.3,44.3,45.6,44.3,44.9,251957
2021-08-06,44.3,44.3,45.6,44.3,44.9,251957
2021-08-09,31.5,31.5,34.8,31.5,34.8,1229000
2021-08-10,30.5,30.5,31.95,30.1,31.75,434000
2021-08-11,30.55,30.55,31.85,30.25,31.1,467000
2021-08-12,31.0,31.0,31.7,30.8,30.95,212000
2021-08-13,30.75,30.75,31.45,30.15,31.1,284000
2021-08-16,30.05,30.05,30.8,29.55,30.4,200000
2021-08-17,29.0,29.0,30.3,29.0,30.2,194000
2021-08-18,29.55,29.55,29.55,28.1,28.7,148000
2021-08-19,28.5,28.5,29.65,28.4,29.65,105000
2021-08-20,28.9,28.9,29.1,28.55,29.1,60000
2021-08-23,29.65,29.65,29.7,29.3,29.4,73000
2021-08-24,30.2,30.2,30.55,29.6,29.65,207000
2021-08-25,30.4,30.4,30.95,30.25,30.95,99000
2021-08-26,30.15,30.15,30.6,29.9,30.6,64000
2021-08-27,31.0,31.0,31.9,30.7,31.9,257000
2021-08-30,30.7,30.7,31.3,30.5,31.2,146000
2021-08-31,30.75,30.75,30.95,30.4,30.9,100000
2021-09-01,30.8,30.8,31.2,30.65,30.8,105000
2021-09-02,30.0,30.0,31.0,29.65,30.8,140000
2021-09-03,31.7,31.7,33.0,30.7,30.8,2133000
2021-09-06,31.15,31.15,32.7,30.85,32.65,518000
2021-09-07,28.5,28.5,28.9,28.05,28.85,1303000
2021-09-08,28.2,28.2,28.8,27.75,28.5,253000
2021-09-09,28.3,28.3,28.35,27.85,28.2,59000
2021-09-10,28.2,28.2,28.7,28.0,28.7,77000
2021-09-13,28.2,28.2,28.25,27.25,27.65,173000
2021-09-14,28.05,28.05,28.45,28.0,28.45,35000
2021-09-15,28.1,28.1,28.35,27.9,28.35,37000
2021-09-16,28.35,28.35,28.35,28.0,28.1,65000
2021-09-17,28.45,28.45,28.5,28.3,28.35,49000
2021-09-20,44.6,44.6,46.6,44.6,46.4,513843
2021-09-21,44.6,44.6,46.6,44.6,46.4,513843
2021-09-22,28.0,28.0,28.0,27.65,28.0,28000
2021-09-23,28.2,28.2,28.3,28.0,28.0,78000
2021-09-24,28.35,28.35,28.5,28.3,28.4,54000
2021-09-27,28.4,28.4,28.4,28.3,28.4,26000
2021-09-28,28.4,28.4,28.5,28.05,28.5,55000
2021-09-29,27.6,27.6,27.6,27.4,27.5,68000
2021-09-30,27.5,27.5,27.75,27.2,27.75,49000
2021-10-01,27.1,27.1,27.6,27.05,27.6,81000
2021-10-04,26.95,26.95,27.4,26.35,26.6,144000
2021-10-05,27.2,27.2,27.2,26.1,26.1,25000
2021-10-06,28.05,28.05,29.2,27.9,29.2,235000
2021-10-07,28.2,28.2,28.4,27.9,28.4,74000
2021-10-08,28.35,28.35,28.35,27.9,27.9,47000
2021-10-11,44.6,44.6,46.6,44.6,46.4,513843
2021-10-12,27.95,27.95,28.55,27.5,28.55,83000
2021-10-13,27.7,27.7,28.15,27.6,27.9,40000
2021-10-14,28.05,28.05,28.1,27.85,28.05,9000
2021-10-15,28.1,28.1,28.15,28.0,28.15,20000
2021-10-18,27.95,27.95,28.15,27.85,28.15,26000
2021-10-19,28.1,28.1,28.1,28.0,28.1,19000
2021-10-20,28.3,28.3,28.55,28.2,28.2,26000
2021-10-21,28.3,28.3,28.35,27.95,27.95,13000
2021-10-22,28.45,28.45,28.5,28.1,28.35,30000
2021-10-25,28.45,28.45,28.45,28.1,28.35,45000
2021-10-26,28.7,28.7,28.75,28.4,28.5,32000
2021-10-27,28.7,28.7,28.7,28.5,28.5,31000
2021-10-28,28.9,28.9,29.15,28.7,28.8,95000
2021-10-29,28.9,28.9,29.2,28.9,29.2,67000
2021-11-01,29.15,29.15,29.3,28.95,29.0,100000
2021-11-02,29.0,29.0,29.35,28.75,29.35,54000
2021-11-03,28.95,28.95,29.2,28.9,29.2,17000
2021-11-04,28.65,28.65,28.65,27.9,28.0,229000
2021-11-05,29.15,29.15,29.2,28.4,29.1,190000
2021-11-08,29.35,29.35,29.7,29.15,29.4,178000
2021-11-09,29.25,29.25,29.4,28.85,29.4,140000
2021-11-10,29.1,29.1,29.25,28.9,29.0,33000
2021-11-11,28.95,28.95,29.45,28.95,29.4,46000
2021-11-12,29.2,29.2,29.25,28.8,29.05,46000
2021-11-15,29.3,29.3,29.45,29.05,29.35,117000
2021-11-16,29.05,29.05,29.2,29.05,29.15,60000
2021-11-17,29.15,29.15,29.2,29.0,29.2,40000
2021-11-18,28.75,28.75,29.25,28.75,29.25,130000
2021-11-19,29.0,29.0,29.05,28.75,29.0,61000
2021-11-22,29.3,29.3,29.45,29.0,29.15,228000
2021-11-23,29.1,29.1,29.45,29.0,29.3,29000
2021-11-24,29.0,29.0,29.15,28.8,29.15,31000
2021-11-25,29.0,29.0,29.05,28.9,29.05,32000
2021-11-26,28.6,28.6,29.05,28.45,29.0,63000
2021-11-29,28.55,28.55,28.6,28.0,28.6,87000
2021-11-30,28.35,28.35,28.55,28.3,28.55,32000
2021-12-01,28.45,28.45,28.45,28.1,28.35,52000
2021-12-02,28.15,28.15,28.55,28.15,28.45,27000
2021-12-03,28.35,28.35,28.6,28.3,28.6,38000
2021-12-06,28.45,28.45,28.6,28.05,28.2,53000
2021-12-07,28.5,28.5,28.5,28.05,28.5,65000
2021-12-08,28.25,28.25,28.35,28.2,28.2,46000
2021-12-09,28.15,28.15,28.2,28.05,28.2,43000
2021-12-10,28.4,28.4,28.8,28.3,28.35,65000
2021-12-13,28.45,28.45,28.55,28.2,28.4,24000
2021-12-14,28.3,28.3,28.55,28.2,28.5,13000
2021-12-15,28.15,28.15,28.4,28.15,28.2,9000
2021-12-16,28.3,28.3,28.4,27.85,28.4,52000
2021-12-17,28.25,28.25,28.25,28.0,28.1,36000
2021-12-20,28.05,28.05,28.3,27.9,28.25,94000
2021-12-21,28.35,28.35,28.4,28.15,28.15,15000
2021-12-22,28.25,28.25,28.4,28.15,28.4,31000
2021-12-23,28.45,28.45,28.45,28.3,28.3,16000
2021-12-24,28.15,28.15,28.5,28.15,28.45,63000
2021-12-27,28.3,28.3,28.4,28.05,28.4,23000
2021-12-28,28.7,28.7,28.7,28.25,28.3,70000
2021-12-29,28.8,28.8,28.8,28.5,28.7,48000
2021-12-30,28.7,28.7,28.8,28.0,28.8,62000
2021-12-31,44.6,44.6,46.6,44.6,46.4,513843
2022-01-03,28.35,28.35,28.7,28.25,28.7,63000
2022-01-04,28.35,28.35,28.65,28.35,28.55,21000
2022-01-05,29.2,29.2,29.3,28.4,28.4,212000
2022-01-06,30.0,30.0,30.15,29.45,29.6,664000
2022-01-07,29.3,29.3,30.0,29.0,29.9,209000
2022-01-10,28.9,28.9,29.5,28.75,28.75,249000
2022-01-11,29.45,29.45,29.5,28.8,29.0,155000
2022-01-12,29.9,29.9,30.05,29.4,29.5,303000
2022-01-13,29.8,29.8,30.5,29.7,30.05,209000
2022-01-14,29.6,29.6,30.0,29.1,30.0,174000
2022-01-17,29.6,29.6,29.9,29.2,29.55,127000
2022-01-18,29.55,29.55,29.65,29.45,29.6,60000
2022-01-19,29.5,29.5,29.55,29.0,29.4,131000
2022-01-20,29.55,29.55,29.55,29.3,29.5,66000
2022-01-21,29.15,29.15,29.7,29.0,29.45,109000
2022-01-24,29.0,29.0,29.0,28.7,29.0,101000
2022-01-25,29.0,29.0,29.2,28.8,29.05,41000
2022-01-26,29.25,29.25,29.25,28.95,29.1,61000
2022-01-27,44.6,44.6,46.6,44.6,46.4,513843
2022-01-28,44.6,44.6,46.6,44.6,46.4,513843
2022-01-31,44.6,44.6,46.6,44.6,46.4,513843
2022-02-01,44.6,44.6,46.6,44.6,46.4,513843
2022-02-02,44.6,44.6,46.6,44.6,46.4,513843
2022-02-03,44.6,44.6,46.6,44.6,46.4,513843
2022-02-04,44.6,44.6,46.6,44.6,46.4,513843
2022-02-07,29.5,29.5,29.6,28.6,29.6,53000
2022-02-08,29.65,29.65,29.8,29.4,29.75,86000
2022-02-09,29.75,29.75,29.75,29.5,29.65,44000
2022-02-10,29.0,29.0,29.0,28.4,28.8,267000
2022-02-11,28.55,28.55,28.6,28.45,28.55,72000
2022-02-14,28.3,28.3,28.4,28.1,28.2,65000
2022-02-15,28.65,28.65,28.65,28.25,28.3,29000
2022-02-16,28.7,28.7,28.75,28.6,28.7,26000
2022-02-17,28.75,28.75,28.85,28.5,28.85,18000
2022-02-18,28.75,28.75,28.75,28.5,28.75,17000
2022-02-21,28.55,28.55,28.75,28.55,28.55,35000
2022-02-22,28.6,28.6,28.6,28.35,28.5,23000
2022-02-23,28.65,28.65,28.7,28.3,28.7,26000
2022-02-24,28.0,28.0,28.5,27.7,28.5,59000
2022-02-25,28.6,28.6,28.8,28.0,28.3,23000
2022-02-28,44.6,44.6,46.6,44.6,46.4,513843
2022-03-01,28.7,28.7,28.7,28.45,28.7,18000
2022-03-02,28.75,28.75,28.75,28.6,28.7,23000
2022-03-03,28.8,28.8,28.9,28.55,28.75,60000
2022-03-04,28.9,28.9,29.3,28.75,28.85,60000
2022-03-07,28.85,28.85,29.05,28.2,29.05,50000
2022-03-08,28.2,28.2,28.6,28.1,28.35,52000
2022-03-09,28.65,28.65,28.65,28.05,28.55,73000
2022-03-10,28.7,28.7,28.7,28.5,28.7,20000
2022-03-11,28.6,28.6,28.7,28.45,28.7,11000
2022-03-14,28.65,28.65,28.8,28.6,28.75,24000
2022-03-15,28.45,28.45,28.6,28.35,28.6,24000
2022-03-16,28.7,28.7,28.8,28.5,28.8,7000
2022-03-17,28.85,28.85,28.85,28.6,28.8,26000
2022-03-18,28.65,28.65,28.65,28.3,28.65,45000
2022-03-21,28.65,28.65,28.7,28.5,28.5,36000
2022-03-22,28.7,28.7,28.75,28.55,28.55,21000
2022-03-23,28.55,28.55,28.75,28.5,28.75,23000
2022-03-24,28.65,28.65,28.7,28.5,28.5,14000
2022-03-25,28.05,28.05,28.55,28.0,28.55,139000
2022-03-28,27.95,27.95,28.0,27.1,28.0,67000
2022-03-29,27.95,27.95,27.95,27.7,27.85,15000
2022-03-30,27.85,27.85,27.85,27.6,27.8,31000
2022-03-31,27.6,27.6,27.7,27.6,27.7,5000
2022-04-01,27.9,27.9,27.9,27.5,27.5,24000
2022-04-04,44.6,44.6,46.6,44.6,46.4,513843
2022-04-05,44.6,44.6,46.6,44.6,46.4,513843
2022-04-06,27.9,27.9,27.9,27.65,27.7,17000
2022-04-07,27.85,27.85,28.05,27.4,27.4,23000
2022-04-08,27.55,27.55,27.8,27.55,27.55,15000
2022-04-11,27.15,27.15,27.95,27.0,27.55,42000
2022-04-12,27.2,27.2,27.2,26.65,27.2,40000
2022-04-13,27.45,27.45,27.45,27.1,27.15,41000
2022-04-14,27.6,27.6,27.8,27.2,27.35,37000
2022-04-15,27.1,27.1,27.4,27.1,27.35,18000
2022-04-18,27.05,27.05,27.1,26.9,27.1,7000
2022-04-19,27.2,27.2,27.5,27.1,27.5,4000
2022-04-20,27.5,27.5,27.85,27.15,27.55,13000
2022-04-21,27.5,27.5,27.5,27.1,27.25,7000
2022-04-22,27.45,27.45,27.7,27.2,27.4,22000
2022-04-25,27.25,27.25,27.25,26.65,27.0,17000
2022-04-26,26.8,26.8,27.05,26.7,26.8,13000
2022-04-27,26.6,26.6,26.7,26.05,26.25,51000
2022-04-28,26.55,26.55,26.9,26.35,26.6,19000
2022-04-29,26.7,26.7,26.7,26.55,26.55,10000
2022-05-02,44.6,44.6,46.6,44.6,46.4,513843
2022-05-03,26.55,26.55,26.55,26.2,26.2,7000
2022-05-04,26.55,26.55,26.6,26.3,26.55,10000
2022-05-05,26.8,26.8,27.2,26.75,26.9,53000
2022-05-06,26.35,26.35,26.6,26.3,26.3,20000
2022-05-09,26.35,26.35,26.35,25.5,26.05,7000
2022-05-10,26.7,26.7,26.75,26.0,26.75,4000
2022-05-11,26.95,26.95,27.15,26.25,26.65,14000
2022-05-12,26.15,26.15,26.25,24.9,26.2,62000
2022-05-13,26.95,26.95,27.25,26.0,26.3,20000
2022-05-16,27.6,27.6,27.6,27.3,27.3,4000
2022-05-17,27.65,27.65,27.7,27.3,27.3,35000
2022-05-18,28.0,28.0,28.4,27.8,27.8,5000
2022-05-19,27.8,27.8,28.0,26.9,28.0,35000
2022-05-20,27.7,27.7,28.0,27.2,27.85,24000
2022-05-23,27.6,27.6,27.6,27.2,27.2,6000
2022-05-24,27.8,27.8,27.95,27.6,27.6,20000
2022-05-25,27.75,27.75,27.8,27.2,27.45,19000
2022-05-26,27.6,27.6,28.0,27.5,27.75,8000
2022-05-27,27.8,27.8,27.8,27.8,27.8,1000
2022-05-30,27.7,27.7,28.15,27.7,27.8,26000
2022-05-31,27.75,27.75,27.85,27.15,27.85,16000
2022-06-01,27.7,27.7,27.8,27.35,27.75,22000
2022-06-03,44.6,44.6,46.6,44.6,46.4,513843
2022-06-06,27.45,27.45,27.8,27.2,27.6,38000
2022-06-07,27.4,27.4,27.6,27.25,27.6,19000
2022-06-08,27.45,27.45,27.5,27.2,27.4,18000
2022-06-09,27.35,27.35,27.65,27.15,27.45,18000
2022-06-10,27.5,27.5,27.5,27.5,27.5,3000
2022-06-13,27.45,27.45,27.45,27.45,27.45,5000
2022-06-14,27.2,27.2,27.4,26.8,27.4,20000
2022-06-15,27.4,27.4,27.4,27.1,27.1,3000
2022-06-16,27.2,27.2,27.6,27.2,27.45,22000
2022-06-17,27.25,27.25,27.25,26.5,26.6,27000
2022-06-20,26.65,26.65,27.55,26.65,27.2,23000
2022-06-21,26.6,26.6,27.15,26.5,26.8,31000
2022-06-22,25.75,25.75,26.15,25.65,26.15,42000
2022-06-23,25.9,25.9,26.95,25.5,26.0,27000
2022-06-24,25.8,25.8,26.4,25.6,25.9,15000
2022-06-27,25.8,25.8,26.3,25.65,26.3,17000
2022-06-28,25.9,25.9,26.0,25.8,26.0,6000
2022-06-29,25.4,25.4,25.75,25.2,25.25,16000
2022-06-30,25.4,25.4,25.9,25.1,25.5,22000
2022-07-01,25.3,25.3,25.4,25.0,25.4,29000
2022-07-04,26.2,26.2,26.2,25.5,25.5,2000
2022-07-05,25.95,25.95,26.2,25.6,26.2,23000
2022-07-06,25.65,25.65,25.85,25.35,25.6,11000
2022-07-07,25.6,25.6,25.9,25.2,25.9,68000
2022-07-08,25.6,25.6,25.75,25.4,25.75,17000
2022-07-11,25.45,25.45,25.65,25.3,25.3,15000
2022-07-12,25.3,25.3,25.3,25.0,25.3,15000
2022-07-13,25.15,25.15,25.65,25.15,25.65,34000
2022-07-14,25.4,25.4,25.4,25.05,25.35,15000
2022-07-15,25.35,25.35,25.45,25.15,25.4,21000
2022-07-18,24.9,24.9,25.4,24.9,25.35,79000
2022-07-19,24.7,24.7,24.9,24.2,24.2,58000
2022-07-20,24.85,24.85,25.0,24.65,24.8,26000
2022-07-21,24.95,24.95,24.95,24.5,24.5,45000
2022-07-22,24.7,24.7,24.95,24.6,24.95,75000
2022-07-25,24.8,24.8,24.9,24.6,24.9,48000
2022-07-26,24.95,24.95,24.95,24.6,24.75,49000
2022-07-27,24.95,24.95,25.1,24.95,25.0,56000
2022-07-28,25.3,25.3,25.4,25.0,25.05,15000
2022-07-29,24.8,24.8,24.8,24.8,24.8,13000
2022-08-01,25.4,25.4,25.9,25.0,25.0,41000
2022-08-02,25.05,25.05,25.6,24.6,25.6,19000
2022-08-03,25.15,25.15,25.4,24.7,25.3,12000
2022-08-04,24.3,24.3,25.0,24.3,24.7,28000
2022-08-05,24.65,24.65,25.05,24.65,24.9,7000
2022-08-08,23.65,23.65,24.45,23.6,24.05,72000
2022-08-09,24.05,24.05,24.25,23.85,24.25,25000
2022-08-10,24.35,24.35,24.35,23.95,24.3,17000
2022-08-11,24.45,24.45,24.55,24.2,24.35,13000
2022-08-12,24.55,24.55,24.75,24.3,24.55,15000
2022-08-15,24.6,24.6,24.7,24.45,24.65,17000
2022-08-16,25.9,25.9,27.05,25.35,27.05,402000
2022-08-17,25.0,25.0,26.4,25.0,25.9,117000
2022-08-18,24.95,24.95,25.0,24.9,24.95,27000
2022-08-19,25.05,25.05,25.2,24.95,25.0,14000
2022-08-22,24.7,24.7,24.9,24.4,24.65,47000
2022-08-23,24.3,24.3,24.45,24.0,24.45,61000
2022-08-24,24.3,24.3,24.55,24.2,24.55,12000
2022-08-25,24.65,24.65,24.85,24.5,24.5,18000
2022-08-26,24.35,24.35,24.9,24.35,24.85,52000
2022-08-29,24.45,24.45,24.45,24.05,24.35,16000
2022-08-30,24.4,24.4,24.4,24.1,24.2,23000
2022-08-31,24.25,24.25,24.5,24.2,24.5,8000
2022-09-01,24.45,24.45,24.45,24.25,24.25,10000
2022-09-02,24.4,24.4,24.65,24.4,24.65,4000
2022-09-05,24.4,24.4,24.55,24.2,24.35,16000
2022-09-06,24.15,24.15,24.5,23.75,24.5,75000
2022-09-07,24.15,24.15,24.15,23.65,23.95,15000
2022-09-08,24.3,24.3,24.3,23.85,24.0,13000
2022-09-09,44.6,44.6,46.6,44.6,46.4,513843
2022-09-12,24.55,24.55,24.55,24.55,24.55,1000
2022-09-13,24.55,24.55,24.65,24.2,24.55,6000
2022-09-14,24.45,24.45,24.45,24.2,24.4,8000
2022-09-15,24.7,24.7,24.7,24.55,24.55,2000
2022-09-16,24.6,24.6,24.6,24.25,24.25,5000
2022-09-19,24.55,24.55,24.55,24.25,24.3,15000
2022-09-20,24.4,24.4,24.6,24.3,24.55,10000
2022-09-21,24.15,24.15,24.45,24.05,24.45,12000
2022-09-22,24.2,24.2,24.45,24.0,24.45,5000
2022-09-23,24.35,24.35,24.45,24.35,24.45,2000
2022-09-26,24.1,24.1,24.7,23.7,24.7,33000
2022-09-27,24.15,24.15,24.9,24.0,24.9,14000
2022-09-28,23.8,23.8,24.1,23.6,23.8,74000
2022-09-29,24.2,24.2,24.35,24.0,24.35,25000
2022-09-30,24.2,24.2,24.3,24.0,24.0,3000
2022-10-04,24.15,24.15,24.15,24.0,24.0,2000
2022-10-05,24.1,24.1,24.1,23.9,24.1,4000
2022-10-06,24.0,24.0,24.1,23.85,24.1,10000
2022-10-07,24.2,24.2,24.2,24.0,24.0,5000
2022-10-10,44.6,44.6,46.6,44.6,46.4,513843
2022-10-11,23.25,23.25,24.0,22.95,24.0,25000
2022-10-12,23.25,23.25,23.75,23.0,23.75,20000
2022-10-13,22.8,22.8,23.6,22.6,23.25,17000
2022-10-14,23.6,23.6,25.05,23.4,24.35,77000
2022-10-17,23.4,23.4,23.4,23.25,23.4,14000
2022-10-18,23.8,23.8,23.8,23.8,23.8,1000
2022-10-19,24.0,24.0,24.0,23.8,23.8,2000
2022-10-20,23.0,23.0,23.95,22.8,23.95,36000
2022-10-21,22.75,22.75,23.15,22.65,23.05,47000
2022-10-24,22.95,22.95,23.25,22.75,23.15,5000
2022-10-25,22.85,22.85,23.25,22.45,23.25,34000
2022-10-26,22.05,22.05,22.55,22.0,22.55,46000
2022-10-27,22.25,22.25,22.3,22.0,22.0,37000
2022-10-28,21.85,21.85,22.25,21.3,22.1,40000
2022-10-31,21.8,21.8,22.15,21.45,22.15,20000
2022-11-01,21.75,21.75,21.95,21.7,21.7,11000
2022-11-02,21.75,21.75,22.2,21.6,21.9,29000
2022-11-03,21.75,21.75,21.85,21.7,21.7,14000
2022-11-04,21.5,21.5,21.95,21.5,21.95,33000
2022-11-07,21.7,21.7,21.85,21.55,21.85,17000
2022-11-08,21.4,21.4,21.75,21.3,21.75,34000
2022-11-09,21.55,21.55,21.65,21.4,21.65,24000
2022-11-10,21.55,21.55,21.7,21.55,21.6,23000
2022-11-11,21.65,21.65,22.1,21.5,21.85,35000
2022-11-14,21.65,21.65,21.65,21.55,21.55,28000
2022-11-15,21.65,21.65,21.65,21.6,21.65,16000
2022-11-16,21.6,21.6,21.9,21.4,21.7,44000
2022-11-17,21.6,21.6,21.65,21.5,21.6,26000
2022-11-18,21.6,21.6,21.65,21.5,21.5,27000
2022-11-21,21.5,21.5,21.6,21.5,21.55,20000
2022-11-22,21.5,21.5,21.55,21.35,21.55,37000
2022-11-23,21.5,21.5,21.6,21.5,21.5,15000
2022-11-24,21.6,21.6,21.65,21.55,21.65,20000
2022-11-25,21.7,21.7,21.7,21.6,21.65,14000
2022-11-28,21.75,21.75,21.8,21.7,21.8,8000
2022-11-29,21.7,21.7,21.85,21.7,21.75,21000
2022-11-30,21.8,21.8,21.8,21.8,21.8,13000
2022-12-01,21.95,21.95,22.25,21.9,21.9,61000
2022-12-02,22.0,22.0,22.05,21.95,22.0,14000
2022-12-05,22.4,22.4,22.4,22.05,22.05,36000
2022-12-06,21.65,21.65,22.1,21.65,22.1,59000
2022-12-07,21.65,21.65,21.8,21.55,21.65,7000
2022-12-08,21.65,21.65,21.7,21.6,21.6,3000
2022-12-09,21.65,21.65,21.75,21.65,21.75,13000
2022-12-12,21.6,21.6,21.65,21.6,21.65,6000
2022-12-13,21.5,21.5,21.65,21.5,21.65,13000
2022-12-14,21.55,21.55,21.65,21.5,21.55,11000
2022-12-15,21.6,21.6,21.6,21.6,21.6,10000
2022-12-16,21.6,21.6,21.6,21.6,21.6,5000
2022-12-19,21.65,21.65,21.7,21.4,21.7,46000
2022-12-20,21.5,21.5,21.85,21.4,21.7,26000
2022-12-21,21.45,21.45,21.8,21.45,21.8,18000
2022-12-22,21.65,21.65,21.7,21.5,21.5,19000
2022-12-23,21.5,21.5,21.5,21.4,21.5,23000
2022-12-26,21.5,21.5,21.55,21.5,21.55,30000
2022-12-27,21.6,21.6,21.6,21.55,21.6,7000
2022-12-28,21.55,21.55,21.75,21.45,21.45,8000
2022-12-29,21.55,21.55,22.4,21.45,22.4,26000
2022-12-30,21.6,21.6,21.8,21.55,21.6,8000
2023-01-02,44.6,44.6,46.6,44.6,46.4,513843
2023-01-03,21.55,21.55,21.6,21.5,21.6,9000
2023-01-04,21.7,21.7,21.75,21.5,21.6,14000
2023-01-05,21.8,21.8,21.95,21.75,21.75,25000
2023-01-06,21.9,21.9,22.05,21.85,22.05,21000
2023-01-09,22.0,22.0,22.0,21.85,22.0,14000
2023-01-10,21.75,21.75,22.05,21.7,22.05,17000
2023-01-11,21.7,21.7,22.2,21.55,21.9,33000
2023-01-12,21.6,21.6,22.1,21.5,22.1,37000
2023-01-13,21.5,21.5,21.85,21.4,21.85,19000
2023-01-16,21.5,21.5,21.5,21.45,21.5,6000
2023-01-18,44.6,44.6,46.6,44.6,46.4,513843
2023-01-19,44.6,44.6,46.6,44.6,46.4,513843
2023-01-20,44.6,44.6,46.6,44.6,46.4,513843
2023-01-23,44.6,44.6,46.6,44.6,46.4,513843
2023-01-24,44.6,44.6,46.6,44.6,46.4,513843
2023-01-25,44.6,44.6,46.6,44.6,46.4,513843
2023-01-26,44.6,44.6,46.6,44.6,46.4,513843
2023-01-27,44.6,44.6,46.6,44.6,46.4,513843
2023-01-30,21.4,21.4,21.7,21.15,21.5,65000
2023-01-31,21.4,21.4,21.45,21.35,21.45,14000
2023-02-01,21.65,21.65,21.65,21.5,21.5,16000
2023-02-02,22.25,22.25,22.45,21.7,21.7,151000
2023-02-03,22.7,22.7,22.95,22.35,22.5,99000
2023-02-06,22.4,22.4,22.5,22.35,22.5,34000
2023-02-07,22.35,22.35,22.5,22.2,22.45,21000
2023-02-08,22.3,22.3,22.45,22.2,22.45,19000
2023-02-09,22.45,22.45,22.55,22.3,22.3,36000
2023-02-10,22.35,22.35,22.6,22.25,22.6,12000
2023-02-13,22.3,22.3,22.35,22.3,22.35,7000
2023-02-14,22.2,22.2,22.45,22.2,22.45,19000
2023-02-15,22.2,22.2,22.35,22.0,22.1,28000
2023-02-16,22.35,22.35,22.4,22.05,22.05,33000
2023-02-17,22.45,22.45,22.45,22.15,22.35,19000
2023-02-20,22.65,22.65,22.65,22.4,22.4,30000
2023-02-21,22.55,22.55,22.6,22.5,22.6,11000
2023-02-22,22.45,22.45,22.5,22.3,22.5,15000
2023-02-23,22.7,22.7,22.8,22.5,22.6,30000
2023-02-24,22.7,22.7,22.75,22.5,22.6,16000
2023-02-27,44.6,44.6,46.6,44.6,46.4,513843
2023-02-28,44.6,44.6,46.6,44.6,46.4,513843
2023-03-01,22.6,22.6,22.7,22.45,22.7,20000
2023-03-02,23.65,23.65,23.7,22.6,22.6,96000
2023-03-03,23.2,23.2,24.0,23.2,23.75,53000
2023-03-06,23.1,23.1,23.65,23.1,23.65,71000
2023-03-07,23.3,23.3,23.55,23.2,23.5,35000
2023-03-08,23.5,23.5,23.6,23.2,23.55,35000
2023-03-09,23.5,23.5,23.6,23.5,23.5,35000
2023-03-10,23.2,23.2,23.55,23.2,23.5,20000
2023-03-13,23.35,23.35,23.75,23.1,23.2,15000
2023-03-14,23.45,23.45,23.45,23.2,23.2,14000
2023-03-15,22.85,22.85,23.3,22.75,23.3,82000
2023-03-16,22.75,22.75,23.0,22.5,22.9,25000
2023-03-17,22.5,22.5,22.9,22.45,22.85,35000
2023-03-20,22.35,22.35,22.45,22.25,22.25,30000
2023-03-21,22.4,22.4,22.7,22.35,22.5,56000
2023-03-22,22.4,22.4,22.45,22.35,22.45,45000
2023-03-23,22.25,22.25,22.35,22.0,22.2,109000
2023-03-24,22.2,22.2,22.3,22.05,22.1,29000
2023-03-27,22.2,22.2,22.35,22.15,22.35,35000
2023-03-28,22.2,22.2,22.3,22.1,22.2,23000
2023-03-29,22.45,22.45,22.5,22.3,22.3,31000
2023-03-30,22.45,22.45,22.55,22.4,22.5,16000
2023-03-31,22.5,22.5,22.6,22.45,22.6,18000
2023-04-03,44.6,44.6,46.6,44.6,46.4,513843
2023-04-04,44.6,44.6,46.6,44.6,46.4,513843
2023-04-05,44.6,44.6,46.6,44.6,46.4,513843
2023-04-06,22.3,22.3,22.5,22.25,22.45,9000
2023-04-07,22.7,22.7,22.7,22.4,22.45,54000
2023-04-10,22.35,22.35,22.5,22.2,22.4,63000
2023-04-11,22.5,22.5,22.55,22.4,22.4,21000
2023-04-12,22.45,22.45,22.55,22.4,22.5,24000
2023-04-13,22.45,22.45,22.55,22.4,22.55,37000
2023-04-14,22.7,22.7,22.75,22.45,22.6,34000
2023-04-17,22.85,22.85,22.9,22.65,22.65,30000
2023-04-18,22.8,22.8,22.8,22.55,22.8,26000
2023-04-19,24.5,24.5,24.75,22.8,22.8,603000
2023-04-20,24.3,24.3,24.7,23.9,24.5,99000
2023-04-21,23.75,23.75,24.25,23.1,24.2,84000
2023-04-24,24.1,24.1,24.75,23.65,23.65,134000
2023-04-25,24.0,24.0,25.1,24.0,24.3,438000
2023-04-26,24.0,24.0,24.8,24.0,24.2,104000
2023-04-27,24.2,24.2,24.35,24.0,24.05,67000
2023-04-28,24.6,24.6,25.65,24.4,24.4,214000
2023-05-01,44.6,44.6,46.6,44.6,46.4,513843
2023-05-02,24.4,24.4,25.0,24.3,25.0,84000
2023-05-03,24.55,24.55,24.55,24.05,24.2,35000
2023-05-04,24.65,24.65,25.15,24.45,25.0,49000
2023-05-05,24.3,24.3,24.95,24.3,24.55,75000
2023-05-08,23.35,23.35,24.6,23.35,24.6,143000
2023-05-09,23.25,23.25,23.4,23.15,23.4,27000
2023-05-10,23.35,23.35,23.6,23.3,23.6,12000
2023-05-11,22.95,22.95,23.75,22.8,23.75,52000
2023-05-12,23.15,23.15,23.25,22.95,22.95,9000
2023-05-15,23.45,23.45,23.45,23.15,23.15,60000
2023-05-16,23.45,23.45,23.5,23.3,23.4,23000
2023-05-17,23.45,23.45,23.9,23.45,23.5,37000
2023-05-18,23.4,23.4,23.9,23.4,23.9,35000
2023-05-19,23.5,23.5,24.7,23.2,23.25,92000
2023-05-22,23.8,23.8,24.1,23.4,23.6,36000
2023-05-23,23.85,23.85,24.15,23.85,23.9,28000
2023-05-24,23.85,23.85,24.3,23.8,24.3,32000
2023-05-25,23.9,23.9,24.4,23.8,23.9,27000
2023-05-26,23.8,23.8,24.35,23.75,23.9,26000
2023-05-29,23.95,23.95,24.0,23.8,23.8,4000
2023-05-30,23.75,23.75,24.0,23.75,24.0,10000
2023-05-31,23.7,23.7,24.0,23.65,23.75,44000
2023-06-01,24.0,24.0,24.25,23.85,24.0,40000
2023-06-02,24.0,24.0,24.3,23.85,24.3,20000
2023-06-05,23.8,23.8,24.3,23.65,23.65,71000
2023-06-06,24.45,24.45,25.1,24.05,25.1,139000
2023-06-07,24.55,24.55,24.85,24.35,24.85,41000
2023-06-08,24.95,24.95,25.5,24.85,24.85,261000
2023-06-09,24.9,24.9,25.4,24.9,25.2,60000
2023-06-12,24.0,24.0,25.1,23.9,25.1,161000
2023-06-13,24.0,24.0,24.4,23.8,24.4,64000
2023-06-14,23.95,23.95,24.5,23.9,24.15,227000
2023-06-15,24.3,24.3,24.4,24.0,24.2,65000
2023-06-16,24.3,24.3,24.65,24.25,24.3,89000
2023-06-19,24.95,24.95,25.4,24.1,24.1,174000
2023-06-20,25.6,25.6,25.6,24.9,25.0,168000
2023-06-21,26.2,26.2,26.45,25.3,25.65,376000
2023-06-22,44.6,44.6,46.6,44.6,46.4,513843
2023-06-23,44.6,44.6,46.6,44.6,46.4,513843
2023-06-26,26.7,26.7,27.3,26.25,26.3,468000
2023-06-27,26.4,26.4,27.2,26.4,27.2,134000
2023-06-28,27.1,27.1,27.55,26.85,27.05,151000
2023-06-29,27.2,27.2,27.4,27.1,27.1,145000
2023-06-30,27.2,27.2,27.5,26.7,27.3,106000
2023-07-03,26.85,26.85,27.45,26.8,27.15,52000
2023-07-04,26.6,26.6,27.3,26.6,26.9,102000
2023-07-05,26.8,26.8,27.35,26.7,27.35,40000
2023-07-06,26.7,26.7,27.15,26.5,26.6,60000
2023-07-07,26.3,26.3,26.9,26.3,26.5,79000
2023-07-10,26.7,26.7,26.95,26.45,26.75,33000
2023-07-11,26.6,26.6,27.3,26.5,27.3,22000
2023-07-12,26.6,26.6,27.0,26.6,27.0,15000
2023-07-13,26.8,26.8,26.85,26.35,26.85,43000
2023-07-14,26.75,26.75,26.95,26.4,26.95,50000
2023-07-17,26.75,26.75,27.0,26.5,26.9,37000
2023-07-18,26.35,26.35,26.9,26.35,26.55,79000
2023-07-19,25.7,25.7,26.35,25.7,26.35,95000
2023-07-20,26.15,26.15,26.5,25.6,26.35,55000
2023-07-21,26.2,26.2,26.2,25.65,26.15,72000
2023-07-24,26.0,26.0,26.2,25.95,26.2,56000
2023-07-25,25.7,25.7,26.0,25.6,26.0,26000
2023-07-26,25.4,25.4,26.0,25.4,25.7,37000
2023-07-27,26.45,26.45,26.8,25.6,25.9,96000
2023-07-28,26.3,26.3,26.95,26.25,26.65,12000
2023-07-31,26.3,26.3,26.9,26.3,26.9,6000
2023-08-01,26.45,26.45,26.45,26.1,26.15,43000
2023-08-02,26.5,26.5,26.7,25.9,26.45,22000
2023-08-03,44.6,44.6,46.6,44.6,46.4,513843
2023-08-04,27.0,27.0,27.0,26.3,26.3,97000
2023-08-07,26.9,26.9,27.4,26.5,27.4,45000
2023-08-08,27.35,27.35,27.4,26.85,27.0,91000
2023-08-09,27.15,27.15,27.8,27.0,27.8,46000
2023-08-10,26.4,26.4,27.3,26.2,27.3,68000
2023-08-11,27.2,27.2,28.15,27.0,28.15,135000
2023-08-14,26.6,26.6,27.5,26.0,27.35,158000
2023-08-15,27.0,27.0,27.2,26.6,26.8,20000
2023-08-16,26.5,26.5,26.6,26.25,26.3,74000
2023-08-17,26.9,26.9,27.2,26.5,26.5,75000
2023-08-18,27.2,27.2,27.4,26.8,26.8,33000
2023-08-21,27.2,27.2,27.8,27.2,27.8,29000
2023-08-22,26.95,26.95,27.5,26.7,27.25,18000
2023-08-23,26.25,26.25,26.75,25.85,26.35,116000
2023-08-24,26.5,26.5,26.8,26.2,26.8,53000
2023-08-25,26.4,26.4,26.6,26.0,26.2,19000
2023-08-28,26.6,26.6,26.7,26.55,26.7,8000
2023-08-29,26.2,26.2,26.65,26.1,26.65,8000
2023-08-30,26.2,26.2,26.65,26.2,26.5,31000
2023-08-31,26.2,26.2,26.2,26.05,26.1,6000
2023-09-01,26.25,26.25,26.4,26.1,26.3,9000
2023-09-04,26.35,26.35,26.8,26.2,26.8,14000
2023-09-05,26.3,26.3,26.75,26.25,26.5,17000
2023-09-06,25.7,25.7,26.3,25.7,26.3,80000
2023-09-07,28.25,28.25,28.25,28.25,28.25,460000
2023-09-08,29.25,29.25,31.05,29.1,31.05,3153000
2023-09-11,29.35,29.35,30.7,28.55,29.15,893000
2023-09-12,32.2,32.2,32.2,30.05,30.9,2890000
2023-09-13,30.7,30.7,32.2,29.75,32.1,1440000
2023-09-14,32.05,32.05,32.8,30.25,31.15,1934000
2023-09-15,31.3,31.3,32.35,31.3,32.15,543000
2023-09-18,29.85,29.85,30.9,29.85,30.0,458000
2023-09-19,30.1,30.1,30.85,29.85,29.9,418000
2023-09-20,29.5,29.5,31.3,29.5,31.3,340000
2023-09-21,28.8,28.8,29.45,28.5,29.45,329000
2023-09-22,28.75,28.75,29.15,28.5,28.65,114000
2023-09-25,29.1,29.1,29.1,28.5,28.95,115000
2023-09-26,28.7,28.7,29.1,28.5,29.1,99000
2023-09-27,28.1,28.1,28.45,27.5,28.15,335000
2023-09-28,27.95,27.95,28.45,27.9,28.1,74000
2023-09-29,44.6,44.6,46.6,44.6,46.4,513843
2023-10-02,27.9,27.9,28.3,27.7,27.95,70000
2023-10-03,28.3,28.3,28.5,28.15,28.2,59000
2023-10-04,28.1,28.1,28.3,27.75,28.3,80000
2023-10-05,30.9,30.9,30.9,28.9,28.9,1404000
2023-10-06,29.2,29.2,32.0,29.2,30.95,1496000
2023-10-09,44.6,44.6,46.6,44.6,46.4,513843
2023-10-10,44.6,44.6,46.6,44.6,46.4,513843
2023-10-11,28.0,28.0,29.75,28.0,29.6,865000
2023-10-12,28.1,28.1,28.35,27.8,27.85,353000
2023-10-13,28.5,28.5,28.5,27.9,28.1,60000
2023-10-16,28.5,28.5,29.0,28.1,28.45,134000
2023-10-17,28.05,28.05,28.85,28.05,28.85,126000
2023-10-18,28.8,28.8,29.2,27.9,28.05,325000
2023-10-19,28.5,28.5,29.2,28.0,28.8,134000
2023-10-20,28.65,28.65,29.25,28.2,28.45,109000
2023-10-23,29.7,29.7,29.9,28.45,28.95,223000
2023-10-24,29.4,29.4,30.3,29.2,30.3,149000
2023-10-25,28.9,28.9,29.5,28.85,29.25,151000
2023-10-26,28.85,28.85,28.85,28.5,28.8,45000
2023-10-27,29.3,29.3,29.65,28.85,29.15,166000
2023-10-30,29.05,29.05,29.7,28.95,29.7,65000
2023-10-31,28.15,28.15,29.3,27.6,29.3,249000
2023-11-01,28.05,28.05,28.75,27.95,28.75,42000
2023-11-02,28.4,28.4,28.4,27.85,27.85,91000
2023-11-03,28.7,28.7,28.9,28.3,28.75,60000
2023-11-06,29.4,29.4,29.4,29.0,29.0,172000
2023-11-07,28.85,28.85,29.45,28.85,29.35,82000
2023-11-08,28.8,28.8,29.75,28.3,29.55,435000
2023-11-09,28.65,28.65,28.75,28.3,28.65,109000
2023-11-10,29.25,29.25,29.6,28.8,29.2,418000
2023-11-13,30.1,30.1,30.45,29.2,29.8,538000
2023-11-14,30.85,30.85,30.85,30.0,30.5,499000
2023-11-15,31.85,31.85,32.6,31.1,31.6,1157000
2023-11-16,31.15,31.15,31.6,30.5,31.6,478000
2023-11-17,30.45,30.45,31.4,30.45,31.0,272000
2023-11-20,30.7,30.7,30.7,30.2,30.45,195000
2023-11-21,30.2,30.2,31.0,30.15,31.0,271000
2023-11-22,30.85,30.85,30.85,30.0,30.3,190000
2023-11-23,30.65,30.65,31.0,30.45,31.0,78000
2023-11-24,31.05,31.05,31.2,30.45,30.85,186000
2023-11-27,31.4,31.4,31.9,31.25,31.45,154000
2023-11-28,33.2,33.2,33.5,31.7,31.7,1040000
2023-11-29,33.2,33.2,34.3,32.65,33.2,694000
2023-11-30,33.4,33.4,33.55,32.6,33.2,217000
2023-12-01,35.55,35.55,36.7,33.7,34.0,2851000
2023-12-04,37.6,37.6,37.75,36.0,36.0,2432000
2023-12-05,38.5,38.5,38.95,37.05,37.6,4039000
2023-12-06,42.35,42.35,42.35,38.5,38.95,4667000
2023-12-07,42.65,42.65,46.05,40.3,43.25,12238000
2023-12-08,41.65,41.65,43.4,41.05,42.65,3236000
2023-12-11,39.2,39.2,41.6,38.6,41.6,2564000
2023-12-12,38.2,38.2,39.8,37.7,39.45,1615000
2023-12-13,39.85,39.85,40.05,38.0,38.7,1486000
2023-12-14,38.1,38.1,39.75,38.0,39.75,1341000
2023-12-15,36.3,36.3,38.55,36.0,38.15,1704000
2023-12-18,36.3,36.3,36.95,36.1,36.1,566000
2023-12-19,35.6,35.6,36.75,35.4,36.7,520000
2023-12-20,36.5,36.5,36.9,35.9,35.9,469000
2023-12-21,34.85,34.85,36.3,34.8,35.85,766000
2023-12-22,34.9,34.9,35.5,34.4,35.0,408000
2023-12-25,34.4,34.4,34.95,34.0,34.7,377000
2023-12-26,34.75,34.75,35.1,34.2,34.7,166000
2023-12-27,35.05,35.05,35.45,34.75,35.0,330000
2023-12-28,34.95,34.95,35.6,34.95,35.6,248000
2023-12-29,34.5,34.5,35.0,34.3,35.0,242000
2024-01-01,44.6,44.6,46.6,44.6,46.4,513843
2024-01-02,34.4,34.4,34.65,34.0,34.5,217000
2024-01-03,33.8,33.8,34.55,33.75,34.4,340000
2024-01-04,33.75,33.75,33.95,33.5,33.65,222000
2024-01-05,33.75,33.75,34.8,33.7,33.7,177000
2024-01-08,31.8,31.8,33.35,31.6,33.35,956000
2024-01-09,31.8,31.8,32.3,31.1,31.8,310000
2024-01-10,31.15,31.15,31.8,31.0,31.8,213000
2024-01-11,31.15,31.15,31.5,31.0,31.1,160000
2024-01-12,30.75,30.75,31.35,30.75,31.05,223000
2024-01-15,31.85,31.85,32.35,30.9,30.9,373000
2024-01-16,32.25,32.25,32.5,31.2,31.9,276000
2024-01-17,30.9,30.9,32.25,30.85,32.25,301000
2024-01-18,30.65,30.65,30.95,30.3,30.95,171000
2024-01-19,31.55,31.55,32.15,31.0,31.35,182000
2024-01-22,31.85,31.85,32.25,31.6,31.6,97000
2024-01-23,32.15,32.15,32.3,31.9,32.0,111000
2024-01-24,32.25,32.25,32.55,32.2,32.2,111000
2024-01-25,31.9,31.9,32.35,31.7,32.3,173000
2024-01-26,31.8,31.8,32.05,31.6,32.05,66000
2024-01-29,32.0,32.0,32.0,31.6,32.0,107000
2024-01-30,31.9,31.9,32.65,31.7,31.95,102000
2024-01-31,32.2,32.2,32.2,31.8,31.8,142000
2024-02-01,32.55,32.55,32.7,31.95,31.95,144000
2024-02-02,32.6,32.6,33.1,32.2,32.65,271000
2024-02-05,31.55,31.55,32.85,31.55,32.85,193000
2024-02-06,44.6,44.6,46.6,44.6,46.4,513843
2024-02-07,44.6,44.6,46.6,44.6,46.4,513843
2024-02-08,44.6,44.6,46.6,44.6,46.4,513843
2024-02-09,44.6,44.6,46.6,44.6,46.4,513843
2024-02-12,44.6,44.6,46.6,44.6,46.4,513843
2024-02-13,44.6,44.6,46.6,44.6,46.4,513843
2024-02-14,44.6,44.6,46.6,44.6,46.4,513843
2024-02-15,31.05,31.05,32.0,30.95,32.0,233000
2024-02-16,33.5,33.5,34.05,31.2,31.2,934000
2024-02-19,33.55,33.55,34.15,32.85,34.15,373000
2024-02-20,34.95,34.95,34.95,33.3,33.5,787000
2024-02-21,37.0,37.0,37.0,34.45,35.3,1835000
2024-02-22,36.05,36.05,38.0,35.45,37.3,1491000
2024-02-23,35.2,35.2,36.45,35.05,36.45,437000
2024-02-26,35.05,35.05,36.6,35.05,35.65,426000
2024-02-27,34.4,34.4,35.9,33.95,35.35,491000
2024-02-28,44.6,44.6,46.6,44.6,46.4,513843
2024-02-29,36.0,36.0,36.0,34.45,34.8,373000
2024-03-01,35.0,35.0,37.95,35.0,37.0,955000
2024-03-04,34.7,34.7,35.4,34.65,35.05,196000
2024-03-05,34.1,34.1,34.9,34.1,34.7,376000
2024-03-06,36.8,36.8,37.5,33.2,34.4,3677000
2024-03-07,36.15,36.15,38.3,35.3,36.85,2916000
2024-03-08,34.35,34.35,36.5,34.0,36.5,963000
2024-03-11,33.8,33.8,34.9,33.8,34.6,359000
2024-03-12,34.0,34.0,34.15,33.8,33.9,319000
2024-03-13,33.6,33.6,35.55,33.4,35.55,585000
2024-03-14,33.0,33.0,34.15,32.95,34.15,438000
2024-03-15,32.8,32.8,33.3,32.55,33.3,261000
2024-03-18,33.9,33.9,33.9,32.8,32.8,247000
2024-03-19,33.6,33.6,34.25,33.55,34.1,162000
2024-03-20,33.75,33.75,34.0,33.5,33.5,160000
2024-03-21,33.85,33.85,34.3,33.7,33.8,214000
2024-03-22,33.35,33.35,34.15,33.15,33.95,185000
2024-03-25,34.2,34.2,34.3,33.5,33.6,253000
2024-03-26,34.9,34.9,35.35,33.85,34.4,592000
2024-03-27,36.15,36.15,36.55,34.9,34.9,1338000
2024-03-28,35.6,35.6,36.45,35.35,36.15,385000
2024-03-29,34.75,34.75,35.8,34.7,35.8,226000
2024-04-01,34.7,34.7,35.2,34.45,35.05,173000
2024-04-02,34.85,34.85,35.1,34.45,34.6,275000
2024-04-03,35.0,35.0,35.6,34.6,34.65,180000
2024-04-04,44.6,44.6,46.6,44.6,46.4,513843
2024-04-05,44.6,44.6,46.6,44.6,46.4,513843
2024-04-08,38.25,38.25,38.4,34.05,34.2,2391000
2024-04-09,38.1,38.1,39.25,37.3,38.85,2027000
2024-04-10,38.85,38.85,39.6,37.75,38.25,2869000
2024-04-11,36.85,36.85,38.9,36.85,38.9,978000
2024-04-12,36.85,36.85,37.6,36.0,37.5,540000
2024-04-15,36.25,36.25,37.7,36.1,36.8,361000
2024-04-16,34.0,34.0,36.0,33.7,35.9,685000
2024-04-17,34.95,34.95,35.45,34.0,34.0,318000
2024-04-18,35.25,35.25,35.25,34.5,34.95,277000
2024-04-19,33.2,33.2,35.25,32.9,34.8,594000
2024-04-22,32.5,32.5,33.4,32.5,33.25,386000
2024-04-23,33.0,33.0,33.15,32.5,32.8,170000
2024-04-24,33.55,33.55,33.55,33.2,33.2,102000
2024-04-25,33.1,33.1,33.4,33.05,33.4,85000
2024-04-26,33.35,33.35,33.9,33.15,33.3,86000
2024-04-29,33.6,33.6,34.65,33.55,33.9,219000
2024-04-30,33.65,33.65,34.0,33.3,33.8,170000
2024-05-01,44.6,44.6,46.6,44.6,46.4,513843
2024-05-02,34.25,34.25,34.7,33.7,34.1,199000
2024-05-03,34.9,34.9,35.3,34.4,34.5,255000
2024-05-06,35.45,35.45,35.8,35.1,35.5,301000
2024-05-07,38.95,38.95,38.95,38.95,38.95,1057000
2024-05-08,41.1,41.1,42.8,40.7,42.8,10229000
2024-05-09,42.05,42.05,43.85,40.8,40.8,5429000
2024-05-10,44.7,44.7,44.7,41.1,43.2,2793000
2024-05-13,47.65,47.65,48.8,42.2,45.0,7307000
2024-05-14,48.0,48.0,48.45,46.1,48.1,2986000
2024-05-15,46.55,46.55,49.6,45.9,49.6,3251000
2024-05-16,43.9,43.9,47.75,43.9,46.95,2775000
2024-05-17,48.25,48.25,48.25,43.9,44.7,4843000
2024-05-20,52.4,52.4,53.0,50.0,50.5,8633000
2024-05-21,54.4,54.4,56.3,51.3,51.5,8116000
2024-05-22,51.9,51.9,55.0,50.8,55.0,4376000
2024-05-23,57.0,57.0,57.0,50.6,52.2,4542000
2024-05-24,56.1,56.1,59.7,55.0,58.6,7762000
2024-05-27,58.8,58.8,61.7,56.2,56.2,6537000
2024-05-28,56.8,56.8,59.8,56.8,57.1,3218000
2024-05-29,54.0,54.0,57.5,53.7,56.8,2996000
2024-05-30,51.5,51.5,54.8,51.4,53.7,2714000
2024-05-31,51.3,51.3,52.9,51.2,51.4,1539000
2024-06-03,56.4,56.4,56.4,51.0,51.8,3187000
2024-06-04,52.8,52.8,56.7,52.8,56.3,3085000
2024-06-05,52.5,52.5,53.7,51.8,53.0,1294000
2024-06-06,50.1,50.1,53.5,50.1,52.8,1422000
2024-06-07,55.1,55.1,55.1,53.6,53.6,2438000
2024-06-10,44.6,44.6,46.6,44.6,46.4,513843
2024-06-11,57.1,57.1,59.4,55.9,58.2,7559000
2024-06-12,54.9,54.9,56.3,53.9,56.3,2830000
2024-06-13,54.5,54.5,58.8,54.3,55.0,4061000
2024-06-14,54.3,54.3,56.5,54.1,54.4,2650000
2024-06-17,53.1,53.1,54.9,52.8,54.5,1759000
2024-06-18,58.4,58.4,58.4,53.4,53.6,7652000
2024-06-19,55.4,55.4,59.7,54.8,59.6,6319000
2024-06-20,56.7,56.7,57.9,55.5,56.0,2379000
2024-06-21,56.7,56.7,56.8,55.1,56.3,1315000
2024-06-24,55.9,55.9,58.7,55.9,56.3,1967000
2024-06-25,56.5,56.5,57.4,55.7,55.9,1259000
2024-06-26,62.1,62.1,62.1,57.4,58.0,5866000
2024-06-27,61.6,61.6,63.4,59.4,62.8,7055000
2024-06-28,60.0,60.0,63.9,60.0,61.7,5311000
2024-07-01,59.1,59.1,61.3,59.0,60.2,1816000
2024-07-02,59.2,59.2,62.5,58.8,59.2,2899000
2024-07-03,59.2,59.2,60.7,59.1,60.0,1409000
2024-07-04,64.3,64.3,65.1,59.6,60.0,9569000
2024-07-05,57.9,57.9,59.7,57.9,58.0,7780000
2024-07-08,55.5,55.5,58.4,55.3,58.0,2765000
2024-07-09,53.8,53.8,56.5,53.2,56.3,1624000
2024-07-10,54.5,54.5,55.1,53.8,53.8,799000
2024-07-11,53.6,53.6,55.2,53.6,54.8,986000
2024-07-12,53.6,53.6,55.4,53.2,53.6,622000
2024-07-15,53.6,53.6,54.5,53.3,53.9,571000
2024-07-16,56.3,56.3,56.3,54.0,54.0,1224000
2024-07-17,55.3,55.3,57.0,55.0,56.1,1006000
2024-07-18,53.8,53.8,54.6,53.2,54.3,878000
2024-07-19,53.0,53.0,54.4,52.9,54.3,546000
2024-07-22,51.6,51.6,53.3,51.2,53.1,521000
2024-07-23,51.4,51.4,53.0,51.3,52.2,427000
2024-07-24,44.6,44.6,46.6,44.6,46.4,513843
2024-07-25,44.6,44.6,46.6,44.6,46.4,513843
2024-07-26,49.1,49.1,49.85,48.25,49.1,353000
2024-07-29,46.1,46.1,50.5,46.1,50.4,1002000
2024-07-30,47.4,47.4,47.45,45.15,46.55,549000
2024-07-31,46.8,46.8,47.85,46.1,46.4,345000
2024-08-01,49.5,49.5,51.0,47.5,47.5,961000
2024-08-02,49.65,49.65,52.0,47.9,48.55,1287000
2024-08-05,44.75,44.75,49.0,44.75,49.0,1382000
2024-08-06,41.4,41.4,43.7,40.3,43.05,1798000
2024-08-07,45.5,45.5,45.5,41.85,41.85,976000
2024-08-08,50.0,50.0,50.0,45.4,45.4,2865000
2024-08-09,52.9,52.9,54.9,50.4,50.4,5499000
2024-08-12,52.8,52.8,53.7,51.3,53.1,2094000
2024-08-13,55.5,55.5,55.5,51.9,53.4,4505000
2024-08-14,59.2,59.2,60.9,57.4,58.1,14203000
2024-08-15,62.9,62.9,65.1,60.5,61.0,26005000
2024-08-16,63.3,63.3,65.1,62.8,64.0,10172000
2024-08-19,62.9,62.9,64.5,61.0,64.5,4624000
2024-08-20,63.8,63.8,65.8,63.0,63.5,9512000
2024-08-21,62.0,62.0,63.8,61.3,63.2,3494000
2024-08-22,62.6,62.6,63.3,60.7,62.5,3391000
2024-08-23,63.0,63.0,63.2,61.4,62.3,2039000
2024-08-26,66.7,66.7,69.0,63.4,63.5,10770000
2024-08-27,68.7,68.7,68.8,65.2,65.8,6525000
2024-08-28,75.5,75.5,75.5,71.0,71.8,10609000
2024-08-29,83.0,83.0,83.0,75.5,76.5,17026000
2024-08-30,79.0,79.0,88.4,75.5,87.0,26646000
2024-09-02,75.6,75.6,79.7,75.1,79.2,6964000
2024-09-03,83.1,83.1,83.1,75.6,75.6,10903000
2024-09-04,80.1,80.1,86.5,76.6,79.3,26556000
2024-09-05,79.8,79.8,86.8,76.5,81.6,16227000
2024-09-06,77.4,77.4,81.3,77.4,79.0,5770000
2024-09-09,76.0,76.0,77.9,75.0,75.2,3334000
2024-09-10,69.7,69.7,77.3,69.4,76.4,5957000
2024-09-11,68.8,68.8,71.1,67.6,70.5,2774000
2024-09-12,75.6,75.6,75.6,69.5,70.1,7109000
2024-09-13,75.0,75.0,76.2,72.6,75.6,7129000
2024-09-16,79.7,79.7,82.0,74.0,75.0,10341000
2024-09-17,44.6,44.6,46.6,44.6,46.4,513843
2024-09-18,78.8,78.8,81.5,78.0,80.5,8283000
2024-09-19,80.5,80.5,81.4,77.5,78.0,6044000
2024-09-20,77.5,77.5,82.2,75.5,81.8,6428000
2024-09-23,77.0,77.0,78.5,76.0,77.7,2052000
2024-09-24,75.3,75.3,78.5,74.3,77.7,2691000
2024-09-25,77.2,77.2,79.3,75.8,77.0,3695000
2024-09-26,75.0,75.0,78.1,74.5,77.9,1851000
2024-09-27,74.1,74.1,77.4,74.1,75.8,1656000
2024-09-30,72.8,72.8,74.6,72.8,74.2,819000
2024-10-01,71.8,71.8,73.9,71.8,72.8,1130000
2024-10-02,44.6,44.6,46.6,44.6,46.4,513843
2024-10-03,44.6,44.6,46.6,44.6,46.4,513843
2024-10-04,69.5,69.5,71.8,68.5,71.8,1261000
2024-10-07,69.0,69.0,71.2,69.0,70.5,920000
2024-10-08,63.8,63.8,66.3,63.7,65.8,2360000
2024-10-09,61.4,61.4,64.8,61.2,64.5,1651000
2024-10-10,44.6,44.6,46.6,44.6,46.4,513843
2024-10-11,60.6,60.6,62.3,60.5,62.3,584000
2024-10-14,61.0,61.0,62.0,60.7,61.0,455000
2024-10-15,61.3,61.3,62.8,61.1,61.6,734000
2024-10-16,66.7,66.7,67.2,61.2,61.3,3184000
2024-10-17,71.6,71.6,72.0,66.0,66.6,6313000
2024-10-18,78.7,78.7,78.7,74.8,75.0,8981000
2024-10-21,77.0,77.0,78.9,76.0,78.9,12523000
2024-10-22,76.9,76.9,78.2,75.3,76.5,4009000
2024-10-23,76.7,76.7,77.7,76.2,77.0,2058000
2024-10-24,74.3,74.3,78.3,72.5,77.9,3822000
2024-10-25,71.6,71.6,74.8,71.6,74.1,1783000
2024-10-28,69.0,69.0,71.8,69.0,71.8,1264000
2024-10-29,68.4,68.4,70.4,68.4,68.9,1040000
2024-10-30,66.2,66.2,69.4,66.2,69.4,928000
2024-10-31,44.6,44.6,46.6,44.6,46.4,513843
2024-11-01,65.5,65.5,66.4,64.0,65.4,538000
2024-11-04,66.8,66.8,68.3,65.3,66.2,716000
2024-11-05,73.0,73.0,73.0,66.5,66.5,3040000
2024-11-06,76.0,76.0,76.8,73.0,75.3,9645000
2024-11-07,75.1,75.1,77.5,74.4,76.0,2742000
2024-11-08,71.2,71.2,75.1,70.9,75.1,1476000
2024-11-11,70.0,70.0,71.2,69.1,71.2,896000
2024-11-12,68.1,68.1,70.0,67.9,70.0,574000
2024-11-13,69.1,69.1,69.7,68.2,68.7,554000
2024-11-14,67.0,67.0,69.8,67.0,69.8,416000
2024-11-15,68.0,68.0,70.5,67.3,68.4,861000
2024-11-18,64.5,64.5,68.1,64.3,68.0,622000
2024-11-19,66.0,66.0,66.2,64.6,65.0,320000
2024-11-20,64.9,64.9,66.5,64.5,66.0,302000
2024-11-21,65.2,65.2,66.3,65.2,65.8,283000
2024-11-22,67.6,67.6,67.6,65.6,66.5,479000
2024-11-25,67.4,67.4,68.8,66.7,68.4,388000
2024-11-26,69.6,69.6,72.2,67.8,67.9,3368000
2024-11-27,66.0,66.0,70.3,66.0,69.8,1222000
2024-11-28,64.8,64.8,66.5,64.4,66.5,503000
2024-11-29,66.4,66.4,66.4,64.2,64.6,317000
2024-12-02,65.0,65.0,66.9,65.0,66.7,311000
2024-12-03,65.4,65.4,66.1,65.1,66.0,207000
2024-12-04,65.6,65.6,66.7,65.4,65.6,224000
2024-12-05,66.4,66.4,67.5,66.1,67.1,458000
2024-12-06,65.1,65.1,67.3,65.1,67.0,446000
2024-12-09,64.3,64.3,65.7,64.3,65.7,237000
2024-12-10,63.8,63.8,67.4,63.6,63.6,455000
2024-12-11,65.1,65.1,66.3,63.2,63.6,375000
2024-12-12,68.5,68.5,69.9,65.2,65.7,2728000
2024-12-13,70.2,70.2,72.5,69.0,69.5,7147000
2024-12-16,66.7,66.7,70.3,66.0,70.3,1756000
2024-12-17,72.4,72.4,72.5,66.8,66.8,4168000
2024-12-18,70.6,70.6,71.8,69.9,71.8,2722000
2024-12-19,71.8,71.8,72.0,67.8,68.2,1567000
2024-12-20,78.3,78.3,78.9,71.1,71.5,13597000
2024-12-23,80.5,80.5,82.4,76.2,79.3,16706000
2024-12-24,80.8,80.8,84.3,78.3,80.8,12027000
2024-12-25,82.5,82.5,85.6,80.5,83.7,13875000
2024-12-26,76.5,76.5,81.8,76.5,81.5,5033000
2024-12-27,74.7,74.7,77.7,74.2,77.0,2521000
2024-12-30,73.2,73.2,75.8,73.1,74.9,1294000
2024-12-31,74.8,74.8,75.4,72.3,72.7,1002000
2025-01-01,44.6,44.6,46.6,44.6,46.4,513843
2025-01-02,73.5,73.5,76.3,73.5,75.0,1118000
2025-01-03,76.5,76.5,79.6,73.7,73.9,5021000
2025-01-06,78.0,78.0,79.0,74.3,77.0,4498000
2025-01-07,72.9,72.9,76.5,71.5,75.4,4452000
2025-01-08,69.8,69.8,73.0,69.8,73.0,1706000
2025-01-09,65.9,65.9,70.1,65.5,69.8,1744000
2025-01-10,66.0,66.0,67.2,65.9,67.2,696000
2025-01-13,64.3,64.3,65.7,63.9,65.4,736000
2025-01-14,65.3,65.3,65.5,64.0,65.0,418000
2025-01-15,65.2,65.2,66.1,65.1,65.3,327000
2025-01-16,67.2,67.2,69.1,66.0,66.4,1135000
2025-01-17,66.1,66.1,68.0,66.1,67.2,473000
2025-01-20,66.0,66.0,66.8,66.0,66.4,433000
2025-01-21,65.7,65.7,67.0,65.7,66.1,279000
2025-01-22,65.3,65.3,66.1,65.0,66.0,471000
2025-01-23,44.6,44.6,46.6,44.6,46.4,513843
2025-01-24,44.6,44.6,46.6,44.6,46.4,513843
2025-01-27,44.6,44.6,46.6,44.6,46.4,513843
2025-01-28,44.6,44.6,46.6,44.6,46.4,513843
2025-01-29,44.6,44.6,46.6,44.6,46.4,513843
2025-01-30,44.6,44.6,46.6,44.6,46.4,513843
2025-01-31,44.6,44.6,46.6,44.6,46.4,513843
2025-02-03,62.7,62.7,64.1,62.3,64.0,409000
2025-02-04,61.3,61.3,64.0,61.0,64.0,507000
2025-02-05,63.0,63.0,64.6,61.6,61.6,623000
2025-02-06,61.8,61.8,62.8,61.5,62.0,802000
2025-02-07,62.4,62.4,62.9,60.4,61.3,868000
2025-02-10,62.1,62.1,63.1,60.9,61.9,366000
2025-02-11,63.7,63.7,64.3,62.5,62.8,939000
2025-02-12,64.4,64.4,66.0,64.2,64.7,1066000
2025-02-13,63.8,63.8,64.9,63.6,64.5,349000
2025-02-14,67.7,67.7,68.5,63.9,64.6,1913000
2025-02-17,73.0,73.0,73.9,67.9,68.0,4396000
2025-02-18,74.7,74.7,75.0,72.1,72.2,4180000
2025-02-19,78.9,78.9,80.0,77.0,77.6,9594000
2025-02-20,74.5,74.5,78.4,73.9,78.1,2950000
2025-02-21,76.1,76.1,77.4,72.5,75.1,3316000
2025-02-24,76.8,76.8,78.9,74.7,75.1,3255000
2025-02-25,75.0,75.0,76.4,74.9,76.0,1091000
2025-02-26,75.9,75.9,78.6,75.6,76.3,3250000
2025-02-27,74.3,74.3,77.7,73.9,75.2,1658000
2025-02-28,44.6,44.6,46.6,44.6,46.4,513843
2025-03-03,71.0,71.0,73.9,70.9,72.7,854000
2025-03-04,71.0,71.0,71.8,69.5,70.1,715000
2025-03-05,70.2,70.2,71.6,70.1,71.3,548000
2025-03-06,67.5,67.5,71.2,67.5,70.5,849000
2025-03-07,66.8,66.8,67.6,66.2,67.5,438000
2025-03-10,66.4,66.4,67.9,66.3,67.5,276000
2025-03-11,66.4,66.4,66.4,63.3,65.0,373000
2025-03-12,66.5,66.5,67.4,66.0,66.0,290000
2025-03-13,66.8,66.8,69.7,66.8,67.7,827000
2025-03-14,67.7,67.7,67.8,66.3,67.6,334000
2025-03-17,67.0,67.0,68.4,67.0,68.1,317000
2025-03-18,65.6,65.6,68.0,65.4,68.0,481000
2025-03-19,64.3,64.3,66.5,64.2,65.6,300000
2025-03-20,64.1,64.1,65.4,64.0,65.1,350000
2025-03-21,64.1,64.1,64.8,63.8,64.1,240000
2025-03-24,64.6,64.6,66.3,64.2,64.2,480000
2025-03-25,64.0,64.0,65.5,64.0,65.5,235000
2025-03-26,64.0,64.0,64.7,63.8,63.8,174000
2025-03-27,62.0,62.0,63.3,62.0,62.9,360000
2025-03-28,59.0,59.0,62.8,58.9,62.8,821000
2025-03-31,53.2,53.2,56.3,53.1,54.8,848000
2025-04-01,54.4,54.4,55.3,53.3,54.2,251000
2025-04-02,54.7,54.7,55.3,53.8,55.1,198000
2025-04-03,44.6,44.6,46.6,44.6,46.4,513843
2025-04-04,44.6,44.6,46.6,44.6,46.4,513843
2025-04-07,49.25,49.25,49.25,49.25,49.25,25000
2025-04-08,44.35,44.35,44.35,44.35,44.35,97000
2025-04-09,39.95,39.95,39.95,39.95,39.95,237000
2025-04-10,43.9,43.9,43.9,42.45,42.7,853000
2025-04-11,41.1,41.1,41.4,39.55,39.55,634000
2025-04-14,43.0,43.0,45.0,42.5,43.3,482000
2025-04-15,46.3,46.3,46.4,43.95,43.95,452000
2025-04-16,44.1,44.1,46.3,44.1,46.3,387000
2025-04-17,43.3,43.3,44.65,42.5,44.6,244000
2025-04-18,44.2,44.2,44.6,43.45,43.55,253000
2025-04-21,41.15,41.15,43.95,41.15,43.95,223000
2025-04-22,40.6,40.6,41.8,40.15,40.45,201000
2025-04-23,42.1,42.1,42.8,41.45,42.0,181000
2025-04-24,42.5,42.5,43.7,42.5,43.05,213000
2025-04-25,44.0,44.0,45.1,43.7,44.0,260000
2025-04-28,45.1,45.1,45.8,44.8,45.2,285000
2025-04-29,49.5,49.5,49.5,44.6,45.8,1097000
2025-04-30,52.5,52.5,54.4,49.7,50.9,5433000
2025-05-01,44.6,44.6,46.6,44.6,46.4,513843
2025-05-02,53.9,53.9,54.5,52.0,52.5,3270000
2025-05-05,49.65,49.65,54.0,49.0,53.5,1137000
2025-05-06,49.55,49.55,50.6,49.05,49.9,370000
2025-05-07,47.5,47.5,49.9,47.5,49.9,393000
2025-05-08,48.0,48.0,49.05,47.55,49.0,308000
2025-05-09,49.9,49.9,51.2,47.1,49.0,795000
2025-05-12,54.8,54.8,54.8,50.6,50.6,2879000
2025-05-13,53.5,53.5,57.5,53.3,56.5,3841000
2025-05-14,54.0,54.0,55.5,53.3,54.0,1115000
2025-05-15,53.5,53.5,55.3,53.1,53.8,803000
2025-05-16,54.4,54.4,54.5,53.2,53.4,536000
2025-05-19,55.7,55.7,56.5,53.2,54.1,2438000
2025-05-20,53.7,53.7,56.7,53.7,56.2,1595000
2025-05-21,53.1,53.1,54.0,53.0,53.8,433000
2025-05-22,51.7,51.7,52.9,51.7,52.9,332000
2025-05-23,50.5,50.5,52.7,50.4,52.7,282000
2025-05-26,51.2,51.2,53.5,50.1,50.9,574000
2025-05-27,49.15,49.15,52.0,49.1,51.8,385000
2025-05-28,48.4,48.4,50.3,48.35,50.3,250000
2025-05-29,48.45,48.45,49.25,47.65,49.2,190000
2025-05-30,44.6,44.6,46.6,44.6,46.4,513843
2025-06-02,47.4,47.4,48.4,46.75,48.4,201000
2025-06-03,47.65,47.65,48.35,47.2,47.7,175000
2025-06-04,52.4,52.4,52.4,48.7,48.7,1028000
2025-06-05,49.0,49.0,52.0,49.0,52.0,1959000
2025-06-06,49.35,49.35,50.9,49.15,49.95,772000
2025-06-09,48.65,48.65,51.5,48.65,49.85,518000
2025-06-10,49.1,49.1,51.4,48.8,48.8,551000
2025-06-11,49.5,49.5,49.7,48.75,49.45,326000
2025-06-12,49.4,49.4,50.4,49.0,49.5,237000
2025-06-13,48.2,48.2,49.5,48.1,49.5,205000
2025-06-16,48.0,48.0,48.9,47.65,48.9,133000
2025-06-17,47.7,47.7,48.6,47.7,48.0,145000
2025-06-18,47.75,47.75,48.6,47.5,48.6,94000
2025-06-19,46.2,46.2,48.0,46.2,47.15,322000
2025-06-20,45.65,45.65,47.7,45.5,46.8,170000
2025-06-23,44.8,44.8,45.35,44.55,45.35,144000
2025-06-24,46.1,46.1,47.0,45.35,45.9,266000
2025-06-25,45.7,45.7,46.85,45.55,46.85,115000
2025-06-26,46.8,46.8,48.9,46.0,46.0,623000
2025-06-27,45.8,45.8,47.15,45.8,47.15,198000
2025-06-30,44.85,44.85,46.1,44.8,46.1,124000
2025-07-01,44.6,44.6,45.75,44.6,45.75,109000
2025-07-02,44.5,44.5,45.1,44.2,44.6,127000
2025-07-03,44.7,44.7,45.5,44.55,45.5,95000
2025-07-04,42.85,42.85,44.75,42.6,44.7,252000
2025-07-07,41.8,41.8,43.0,41.65,42.65,134000
2025-07-08,40.75,40.75,41.45,40.5,41.1,225000
2025-07-09,41.05,41.05,41.4,40.65,40.75,145000
2025-07-10,40.6,40.6,42.1,40.4,41.2,178000
2025-07-11,44.0,44.0,44.45,40.6,40.6,441000
2025-07-14,44.0,44.0,46.2,44.0,45.0,579000
2025-07-15,44.0,44.0,44.2,43.3,43.9,115000
2025-07-16,44.2,44.2,44.2,43.65,44.05,112000
2025-07-17,44.2,44.2,45.3,44.0,44.15,248000
2025-07-18,45.2,45.2,46.75,45.0,45.0,645000
2025-07-21,45.05,45.05,46.0,44.7,45.2,156000
2025-07-22,43.1,43.1,45.3,43.1,45.3,200000
2025-07-23,44.55,44.55,45.95,43.85,43.95,464000
2025-07-24,43.4,43.4,44.25,43.05,43.55,178000
2025-07-25,43.1,43.1,43.9,43.0,43.4,154000
2025-07-28,44.15,44.15,44.15,42.8,43.85,138000
2025-07-29,42.95,42.95,45.0,42.9,44.3,239000
2025-07-30,43.6,43.6,43.9,42.6,43.35,308000
2025-07-31,42.75,42.75,43.55,42.65,43.55,204000
2025-08-01,43.35,43.35,43.4,41.5,42.05,153000
2025-08-04,44.8,44.8,44.9,43.05,43.05,264000
2025-08-05,44.95,44.95,46.1,44.2,45.75,431000
2025-08-06,46.3,46.3,48.8,44.95,45.9,1001000
2025-08-07,45.5,45.5,47.0,45.15,47.0,258000
2025-08-08,47.0,47.0,47.65,45.0,45.65,604000
2025-08-11,46.0,46.0,47.1,46.0,47.0,244000
2025-08-12,45.55,45.55,46.55,45.35,46.0,173000
2025-08-13,46.6,46.6,47.35,45.6,46.0,684000
2025-08-14,45.9,45.9,47.1,45.75,47.0,345000
2025-08-15,50.4,50.4,50.4,47.45,48.45,2488000
2025-08-18,50.9,50.9,53.9,50.6,52.0,3994000
2025-08-19,48.2,48.2,51.7,48.2,51.0,1173000
2025-08-20,46.2,46.2,48.2,45.6,48.2,525000
2025-08-21,46.9,46.9,49.25,46.2,47.2,505000
2025-08-22,46.0,46.0,48.5,46.0,47.6,503000
2025-08-25,47.55,47.55,49.1,47.0,47.0,957000
2025-08-26,47.2,47.2,48.8,47.15,47.8,419000
2025-08-27,46.8,46.8,48.05,46.6,47.5,417000
2025-08-28,47.25,47.25,48.4,46.6,47.3,417000
2025-08-29,46.25,46.25,47.6,46.2,47.6,460000
2025-09-01,44.65,44.65,46.25,44.3,46.25,456000
2025-09-02,44.25,44.25,45.3,43.9,45.0,267000
2025-09-03,44.5,44.5,45.1,44.15,44.4,150000
2025-09-04,44.05,44.05,45.1,44.05,44.5,187000
2025-09-05,44.2,44.2,44.9,43.95,44.5,119000
2025-09-08,44.15,44.15,44.5,43.8,44.45,147000
2025-09-09,43.6,43.6,45.15,43.0,44.45,295000
2025-09-10,43.55,43.55,44.0,43.2,43.6,241000
2025-09-11,41.95,41.95,44.25,41.9,44.25,279000
2025-09-12,42.0,42.0,42.6,41.85,41.95,167000
2025-09-15,43.75,43.75,43.85,41.6,41.9,359000
2025-09-16,42.95,42.95,45.85,42.85,45.0,460000
2025-09-17,42.25,42.25,43.9,42.2,43.9,110000
2025-09-18,42.4,42.4,42.65,41.75,42.25,186000
2025-09-19,41.9,41.9,42.75,41.65,42.75,128000
2025-09-22,42.05,42.05,42.35,41.9,42.35,93000
2025-09-23,41.5,41.5,42.3,41.3,42.3,147000
2025-09-24,40.75,40.75,41.7,40.7,41.5,168000
2025-09-25,40.8,40.8,42.0,40.6,41.8,100000
2025-09-26,39.55,39.55,40.8,39.05,40.8,225000
2025-09-29,44.6,44.6,46.6,44.6,46.4,513843
2025-09-30,39.6,39.6,39.65,39.4,39.6,100000
2025-10-01,37.95,37.95,40.1,37.4,40.05,343000
2025-10-02,38.45,38.45,39.0,36.7,37.9,393000
2025-10-03,38.6,38.6,38.9,38.45,38.5,100000
2025-10-06,44.6,44.6,46.6,44.6,46.4,513843
2025-10-07,37.2,37.2,38.4,36.3,38.3,315000
2025-10-08,37.5,37.5,37.95,36.6,37.0,139000
2025-10-09,37.95,37.95,38.5,37.5,37.8,150000
2025-10-10,44.6,44.6,46.6,44.6,46.4,513843
2025-10-13,36.4,36.4,36.45,35.0,35.0,329000
2025-10-14,36.25,36.25,37.5,36.2,37.5,150000
2025-10-15,36.4,36.4,36.45,35.5,36.45,82000
2025-10-16,37.1,37.1,37.65,36.55,36.95,103000
2025-10-17,36.3,36.3,37.0,35.85,37.0,202000
2025-10-20,36.6,36.6,36.7,36.0,36.4,88000
2025-10-21,37.55,37.55,38.2,36.0,36.55,285000
2025-10-22,37.55,37.55,38.5,37.5,37.5,83000
2025-10-23,36.8,36.8,37.45,36.8,37.45,83000
2025-10-24,44.6,44.6,46.6,44.6,46.4,513843
2025-10-27,36.55,36.55,37.6,36.35,37.6,89000
2025-10-28,36.05,36.05,36.6,35.9,36.55,144000
2025-10-29,36.2,36.2,37.15,36.15,36.75,109000
2025-10-30,35.9,35.9,36.7,35.8,36.1,78000
2025-10-31,36.2,36.2,36.9,36.1,36.55,140000
2025-11-03,36.1,36.1,36.7,35.7,36.2,106000
2025-11-04,35.05,35.05,36.1,35.0,36.1,161000
2025-11-05,34.75,34.75,34.8,34.0,34.5,78000
2025-11-06,36.7,36.7,36.75,35.05,35.05,224000
2025-11-07,35.75,35.75,36.95,35.4,36.95,105000
2025-11-10,35.75,35.75,36.45,35.7,36.1,99000
2025-11-11,36.1,36.1,37.3,36.1,36.2,122000
2025-11-12,37.2,37.2,37.5,36.25,36.55,156000
2025-11-13,36.1,36.1,37.3,36.1,37.3,138000
2025-11-14,35.25,35.25,36.25,35.25,36.1,117000
2025-11-17,34.15,34.15,35.5,34.15,35.5,106000
2025-11-18,33.05,33.05,34.5,33.0,34.35,143000
2025-11-19,32.65,32.65,33.65,32.3,33.65,114000
2025-11-20,33.25,33.25,33.85,33.0,33.4,75000
2025-11-21,31.85,31.85,33.1,31.7,33.0,154000
2025-11-24,32.6,32.6,32.8,32.3,32.6,61000
2025-11-25,32.9,32.9,33.5,32.8,32.8,49000
2025-11-26,34.25,34.25,34.3,33.2,33.2,100000
2025-11-27,34.25,34.25,34.65,33.9,34.5,45000
2025-11-28,34.0,34.0,34.85,34.0,34.35,39000
2025-12-01,33.5,33.5,34.55,33.4,34.55,34000
2025-12-02,33.55,33.55,33.95,33.4,33.5,22000
2025-12-03,33.8,33.8,33.95,33.4,33.45,29000
2025-12-04,35.3,35.3,37.15,35.05,35.05,1425000
2025-12-05,34.6,34.6,36.6,34.4,35.1,416000
2025-12-08,34.2,34.2,35.8,33.75,34.6,190000
2025-12-09,33.8,33.8,34.3,33.6,34.25,114000
2025-12-10,33.3,33.3,34.4,33.0,34.4,82000
2025-12-11,32.9,32.9,33.95,32.9,33.8,84000
2025-12-12,33.0,33.0,33.45,33.0,33.05,64000
2025-12-15,33.75,33.75,33.95,32.1,32.1,59000
2025-12-16,33.5,33.5,34.05,33.1,33.75,77000
2025-12-17,33.35,33.35,33.9,33.3,33.3,35000
2025-12-18,33.0,33.0,33.5,32.7,33.5,32000
2025-12-19,33.1,33.1,33.2,32.75,33.2,60000
2025-12-22,33.4,33.4,33.75,33.1,33.1,34000
2025-12-23,33.35,33.35,34.0,33.2,33.9,72000
2025-12-24,33.1,33.1,33.35,33.1,33.35,48000
2025-12-25,44.6,44.6,46.6,44.6,46.4,513843
2025-12-26,33.45,33.45,33.6,32.8,33.1,81000
2025-12-29,33.95,33.95,34.8,33.35,33.4,95000
2025-12-30,33.05,33.05,33.95,32.75,33.95,54000
2025-12-31,32.2,32.2,33.0,32.15,32.9,140000
2026-01-01,44.6,44.6,46.6,44.6,46.4,513843
2026-01-02,32.25,32.25,33.35,32.2,32.2,87000
2026-01-05,31.1,31.1,32.4,30.95,32.3,123000
2026-01-06,31.85,31.85,32.5,31.1,31.1,118000
2026-01-07,31.95,31.95,32.2,31.4,31.5,82000
2026-01-08,31.35,31.35,31.95,31.3,31.95,47000
2026-01-09,31.4,31.4,31.6,31.0,31.2,31000
2026-01-12,31.3,31.3,32.0,31.05,31.2,48000
2026-01-13,30.2,30.2,31.8,29.9,31.8,197000
2026-01-14,33.2,33.2,33.2,30.15,30.4,463000
2026-01-15,32.95,32.95,33.45,32.5,33.2,205000
2026-01-16,36.2,36.2,36.2,33.15,33.15,1011000
2026-01-19,39.8,39.8,39.8,36.2,39.1,1673000
2026-01-20,43.7,43.7,43.75,40.55,40.85,3137000
2026-01-21,43.45,43.45,43.7,41.95,42.5,1713000
2026-01-22,45.75,45.75,45.75,43.15,43.8,2603000
2026-01-23,49.0,49.0,49.25,46.5,46.5,3054000
2026-01-26,47.9,47.9,48.4,46.6,48.4,743000
2026-01-27,47.45,47.45,48.5,47.0,48.5,457000
2026-01-28,48.4,48.4,48.85,47.7,48.85,418000
2026-01-29,47.7,47.7,49.5,47.4,49.3,537000
2026-01-30,44.65,44.65,47.6,44.0,47.6,393000
2026-02-02,45.0,45.0,45.0,43.0,44.55,269000
2026-02-03,45.25,45.25,46.2,44.9,45.5,163000
2026-02-04,46.2,46.2,47.0,44.75,44.75,167000
2026-02-05,43.0,43.0,44.8,43.0,44.0,365000
2026-02-06,39.45,39.45,43.0,39.0,43.0,574000
2026-02-09,41.3,41.3,42.95,40.05,40.8,354000
2026-02-10,40.5,40.5,41.2,40.2,40.45,210000
2026-02-11,40.9,40.9,40.9,40.0,40.05,288000
2026-02-12,44.6,44.6,46.6,44.6,46.4,513843
2026-02-13,44.6,44.6,46.6,44.6,46.4,513843
2026-02-16,44.6,44.6,46.6,44.6,46.4,513843
2026-02-17,44.6,44.6,46.6,44.6,46.4,513843
2026-02-18,44.6,44.6,46.6,44.6,46.4,513843
2026-02-19,44.6,44.6,46.6,44.6,46.4,513843
2026-02-20,44.6,44.6,46.6,44.6,46.4,513843
2026-02-23,41.8,41.8,42.7,41.0,41.5,170000
2026-02-24,41.25,41.25,42.45,40.2,40.75,362000
2026-02-25,40.75,40.75,41.9,40.0,41.05,322000
2026-02-26,41.0,41.0,41.75,40.8,40.9,226000
2026-02-27,44.6,44.6,46.6,44.6,46.4,513843
2026-03-02,39.05,39.05,40.3,38.1,39.0,374000
2026-03-03,38.2,38.2,39.5,38.05,39.3,210000
2026-03-04,35.2,35.2,37.9,35.2,37.4,332000
2026-03-05,37.0,37.0,37.5,36.2,37.5,158000
2026-03-06,35.85,35.85,36.35,35.5,36.35,151000
2026-03-09,33.1,33.1,33.95,32.7,32.7,224000
2026-03-10,34.2,34.2,34.75,33.55,34.75,142000
2026-03-11,35.25,35.25,35.5,34.85,35.0,103000
2026-03-12,34.25,34.25,35.25,34.05,35.25,92000
2026-03-13,33.95,33.95,34.35,33.55,34.0,75000
2026-03-16,33.75,33.75,34.55,33.7,34.0,85000
2026-03-17,33.9,33.9,34.35,33.75,34.0,116000
2026-03-18,34.5,34.5,36.0,33.9,36.0,151000
2026-03-19,33.05,33.05,34.2,33.05,33.9,162000
2026-03-20,33.0,33.0,34.1,32.9,33.05,107000
2026-03-23,32.7,32.7,34.1,32.65,32.9,145000
2026-03-24,32.55,32.55,33.0,32.0,33.0,160000
2026-03-25,33.6,33.6,34.1,32.75,32.75,89000
2026-03-26,32.8,32.8,34.15,32.75,34.05,164000
2026-03-27,32.55,32.55,32.7,32.2,32.7,79000
2026-03-30,32.5,32.5,33.35,31.95,32.4,96000
2026-03-31,31.55,31.55,32.25,31.5,31.95,179000
2026-04-01,33.0,33.0,33.2,31.6,31.9,85000
2026-04-02,32.5,32.5,33.95,32.5,33.8,67000
2026-04-03,44.6,44.6,46.6,44.6,46.4,513843
2026-04-06,44.6,44.6,46.6,44.6,46.4,513843
2026-04-07,31.7,31.7,32.8,31.35,32.8,93000
2026-04-08,32.8,32.8,32.9,32.1,32.1,98000
2026-04-09,32.3,32.3,33.0,32.15,33.0,78000
2026-04-10,31.95,31.95,32.85,31.85,32.85,64000
2026-04-13,31.65,31.65,31.95,31.45,31.95,74000
2026-04-14,34.8,34.8,34.8,31.6,31.8,385000
2026-04-15,38.25,38.25,38.25,36.5,37.0,623000
2026-04-16,37.4,37.4,38.8,36.7,38.8,768000
2026-04-17,36.65,36.65,38.2,36.65,37.7,355000
2026-04-20,35.3,35.3,37.5,35.3,37.5,240000
2026-04-21,35.0,35.0,35.65,34.0,35.55,198000
2026-04-22,34.6,34.6,36.3,34.1,35.0,238000
2026-04-23,33.35,33.35,35.6,33.0,35.0,282000
2026-04-24,32.8,32.8,34.0,32.75,33.7,161000
2026-04-27,32.8,32.8,33.0,31.7,32.9,144000
2026-04-28,36.05,36.05,36.05,32.85,33.0,547000
2026-04-29,34.65,34.65,37.5,34.6,36.0,910000
2026-04-30,38.1,38.1,38.1,35.4,36.0,964000
2026-05-01,44.6,44.6,46.6,44.6,46.4,513843
2026-05-04,41.9,41.9,41.9,41.9,41.9,516000
2026-05-05,44.5,44.5,45.45,42.5,43.0,3425000
2026-05-06,44.2,44.2,44.35,42.65,44.3,1145000
2026-05-07,47.25,47.25,47.5,44.3,45.2,2885000
2026-05-08,51.4,51.4,51.9,47.7,47.85,4823000
2026-05-11,51.6,51.6,52.5,48.45,50.2,2271000
2026-05-12,50.2,50.2,51.0,49.3,51.0,625000
2026-05-13,47.5,47.5,49.8,47.25,49.8,513000
2026-05-14,48.45,48.45,49.4,47.1,47.1,397000
2026-05-15,48.1,48.1,49.4,47.6,49.2,359000
2026-05-18,49.85,49.85,49.85,48.0,48.1,474000
2026-05-19,48.0,48.0,49.85,48.0,49.3,269000
2026-05-20,47.7,47.7,48.8,47.45,48.5,156000
2026-05-21,49.1,49.1,50.0,48.0,48.0,332000
2026-05-22,51.0,51.0,51.0,49.2,50.2,676000
2026-05-25,51.8,51.8,52.8,51.3,51.3,980000
2026-05-26,50.0,50.0,52.9,47.4,51.2,1702000
2026-05-27,48.8,48.8,53.8,48.6,50.5,1792000
2026-05-28,47.0,47.0,50.3,46.9,48.95,909000
2026-05-29,51.7,51.7,51.7,46.9,47.6,1893000
2026-06-01,56.8,56.8,56.8,53.3,53.3,2784000
2026-06-02,54.2,54.2,59.8,52.9,59.8,3230000
2026-06-03,51.0,51.0,55.1,51.0,55.1,1307000
2026-06-04,48.6,48.6,51.0,47.6,49.35,1100000
2026-06-05,47.7,47.7,49.5,46.8,46.8,717000
2026-06-08,44.1,44.1,44.6,42.95,42.95,564000
2026-06-09,44.6,44.6,45.2,44.0,44.6,340000
2026-06-10,41.85,41.85,45.55,41.25,44.35,477000
2026-06-11,41.25,41.25,42.55,40.5,41.8,379000
2026-06-12,42.05,42.05,43.0,41.9,41.95,312000
2026-06-15,43.25,43.25,43.8,42.45,42.5,318000
2026-06-16,42.0,42.0,43.05,42.0,43.05,256000
2026-06-17,41.85,41.85,42.2,41.4,42.0,238000
2026-06-18,42.5,42.5,42.65,41.9,42.0,218000
2026-06-19,44.6,44.6,46.6,44.6,46.4,513843
2026-06-22,43.0,43.0,43.25,42.25,42.95,366000
2026-06-23,41.55,41.55,43.05,41.25,43.05,320000
2026-06-24,40.85,40.85,41.5,40.15,40.15,267000
2026-06-25,40.4,40.4,41.2,40.1,41.05,189000
2026-06-26,38.65,38.65,40.0,38.6,40.0,277000
2026-06-29,38.4,38.4,39.15,38.1,38.7,152000
2026-06-30,39.15,39.15,39.25,38.55,38.8,147000
2026-07-01,39.1,39.1,39.95,39.0,39.3,208000
2026-07-02,43.0,43.0,43.0,39.0,39.0,412000
2026-07-03,42.95,42.95,44.5,42.6,44.0,843000
2026-07-06,43.95,43.95,47.1,43.6,46.55,625000
2026-07-07,41.7,41.7,44.1,41.3,44.1,313000
2026-07-08,41.25,41.25,42.5,40.5,41.7,245000
2026-07-09,40.1,40.1,42.0,40.1,41.3,258000
2026-07-10,44.6,44.6,46.6,44.6,46.4,513843
2026-07-13,40.3,40.3,42.2,39.95,40.5,269000
2026-07-14,38.7,38.7,40.0,36.35,39.8,326000
2026-07-15,39.55,39.55,39.7,38.9,38.95,134000
2026-07-16,39.0,39.0,39.75,38.35,39.05,99000
2026-07-17,36.0,36.0,37.85,35.6,37.75,267000
2026-07-20,36.4,36.4,36.9,34.75,36.0,180000
2026-07-21,36.7,36.7,37.2,36.5,36.5,109000
2026-07-22,37.25,37.25,37.7,37.0,37.2,122000
2026-07-23,36.8,36.8,38.0,36.7,38.0,77000
2026-07-24,36.2,36.2,37.0,35.75,35.75,81000
2026-07-27,35.8,35.8,36.3,34.75,36.3,109000
2026-07-28,34.3,34.3,35.4,34.1,35.4,178000
2026-07-29,32.9,32.9,34.3,32.0,34.25,199000
2026-07-30,32.3,32.3,33.95,32.0,32.9,190000
2026-07-31,34.2,34.2,34.2,33.05,33.05,124000
2026-08-03,35.2,35.2,35.75,33.5,33.55,143000
2026-08-04,35.7,35.7,36.6,34.8,36.6,112000
2026-08-05,36.3,36.3,37.15,35.7,35.7,182000
2026-08-06,39.9,39.9,39.9,36.95,38.7,388000
2026-08-07,43.85,43.85,43.85,42.65,43.2,757000
2026-08-10,42.85,42.85,44.1,41.05,44.1,1310000
2026-08-11,41.9,41.9,43.5,41.35,42.8,353000
2026-08-12,46.05,46.05,46.05,46.05,46.05,573000
2026-08-13,45.65,45.65,48.2,45.4,48.2,1423000
2026-08-14,46.1,46.1,46.7,45.0,45.9,556000
2026-08-17,50.2,50.2,50.5,46.1,46.1,1824000
2026-08-18,49.4,49.4,50.9,48.0,50.3,1471000
2026-08-19,47.3,47.3,50.8,47.3,48.7,1926000
2026-08-20,47.1,47.1,49.1,46.2,48.75,662000
2026-08-21,44.6,44.6,46.6,44.6,46.4,505000
2026-08-24,44.3,44.3,45.6,44.3,44.9,251957
2026-08-25,44.15,44.15,44.45,42.8,44.3,245415
2026-08-26,45.1,45.1,45.25,44.5,44.5,176633
2026-08-27,45.4,45.4,46.6,44.75,44.75,237057
2026-08-28,44.2,44.2,45.65,44.2,45.4,221096
2026-08-31,43.5,43.5,44.2,43.45,44.2,139982
2026-09-01,43.65,43.65,44.0,42.8,43.6,161627
2026-09-02,43.35,43.35,44.45,43.25,43.6,172179
