Date,Adj Close,Close,High,Low,Open,Volume
2016-08-12,39.9,39.9,40.2,39.5,39.55,33594
2016-08-15,39.9,39.9,40.2,39.5,39.55,33594
2016-08-16,39.9,39.9,40.2,39.5,39.55,33594
2016-08-17,39.9,39.9,40.2,39.5,39.55,33594
2016-08-18,39.9,39.9,40.2,39.5,39.55,33594
2016-08-19,39.9,39.9,40.2,39.5,39.55,33594
2016-08-22,39.9,39.9,40.2,39.5,39.55,33594
2016-08-23,39.9,39.9,40.2,39.5,39.55,33594
2016-08-24,39.9,39.9,40.2,39.5,39.55,33594
2016-08-25,39.9,39.9,40.2,39.5,39.55,33594
2016-08-26,39.9,39.9,40.2,39.5,39.55,33594
2016-08-29,39.9,39.9,40.2,39.5,39.55,33594
2016-08-30,39.9,39.9,40.2,39.5,39.55,33594
2016-08-31,39.9,39.9,40.2,39.5,39.55,33594
2016-09-01,39.9,39.9,40.2,39.5,39.55,33594
2016-09-02,39.9,39.9,40.2,39.5,39.55,33594
2016-09-05,39.9,39.9,40.2,39.5,39.55,33594
2016-09-06,39.9,39.9,40.2,39.5,39.55,33594
2016-09-07,39.9,39.9,40.2,39.5,39.55,33594
2016-09-08,39.9,39.9,40.2,39.5,39.55,33594
2016-09-09,39.9,39.9,40.2,39.5,39.55,33594
2016-09-12,39.9,39.9,40.2,39.5,39.55,33594
2016-09-13,39.9,39.9,40.2,39.5,39.55,33594
2016-09-14,39.9,39.9,40.2,39.5,39.55,33594
2016-09-15,39.9,39.9,40.2,39.5,39.55,33594
2016-09-16,39.9,39.9,40.2,39.5,39.55,33594
2016-09-19,39.9,39.9,40.2,39.5,39.55,33594
2016-09-20,39.9,39.9,40.2,39.5,39.55,33594
2016-09-21,39.9,39.9,40.2,39.5,39.55,33594
2016-09-22,39.9,39.9,40.2,39.5,39.55,33594
2016-09-23,39.9,39.9,40.2,39.5,39.55,33594
2016-09-26,39.9,39.9,40.2,39.5,39.55,33594
2016-09-27,39.9,39.9,40.2,39.5,39.55,33594
2016-09-28,39.9,39.9,40.2,39.5,39.55,33594
2016-09-29,39.9,39.9,40.2,39.5,39.55,33594
2016-09-30,39.9,39.9,40.2,39.5,39.55,33594
2016-10-03,39.9,39.9,40.2,39.5,39.55,33594
2016-10-04,39.9,39.9,40.2,39.5,39.55,33594
2016-10-05,39.9,39.9,40.2,39.5,39.55,33594
2016-10-06,39.9,39.9,40.2,39.5,39.55,33594
2016-10-07,39.9,39.9,40.2,39.5,39.55,33594
2016-10-10,39.9,39.9,40.2,39.5,39.55,33594
2016-10-11,39.9,39.9,40.2,39.5,39.55,33594
2016-10-12,39.9,39.9,40.2,39.5,39.55,33594
2016-10-13,39.9,39.9,40.2,39.5,39.55,33594
2016-10-14,39.9,39.9,40.2,39.5,39.55,33594
2016-10-17,39.9,39.9,40.2,39.5,39.55,33594
2016-10-18,39.9,39.9,40.2,39.5,39.55,33594
2016-10-19,39.9,39.9,40.2,39.5,39.55,33594
2016-10-20,39.9,39.9,40.2,39.5,39.55,33594
2016-10-21,39.9,39.9,40.2,39.5,39.55,33594
2016-10-24,39.9,39.9,40.2,39.5,39.55,33594
2016-10-25,39.9,39.9,40.2,39.5,39.55,33594
2016-10-26,39.9,39.9,40.2,39.5,39.55,33594
2016-10-27,39.9,39.9,40.2,39.5,39.55,33594
2016-10-28,39.9,39.9,40.2,39.5,39.55,33594
2016-10-31,39.9,39.9,40.2,39.5,39.55,33594
2016-11-01,39.9,39.9,40.2,39.5,39.55,33594
2016-11-02,39.9,39.9,40.2,39.5,39.55,33594
2016-11-03,39.9,39.9,40.2,39.5,39.55,33594
2016-11-04,39.9,39.9,40.2,39.5,39.55,33594
2016-11-07,39.9,39.9,40.2,39.5,39.55,33594
2016-11-08,39.9,39.9,40.2,39.5,39.55,33594
2016-11-09,39.9,39.9,40.2,39.5,39.55,33594
2016-11-10,39.9,39.9,40.2,39.5,39.55,33594
2016-11-11,39.9,39.9,40.2,39.5,39.55,33594
2016-11-14,39.9,39.9,40.2,39.5,39.55,33594
2016-11-15,39.9,39.9,40.2,39.5,39.55,33594
2016-11-16,39.9,39.9,40.2,39.5,39.55,33594
2016-11-17,39.9,39.9,40.2,39.5,39.55,33594
2016-11-18,39.9,39.9,40.2,39.5,39.55,33594
2016-11-21,39.9,39.9,40.2,39.5,39.55,33594
2016-11-22,39.9,39.9,40.2,39.5,39.55,33594
2016-11-23,39.9,39.9,40.2,39.5,39.55,33594
2016-11-24,39.9,39.9,40.2,39.5,39.55,33594
2016-11-25,39.9,39.9,40.2,39.5,39.55,33594
2016-11-28,39.9,39.9,40.2,39.5,39.55,33594
2016-11-29,39.9,39.9,40.2,39.5,39.55,33594
2016-11-30,39.9,39.9,40.2,39.5,39.55,33594
2016-12-01,39.9,39.9,40.2,39.5,39.55,33594
2016-12-02,39.9,39.9,40.2,39.5,39.55,33594
2016-12-05,39.9,39.9,40.2,39.5,39.55,33594
2016-12-06,39.9,39.9,40.2,39.5,39.55,33594
2016-12-07,39.9,39.9,40.2,39.5,39.55,33594
2016-12-08,39.9,39.9,40.2,39.5,39.55,33594
2016-12-09,39.9,39.9,40.2,39.5,39.55,33594
2016-12-12,39.9,39.9,40.2,39.5,39.55,33594
2016-12-13,39.9,39.9,40.2,39.5,39.55,33594
2016-12-14,39.9,39.9,40.2,39.5,39.55,33594
2016-12-15,39.9,39.9,40.2,39.5,39.55,33594
2016-12-16,39.9,39.9,40.2,39.5,39.55,33594
2016-12-19,39.9,39.9,40.2,39.5,39.55,33594
2016-12-20,39.9,39.9,40.2,39.5,39.55,33594
2016-12-21,39.9,39.9,40.2,39.5,39.55,33594
2016-12-22,39.9,39.9,40.2,39.5,39.55,33594
2016-12-23,39.9,39.9,40.2,39.5,39.55,33594
2016-12-26,39.9,39.9,40.2,39.5,39.55,33594
2016-12-27,39.9,39.9,40.2,39.5,39.55,33594
2016-12-28,39.9,39.9,40.2,39.5,39.55,33594
2016-12-29,39.9,39.9,40.2,39.5,39.55,33594
2016-12-30,39.9,39.9,40.2,39.5,39.55,33594
2017-01-02,39.9,39.9,40.2,39.5,39.55,33594
2017-01-03,39.9,39.9,40.2,39.5,39.55,33594
2017-01-04,39.9,39.9,40.2,39.5,39.55,33594
2017-01-05,39.9,39.9,40.2,39.5,39.55,33594
2017-01-06,39.9,39.9,40.2,39.5,39.55,33594
2017-01-09,39.9,39.9,40.2,39.5,39.55,33594
2017-01-10,39.9,39.9,40.2,39.5,39.55,33594
2017-01-11,39.9,39.9,40.2,39.5,39.55,33594
2017-01-12,39.9,39.9,40.2,39.5,39.55,33594
2017-01-13,39.9,39.9,40.2,39.5,39.55,33594
2017-01-16,39.9,39.9,40.2,39.5,39.55,33594
2017-01-17,39.9,39.9,40.2,39.5,39.55,33594
2017-01-18,39.9,39.9,40.2,39.5,39.55,33594
2017-01-19,39.9,39.9,40.2,39.5,39.55,33594
2017-01-20,39.9,39.9,40.2,39.5,39.55,33594
2017-01-23,39.9,39.9,40.2,39.5,39.55,33594
2017-01-24,39.9,39.9,40.2,39.5,39.55,33594
2017-01-25,39.9,39.9,40.2,39.5,39.55,33594
2017-01-26,39.9,39.9,40.2,39.5,39.55,33594
2017-01-27,39.9,39.9,40.2,39.5,39.55,33594
2017-01-30,39.9,39.9,40.2,39.5,39.55,33594
2017-01-31,39.9,39.9,40.2,39.5,39.55,33594
2017-02-01,39.9,39.9,40.2,39.5,39.55,33594
2017-02-02,39.9,39.9,40.2,39.5,39.55,33594
2017-02-03,39.9,39.9,40.2,39.5,39.55,33594
2017-02-06,39.9,39.9,40.2,39.5,39.55,33594
2017-02-07,39.9,39.9,40.2,39.5,39.55,33594
2017-02-08,39.9,39.9,40.2,39.5,39.55,33594
2017-02-09,39.9,39.9,40.2,39.5,39.55,33594
2017-02-10,39.9,39.9,40.2,39.5,39.55,33594
2017-02-13,39.9,39.9,40.2,39.5,39.55,33594
2017-02-14,39.9,39.9,40.2,39.5,39.55,33594
2017-02-15,39.9,39.9,40.2,39.5,39.55,33594
2017-02-16,39.9,39.9,40.2,39.5,39.55,33594
2017-02-17,39.9,39.9,40.2,39.5,39.55,33594
2017-02-20,39.9,39.9,40.2,39.5,39.55,33594
2017-02-21,39.9,39.9,40.2,39.5,39.55,33594
2017-02-22,39.9,39.9,40.2,39.5,39.55,33594
2017-02-23,39.9,39.9,40.2,39.5,39.55,33594
2017-02-24,39.9,39.9,40.2,39.5,39.55,33594
2017-02-27,39.9,39.9,40.2,39.5,39.55,33594
2017-02-28,39.9,39.9,40.2,39.5,39.55,33594
2017-03-01,39.9,39.9,40.2,39.5,39.55,33594
2017-03-02,39.9,39.9,40.2,39.5,39.55,33594
2017-03-03,39.9,39.9,40.2,39.5,39.55,33594
2017-03-06,39.9,39.9,40.2,39.5,39.55,33594
2017-03-07,39.9,39.9,40.2,39.5,39.55,33594
2017-03-08,39.9,39.9,40.2,39.5,39.55,33594
2017-03-09,39.9,39.9,40.2,39.5,39.55,33594
2017-03-10,39.9,39.9,40.2,39.5,39.55,33594
2017-03-13,39.9,39.9,40.2,39.5,39.55,33594
2017-03-14,39.9,39.9,40.2,39.5,39.55,33594
2017-03-15,39.9,39.9,40.2,39.5,39.55,33594
2017-03-16,39.9,39.9,40.2,39.5,39.55,33594
2017-03-17,39.9,39.9,40.2,39.5,39.55,33594
2017-03-20,39.9,39.9,40.2,39.5,39.55,33594
2017-03-21,39.9,39.9,40.2,39.5,39.55,33594
2017-03-22,39.9,39.9,40.2,39.5,39.55,33594
2017-03-23,39.9,39.9,40.2,39.5,39.55,33594
2017-03-24,39.9,39.9,40.2,39.5,39.55,33594
2017-03-27,39.9,39.9,40.2,39.5,39.55,33594
2017-03-28,39.9,39.9,40.2,39.5,39.55,33594
2017-03-29,39.9,39.9,40.2,39.5,39.55,33594
2017-03-30,39.9,39.9,40.2,39.5,39.55,33594
2017-03-31,39.9,39.9,40.2,39.5,39.55,33594
2017-04-03,39.9,39.9,40.2,39.5,39.55,33594
2017-04-04,39.9,39.9,40.2,39.5,39.55,33594
2017-04-05,39.9,39.9,40.2,39.5,39.55,33594
2017-04-06,39.9,39.9,40.2,39.5,39.55,33594
2017-04-07,39.9,39.9,40.2,39.5,39.55,33594
2017-04-10,39.9,39.9,40.2,39.5,39.55,33594
2017-04-11,39.9,39.9,40.2,39.5,39.55,33594
2017-04-12,39.9,39.9,40.2,39.5,39.55,33594
2017-04-13,39.9,39.9,40.2,39.5,39.55,33594
2017-04-14,39.9,39.9,40.2,39.5,39.55,33594
2017-04-17,39.9,39.9,40.2,39.5,39.55,33594
2017-04-18,39.9,39.9,40.2,39.5,39.55,33594
2017-04-19,39.9,39.9,40.2,39.5,39.55,33594
2017-04-21,39.9,39.9,40.2,39.5,39.55,33594
2017-04-24,39.9,39.9,40.2,39.5,39.55,33594
2017-04-25,39.9,39.9,40.2,39.5,39.55,33594
2017-04-26,39.9,39.9,40.2,39.5,39.55,33594
2017-04-27,39.9,39.9,40.2,39.5,39.55,33594
2017-04-28,39.9,39.9,40.2,39.5,39.55,33594
2017-05-01,39.9,39.9,40.2,39.5,39.55,33594
2017-05-02,39.9,39.9,40.2,39.5,39.55,33594
2017-05-03,39.9,39.9,40.2,39.5,39.55,33594
2017-05-04,39.9,39.9,40.2,39.5,39.55,33594
2017-05-05,39.9,39.9,40.2,39.5,39.55,33594
2017-05-08,39.9,39.9,40.2,39.5,39.55,33594
2017-05-09,39.9,39.9,40.2,39.5,39.55,33594
2017-05-10,39.9,39.9,40.2,39.5,39.55,33594
2017-05-11,39.9,39.9,40.2,39.5,39.55,33594
2017-05-12,39.9,39.9,40.2,39.5,39.55,33594
2017-05-15,39.9,39.9,40.2,39.5,39.55,33594
2017-05-16,39.9,39.9,40.2,39.5,39.55,33594
2017-05-17,39.9,39.9,40.2,39.5,39.55,33594
2017-05-18,39.9,39.9,40.2,39.5,39.55,33594
2017-05-19,39.9,39.9,40.2,39.5,39.55,33594
2017-05-22,39.9,39.9,40.2,39.5,39.55,33594
2017-05-23,39.9,39.9,40.2,39.5,39.55,33594
2017-05-24,39.9,39.9,40.2,39.5,39.55,33594
2017-05-25,39.9,39.9,40.2,39.5,39.55,33594
2017-05-26,39.9,39.9,40.2,39.5,39.55,33594
2017-05-29,39.9,39.9,40.2,39.5,39.55,33594
2017-05-30,39.9,39.9,40.2,39.5,39.55,33594
2017-05-31,39.9,39.9,40.2,39.5,39.55,33594
2017-06-01,39.9,39.9,40.2,39.5,39.55,33594
2017-06-02,39.9,39.9,40.2,39.5,39.55,33594
2017-06-05,39.9,39.9,40.2,39.5,39.55,33594
2017-06-06,39.9,39.9,40.2,39.5,39.55,33594
2017-06-07,39.9,39.9,40.2,39.5,39.55,33594
2017-06-08,39.9,39.9,40.2,39.5,39.55,33594
2017-06-09,39.9,39.9,40.2,39.5,39.55,33594
2017-06-12,39.9,39.9,40.2,39.5,39.55,33594
2017-06-13,39.9,39.9,40.2,39.5,39.55,33594
2017-06-14,39.9,39.9,40.2,39.5,39.55,33594
2017-06-15,39.9,39.9,40.2,39.5,39.55,33594
2017-06-16,39.9,39.9,40.2,39.5,39.55,33594
2017-06-19,39.9,39.9,40.2,39.5,39.55,33594
2017-06-20,39.9,39.9,40.2,39.5,39.55,33594
2017-06-21,39.9,39.9,40.2,39.5,39.55,33594
2017-06-22,39.9,39.9,40.2,39.5,39.55,33594
2017-06-23,39.9,39.9,40.2,39.5,39.55,33594
2017-06-26,39.9,39.9,40.2,39.5,39.55,33594
2017-06-27,39.9,39.9,40.2,39.5,39.55,33594
2017-06-28,39.9,39.9,40.2,39.5,39.55,33594
2017-06-29,39.9,39.9,40.2,39.5,39.55,33594
2017-06-30,39.9,39.9,40.2,39.5,39.55,33594
2017-07-03,39.9,39.9,40.2,39.5,39.55,33594
2017-07-04,39.9,39.9,40.2,39.5,39.55,33594
2017-07-05,39.9,39.9,40.2,39.5,39.55,33594
2017-07-06,39.9,39.9,40.2,39.5,39.55,33594
2017-07-07,39.9,39.9,40.2,39.5,39.55,33594
2017-07-10,39.9,39.9,40.2,39.5,39.55,33594
2017-07-11,39.9,39.9,40.2,39.5,39.55,33594
2017-07-12,39.9,39.9,40.2,39.5,39.55,33594
2017-07-13,39.9,39.9,40.2,39.5,39.55,33594
2017-07-14,39.9,39.9,40.2,39.5,39.55,33594
2017-07-17,39.9,39.9,40.2,39.5,39.55,33594
2017-07-18,39.9,39.9,40.2,39.5,39.55,33594
2017-07-19,39.9,39.9,40.2,39.5,39.55,33594
2017-07-20,39.9,39.9,40.2,39.5,39.55,33594
2017-07-21,39.9,39.9,40.2,39.5,39.55,33594
2017-07-24,39.9,39.9,40.2,39.5,39.55,33594
2017-07-25,39.9,39.9,40.2,39.5,39.55,33594
2017-07-26,39.9,39.9,40.2,39.5,39.55,33594
2017-07-27,39.9,39.9,40.2,39.5,39.55,33594
2017-07-28,39.9,39.9,40.2,39.5,39.55,33594
2017-07-31,39.9,39.9,40.2,39.5,39.55,33594
2017-08-01,39.9,39.9,40.2,39.5,39.55,33594
2017-08-02,39.9,39.9,40.2,39.5,39.55,33594
2017-08-03,39.9,39.9,40.2,39.5,39.55,33594
2017-08-04,39.9,39.9,40.2,39.5,39.55,33594
2017-08-07,39.9,39.9,40.2,39.5,39.55,33594
2017-08-08,39.9,39.9,40.2,39.5,39.55,33594
2017-08-09,39.9,39.9,40.2,39.5,39.55,33594
2017-08-10,39.9,39.9,40.2,39.5,39.55,33594
2017-08-11,39.9,39.9,40.2,39.5,39.55,33594
2017-08-14,39.9,39.9,40.2,39.5,39.55,33594
2017-08-15,39.9,39.9,40.2,39.5,39.55,33594
2017-08-16,39.9,39.9,40.2,39.5,39.55,33594
2017-08-17,39.9,39.9,40.2,39.5,39.55,33594
2017-08-18,39.9,39.9,40.2,39.5,39.55,33594
2017-08-21,39.9,39.9,40.2,39.5,39.55,33594
2017-08-22,39.9,39.9,40.2,39.5,39.55,33594
2017-08-23,39.9,39.9,40.2,39.5,39.55,33594
2017-08-24,39.9,39.9,40.2,39.5,39.55,33594
2017-08-25,39.9,39.9,40.2,39.5,39.55,33594
2017-08-28,39.9,39.9,40.2,39.5,39.55,33594
2017-08-29,39.9,39.9,40.2,39.5,39.55,33594
2017-08-30,39.9,39.9,40.2,39.5,39.55,33594
2017-08-31,39.9,39.9,40.2,39.5,39.55,33594
2017-09-01,39.9,39.9,40.2,39.5,39.55,33594
2017-09-04,39.9,39.9,40.2,39.5,39.55,33594
2017-09-05,39.9,39.9,40.2,39.5,39.55,33594
2017-09-06,39.9,39.9,40.2,39.5,39.55,33594
2017-09-07,39.9,39.9,40.2,39.5,39.55,33594
2017-09-08,39.9,39.9,40.2,39.5,39.55,33594
2017-09-11,39.9,39.9,40.2,39.5,39.55,33594
2017-09-12,39.9,39.9,40.2,39.5,39.55,33594
2017-09-13,39.9,39.9,40.2,39.5,39.55,33594
2017-09-14,39.9,39.9,40.2,39.5,39.55,33594
2017-09-15,39.9,39.9,40.2,39.5,39.55,33594
2017-09-18,39.9,39.9,40.2,39.5,39.55,33594
2017-09-19,39.9,39.9,40.2,39.5,39.55,33594
2017-09-20,39.9,39.9,40.2,39.5,39.55,33594
2017-09-21,39.9,39.9,40.2,39.5,39.55,33594
2017-09-22,39.9,39.9,40.2,39.5,39.55,33594
2017-09-25,39.9,39.9,40.2,39.5,39.55,33594
2017-09-26,39.9,39.9,40.2,39.5,39.55,33594
2017-09-27,39.9,39.9,40.2,39.5,39.55,33594
2017-09-28,39.9,39.9,40.2,39.5,39.55,33594
2017-09-29,39.9,39.9,40.2,39.5,39.55,33594
2017-10-02,39.9,39.9,40.2,39.5,39.55,33594
2017-10-03,39.9,39.9,40.2,39.5,39.55,33594
2017-10-04,39.9,39.9,40.2,39.5,39.55,33594
2017-10-05,39.9,39.9,40.2,39.5,39.55,33594
2017-10-06,39.9,39.9,40.2,39.5,39.55,33594
2017-10-09,39.9,39.9,40.2,39.5,39.55,33594
2017-10-10,39.9,39.9,40.2,39.5,39.55,33594
2017-10-11,39.9,39.9,40.2,39.5,39.55,33594
2017-10-12,39.9,39.9,40.2,39.5,39.55,33594
2017-10-13,39.9,39.9,40.2,39.5,39.55,33594
2017-10-16,39.9,39.9,40.2,39.5,39.55,33594
2017-10-17,39.9,39.9,40.2,39.5,39.55,33594
2017-10-18,39.9,39.9,40.2,39.5,39.55,33594
2017-10-19,39.9,39.9,40.2,39.5,39.55,33594
2017-10-20,39.9,39.9,40.2,39.5,39.55,33594
2017-10-23,39.9,39.9,40.2,39.5,39.55,33594
2017-10-24,39.9,39.9,40.2,39.5,39.55,33594
2017-10-25,39.9,39.9,40.2,39.5,39.55,33594
2017-10-26,39.9,39.9,40.2,39.5,39.55,33594
2017-10-27,39.9,39.9,40.2,39.5,39.55,33594
2017-10-30,39.9,39.9,40.2,39.5,39.55,33594
2017-10-31,39.9,39.9,40.2,39.5,39.55,33594
2017-11-01,39.9,39.9,40.2,39.5,39.55,33594
2017-11-02,39.9,39.9,40.2,39.5,39.55,33594
2017-11-03,39.9,39.9,40.2,39.5,39.55,33594
2017-11-06,39.9,39.9,40.2,39.5,39.55,33594
2017-11-07,39.9,39.9,40.2,39.5,39.55,33594
2017-11-08,39.9,39.9,40.2,39.5,39.55,33594
2017-11-09,39.9,39.9,40.2,39.5,39.55,33594
2017-11-10,39.9,39.9,40.2,39.5,39.55,33594
2017-11-13,39.9,39.9,40.2,39.5,39.55,33594
2017-11-14,39.9,39.9,40.2,39.5,39.55,33594
2017-11-15,39.9,39.9,40.2,39.5,39.55,33594
2017-11-16,39.9,39.9,40.2,39.5,39.55,33594
2017-11-17,39.9,39.9,40.2,39.5,39.55,33594
2017-11-20,39.9,39.9,40.2,39.5,39.55,33594
2017-11-21,39.9,39.9,40.2,39.5,39.55,33594
2017-11-22,39.9,39.9,40.2,39.5,39.55,33594
2017-11-23,39.9,39.9,40.2,39.5,39.55,33594
2017-11-24,39.9,39.9,40.2,39.5,39.55,33594
2017-11-27,39.9,39.9,40.2,39.5,39.55,33594
2017-11-28,39.9,39.9,40.2,39.5,39.55,33594
2017-11-29,39.9,39.9,40.2,39.5,39.55,33594
2017-11-30,39.9,39.9,40.2,39.5,39.55,33594
2017-12-01,39.9,39.9,40.2,39.5,39.55,33594
2017-12-04,39.9,39.9,40.2,39.5,39.55,33594
2017-12-05,39.9,39.9,40.2,39.5,39.55,33594
2017-12-06,39.9,39.9,40.2,39.5,39.55,33594
2017-12-07,39.9,39.9,40.2,39.5,39.55,33594
2017-12-08,39.9,39.9,40.2,39.5,39.55,33594
2017-12-11,39.9,39.9,40.2,39.5,39.55,33594
2017-12-12,39.9,39.9,40.2,39.5,39.55,33594
2017-12-13,39.9,39.9,40.2,39.5,39.55,33594
2017-12-14,39.9,39.9,40.2,39.5,39.55,33594
2017-12-15,39.9,39.9,40.2,39.5,39.55,33594
2017-12-18,39.9,39.9,40.2,39.5,39.55,33594
2017-12-19,39.9,39.9,40.2,39.5,39.55,33594
2017-12-20,39.9,39.9,40.2,39.5,39.55,33594
2017-12-21,39.9,39.9,40.2,39.5,39.55,33594
2017-12-22,39.9,39.9,40.2,39.5,39.55,33594
2017-12-25,39.9,39.9,40.2,39.5,39.55,33594
2017-12-26,39.9,39.9,40.2,39.5,39.55,33594
2017-12-27,39.9,39.9,40.2,39.5,39.55,33594
2017-12-28,39.9,39.9,40.2,39.5,39.55,33594
2017-12-29,39.9,39.9,40.2,39.5,39.55,33594
2018-01-01,39.9,39.9,40.2,39.5,39.55,33594
2018-01-02,39.9,39.9,40.2,39.5,39.55,33594
2018-01-03,39.9,39.9,40.2,39.5,39.55,33594
2018-01-04,39.9,39.9,40.2,39.5,39.55,33594
2018-01-05,39.9,39.9,40.2,39.5,39.55,33594
2018-01-08,39.9,39.9,40.2,39.5,39.55,33594
2018-01-09,39.9,39.9,40.2,39.5,39.55,33594
2018-01-10,39.9,39.9,40.2,39.5,39.55,33594
2018-01-11,39.9,39.9,40.2,39.5,39.55,33594
2018-01-12,39.9,39.9,40.2,39.5,39.55,33594
2018-01-15,39.9,39.9,40.2,39.5,39.55,33594
2018-01-16,39.9,39.9,40.2,39.5,39.55,33594
2018-01-17,39.9,39.9,40.2,39.5,39.55,33594
2018-01-18,39.9,39.9,40.2,39.5,39.55,33594
2018-01-19,39.9,39.9,40.2,39.5,39.55,33594
2018-01-22,39.9,39.9,40.2,39.5,39.55,33594
2018-01-23,39.9,39.9,40.2,39.5,39.55,33594
2018-01-24,39.9,39.9,40.2,39.5,39.55,33594
2018-01-25,39.9,39.9,40.2,39.5,39.55,33594
2018-01-26,39.9,39.9,40.2,39.5,39.55,33594
2018-01-29,39.9,39.9,40.2,39.5,39.55,33594
2018-01-30,39.9,39.9,40.2,39.5,39.55,33594
2018-01-31,39.9,39.9,40.2,39.5,39.55,33594
2018-02-01,39.9,39.9,40.2,39.5,39.55,33594
2018-02-02,39.9,39.9,40.2,39.5,39.55,33594
2018-02-05,39.9,39.9,40.2,39.5,39.55,33594
2018-02-06,39.9,39.9,40.2,39.5,39.55,33594
2018-02-07,39.9,39.9,40.2,39.5,39.55,33594
2018-02-08,39.9,39.9,40.2,39.5,39.55,33594
2018-02-09,39.9,39.9,40.2,39.5,39.55,33594
2018-02-12,39.9,39.9,40.2,39.5,39.55,33594
2018-02-13,39.9,39.9,40.2,39.5,39.55,33594
2018-02-14,39.9,39.9,40.2,39.5,39.55,33594
2018-02-15,39.9,39.9,40.2,39.5,39.55,33594
2018-02-16,39.9,39.9,40.2,39.5,39.55,33594
2018-02-19,39.9,39.9,40.2,39.5,39.55,33594
2018-02-20,39.9,39.9,40.2,39.5,39.55,33594
2018-02-21,39.9,39.9,40.2,39.5,39.55,33594
2018-02-22,39.9,39.9,40.2,39.5,39.55,33594
2018-02-23,39.9,39.9,40.2,39.5,39.55,33594
2018-02-26,39.9,39.9,40.2,39.5,39.55,33594
2018-02-27,39.9,39.9,40.2,39.5,39.55,33594
2018-02-28,39.9,39.9,40.2,39.5,39.55,33594
2018-03-01,39.9,39.9,40.2,39.5,39.55,33594
2018-03-02,39.9,39.9,40.2,39.5,39.55,33594
2018-03-05,39.9,39.9,40.2,39.5,39.55,33594
2018-03-06,39.9,39.9,40.2,39.5,39.55,33594
2018-03-07,39.9,39.9,40.2,39.5,39.55,33594
2018-03-08,39.9,39.9,40.2,39.5,39.55,33594
2018-03-09,39.9,39.9,40.2,39.5,39.55,33594
2018-03-12,39.9,39.9,40.2,39.5,39.55,33594
2018-03-13,39.9,39.9,40.2,39.5,39.55,33594
2018-03-14,39.9,39.9,40.2,39.5,39.55,33594
2018-03-15,39.9,39.9,40.2,39.5,39.55,33594
2018-03-16,39.9,39.9,40.2,39.5,39.55,33594
2018-03-19,39.9,39.9,40.2,39.5,39.55,33594
2018-03-20,39.9,39.9,40.2,39.5,39.55,33594
2018-03-21,39.9,39.9,40.2,39.5,39.55,33594
2018-03-22,39.9,39.9,40.2,39.5,39.55,33594
2018-03-23,39.9,39.9,40.2,39.5,39.55,33594
2018-03-26,39.9,39.9,40.2,39.5,39.55,33594
2018-03-27,39.9,39.9,40.2,39.5,39.55,33594
2018-03-28,39.9,39.9,40.2,39.5,39.55,33594
2018-03-29,39.9,39.9,40.2,39.5,39.55,33594
2018-03-30,39.9,39.9,40.2,39.5,39.55,33594
2018-04-02,39.9,39.9,40.2,39.5,39.55,33594
2018-04-03,39.9,39.9,40.2,39.5,39.55,33594
2018-04-04,39.9,39.9,40.2,39.5,39.55,33594
2018-04-05,39.9,39.9,40.2,39.5,39.55,33594
2018-04-06,39.9,39.9,40.2,39.5,39.55,33594
2018-04-09,39.9,39.9,40.2,39.5,39.55,33594
2018-04-10,39.9,39.9,40.2,39.5,39.55,33594
2018-04-11,39.9,39.9,40.2,39.5,39.55,33594
2018-04-12,39.9,39.9,40.2,39.5,39.55,33594
2018-04-13,39.9,39.9,40.2,39.5,39.55,33594
2018-04-16,39.9,39.9,40.2,39.5,39.55,33594
2018-04-17,39.9,39.9,40.2,39.5,39.55,33594
2018-04-18,39.9,39.9,40.2,39.5,39.55,33594
2018-04-19,39.9,39.9,40.2,39.5,39.55,33594
2018-04-20,39.9,39.9,40.2,39.5,39.55,33594
2018-04-23,39.9,39.9,40.2,39.5,39.55,33594
2018-04-24,39.9,39.9,40.2,39.5,39.55,33594
2018-04-25,39.9,39.9,40.2,39.5,39.55,33594
2018-04-26,39.9,39.9,40.2,39.5,39.55,33594
2018-04-27,39.9,39.9,40.2,39.5,39.55,33594
2018-04-30,39.9,39.9,40.2,39.5,39.55,33594
2018-05-01,39.9,39.9,40.2,39.5,39.55,33594
2018-05-02,39.9,39.9,40.2,39.5,39.55,33594
2018-05-03,39.9,39.9,40.2,39.5,39.55,33594
2018-05-04,39.9,39.9,40.2,39.5,39.55,33594
2018-05-07,39.9,39.9,40.2,39.5,39.55,33594
2018-05-08,39.9,39.9,40.2,39.5,39.55,33594
2018-05-09,39.9,39.9,40.2,39.5,39.55,33594
2018-05-10,39.9,39.9,40.2,39.5,39.55,33594
2018-05-11,39.9,39.9,40.2,39.5,39.55,33594
2018-05-14,39.9,39.9,40.2,39.5,39.55,33594
2018-05-15,39.9,39.9,40.2,39.5,39.55,33594
2018-05-16,39.9,39.9,40.2,39.5,39.55,33594
2018-05-17,39.9,39.9,40.2,39.5,39.55,33594
2018-05-18,39.9,39.9,40.2,39.5,39.55,33594
2018-05-21,39.9,39.9,40.2,39.5,39.55,33594
2018-05-22,39.9,39.9,40.2,39.5,39.55,33594
2018-05-23,39.9,39.9,40.2,39.5,39.55,33594
2018-05-24,39.9,39.9,40.2,39.5,39.55,33594
2018-05-25,39.9,39.9,40.2,39.5,39.55,33594
2018-05-28,39.9,39.9,40.2,39.5,39.55,33594
2018-05-29,39.9,39.9,40.2,39.5,39.55,33594
2018-05-30,39.9,39.9,40.2,39.5,39.55,33594
2018-05-31,39.9,39.9,40.2,39.5,39.55,33594
2018-06-01,39.9,39.9,40.2,39.5,39.55,33594
2018-06-04,39.9,39.9,40.2,39.5,39.55,33594
2018-06-05,39.9,39.9,40.2,39.5,39.55,33594
2018-06-06,39.9,39.9,40.2,39.5,39.55,33594
2018-06-07,39.9,39.9,40.2,39.5,39.55,33594
2018-06-08,39.9,39.9,40.2,39.5,39.55,33594
2018-06-11,39.9,39.9,40.2,39.5,39.55,33594
2018-06-12,39.9,39.9,40.2,39.5,39.55,33594
2018-06-13,39.9,39.9,40.2,39.5,39.55,33594
2018-06-14,39.9,39.9,40.2,39.5,39.55,33594
2018-06-15,39.9,39.9,40.2,39.5,39.55,33594
2018-06-18,39.9,39.9,40.2,39.5,39.55,33594
2018-06-19,39.9,39.9,40.2,39.5,39.55,33594
2018-06-20,39.9,39.9,40.2,39.5,39.55,33594
2018-06-21,39.9,39.9,40.2,39.5,39.55,33594
2018-06-22,39.9,39.9,40.2,39.5,39.55,33594
2018-06-25,39.9,39.9,40.2,39.5,39.55,33594
2018-06-26,39.9,39.9,40.2,39.5,39.55,33594
2018-06-27,39.9,39.9,40.2,39.5,39.55,33594
2018-06-28,39.9,39.9,40.2,39.5,39.55,33594
2018-06-29,39.9,39.9,40.2,39.5,39.55,33594
2018-07-02,39.9,39.9,40.2,39.5,39.55,33594
2018-07-03,39.9,39.9,40.2,39.5,39.55,33594
2018-07-04,39.9,39.9,40.2,39.5,39.55,33594
2018-07-05,39.9,39.9,40.2,39.5,39.55,33594
2018-07-06,39.9,39.9,40.2,39.5,39.55,33594
2018-07-09,39.9,39.9,40.2,39.5,39.55,33594
2018-07-10,39.9,39.9,40.2,39.5,39.55,33594
2018-07-11,39.9,39.9,40.2,39.5,39.55,33594
2018-07-12,39.9,39.9,40.2,39.5,39.55,33594
2018-07-13,39.9,39.9,40.2,39.5,39.55,33594
2018-07-16,39.9,39.9,40.2,39.5,39.55,33594
2018-07-17,39.9,39.9,40.2,39.5,39.55,33594
2018-07-18,39.9,39.9,40.2,39.5,39.55,33594
2018-07-19,39.9,39.9,40.2,39.5,39.55,33594
2018-07-20,39.9,39.9,40.2,39.5,39.55,33594
2018-07-23,39.9,39.9,40.2,39.5,39.55,33594
2018-07-24,39.9,39.9,40.2,39.5,39.55,33594
2018-07-25,39.9,39.9,40.2,39.5,39.55,33594
2018-07-26,39.9,39.9,40.2,39.5,39.55,33594
2018-07-27,39.9,39.9,40.2,39.5,39.55,33594
2018-07-30,39.9,39.9,40.2,39.5,39.55,33594
2018-07-31,39.9,39.9,40.2,39.5,39.55,33594
2018-08-01,39.9,39.9,40.2,39.5,39.55,33594
2018-08-02,39.9,39.9,40.2,39.5,39.55,33594
2018-08-03,39.9,39.9,40.2,39.5,39.55,33594
2018-08-06,39.9,39.9,40.2,39.5,39.55,33594
2018-08-07,39.9,39.9,40.2,39.5,39.55,33594
2018-08-08,39.9,39.9,40.2,39.5,39.55,33594
2018-08-09,39.9,39.9,40.2,39.5,39.55,33594
2018-08-10,39.9,39.9,40.2,39.5,39.55,33594
2018-08-13,39.9,39.9,40.2,39.5,39.55,33594
2018-08-14,39.9,39.9,40.2,39.5,39.55,33594
2018-08-15,39.9,39.9,40.2,39.5,39.55,33594
2018-08-16,39.9,39.9,40.2,39.5,39.55,33594
2018-08-17,39.9,39.9,40.2,39.5,39.55,33594
2018-08-20,39.9,39.9,40.2,39.5,39.55,33594
2018-08-21,39.9,39.9,40.2,39.5,39.55,33594
2018-08-22,39.9,39.9,40.2,39.5,39.55,33594
2018-08-23,39.9,39.9,40.2,39.5,39.55,33594
2018-08-24,39.9,39.9,40.2,39.5,39.55,33594
2018-08-27,39.9,39.9,40.2,39.5,39.55,33594
2018-08-28,39.9,39.9,40.2,39.5,39.55,33594
2018-08-29,39.9,39.9,40.2,39.5,39.55,33594
2018-08-30,39.9,39.9,40.2,39.5,39.55,33594
2018-08-31,39.9,39.9,40.2,39.5,39.55,33594
2018-09-03,39.9,39.9,40.2,39.5,39.55,33594
2018-09-04,39.9,39.9,40.2,39.5,39.55,33594
2018-09-05,39.9,39.9,40.2,39.5,39.55,33594
2018-09-06,39.9,39.9,40.2,39.5,39.55,33594
2018-09-07,39.9,39.9,40.2,39.5,39.55,33594
2018-09-10,39.9,39.9,40.2,39.5,39.55,33594
2018-09-11,39.9,39.9,40.2,39.5,39.55,33594
2018-09-12,39.9,39.9,40.2,39.5,39.55,33594
2018-09-13,39.9,39.9,40.2,39.5,39.55,33594
2018-09-14,39.9,39.9,40.2,39.5,39.55,33594
2018-09-17,39.9,39.9,40.2,39.5,39.55,33594
2018-09-18,39.9,39.9,40.2,39.5,39.55,33594
2018-09-19,39.9,39.9,40.2,39.5,39.55,33594
2018-09-20,39.9,39.9,40.2,39.5,39.55,33594
2018-09-21,39.9,39.9,40.2,39.5,39.55,33594
2018-09-24,39.9,39.9,40.2,39.5,39.55,33594
2018-09-25,39.9,39.9,40.2,39.5,39.55,33594
2018-09-26,39.9,39.9,40.2,39.5,39.55,33594
2018-09-27,39.9,39.9,40.2,39.5,39.55,33594
2018-09-28,39.9,39.9,40.2,39.5,39.55,33594
2018-10-01,39.9,39.9,40.2,39.5,39.55,33594
2018-10-02,39.9,39.9,40.2,39.5,39.55,33594
2018-10-03,39.9,39.9,40.2,39.5,39.55,33594
2018-10-04,39.9,39.9,40.2,39.5,39.55,33594
2018-10-05,39.9,39.9,40.2,39.5,39.55,33594
2018-10-08,39.9,39.9,40.2,39.5,39.55,33594
2018-10-09,39.9,39.9,40.2,39.5,39.55,33594
2018-10-10,39.9,39.9,40.2,39.5,39.55,33594
2018-10-11,39.9,39.9,40.2,39.5,39.55,33594
2018-10-12,39.9,39.9,40.2,39.5,39.55,33594
2018-10-15,39.9,39.9,40.2,39.5,39.55,33594
2018-10-16,39.9,39.9,40.2,39.5,39.55,33594
2018-10-17,39.9,39.9,40.2,39.5,39.55,33594
2018-10-18,39.9,39.9,40.2,39.5,39.55,33594
2018-10-19,39.9,39.9,40.2,39.5,39.55,33594
2018-10-22,39.9,39.9,40.2,39.5,39.55,33594
2018-10-23,39.9,39.9,40.2,39.5,39.55,33594
2018-10-24,39.9,39.9,40.2,39.5,39.55,33594
2018-10-25,39.9,39.9,40.2,39.5,39.55,33594
2018-10-26,39.9,39.9,40.2,39.5,39.55,33594
2018-10-29,39.9,39.9,40.2,39.5,39.55,33594
2018-10-30,39.9,39.9,40.2,39.5,39.55,33594
2018-10-31,39.9,39.9,40.2,39.5,39.55,33594
2018-11-01,39.9,39.9,40.2,39.5,39.55,33594
2018-11-02,39.9,39.9,40.2,39.5,39.55,33594
2018-11-05,39.9,39.9,40.2,39.5,39.55,33594
2018-11-06,39.9,39.9,40.2,39.5,39.55,33594
2018-11-07,39.9,39.9,40.2,39.5,39.55,33594
2018-11-08,39.9,39.9,40.2,39.5,39.55,33594
2018-11-09,39.9,39.9,40.2,39.5,39.55,33594
2018-11-12,39.9,39.9,40.2,39.5,39.55,33594
2018-11-13,39.9,39.9,40.2,39.5,39.55,33594
2018-11-14,39.9,39.9,40.2,39.5,39.55,33594
2018-11-15,39.9,39.9,40.2,39.5,39.55,33594
2018-11-16,39.9,39.9,40.2,39.5,39.55,33594
2018-11-19,39.9,39.9,40.2,39.5,39.55,33594
2018-11-20,39.9,39.9,40.2,39.5,39.55,33594
2018-11-21,39.9,39.9,40.2,39.5,39.55,33594
2018-11-22,39.9,39.9,40.2,39.5,39.55,33594
2018-11-23,39.9,39.9,40.2,39.5,39.55,33594
2018-11-26,39.9,39.9,40.2,39.5,39.55,33594
2018-11-27,39.9,39.9,40.2,39.5,39.55,33594
2018-11-28,39.9,39.9,40.2,39.5,39.55,33594
2018-11-29,39.9,39.9,40.2,39.5,39.55,33594
2018-11-30,39.9,39.9,40.2,39.5,39.55,33594
2018-12-03,39.9,39.9,40.2,39.5,39.55,33594
2018-12-04,39.9,39.9,40.2,39.5,39.55,33594
2018-12-05,39.9,39.9,40.2,39.5,39.55,33594
2018-12-06,39.9,39.9,40.2,39.5,39.55,33594
2018-12-07,39.9,39.9,40.2,39.5,39.55,33594
2018-12-10,39.9,39.9,40.2,39.5,39.55,33594
2018-12-11,39.9,39.9,40.2,39.5,39.55,33594
2018-12-12,39.9,39.9,40.2,39.5,39.55,33594
2018-12-13,39.9,39.9,40.2,39.5,39.55,33594
2018-12-14,39.9,39.9,40.2,39.5,39.55,33594
2018-12-17,39.9,39.9,40.2,39.5,39.55,33594
2018-12-18,39.9,39.9,40.2,39.5,39.55,33594
2018-12-19,39.9,39.9,40.2,39.5,39.55,33594
2018-12-20,39.9,39.9,40.2,39.5,39.55,33594
2018-12-21,39.9,39.9,40.2,39.5,39.55,33594
2018-12-24,39.9,39.9,40.2,39.5,39.55,33594
2018-12-25,39.9,39.9,40.2,39.5,39.55,33594
2018-12-26,39.9,39.9,40.2,39.5,39.55,33594
2018-12-27,39.9,39.9,40.2,39.5,39.55,33594
2018-12-28,39.9,39.9,40.2,39.5,39.55,33594
2018-12-31,39.9,39.9,40.2,39.5,39.55,33594
2019-01-01,39.9,39.9,40.2,39.5,39.55,33594
2019-01-02,39.9,39.9,40.2,39.5,39.55,33594
2019-01-03,39.9,39.9,40.2,39.5,39.55,33594
2019-01-04,39.9,39.9,40.2,39.5,39.55,33594
2019-01-07,39.9,39.9,40.2,39.5,39.55,33594
2019-01-08,39.9,39.9,40.2,39.5,39.55,33594
2019-01-09,39.9,39.9,40.2,39.5,39.55,33594
2019-01-10,39.9,39.9,40.2,39.5,39.55,33594
2019-01-11,39.9,39.9,40.2,39.5,39.55,33594
2019-01-14,39.9,39.9,40.2,39.5,39.55,33594
2019-01-15,39.9,39.9,40.2,39.5,39.55,33594
2019-01-16,39.9,39.9,40.2,39.5,39.55,33594
2019-01-17,39.9,39.9,40.2,39.5,39.55,33594
2019-01-18,39.9,39.9,40.2,39.5,39.55,33594
2019-01-21,39.9,39.9,40.2,39.5,39.55,33594
2019-01-22,39.9,39.9,40.2,39.5,39.55,33594
2019-01-23,39.9,39.9,40.2,39.5,39.55,33594
2019-01-24,39.9,39.9,40.2,39.5,39.55,33594
2019-01-25,39.9,39.9,40.2,39.5,39.55,33594
2019-01-28,39.9,39.9,40.2,39.5,39.55,33594
2019-01-29,39.9,39.9,40.2,39.5,39.55,33594
2019-01-30,39.9,39.9,40.2,39.5,39.55,33594
2019-01-31,39.9,39.9,40.2,39.5,39.55,33594
2019-02-01,39.9,39.9,40.2,39.5,39.55,33594
2019-02-04,39.9,39.9,40.2,39.5,39.55,33594
2019-02-05,39.9,39.9,40.2,39.5,39.55,33594
2019-02-06,39.9,39.9,40.2,39.5,39.55,33594
2019-02-07,39.9,39.9,40.2,39.5,39.55,33594
2019-02-08,39.9,39.9,40.2,39.5,39.55,33594
2019-02-11,39.9,39.9,40.2,39.5,39.55,33594
2019-02-12,39.9,39.9,40.2,39.5,39.55,33594
2019-02-13,39.9,39.9,40.2,39.5,39.55,33594
2019-02-14,39.9,39.9,40.2,39.5,39.55,33594
2019-02-15,39.9,39.9,40.2,39.5,39.55,33594
2019-02-18,39.9,39.9,40.2,39.5,39.55,33594
2019-02-19,39.9,39.9,40.2,39.5,39.55,33594
2019-02-20,39.9,39.9,40.2,39.5,39.55,33594
2019-02-21,39.9,39.9,40.2,39.5,39.55,33594
2019-02-22,39.9,39.9,40.2,39.5,39.55,33594
2019-02-25,39.9,39.9,40.2,39.5,39.55,33594
2019-02-26,39.9,39.9,40.2,39.5,39.55,33594
2019-02-27,39.9,39.9,40.2,39.5,39.55,33594
2019-02-28,39.9,39.9,40.2,39.5,39.55,33594
2019-03-01,39.9,39.9,40.2,39.5,39.55,33594
2019-03-04,39.9,39.9,40.2,39.5,39.55,33594
2019-03-05,39.9,39.9,40.2,39.5,39.55,33594
2019-03-06,39.9,39.9,40.2,39.5,39.55,33594
2019-03-07,39.9,39.9,40.2,39.5,39.55,33594
2019-03-08,39.9,39.9,40.2,39.5,39.55,33594
2019-03-11,39.9,39.9,40.2,39.5,39.55,33594
2019-03-12,39.9,39.9,40.2,39.5,39.55,33594
2019-03-13,39.9,39.9,40.2,39.5,39.55,33594
2019-03-14,39.9,39.9,40.2,39.5,39.55,33594
2019-03-15,39.9,39.9,40.2,39.5,39.55,33594
2019-03-18,39.9,39.9,40.2,39.5,39.55,33594
2019-03-19,39.9,39.9,40.2,39.5,39.55,33594
2019-03-20,39.9,39.9,40.2,39.5,39.55,33594
2019-03-21,39.9,39.9,40.2,39.5,39.55,33594
2019-03-22,39.9,39.9,40.2,39.5,39.55,33594
2019-03-25,39.9,39.9,40.2,39.5,39.55,33594
2019-03-26,39.9,39.9,40.2,39.5,39.55,33594
2019-03-27,39.9,39.9,40.2,39.5,39.55,33594
2019-03-28,39.9,39.9,40.2,39.5,39.55,33594
2019-03-29,39.9,39.9,40.2,39.5,39.55,33594
2019-04-01,39.9,39.9,40.2,39.5,39.55,33594
2019-04-02,39.9,39.9,40.2,39.5,39.55,33594
2019-04-03,39.9,39.9,40.2,39.5,39.55,33594
2019-04-04,39.9,39.9,40.2,39.5,39.55,33594
2019-04-05,39.9,39.9,40.2,39.5,39.55,33594
2019-04-08,39.9,39.9,40.2,39.5,39.55,33594
2019-04-09,39.9,39.9,40.2,39.5,39.55,33594
2019-04-10,39.9,39.9,40.2,39.5,39.55,33594
2019-04-11,39.9,39.9,40.2,39.5,39.55,33594
2019-04-12,39.9,39.9,40.2,39.5,39.55,33594
2019-04-15,39.9,39.9,40.2,39.5,39.55,33594
2019-04-16,39.9,39.9,40.2,39.5,39.55,33594
2019-04-17,39.9,39.9,40.2,39.5,39.55,33594
2019-04-18,39.9,39.9,40.2,39.5,39.55,33594
2019-04-19,39.9,39.9,40.2,39.5,39.55,33594
2019-04-22,39.9,39.9,40.2,39.5,39.55,33594
2019-04-23,39.9,39.9,40.2,39.5,39.55,33594
2019-04-24,39.9,39.9,40.2,39.5,39.55,33594
2019-04-25,39.9,39.9,40.2,39.5,39.55,33594
2019-04-26,39.9,39.9,40.2,39.5,39.55,33594
2019-04-29,39.9,39.9,40.2,39.5,39.55,33594
2019-04-30,39.9,39.9,40.2,39.5,39.55,33594
2019-05-01,39.9,39.9,40.2,39.5,39.55,33594
2019-05-02,39.9,39.9,40.2,39.5,39.55,33594
2019-05-03,39.9,39.9,40.2,39.5,39.55,33594
2019-05-06,39.9,39.9,40.2,39.5,39.55,33594
2019-05-07,39.9,39.9,40.2,39.5,39.55,33594
2019-05-08,39.9,39.9,40.2,39.5,39.55,33594
2019-05-09,39.9,39.9,40.2,39.5,39.55,33594
2019-05-10,39.9,39.9,40.2,39.5,39.55,33594
2019-05-13,39.9,39.9,40.2,39.5,39.55,33594
2019-05-14,39.9,39.9,40.2,39.5,39.55,33594
2019-05-15,39.9,39.9,40.2,39.5,39.55,33594
2019-05-16,39.9,39.9,40.2,39.5,39.55,33594
2019-05-17,39.9,39.9,40.2,39.5,39.55,33594
2019-05-20,39.9,39.9,40.2,39.5,39.55,33594
2019-05-21,39.9,39.9,40.2,39.5,39.55,33594
2019-05-22,39.9,39.9,40.2,39.5,39.55,33594
2019-05-23,39.9,39.9,40.2,39.5,39.55,33594
2019-05-24,39.9,39.9,40.2,39.5,39.55,33594
2019-05-27,39.9,39.9,40.2,39.5,39.55,33594
2019-05-28,39.9,39.9,40.2,39.5,39.55,33594
2019-05-29,39.9,39.9,40.2,39.5,39.55,33594
2019-05-30,39.9,39.9,40.2,39.5,39.55,33594
2019-05-31,39.9,39.9,40.2,39.5,39.55,33594
2019-06-03,39.9,39.9,40.2,39.5,39.55,33594
2019-06-04,39.9,39.9,40.2,39.5,39.55,33594
2019-06-05,39.9,39.9,40.2,39.5,39.55,33594
2019-06-06,39.9,39.9,40.2,39.5,39.55,33594
2019-06-07,39.9,39.9,40.2,39.5,39.55,33594
2019-06-10,39.9,39.9,40.2,39.5,39.55,33594
2019-06-11,39.9,39.9,40.2,39.5,39.55,33594
2019-06-12,39.9,39.9,40.2,39.5,39.55,33594
2019-06-13,39.9,39.9,40.2,39.5,39.55,33594
2019-06-14,39.9,39.9,40.2,39.5,39.55,33594
2019-06-17,39.9,39.9,40.2,39.5,39.55,33594
2019-06-18,39.9,39.9,40.2,39.5,39.55,33594
2019-06-19,39.9,39.9,40.2,39.5,39.55,33594
2019-06-20,39.9,39.9,40.2,39.5,39.55,33594
2019-06-21,39.9,39.9,40.2,39.5,39.55,33594
2019-06-24,39.9,39.9,40.2,39.5,39.55,33594
2019-06-25,39.9,39.9,40.2,39.5,39.55,33594
2019-06-26,39.9,39.9,40.2,39.5,39.55,33594
2019-06-27,39.9,39.9,40.2,39.5,39.55,33594
2019-06-28,39.9,39.9,40.2,39.5,39.55,33594
2019-07-01,39.9,39.9,40.2,39.5,39.55,33594
2019-07-02,39.9,39.9,40.2,39.5,39.55,33594
2019-07-03,39.9,39.9,40.2,39.5,39.55,33594
2019-07-04,39.9,39.9,40.2,39.5,39.55,33594
2019-07-05,39.9,39.9,40.2,39.5,39.55,33594
2019-07-08,39.9,39.9,40.2,39.5,39.55,33594
2019-07-09,39.9,39.9,40.2,39.5,39.55,33594
2019-07-10,39.9,39.9,40.2,39.5,39.55,33594
2019-07-11,39.9,39.9,40.2,39.5,39.55,33594
2019-07-12,39.9,39.9,40.2,39.5,39.55,33594
2019-07-15,39.9,39.9,40.2,39.5,39.55,33594
2019-07-16,39.9,39.9,40.2,39.5,39.55,33594
2019-07-17,39.9,39.9,40.2,39.5,39.55,33594
2019-07-18,39.9,39.9,40.2,39.5,39.55,33594
2019-07-19,39.9,39.9,40.2,39.5,39.55,33594
2019-07-22,39.9,39.9,40.2,39.5,39.55,33594
2019-07-23,39.9,39.9,40.2,39.5,39.55,33594
2019-07-24,39.9,39.9,40.2,39.5,39.55,33594
2019-07-25,39.9,39.9,40.2,39.5,39.55,33594
2019-07-26,39.9,39.9,40.2,39.5,39.55,33594
2019-07-29,39.9,39.9,40.2,39.5,39.55,33594
2019-07-30,39.9,39.9,40.2,39.5,39.55,33594
2019-07-31,39.9,39.9,40.2,39.5,39.55,33594
2019-08-01,39.9,39.9,40.2,39.5,39.55,33594
2019-08-02,39.9,39.9,40.2,39.5,39.55,33594
2019-08-05,39.9,39.9,40.2,39.5,39.55,33594
2019-08-06,39.9,39.9,40.2,39.5,39.55,33594
2019-08-07,39.9,39.9,40.2,39.5,39.55,33594
2019-08-08,39.9,39.9,40.2,39.5,39.55,33594
2019-08-09,39.9,39.9,40.2,39.5,39.55,33594
2019-08-12,39.9,39.9,40.2,39.5,39.55,33594
2019-08-13,39.9,39.9,40.2,39.5,39.55,33594
2019-08-14,39.9,39.9,40.2,39.5,39.55,33594
2019-08-15,39.9,39.9,40.2,39.5,39.55,33594
2019-08-16,39.9,39.9,40.2,39.5,39.55,33594
2019-08-19,39.9,39.9,40.2,39.5,39.55,33594
2019-08-20,39.9,39.9,40.2,39.5,39.55,33594
2019-08-21,39.9,39.9,40.2,39.5,39.55,33594
2019-08-22,39.9,39.9,40.2,39.5,39.55,33594
2019-08-23,39.9,39.9,40.2,39.5,39.55,33594
2019-08-26,39.9,39.9,40.2,39.5,39.55,33594
2019-08-27,39.9,39.9,40.2,39.5,39.55,33594
2019-08-28,39.9,39.9,40.2,39.5,39.55,33594
2019-08-29,39.9,39.9,40.2,39.5,39.55,33594
2019-08-30,39.9,39.9,40.2,39.5,39.55,33594
2019-09-02,39.9,39.9,40.2,39.5,39.55,33594
2019-09-03,39.9,39.9,40.2,39.5,39.55,33594
2019-09-04,39.9,39.9,40.2,39.5,39.55,33594
2019-09-05,39.9,39.9,40.2,39.5,39.55,33594
2019-09-06,39.9,39.9,40.2,39.5,39.55,33594
2019-09-09,39.9,39.9,40.2,39.5,39.55,33594
2019-09-10,39.9,39.9,40.2,39.5,39.55,33594
2019-09-11,39.9,39.9,40.2,39.5,39.55,33594
2019-09-12,39.9,39.9,40.2,39.5,39.55,33594
2019-09-13,39.9,39.9,40.2,39.5,39.55,33594
2019-09-16,39.9,39.9,40.2,39.5,39.55,33594
2019-09-17,39.9,39.9,40.2,39.5,39.55,33594
2019-09-18,39.9,39.9,40.2,39.5,39.55,33594
2019-09-19,39.9,39.9,40.2,39.5,39.55,33594
2019-09-20,39.9,39.9,40.2,39.5,39.55,33594
2019-09-23,39.9,39.9,40.2,39.5,39.55,33594
2019-09-24,39.9,39.9,40.2,39.5,39.55,33594
2019-09-25,39.9,39.9,40.2,39.5,39.55,33594
2019-09-26,39.9,39.9,40.2,39.5,39.55,33594
2019-09-27,39.9,39.9,40.2,39.5,39.55,33594
2019-09-30,39.9,39.9,40.2,39.5,39.55,33594
2019-10-01,39.9,39.9,40.2,39.5,39.55,33594
2019-10-02,39.9,39.9,40.2,39.5,39.55,33594
2019-10-03,39.9,39.9,40.2,39.5,39.55,33594
2019-10-04,39.9,39.9,40.2,39.5,39.55,33594
2019-10-07,39.9,39.9,40.2,39.5,39.55,33594
2019-10-08,39.9,39.9,40.2,39.5,39.55,33594
2019-10-09,39.9,39.9,40.2,39.5,39.55,33594
2019-10-10,39.9,39.9,40.2,39.5,39.55,33594
2019-10-11,39.9,39.9,40.2,39.5,39.55,33594
2019-10-14,39.9,39.9,40.2,39.5,39.55,33594
2019-10-15,39.9,39.9,40.2,39.5,39.55,33594
2019-10-16,39.9,39.9,40.2,39.5,39.55,33594
2019-10-17,39.9,39.9,40.2,39.5,39.55,33594
2019-10-18,39.9,39.9,40.2,39.5,39.55,33594
2019-10-21,39.9,39.9,40.2,39.5,39.55,33594
2019-10-22,39.9,39.9,40.2,39.5,39.55,33594
2019-10-23,39.9,39.9,40.2,39.5,39.55,33594
2019-10-24,39.9,39.9,40.2,39.5,39.55,33594
2019-10-25,39.9,39.9,40.2,39.5,39.55,33594
2019-10-28,39.9,39.9,40.2,39.5,39.55,33594
2019-10-29,39.9,39.9,40.2,39.5,39.55,33594
2019-10-30,39.9,39.9,40.2,39.5,39.55,33594
2019-10-31,39.9,39.9,40.2,39.5,39.55,33594
2019-11-01,39.9,39.9,40.2,39.5,39.55,33594
2019-11-04,39.9,39.9,40.2,39.5,39.55,33594
2019-11-05,39.9,39.9,40.2,39.5,39.55,33594
2019-11-06,39.9,39.9,40.2,39.5,39.55,33594
2019-11-07,39.9,39.9,40.2,39.5,39.55,33594
2019-11-08,39.9,39.9,40.2,39.5,39.55,33594
2019-11-11,39.9,39.9,40.2,39.5,39.55,33594
2019-11-12,39.9,39.9,40.2,39.5,39.55,33594
2019-11-13,39.9,39.9,40.2,39.5,39.55,33594
2019-11-14,39.9,39.9,40.2,39.5,39.55,33594
2019-11-20,39.9,39.9,40.2,39.5,39.55,33594
2019-11-21,39.9,39.9,40.2,39.5,39.55,33594
2019-11-22,39.9,39.9,40.2,39.5,39.55,33594
2019-11-25,39.9,39.9,40.2,39.5,39.55,33594
2019-11-26,39.9,39.9,40.2,39.5,39.55,33594
2019-11-27,39.9,39.9,40.2,39.5,39.55,33594
2019-11-28,39.9,39.9,40.2,39.5,39.55,33594
2019-11-29,39.9,39.9,40.2,39.5,39.55,33594
2019-12-02,39.9,39.9,40.2,39.5,39.55,33594
2019-12-03,39.9,39.9,40.2,39.5,39.55,33594
2019-12-04,39.9,39.9,40.2,39.5,39.55,33594
2019-12-05,39.9,39.9,40.2,39.5,39.55,33594
2019-12-06,39.9,39.9,40.2,39.5,39.55,33594
2019-12-09,39.9,39.9,40.2,39.5,39.55,33594
2019-12-10,39.9,39.9,40.2,39.5,39.55,33594
2019-12-11,39.9,39.9,40.2,39.5,39.55,33594
2019-12-12,39.9,39.9,40.2,39.5,39.55,33594
2019-12-13,39.9,39.9,40.2,39.5,39.55,33594
2019-12-16,39.9,39.9,40.2,39.5,39.55,33594
2019-12-17,39.9,39.9,40.2,39.5,39.55,33594
2019-12-18,39.9,39.9,40.2,39.5,39.55,33594
2019-12-19,39.9,39.9,40.2,39.5,39.55,33594
2019-12-20,39.9,39.9,40.2,39.5,39.55,33594
2019-12-23,39.9,39.9,40.2,39.5,39.55,33594
2019-12-24,39.9,39.9,40.2,39.5,39.55,33594
2019-12-25,39.9,39.9,40.2,39.5,39.55,33594
2019-12-26,39.9,39.9,40.2,39.5,39.55,33594
2019-12-27,39.9,39.9,40.2,39.5,39.55,33594
2019-12-30,39.9,39.9,40.2,39.5,39.55,33594
2019-12-31,39.9,39.9,40.2,39.5,39.55,33594
2020-01-01,39.9,39.9,40.2,39.5,39.55,33594
2020-01-02,39.9,39.9,40.2,39.5,39.55,33594
2020-01-03,39.9,39.9,40.2,39.5,39.55,33594
2020-01-06,39.9,39.9,40.2,39.5,39.55,33594
2020-01-07,39.9,39.9,40.2,39.5,39.55,33594
2020-01-08,39.9,39.9,40.2,39.5,39.55,33594
2020-01-09,39.9,39.9,40.2,39.5,39.55,33594
2020-01-10,39.9,39.9,40.2,39.5,39.55,33594
2020-01-13,39.9,39.9,40.2,39.5,39.55,33594
2020-01-14,39.9,39.9,40.2,39.5,39.55,33594
2020-01-15,39.9,39.9,40.2,39.5,39.55,33594
2020-01-16,39.9,39.9,40.2,39.5,39.55,33594
2020-01-17,39.9,39.9,40.2,39.5,39.55,33594
2020-01-20,39.9,39.9,40.2,39.5,39.55,33594
2020-01-21,39.9,39.9,40.2,39.5,39.55,33594
2020-01-22,39.9,39.9,40.2,39.5,39.55,33594
2020-01-23,39.9,39.9,40.2,39.5,39.55,33594
2020-01-24,39.9,39.9,40.2,39.5,39.55,33594
2020-01-27,39.9,39.9,40.2,39.5,39.55,33594
2020-01-28,39.9,39.9,40.2,39.5,39.55,33594
2020-01-29,39.9,39.9,40.2,39.5,39.55,33594
2020-01-30,39.9,39.9,40.2,39.5,39.55,33594
2020-01-31,39.9,39.9,40.2,39.5,39.55,33594
2020-02-03,39.9,39.9,40.2,39.5,39.55,33594
2020-02-04,39.9,39.9,40.2,39.5,39.55,33594
2020-02-05,39.9,39.9,40.2,39.5,39.55,33594
2020-02-06,39.9,39.9,40.2,39.5,39.55,33594
2020-02-07,39.9,39.9,40.2,39.5,39.55,33594
2020-02-10,39.9,39.9,40.2,39.5,39.55,33594
2020-02-11,39.9,39.9,40.2,39.5,39.55,33594
2020-02-12,39.9,39.9,40.2,39.5,39.55,33594
2020-02-13,39.9,39.9,40.2,39.5,39.55,33594
2020-02-14,39.9,39.9,40.2,39.5,39.55,33594
2020-02-17,39.9,39.9,40.2,39.5,39.55,33594
2020-02-18,39.9,39.9,40.2,39.5,39.55,33594
2020-02-19,39.9,39.9,40.2,39.5,39.55,33594
2020-02-20,39.9,39.9,40.2,39.5,39.55,33594
2020-02-21,39.9,39.9,40.2,39.5,39.55,33594
2020-02-24,39.9,39.9,40.2,39.5,39.55,33594
2020-02-25,39.9,39.9,40.2,39.5,39.55,33594
2020-02-26,39.9,39.9,40.2,39.5,39.55,33594
2020-02-27,39.9,39.9,40.2,39.5,39.55,33594
2020-02-28,39.9,39.9,40.2,39.5,39.55,33594
2020-03-02,39.9,39.9,40.2,39.5,39.55,33594
2020-03-03,39.9,39.9,40.2,39.5,39.55,33594
2020-03-04,39.9,39.9,40.2,39.5,39.55,33594
2020-03-05,39.9,39.9,40.2,39.5,39.55,33594
2020-03-06,39.9,39.9,40.2,39.5,39.55,33594
2020-03-09,39.9,39.9,40.2,39.5,39.55,33594
2020-03-10,39.9,39.9,40.2,39.5,39.55,33594
2020-03-11,39.9,39.9,40.2,39.5,39.55,33594
2020-03-12,39.9,39.9,40.2,39.5,39.55,33594
2020-03-13,39.9,39.9,40.2,39.5,39.55,33594
2020-03-16,39.9,39.9,40.2,39.5,39.55,33594
2020-03-17,39.9,39.9,40.2,39.5,39.55,33594
2020-03-18,39.9,39.9,40.2,39.5,39.55,33594
2020-03-19,39.9,39.9,40.2,39.5,39.55,33594
2020-03-20,39.9,39.9,40.2,39.5,39.55,33594
2020-03-23,39.9,39.9,40.2,39.5,39.55,33594
2020-03-24,39.9,39.9,40.2,39.5,39.55,33594
2020-03-25,39.9,39.9,40.2,39.5,39.55,33594
2020-03-26,39.9,39.9,40.2,39.5,39.55,33594
2020-03-27,39.9,39.9,40.2,39.5,39.55,33594
2020-03-30,39.9,39.9,40.2,39.5,39.55,33594
2020-03-31,39.9,39.9,40.2,39.5,39.55,33594
2020-04-01,39.9,39.9,40.2,39.5,39.55,33594
2020-04-02,39.9,39.9,40.2,39.5,39.55,33594
2020-04-03,39.9,39.9,40.2,39.5,39.55,33594
2020-04-07,39.9,39.9,40.2,39.5,39.55,33594
2020-04-08,39.9,39.9,40.2,39.5,39.55,33594
2020-04-09,39.9,39.9,40.2,39.5,39.55,33594
2020-04-10,39.9,39.9,40.2,39.5,39.55,33594
2020-04-13,39.9,39.9,40.2,39.5,39.55,33594
2020-04-14,39.9,39.9,40.2,39.5,39.55,33594
2020-04-15,39.9,39.9,40.2,39.5,39.55,33594
2020-04-16,39.9,39.9,40.2,39.5,39.55,33594
2020-04-17,39.9,39.9,40.2,39.5,39.55,33594
2020-04-20,39.9,39.9,40.2,39.5,39.55,33594
2020-04-21,39.9,39.9,40.2,39.5,39.55,33594
2020-04-22,39.9,39.9,40.2,39.5,39.55,33594
2020-04-23,39.9,39.9,40.2,39.5,39.55,33594
2020-04-24,39.9,39.9,40.2,39.5,39.55,33594
2020-04-27,39.9,39.9,40.2,39.5,39.55,33594
2020-04-28,39.9,39.9,40.2,39.5,39.55,33594
2020-04-29,39.9,39.9,40.2,39.5,39.55,33594
2020-05-01,39.9,39.9,40.2,39.5,39.55,33594
2020-05-04,39.9,39.9,40.2,39.5,39.55,33594
2020-05-05,39.9,39.9,40.2,39.5,39.55,33594
2020-05-06,39.9,39.9,40.2,39.5,39.55,33594
2020-05-07,39.9,39.9,40.2,39.5,39.55,33594
2020-05-08,39.9,39.9,40.2,39.5,39.55,33594
2020-05-11,39.9,39.9,40.2,39.5,39.55,33594
2020-05-12,39.9,39.9,40.2,39.5,39.55,33594
2020-05-13,39.9,39.9,40.2,39.5,39.55,33594
2020-05-14,39.9,39.9,40.2,39.5,39.55,33594
2020-05-15,39.9,39.9,40.2,39.5,39.55,33594
2020-05-18,39.9,39.9,40.2,39.5,39.55,33594
2020-05-19,39.9,39.9,40.2,39.5,39.55,33594
2020-05-20,39.9,39.9,40.2,39.5,39.55,33594
2020-05-21,39.9,39.9,40.2,39.5,39.55,33594
2020-05-22,39.9,39.9,40.2,39.5,39.55,33594
2020-05-25,39.9,39.9,40.2,39.5,39.55,33594
2020-05-26,39.9,39.9,40.2,39.5,39.55,33594
2020-05-27,39.9,39.9,40.2,39.5,39.55,33594
2020-05-28,39.9,39.9,40.2,39.5,39.55,33594
2020-05-29,39.9,39.9,40.2,39.5,39.55,33594
2020-06-01,39.9,39.9,40.2,39.5,39.55,33594
2020-06-02,39.9,39.9,40.2,39.5,39.55,33594
2020-06-03,39.9,39.9,40.2,39.5,39.55,33594
2020-06-04,39.9,39.9,40.2,39.5,39.55,33594
2020-06-05,39.9,39.9,40.2,39.5,39.55,33594
2020-06-08,39.9,39.9,40.2,39.5,39.55,33594
2020-06-09,39.9,39.9,40.2,39.5,39.55,33594
2020-06-10,39.9,39.9,40.2,39.5,39.55,33594
2020-06-11,39.9,39.9,40.2,39.5,39.55,33594
2020-06-12,39.9,39.9,40.2,39.5,39.55,33594
2020-06-15,39.9,39.9,40.2,39.5,39.55,33594
2020-06-16,39.9,39.9,40.2,39.5,39.55,33594
2020-06-17,39.9,39.9,40.2,39.5,39.55,33594
2020-06-18,39.9,39.9,40.2,39.5,39.55,33594
2020-06-19,39.9,39.9,40.2,39.5,39.55,33594
2020-06-22,39.9,39.9,40.2,39.5,39.55,33594
2020-06-23,39.9,39.9,40.2,39.5,39.55,33594
2020-06-24,39.9,39.9,40.2,39.5,39.55,33594
2020-06-25,39.9,39.9,40.2,39.5,39.55,33594
2020-06-26,39.9,39.9,40.2,39.5,39.55,33594
2020-06-29,39.9,39.9,40.2,39.5,39.55,33594
2020-06-30,39.9,39.9,40.2,39.5,39.55,33594
2020-07-01,39.9,39.9,40.2,39.5,39.55,33594
2020-07-02,39.9,39.9,40.2,39.5,39.55,33594
2020-07-03,39.9,39.9,40.2,39.5,39.55,33594
2020-07-06,39.9,39.9,40.2,39.5,39.55,33594
2020-07-07,39.9,39.9,40.2,39.5,39.55,33594
2020-07-08,39.9,39.9,40.2,39.5,39.55,33594
2020-07-09,39.9,39.9,40.2,39.5,39.55,33594
2020-07-10,39.9,39.9,40.2,39.5,39.55,33594
2020-07-13,39.9,39.9,40.2,39.5,39.55,33594
2020-07-14,39.9,39.9,40.2,39.5,39.55,33594
2020-07-15,39.9,39.9,40.2,39.5,39.55,33594
2020-07-16,39.9,39.9,40.2,39.5,39.55,33594
2020-07-17,39.9,39.9,40.2,39.5,39.55,33594
2020-07-20,39.9,39.9,40.2,39.5,39.55,33594
2020-07-21,39.9,39.9,40.2,39.5,39.55,33594
2020-07-22,39.9,39.9,40.2,39.5,39.55,33594
2020-07-23,39.9,39.9,40.2,39.5,39.55,33594
2020-07-24,39.9,39.9,40.2,39.5,39.55,33594
2020-07-27,39.9,39.9,40.2,39.5,39.55,33594
2020-07-28,39.9,39.9,40.2,39.5,39.55,33594
2020-07-29,39.9,39.9,40.2,39.5,39.55,33594
2020-07-30,39.9,39.9,40.2,39.5,39.55,33594
2020-07-31,39.9,39.9,40.2,39.5,39.55,33594
2020-08-03,39.9,39.9,40.2,39.5,39.55,33594
2020-08-04,39.9,39.9,40.2,39.5,39.55,33594
2020-08-05,39.9,39.9,40.2,39.5,39.55,33594
2020-08-06,39.9,39.9,40.2,39.5,39.55,33594
2020-08-07,39.9,39.9,40.2,39.5,39.55,33594
2020-08-10,39.9,39.9,40.2,39.5,39.55,33594
2020-08-11,39.9,39.9,40.2,39.5,39.55,33594
2020-08-12,39.9,39.9,40.2,39.5,39.55,33594
2020-08-13,39.9,39.9,40.2,39.5,39.55,33594
2020-08-14,39.9,39.9,40.2,39.5,39.55,33594
2020-08-17,39.9,39.9,40.2,39.5,39.55,33594
2020-08-18,39.9,39.9,40.2,39.5,39.55,33594
2020-08-19,39.9,39.9,40.2,39.5,39.55,33594
2020-08-20,39.9,39.9,40.2,39.5,39.55,33594
2020-08-21,39.9,39.9,40.2,39.5,39.55,33594
2020-08-24,39.9,39.9,40.2,39.5,39.55,33594
2020-08-25,39.9,39.9,40.2,39.5,39.55,33594
2020-08-26,39.9,39.9,40.2,39.5,39.55,33594
2020-08-27,39.9,39.9,40.2,39.5,39.55,33594
2020-08-28,39.9,39.9,40.2,39.5,39.55,33594
2020-08-31,39.9,39.9,40.2,39.5,39.55,33594
2020-09-01,39.9,39.9,40.2,39.5,39.55,33594
2020-09-02,39.9,39.9,40.2,39.5,39.55,33594
2020-09-03,39.9,39.9,40.2,39.5,39.55,33594
2020-09-04,39.9,39.9,40.2,39.5,39.55,33594
2020-09-07,39.9,39.9,40.2,39.5,39.55,33594
2020-09-08,39.9,39.9,40.2,39.5,39.55,33594
2020-09-09,39.9,39.9,40.2,39.5,39.55,33594
2020-09-10,39.9,39.9,40.2,39.5,39.55,33594
2020-09-11,39.9,39.9,40.2,39.5,39.55,33594
2020-09-14,39.9,39.9,40.2,39.5,39.55,33594
2020-09-15,39.9,39.9,40.2,39.5,39.55,33594
2020-09-16,39.9,39.9,40.2,39.5,39.55,33594
2020-09-17,39.9,39.9,40.2,39.5,39.55,33594
2020-09-18,39.9,39.9,40.2,39.5,39.55,33594
2020-09-21,39.9,39.9,40.2,39.5,39.55,33594
2020-09-22,39.9,39.9,40.2,39.5,39.55,33594
2020-09-23,39.9,39.9,40.2,39.5,39.55,33594
2020-09-24,39.9,39.9,40.2,39.5,39.55,33594
2020-09-25,39.9,39.9,40.2,39.5,39.55,33594
2020-09-28,39.9,39.9,40.2,39.5,39.55,33594
2020-09-29,39.9,39.9,40.2,39.5,39.55,33594
2020-09-30,39.9,39.9,40.2,39.5,39.55,33594
2020-10-01,39.9,39.9,40.2,39.5,39.55,33594
2020-10-02,39.9,39.9,40.2,39.5,39.55,33594
2020-10-05,39.9,39.9,40.2,39.5,39.55,33594
2020-10-06,39.9,39.9,40.2,39.5,39.55,33594
2020-10-07,39.9,39.9,40.2,39.5,39.55,33594
2020-10-08,39.9,39.9,40.2,39.5,39.55,33594
2020-10-09,39.9,39.9,40.2,39.5,39.55,33594
2020-10-12,39.9,39.9,40.2,39.5,39.55,33594
2020-10-13,39.9,39.9,40.2,39.5,39.55,33594
2020-10-14,39.9,39.9,40.2,39.5,39.55,33594
2020-10-15,39.9,39.9,40.2,39.5,39.55,33594
2020-10-16,39.9,39.9,40.2,39.5,39.55,33594
2020-10-19,39.9,39.9,40.2,39.5,39.55,33594
2020-10-20,39.9,39.9,40.2,39.5,39.55,33594
2020-10-21,39.9,39.9,40.2,39.5,39.55,33594
2020-10-22,39.9,39.9,40.2,39.5,39.55,33594
2020-10-23,39.9,39.9,40.2,39.5,39.55,33594
2020-10-26,39.9,39.9,40.2,39.5,39.55,33594
2020-10-27,39.9,39.9,40.2,39.5,39.55,33594
2020-10-28,39.9,39.9,40.2,39.5,39.55,33594
2020-10-29,39.9,39.9,40.2,39.5,39.55,33594
2020-10-30,39.9,39.9,40.2,39.5,39.55,33594
2020-11-02,39.9,39.9,40.2,39.5,39.55,33594
2020-11-03,39.9,39.9,40.2,39.5,39.55,33594
2020-11-04,39.9,39.9,40.2,39.5,39.55,33594
2020-11-05,39.9,39.9,40.2,39.5,39.55,33594
2020-11-06,39.9,39.9,40.2,39.5,39.55,33594
2020-11-09,39.9,39.9,40.2,39.5,39.55,33594
2020-11-10,39.9,39.9,40.2,39.5,39.55,33594
2020-11-11,39.9,39.9,40.2,39.5,39.55,33594
2020-11-12,39.9,39.9,40.2,39.5,39.55,33594
2020-11-13,39.9,39.9,40.2,39.5,39.55,33594
2020-11-16,39.9,39.9,40.2,39.5,39.55,33594
2020-11-17,39.9,39.9,40.2,39.5,39.55,33594
2020-11-18,39.9,39.9,40.2,39.5,39.55,33594
2020-11-19,39.9,39.9,40.2,39.5,39.55,33594
2020-11-20,39.9,39.9,40.2,39.5,39.55,33594
2020-11-23,39.9,39.9,40.2,39.5,39.55,33594
2020-11-24,39.9,39.9,40.2,39.5,39.55,33594
2020-11-25,39.9,39.9,40.2,39.5,39.55,33594
2020-11-26,39.9,39.9,40.2,39.5,39.55,33594
2020-11-27,39.9,39.9,40.2,39.5,39.55,33594
2020-11-30,39.9,39.9,40.2,39.5,39.55,33594
2020-12-01,39.9,39.9,40.2,39.5,39.55,33594
2020-12-02,39.9,39.9,40.2,39.5,39.55,33594
2020-12-04,39.9,39.9,40.2,39.5,39.55,33594
2020-12-07,39.9,39.9,40.2,39.5,39.55,33594
2020-12-08,39.9,39.9,40.2,39.5,39.55,33594
2020-12-09,39.9,39.9,40.2,39.5,39.55,33594
2020-12-10,39.9,39.9,40.2,39.5,39.55,33594
2020-12-11,39.9,39.9,40.2,39.5,39.55,33594
2020-12-14,39.9,39.9,40.2,39.5,39.55,33594
2020-12-15,39.9,39.9,40.2,39.5,39.55,33594
2020-12-16,39.9,39.9,40.2,39.5,39.55,33594
2020-12-17,39.9,39.9,40.2,39.5,39.55,33594
2020-12-18,39.9,39.9,40.2,39.5,39.55,33594
2020-12-21,39.9,39.9,40.2,39.5,39.55,33594
2020-12-22,39.9,39.9,40.2,39.5,39.55,33594
2020-12-23,39.9,39.9,40.2,39.5,39.55,33594
2020-12-24,39.9,39.9,40.2,39.5,39.55,33594
2020-12-25,39.9,39.9,40.2,39.5,39.55,33594
2020-12-28,39.9,39.9,40.2,39.5,39.55,33594
2020-12-29,39.9,39.9,40.2,39.5,39.55,33594
2020-12-30,39.9,39.9,40.2,39.5,39.55,33594
2020-12-31,39.9,39.9,40.2,39.5,39.55,33594
2021-01-01,39.9,39.9,40.2,39.5,39.55,33594
2021-01-04,39.9,39.9,40.2,39.5,39.55,33594
2021-01-05,39.9,39.9,40.2,39.5,39.55,33594
2021-01-06,39.9,39.9,40.2,39.5,39.55,33594
2021-01-07,39.9,39.9,40.2,39.5,39.55,33594
2021-01-08,39.9,39.9,40.2,39.5,39.55,33594
2021-01-11,39.9,39.9,40.2,39.5,39.55,33594
2021-01-12,39.9,39.9,40.2,39.5,39.55,33594
2021-01-13,39.9,39.9,40.2,39.5,39.55,33594
2021-01-14,39.9,39.9,40.2,39.5,39.55,33594
2021-01-15,39.9,39.9,40.2,39.5,39.55,33594
2021-01-18,39.9,39.9,40.2,39.5,39.55,33594
2021-01-19,39.9,39.9,40.2,39.5,39.55,33594
2021-01-20,39.9,39.9,40.2,39.5,39.55,33594
2021-01-21,39.9,39.9,40.2,39.5,39.55,33594
2021-01-22,39.9,39.9,40.2,39.5,39.55,33594
2021-01-25,39.9,39.9,40.2,39.5,39.55,33594
2021-01-26,39.9,39.9,40.2,39.5,39.55,33594
2021-01-27,39.9,39.9,40.2,39.5,39.55,33594
2021-01-28,39.9,39.9,40.2,39.5,39.55,33594
2021-01-29,39.9,39.9,40.2,39.5,39.55,33594
2021-02-01,39.9,39.9,40.2,39.5,39.55,33594
2021-02-02,39.9,39.9,40.2,39.5,39.55,33594
2021-02-03,39.9,39.9,40.2,39.5,39.55,33594
2021-02-04,39.9,39.9,40.2,39.5,39.55,33594
2021-02-05,39.9,39.9,40.2,39.5,39.55,33594
2021-02-08,39.9,39.9,40.2,39.5,39.55,33594
2021-02-09,39.9,39.9,40.2,39.5,39.55,33594
2021-02-10,39.9,39.9,40.2,39.5,39.55,33594
2021-02-11,39.9,39.9,40.2,39.5,39.55,33594
2021-02-12,39.9,39.9,40.2,39.5,39.55,33594
2021-02-15,39.9,39.9,40.2,39.5,39.55,33594
2021-02-16,39.9,39.9,40.2,39.5,39.55,33594
2021-02-17,39.9,39.9,40.2,39.5,39.55,33594
2021-02-18,39.9,39.9,40.2,39.5,39.55,33594
2021-02-19,39.9,39.9,40.2,39.5,39.55,33594
2021-02-22,39.9,39.9,40.2,39.5,39.55,33594
2021-02-23,39.9,39.9,40.2,39.5,39.55,33594
2021-02-24,39.9,39.9,40.2,39.5,39.55,33594
2021-02-25,39.9,39.9,40.2,39.5,39.55,33594
2021-02-26,39.9,39.9,40.2,39.5,39.55,33594
2021-03-01,39.9,39.9,40.2,39.5,39.55,33594
2021-03-02,39.9,39.9,40.2,39.5,39.55,33594
2021-03-03,39.9,39.9,40.2,39.5,39.55,33594
2021-03-04,39.9,39.9,40.2,39.5,39.55,33594
2021-03-05,39.9,39.9,40.2,39.5,39.55,33594
2021-03-08,39.9,39.9,40.2,39.5,39.55,33594
2021-03-09,39.9,39.9,40.2,39.5,39.55,33594
2021-03-10,39.9,39.9,40.2,39.5,39.55,33594
2021-03-11,39.9,39.9,40.2,39.5,39.55,33594
2021-03-12,39.9,39.9,40.2,39.5,39.55,33594
2021-03-15,39.9,39.9,40.2,39.5,39.55,33594
2021-03-16,39.9,39.9,40.2,39.5,39.55,33594
2021-03-17,39.9,39.9,40.2,39.5,39.55,33594
2021-03-18,39.9,39.9,40.2,39.5,39.55,33594
2021-03-19,39.9,39.9,40.2,39.5,39.55,33594
2021-03-22,39.9,39.9,40.2,39.5,39.55,33594
2021-03-23,39.9,39.9,40.2,39.5,39.55,33594
2021-03-24,39.9,39.9,40.2,39.5,39.55,33594
2021-03-25,39.9,39.9,40.2,39.5,39.55,33594
2021-03-26,39.9,39.9,40.2,39.5,39.55,33594
2021-03-29,39.9,39.9,40.2,39.5,39.55,33594
2021-03-30,39.9,39.9,40.2,39.5,39.55,33594
2021-03-31,39.9,39.9,40.2,39.5,39.55,33594
2021-04-01,39.9,39.9,40.2,39.5,39.55,33594
2021-04-02,39.9,39.9,40.2,39.5,39.55,33594
2021-04-05,39.9,39.9,40.2,39.5,39.55,33594
2021-04-06,39.9,39.9,40.2,39.5,39.55,33594
2021-04-07,39.9,39.9,40.2,39.5,39.55,33594
2021-04-08,39.9,39.9,40.2,39.5,39.55,33594
2021-04-09,39.9,39.9,40.2,39.5,39.55,33594
2021-04-12,39.9,39.9,40.2,39.5,39.55,33594
2021-04-13,39.9,39.9,40.2,39.5,39.55,33594
2021-04-14,39.9,39.9,40.2,39.5,39.55,33594
2021-04-15,39.9,39.9,40.2,39.5,39.55,33594
2021-04-16,39.9,39.9,40.2,39.5,39.55,33594
2021-04-19,39.9,39.9,40.2,39.5,39.55,33594
2021-04-20,39.9,39.9,40.2,39.5,39.55,33594
2021-04-21,39.9,39.9,40.2,39.5,39.55,33594
2021-04-22,39.9,39.9,40.2,39.5,39.55,33594
2021-04-23,39.9,39.9,40.2,39.5,39.55,33594
2021-04-26,39.9,39.9,40.2,39.5,39.55,33594
2021-04-27,39.9,39.9,40.2,39.5,39.55,33594
2021-04-28,39.9,39.9,40.2,39.5,39.55,33594
2021-04-29,39.9,39.9,40.2,39.5,39.55,33594
2021-04-30,39.9,39.9,40.2,39.5,39.55,33594
2021-05-03,39.9,39.9,40.2,39.5,39.55,33594
2021-05-04,39.9,39.9,40.2,39.5,39.55,33594
2021-05-05,39.9,39.9,40.2,39.5,39.55,33594
2021-05-06,39.9,39.9,40.2,39.5,39.55,33594
2021-05-07,39.9,39.9,40.2,39.5,39.55,33594
2021-05-10,39.9,39.9,40.2,39.5,39.55,33594
2021-05-11,39.9,39.9,40.2,39.5,39.55,33594
2021-05-12,39.9,39.9,40.2,39.5,39.55,33594
2021-05-13,39.9,39.9,40.2,39.5,39.55,33594
2021-05-14,39.9,39.9,40.2,39.5,39.55,33594
2021-05-17,39.9,39.9,40.2,39.5,39.55,33594
2021-05-18,39.9,39.9,40.2,39.5,39.55,33594
2021-05-19,39.9,39.9,40.2,39.5,39.55,33594
2021-05-20,39.9,39.9,40.2,39.5,39.55,33594
2021-05-21,39.9,39.9,40.2,39.5,39.55,33594
2021-05-24,39.9,39.9,40.2,39.5,39.55,33594
2021-05-25,39.9,39.9,40.2,39.5,39.55,33594
2021-05-26,39.9,39.9,40.2,39.5,39.55,33594
2021-05-27,39.9,39.9,40.2,39.5,39.55,33594
2021-05-28,39.9,39.9,40.2,39.5,39.55,33594
2021-05-31,39.9,39.9,40.2,39.5,39.55,33594
2021-06-01,39.9,39.9,40.2,39.5,39.55,33594
2021-06-02,39.9,39.9,40.2,39.5,39.55,33594
2021-06-03,39.9,39.9,40.2,39.5,39.55,33594
2021-06-04,39.9,39.9,40.2,39.5,39.55,33594
2021-06-07,39.9,39.9,40.2,39.5,39.55,33594
2021-06-08,39.9,39.9,40.2,39.5,39.55,33594
2021-06-09,39.9,39.9,40.2,39.5,39.55,33594
2021-06-10,39.9,39.9,40.2,39.5,39.55,33594
2021-06-11,39.9,39.9,40.2,39.5,39.55,33594
2021-06-14,39.9,39.9,40.2,39.5,39.55,33594
2021-06-15,39.9,39.9,40.2,39.5,39.55,33594
2021-06-16,39.9,39.9,40.2,39.5,39.55,33594
2021-06-17,39.9,39.9,40.2,39.5,39.55,33594
2021-06-18,39.9,39.9,40.2,39.5,39.55,33594
2021-06-21,39.9,39.9,40.2,39.5,39.55,33594
2021-06-22,39.9,39.9,40.2,39.5,39.55,33594
2021-06-23,39.9,39.9,40.2,39.5,39.55,33594
2021-06-24,39.9,39.9,40.2,39.5,39.55,33594
2021-06-25,39.9,39.9,40.2,39.5,39.55,33594
2021-06-28,39.9,39.9,40.2,39.5,39.55,33594
2021-06-29,39.9,39.9,40.2,39.5,39.55,33594
2021-06-30,39.9,39.9,40.2,39.5,39.55,33594
2021-07-01,39.9,39.9,40.2,39.5,39.55,33594
2021-07-02,39.9,39.9,40.2,39.5,39.55,33594
2021-07-05,39.9,39.9,40.2,39.5,39.55,33594
2021-07-06,39.9,39.9,40.2,39.5,39.55,33594
2021-07-07,39.9,39.9,40.2,39.5,39.55,33594
2021-07-08,39.9,39.9,40.2,39.5,39.55,33594
2021-07-09,39.9,39.9,40.2,39.5,39.55,33594
2021-07-12,39.9,39.9,40.2,39.5,39.55,33594
2021-07-13,39.9,39.9,40.2,39.5,39.55,33594
2021-07-14,39.9,39.9,40.2,39.5,39.55,33594
2021-07-15,39.9,39.9,40.2,39.5,39.55,33594
2021-07-16,39.9,39.9,40.2,39.5,39.55,33594
2021-07-19,39.9,39.9,40.2,39.5,39.55,33594
2021-07-20,39.9,39.9,40.2,39.5,39.55,33594
2021-07-21,39.9,39.9,40.2,39.5,39.55,33594
2021-07-22,39.9,39.9,40.2,39.5,39.55,33594
2021-07-23,39.9,39.9,40.2,39.5,39.55,33594
2021-07-26,39.9,39.9,40.2,39.5,39.55,33594
2021-07-27,39.9,39.9,40.2,39.5,39.55,33594
2021-07-28,39.9,39.9,40.2,39.5,39.55,33594
2021-07-29,39.9,39.9,40.2,39.5,39.55,33594
2021-07-30,39.9,39.9,40.2,39.5,39.55,33594
2021-08-02,39.9,39.9,40.2,39.5,39.55,33594
2021-08-03,39.9,39.9,40.2,39.5,39.55,33594
2021-08-04,39.9,39.9,40.2,39.5,39.55,33594
2021-08-05,39.9,39.9,40.2,39.5,39.55,33594
2021-08-06,39.9,39.9,40.2,39.5,39.55,33594
2021-08-09,29.5,29.5,29.55,29.1,29.1,6000
2021-08-11,28.8,28.8,29.2,28.45,29.0,23000
2021-08-12,29.0,29.0,29.0,28.3,28.3,3000
2021-08-13,29.2,29.2,29.2,29.2,29.2,2000
2021-08-16,28.05,28.05,29.2,27.6,29.2,27000
2021-08-17,28.0,28.0,28.5,28.0,28.0,28000
2021-08-18,28.35,28.35,28.35,28.0,28.0,4000
2021-08-19,27.2,27.2,27.8,27.2,27.8,3000
2021-08-20,27.15,27.15,27.2,27.0,27.2,19000
2021-08-24,28.0,28.0,28.0,27.7,27.7,4000
2021-08-25,29.0,29.0,29.0,28.05,28.05,2000
2021-08-27,28.55,28.55,29.0,28.55,28.9,7000
2021-08-30,29.0,29.0,29.8,29.0,29.0,27000
2021-08-31,29.5,29.5,29.5,29.0,29.0,2000
2021-09-01,29.1,29.1,29.9,29.1,29.5,6000
2021-09-02,29.0,29.0,29.15,28.5,29.15,11000
2021-09-03,29.6,29.6,29.65,29.0,29.05,11000
2021-09-06,29.6,29.6,29.6,29.6,29.6,8000
2021-09-07,29.7,29.7,29.75,29.6,29.6,4000
2021-09-08,29.05,29.05,29.5,29.05,29.5,8000
2021-09-10,28.95,28.95,29.95,28.95,29.95,8000
2021-09-13,29.05,29.05,29.5,29.05,29.1,9000
2021-09-14,29.1,29.1,29.5,29.05,29.5,3000
2021-09-15,29.0,29.0,29.3,29.0,29.1,11000
2021-09-16,29.25,29.25,29.8,29.0,29.8,10000
2021-09-17,29.0,29.0,29.0,29.0,29.0,5000
2021-09-20,39.55,39.55,39.8,39.2,39.5,37970
2021-09-21,39.55,39.55,39.8,39.2,39.5,37970
2021-09-22,29.0,29.0,29.5,29.0,29.0,9000
2021-09-23,29.6,29.6,29.8,29.6,29.8,2000
2021-09-24,29.55,29.55,29.75,29.5,29.5,43000
2021-09-27,29.75,29.75,29.75,29.3,29.6,20000
2021-09-28,29.0,29.0,29.0,28.8,29.0,5000
2021-09-29,28.55,28.55,28.55,28.3,28.3,5000
2021-10-01,28.55,28.55,28.95,28.2,28.2,7000
2021-10-04,28.9,28.9,28.9,28.3,28.55,7000
2021-10-05,28.8,28.8,28.95,28.8,28.95,39000
2021-10-06,29.5,29.5,29.5,28.65,28.75,18000
2021-10-07,29.4,29.4,30.2,29.0,29.5,46000
2021-10-08,29.4,29.4,29.5,29.4,29.45,20000
2021-10-11,39.55,39.55,39.8,39.2,39.5,37970
2021-10-12,30.65,30.65,30.7,29.0,29.15,49000
2021-10-13,31.15,31.15,31.4,30.05,30.65,73000
2021-10-14,31.55,31.55,34.25,31.2,31.5,893000
2021-10-15,30.3,30.3,32.3,30.2,31.6,207000
2021-10-18,30.25,30.25,30.8,30.0,30.3,58000
2021-10-19,30.3,30.3,31.15,30.1,30.25,68000
2021-10-20,30.85,30.85,30.85,30.3,30.3,36000
2021-10-21,30.7,30.7,31.1,30.35,30.9,28000
2021-10-22,32.25,32.25,32.35,30.95,30.95,120000
2021-10-25,34.25,34.25,34.45,31.55,32.25,138000
2021-10-26,33.4,33.4,34.8,33.4,34.8,145000
2021-10-27,32.85,32.85,33.2,32.5,33.0,29000
2021-10-28,32.3,32.3,32.5,32.1,32.1,36000
2021-10-29,32.4,32.4,33.3,32.3,32.35,27000
2021-11-01,32.85,32.85,33.0,31.9,32.6,45000
2021-11-02,32.55,32.55,33.3,32.25,33.3,29000
2021-11-03,32.3,32.3,32.55,32.05,32.3,17000
2021-11-04,32.6,32.6,32.6,32.3,32.4,12000
2021-11-05,33.05,33.05,33.05,32.2,32.2,4000
2021-11-08,32.8,32.8,33.15,32.7,33.05,19000
2021-11-09,32.4,32.4,33.0,32.2,33.0,35000
2021-11-10,32.5,32.5,32.7,32.1,32.1,8000
2021-11-11,31.9,31.9,32.25,31.8,32.25,24000
2021-11-12,31.0,31.0,31.85,31.0,31.5,51000
2021-11-15,30.55,30.55,31.0,30.5,31.0,17000
2021-11-16,30.65,30.65,30.65,30.05,30.05,9000
2021-11-17,30.8,30.8,31.2,30.5,30.65,39000
2021-11-18,30.0,30.0,30.95,30.0,30.7,35000
2021-11-19,30.5,30.5,30.7,30.0,30.7,15000
2021-11-22,30.6,30.6,30.9,30.5,30.6,9000
2021-11-23,30.75,30.75,30.75,30.7,30.7,4000
2021-11-24,30.75,30.75,30.75,30.5,30.6,11000
2021-11-25,30.7,30.7,30.8,30.6,30.75,13000
2021-11-26,30.0,30.0,30.3,30.0,30.25,18000
2021-11-29,29.6,29.6,30.0,29.6,30.0,38000
2021-11-30,29.6,29.6,29.6,29.6,29.6,10000
2021-12-01,29.6,29.6,29.6,29.6,29.6,1000
2021-12-02,29.5,29.5,29.65,29.3,29.65,17000
2021-12-03,30.0,30.0,30.5,29.5,29.5,18000
2021-12-06,30.55,30.55,30.6,29.75,30.25,24000
2021-12-07,30.0,30.0,30.55,29.8,30.55,21000
2021-12-08,29.8,29.8,30.0,29.8,29.8,17000
2021-12-09,29.9,29.9,29.9,29.45,29.8,19000
2021-12-10,29.6,29.6,29.65,29.25,29.25,11000
2021-12-13,30.7,30.7,30.75,29.6,29.6,59000
2021-12-14,30.6,30.6,30.65,30.5,30.5,3000
2021-12-15,30.6,30.6,30.6,30.1,30.15,17000
2021-12-16,30.5,30.5,30.6,30.2,30.6,12000
2021-12-17,30.3,30.3,30.5,30.3,30.5,9000
2021-12-20,30.3,30.3,30.8,30.3,30.8,9000
2021-12-21,30.0,30.0,30.2,30.0,30.2,5000
2021-12-22,30.9,30.9,31.8,30.15,30.5,94000
2021-12-23,30.55,30.55,31.8,30.05,31.55,36000
2021-12-24,31.0,31.0,31.15,30.4,31.15,10000
2021-12-27,30.7,30.7,31.0,30.7,31.0,7000
2021-12-28,30.3,30.3,30.7,30.3,30.7,18000
2021-12-29,30.7,30.7,30.7,29.6,30.3,60000
2021-12-30,29.8,29.8,30.5,29.55,30.5,80000
2021-12-31,39.55,39.55,39.8,39.2,39.5,37970
2022-01-03,30.25,30.25,30.45,29.8,29.8,31000
2022-01-04,30.0,30.0,30.0,30.0,30.0,1000
2022-01-05,30.15,30.15,30.2,29.5,29.7,83000
2022-01-06,29.95,29.95,30.0,29.8,30.0,8000
2022-01-07,29.75,29.75,29.8,29.7,29.8,12000
2022-01-10,29.8,29.8,30.2,29.5,29.55,25000
2022-01-11,29.75,29.75,30.15,29.6,29.6,6000
2022-01-12,29.7,29.7,30.05,29.5,29.7,32000
2022-01-13,29.75,29.75,29.75,29.2,29.6,19000
2022-01-14,29.75,29.75,30.1,29.75,30.0,8000
2022-01-17,29.7,29.7,29.7,29.6,29.7,11000
2022-01-18,29.7,29.7,29.7,29.6,29.6,3000
2022-01-19,29.5,29.5,29.7,29.2,29.3,13000
2022-01-20,29.4,29.4,29.4,29.15,29.2,15000
2022-01-21,29.0,29.0,29.2,28.9,29.2,39000
2022-01-24,29.45,29.45,29.45,28.7,28.7,11000
2022-01-25,29.25,29.25,29.4,29.25,29.4,9000
2022-01-26,29.1,29.1,29.4,29.0,29.4,12000
2022-01-27,39.55,39.55,39.8,39.2,39.5,37970
2022-01-28,39.55,39.55,39.8,39.2,39.5,37970
2022-01-31,39.55,39.55,39.8,39.2,39.5,37970
2022-02-01,39.55,39.55,39.8,39.2,39.5,37970
2022-02-02,39.55,39.55,39.8,39.2,39.5,37970
2022-02-03,39.55,39.55,39.8,39.2,39.5,37970
2022-02-04,39.55,39.55,39.8,39.2,39.5,37970
2022-02-07,29.35,29.35,29.35,29.15,29.25,10000
2022-02-08,29.7,29.7,30.0,29.5,29.5,16000
2022-02-09,29.65,29.65,29.65,29.45,29.55,7000
2022-02-10,30.15,30.15,30.3,29.5,29.9,26000
2022-02-11,31.15,31.15,31.4,29.2,29.45,90000
2022-02-14,31.0,31.0,31.2,30.4,31.2,68000
2022-02-15,30.55,30.55,31.55,30.5,31.5,99000
2022-02-16,30.9,30.9,30.95,30.75,30.95,34000
2022-02-17,30.7,30.7,30.9,30.7,30.9,32000
2022-02-18,30.85,30.85,30.9,30.7,30.85,34000
2022-02-21,31.0,31.0,31.15,30.8,30.85,68000
2022-02-22,30.8,30.8,30.9,30.5,30.9,23000
2022-02-23,30.75,30.75,30.9,30.65,30.8,26000
2022-02-24,29.75,29.75,30.7,29.6,30.7,32000
2022-02-25,30.45,30.45,30.6,29.6,29.75,20000
2022-02-28,39.55,39.55,39.8,39.2,39.5,37970
2022-03-01,29.9,29.9,31.1,29.0,30.45,54000
2022-03-02,29.8,29.8,29.9,29.8,29.9,41000
2022-03-03,30.0,30.0,30.0,29.55,29.8,47000
2022-03-04,29.55,29.55,29.7,29.55,29.7,18000
2022-03-07,29.35,29.35,29.55,29.2,29.25,14000
2022-03-08,28.85,28.85,29.2,28.8,29.2,12000
2022-03-09,29.35,29.35,29.55,29.0,29.0,8000
2022-03-10,29.5,29.5,29.95,29.3,29.4,22000
2022-03-11,30.05,30.05,30.05,29.9,30.0,27000
2022-03-14,29.7,29.7,30.05,29.7,30.05,21000
2022-03-15,29.65,29.65,29.7,29.5,29.7,8000
2022-03-16,29.4,29.4,29.4,29.15,29.35,15000
2022-03-17,29.5,29.5,29.5,29.4,29.45,9000
2022-03-18,29.4,29.4,29.6,29.0,29.0,24000
2022-03-21,29.35,29.35,29.5,29.35,29.5,10000
2022-03-22,29.35,29.35,29.35,29.2,29.35,54000
2022-03-23,29.3,29.3,29.5,29.3,29.5,19000
2022-03-24,29.05,29.05,29.1,29.05,29.05,11000
2022-03-25,28.9,28.9,29.1,28.8,29.1,44000
2022-03-28,31.35,31.35,31.7,29.9,29.9,318000
2022-03-29,32.05,32.05,34.35,31.8,32.0,629000
2022-03-30,32.05,32.05,34.3,32.05,33.7,549000
2022-03-31,31.5,31.5,32.85,31.5,32.85,130000
2022-04-01,30.9,30.9,31.5,30.7,31.5,50000
2022-04-04,39.55,39.55,39.8,39.2,39.5,37970
2022-04-05,39.55,39.55,39.8,39.2,39.5,37970
2022-04-06,30.35,30.35,30.9,30.05,30.9,77000
2022-04-07,30.0,30.0,30.6,30.0,30.4,37000
2022-04-08,30.5,30.5,30.6,30.0,30.2,44000
2022-04-11,30.25,30.25,31.75,30.2,31.75,58000
2022-04-12,30.2,30.2,30.35,30.2,30.25,24000
2022-04-13,30.1,30.1,30.2,30.0,30.2,17000
2022-04-14,30.05,30.05,30.2,30.0,30.1,36000
2022-04-15,30.3,30.3,30.3,30.05,30.1,10000
2022-04-18,30.45,30.45,30.45,30.05,30.2,34000
2022-04-19,30.1,30.1,30.55,30.1,30.55,28000
2022-04-20,30.05,30.05,30.3,29.9,30.3,33000
2022-04-21,30.25,30.25,30.5,30.25,30.4,32000
2022-04-22,30.3,30.3,30.55,30.25,30.25,24000
2022-04-25,29.6,29.6,29.9,29.4,29.9,52000
2022-04-26,29.7,29.7,29.85,29.45,29.6,26000
2022-04-27,29.6,29.6,29.6,29.2,29.25,19000
2022-04-28,29.45,29.45,30.15,29.4,29.4,26000
2022-04-29,29.7,29.7,29.7,29.25,29.45,52000
2022-05-02,39.55,39.55,39.8,39.2,39.5,37970
2022-05-03,29.8,29.8,29.95,29.7,29.8,12000
2022-05-04,30.35,30.35,31.8,29.8,29.95,66000
2022-05-05,31.6,31.6,31.95,30.35,30.35,87000
2022-05-06,31.9,31.9,31.9,30.7,30.7,38000
2022-05-09,32.4,32.4,33.4,31.5,32.4,332000
2022-05-10,34.5,34.5,34.5,32.0,32.4,429000
2022-05-11,33.8,33.8,36.95,33.1,35.0,1667000
2022-05-12,33.8,33.8,34.5,32.35,33.25,375000
2022-05-13,33.9,33.9,34.95,33.05,33.9,323000
2022-05-16,33.4,33.4,34.4,33.3,34.4,115000
2022-05-17,34.3,34.3,34.9,33.4,33.85,153000
2022-05-18,34.0,34.0,34.3,33.7,34.3,60000
2022-05-19,33.95,33.95,33.95,32.95,33.05,81000
2022-05-20,33.5,33.5,34.55,33.5,34.0,47000
2022-05-23,33.25,33.25,33.6,32.9,33.6,70000
2022-05-24,33.1,33.1,33.5,32.8,33.3,99000
2022-05-25,33.45,33.45,33.7,32.75,33.7,80000
2022-05-26,32.85,32.85,33.7,32.85,33.7,59000
2022-05-27,33.3,33.3,33.85,32.9,33.45,17000
2022-05-30,33.35,33.35,33.95,33.0,33.0,36000
2022-05-31,33.55,33.55,33.95,33.25,33.95,18000
2022-06-01,33.65,33.65,33.85,33.35,33.85,49000
2022-06-02,33.65,33.65,33.8,33.35,33.8,32000
2022-06-03,39.55,39.55,39.8,39.2,39.5,37970
2022-06-06,35.95,35.95,35.95,33.7,33.85,357000
2022-06-07,34.7,34.7,37.3,34.55,36.3,634000
2022-06-08,35.0,35.0,35.5,34.75,35.5,68000
2022-06-09,35.3,35.3,35.3,34.35,34.35,80000
2022-06-10,35.3,35.3,35.5,34.6,35.0,74000
2022-06-13,34.85,34.85,35.25,34.75,34.8,52000
2022-06-14,34.0,34.0,34.5,33.75,34.5,82000
2022-06-15,33.75,33.75,34.2,33.75,34.2,40000
2022-06-16,33.25,33.25,34.35,33.1,34.35,36000
2022-06-17,32.25,32.25,32.5,32.05,32.5,60000
2022-06-20,32.1,32.1,32.4,32.0,32.25,22000
2022-06-21,32.15,32.15,32.45,31.7,32.0,36000
2022-06-22,31.85,31.85,32.2,31.85,32.1,13000
2022-06-23,31.7,31.7,32.0,31.7,32.0,19000
2022-06-24,31.9,31.9,31.9,31.75,31.8,18000
2022-06-27,32.4,32.4,32.4,32.4,32.4,2000
2022-06-28,32.3,32.3,32.6,32.3,32.6,12000
2022-06-29,32.15,32.15,32.3,32.15,32.3,11000
2022-06-30,31.6,31.6,32.0,31.6,32.0,15000
2022-07-01,29.9,29.9,31.2,29.7,31.2,39000
2022-07-04,30.5,30.5,30.5,30.0,30.3,10000
2022-07-05,30.8,30.8,30.8,30.05,30.3,17000
2022-07-06,30.45,30.45,30.9,30.0,30.8,16000
2022-07-07,30.4,30.4,30.4,29.1,30.0,29000
2022-07-08,30.4,30.4,31.0,30.4,31.0,15000
2022-07-11,30.6,30.6,31.25,30.2,31.25,22000
2022-07-12,30.3,30.3,30.4,30.0,30.2,23000
2022-07-13,30.3,30.3,30.5,30.2,30.3,18000
2022-07-14,30.75,30.75,30.85,30.4,30.4,13000
2022-07-15,30.9,30.9,30.9,30.9,30.9,2000
2022-07-18,30.65,30.65,30.75,30.45,30.6,29000
2022-07-19,30.7,30.7,31.0,30.5,30.5,19000
2022-07-20,30.75,30.75,31.1,30.75,31.1,6000
2022-07-21,31.85,31.85,31.9,30.65,31.0,42000
2022-07-22,31.35,31.35,31.85,31.05,31.85,12000
2022-07-25,31.25,31.25,31.25,30.95,31.0,6000
2022-07-26,31.1,31.1,31.35,30.8,30.8,17000
2022-07-27,31.2,31.2,31.2,30.95,30.95,7000
2022-07-28,31.3,31.3,31.3,31.0,31.05,15000
2022-07-29,31.15,31.15,31.35,31.05,31.35,16000
2022-08-01,31.1,31.1,31.45,30.35,30.4,19000
2022-08-02,30.5,30.5,30.7,30.5,30.7,14000
2022-08-03,30.25,30.25,30.25,30.05,30.25,12000
2022-08-04,30.3,30.3,30.3,29.9,29.9,7000
2022-08-05,31.05,31.05,31.8,31.0,31.0,14000
2022-08-08,30.9,30.9,31.05,30.6,30.85,18000
2022-08-09,30.7,30.7,30.9,30.7,30.9,14000
2022-08-10,31.3,31.3,31.3,30.8,30.9,29000
2022-08-11,31.3,31.3,32.0,31.25,31.95,21000
2022-08-12,31.5,31.5,31.65,31.25,31.25,26000
2022-08-15,31.75,31.75,31.8,31.5,31.5,29000
2022-08-16,31.55,31.55,31.6,30.9,31.4,64000
2022-08-17,31.4,31.4,31.4,31.35,31.35,5000
2022-08-18,31.65,31.65,31.65,31.4,31.5,14000
2022-08-19,33.35,33.35,33.9,31.7,31.7,102000
2022-08-22,32.8,32.8,33.4,32.7,33.4,35000
2022-08-23,32.75,32.75,32.9,32.3,32.35,13000
2022-08-24,33.2,33.2,33.2,32.6,32.9,34000
2022-08-25,33.2,33.2,33.7,33.1,33.4,46000
2022-08-26,33.3,33.3,33.5,33.1,33.5,41000
2022-08-29,32.4,32.4,32.55,32.2,32.55,28000
2022-08-30,32.5,32.5,32.8,32.5,32.5,11000
2022-08-31,33.55,33.55,34.2,32.75,32.75,92000
2022-09-01,32.9,32.9,33.25,32.5,33.25,18000
2022-09-02,34.45,34.45,34.9,32.7,32.7,215000
2022-09-05,34.8,34.8,35.9,34.5,34.5,235000
2022-09-06,34.9,34.9,35.5,34.2,35.05,101000
2022-09-07,33.85,33.85,34.35,33.85,34.15,50000
2022-09-08,34.0,34.0,34.2,33.8,34.0,26000
2022-09-09,39.55,39.55,39.8,39.2,39.5,37970
2022-09-12,33.5,33.5,34.55,33.2,34.5,93000
2022-09-13,33.3,33.3,33.8,33.3,33.55,54000
2022-09-14,33.5,33.5,33.55,33.0,33.0,24000
2022-09-15,33.55,33.55,33.8,33.05,33.1,42000
2022-09-16,32.9,32.9,33.65,32.8,33.6,43000
2022-09-19,32.45,32.45,32.6,32.2,32.6,22000
2022-09-20,33.15,33.15,33.15,32.2,32.2,8000
2022-09-21,33.3,33.3,33.9,32.95,33.35,22000
2022-09-22,33.15,33.15,33.45,32.7,32.75,20000
2022-09-23,32.8,32.8,33.2,32.8,33.0,13000
2022-09-26,31.4,31.4,32.1,31.2,32.1,38000
2022-09-27,32.5,32.5,32.5,30.9,31.0,14000
2022-09-28,31.75,31.75,32.5,31.45,32.5,19000
2022-09-29,31.65,31.65,32.8,31.65,31.75,14000
2022-09-30,31.5,31.5,31.7,31.05,31.6,12000
2022-10-03,31.0,31.0,31.2,30.95,31.1,30000
2022-10-04,31.45,31.45,31.45,31.0,31.4,15000
2022-10-05,31.8,31.8,32.85,31.55,32.85,26000
2022-10-06,32.15,32.15,32.35,31.8,32.3,9000
2022-10-07,32.4,32.4,32.65,31.75,32.15,16000
2022-10-10,39.55,39.55,39.8,39.2,39.5,37970
2022-10-11,32.0,32.0,32.4,31.6,32.4,12000
2022-10-12,31.5,31.5,32.6,31.0,32.6,24000
2022-10-13,30.8,30.8,31.5,29.9,31.5,15000
2022-10-14,31.35,31.35,31.35,30.7,30.8,18000
2022-10-17,31.05,31.05,31.05,30.25,30.45,6000
2022-10-18,30.6,30.6,31.25,30.6,31.25,10000
2022-10-19,30.35,30.35,30.65,30.1,30.65,10000
2022-10-20,30.15,30.15,30.45,29.65,30.3,30000
2022-10-21,29.55,29.55,30.25,29.55,30.25,19000
2022-10-24,30.3,30.3,31.25,30.0,30.0,3000
2022-10-25,29.8,29.8,30.0,29.6,29.6,16000
2022-10-26,30.75,30.75,30.75,29.9,29.9,2000
2022-10-27,30.8,30.8,31.65,30.8,31.65,3000
2022-10-28,30.95,30.95,31.4,30.2,30.2,14000
2022-10-31,30.95,30.95,30.95,30.95,30.95,5000
2022-11-01,30.25,30.25,30.95,30.05,30.95,62000
2022-11-02,30.2,30.2,30.3,30.0,30.3,20000
2022-11-03,30.0,30.0,30.05,29.7,30.0,23000
2022-11-04,31.2,31.2,31.2,30.35,31.1,41000
2022-11-07,31.2,31.2,31.2,30.9,31.2,12000
2022-11-08,32.95,32.95,34.25,31.2,31.2,132000
2022-11-09,32.9,32.9,33.65,32.1,33.0,88000
2022-11-10,32.5,32.5,33.2,32.2,32.85,10000
2022-11-11,31.65,31.65,32.5,31.6,32.5,43000
2022-11-14,31.8,31.8,31.9,31.65,31.9,6000
2022-11-15,31.3,31.3,31.45,31.15,31.4,25000
2022-11-16,31.55,31.55,31.95,31.2,31.2,10000
2022-11-17,31.55,31.55,31.7,31.25,31.7,35000
2022-11-18,31.6,31.6,31.6,31.55,31.55,3000
2022-11-21,31.6,31.6,31.6,31.4,31.55,5000
2022-11-22,32.05,32.05,32.2,31.65,32.0,28000
2022-11-23,32.05,32.05,32.3,32.05,32.3,8000
2022-11-24,31.85,31.85,31.85,31.8,31.8,4000
2022-11-25,31.85,31.85,31.85,31.85,31.85,2000
2022-11-28,31.85,31.85,31.95,31.6,31.9,5000
2022-11-29,32.05,32.05,32.2,31.6,31.6,50000
2022-11-30,32.25,32.25,32.25,32.05,32.05,3000
2022-12-01,35.45,35.45,35.45,33.5,33.5,557000
2022-12-02,36.65,36.65,38.8,35.7,36.65,606000
2022-12-05,36.15,36.15,36.95,35.6,36.8,184000
2022-12-06,36.2,36.2,37.0,36.0,36.15,94000
2022-12-07,34.55,34.55,36.45,34.25,36.0,117000
2022-12-08,36.3,36.3,36.3,34.5,34.55,108000
2022-12-09,36.55,36.55,36.95,36.2,36.7,121000
2022-12-12,35.2,35.2,35.5,34.5,34.75,66000
2022-12-13,34.6,34.6,35.8,34.5,35.2,106000
2022-12-14,35.35,35.35,35.4,35.0,35.3,73000
2022-12-15,35.3,35.3,35.35,34.9,35.0,28000
2022-12-16,35.2,35.2,35.55,34.85,34.85,30000
2022-12-19,35.6,35.6,37.0,35.1,35.1,54000
2022-12-20,35.15,35.15,36.1,34.8,36.1,35000
2022-12-21,36.0,36.0,36.35,35.1,36.35,9000
2022-12-22,36.1,36.1,36.3,35.15,35.55,33000
2022-12-23,36.0,36.0,36.1,35.8,35.9,23000
2022-12-26,36.0,36.0,36.95,36.0,36.35,43000
2022-12-27,35.85,35.85,36.0,35.5,35.5,21000
2022-12-28,35.7,35.7,36.1,35.15,35.85,54000
2022-12-29,35.9,35.9,36.3,35.3,36.3,30000
2022-12-30,39.45,39.45,39.45,36.0,36.05,838000
2023-01-02,39.55,39.55,39.8,39.2,39.5,37970
2023-01-03,39.9,39.9,41.5,38.85,39.6,1860000
2023-01-04,42.1,42.1,42.1,39.2,39.2,597000
2023-01-05,41.05,41.05,42.6,41.05,42.2,471000
2023-01-06,40.5,40.5,43.0,40.5,41.1,428000
2023-01-09,39.55,39.55,40.5,39.1,40.5,378000
2023-01-10,39.35,39.35,40.8,39.25,39.55,369000
2023-01-11,39.6,39.6,40.45,39.4,40.15,275000
2023-01-12,39.7,39.7,40.45,39.6,39.65,123000
2023-01-13,39.65,39.65,40.2,39.4,40.2,153000
2023-01-16,39.75,39.75,40.3,39.75,40.05,111000
2023-01-17,42.0,42.0,42.9,40.0,40.05,508000
2023-01-18,39.55,39.55,39.8,39.2,39.5,37970
2023-01-19,39.55,39.55,39.8,39.2,39.5,37970
2023-01-20,39.55,39.55,39.8,39.2,39.5,37970
2023-01-23,39.55,39.55,39.8,39.2,39.5,37970
2023-01-24,39.55,39.55,39.8,39.2,39.5,37970
2023-01-25,39.55,39.55,39.8,39.2,39.5,37970
2023-01-26,39.55,39.55,39.8,39.2,39.5,37970
2023-01-27,39.55,39.55,39.8,39.2,39.5,37970
2023-01-30,42.3,42.3,42.9,41.9,42.9,325000
2023-01-31,42.8,42.8,44.4,42.0,42.0,355000
2023-02-01,43.1,43.1,43.7,42.8,43.3,120000
2023-02-02,42.0,42.0,43.1,41.4,43.1,209000
2023-02-03,41.9,41.9,42.1,41.5,42.1,87000
2023-02-06,41.5,41.5,42.3,41.5,42.0,105000
2023-02-07,41.55,41.55,41.75,41.5,41.5,92000
2023-02-08,42.6,42.6,42.6,41.7,41.9,162000
2023-02-09,43.65,43.65,44.0,42.4,42.55,250000
2023-02-10,43.05,43.05,43.65,42.75,43.65,136000
2023-02-13,41.95,41.95,43.1,41.85,43.1,155000
2023-02-14,42.2,42.2,42.25,41.95,41.95,38000
2023-02-15,42.2,42.2,42.25,41.9,42.1,39000
2023-02-16,42.45,42.45,42.45,42.3,42.3,58000
2023-02-17,42.3,42.3,42.75,42.25,42.75,48000
2023-02-20,42.4,42.4,42.6,42.25,42.3,77000
2023-02-21,42.15,42.15,42.4,42.1,42.3,140000
2023-02-22,41.2,41.2,41.45,40.5,41.1,155000
2023-02-23,41.1,41.1,41.6,40.95,41.0,112000
2023-02-24,40.9,40.9,41.1,40.9,41.1,40000
2023-02-27,39.55,39.55,39.8,39.2,39.5,37970
2023-02-28,39.55,39.55,39.8,39.2,39.5,37970
2023-03-01,41.3,41.3,41.35,41.0,41.0,57000
2023-03-02,41.05,41.05,41.3,41.0,41.2,51000
2023-03-03,41.2,41.2,41.5,41.0,41.1,46000
2023-03-06,43.85,43.85,44.0,41.2,41.2,279000
2023-03-07,44.1,44.1,44.3,43.35,44.0,336000
2023-03-08,43.7,43.7,44.1,43.5,44.1,83000
2023-03-09,43.55,43.55,44.2,43.35,43.7,78000
2023-03-10,41.9,41.9,43.95,41.6,43.6,147000
2023-03-13,41.7,41.7,42.3,40.0,42.3,146000
2023-03-14,41.25,41.25,41.55,41.15,41.35,38000
2023-03-15,41.3,41.3,41.4,41.1,41.25,20000
2023-03-16,40.1,40.1,41.3,40.1,41.3,120000
2023-03-17,39.5,39.5,39.95,39.05,39.9,125000
2023-03-20,39.5,39.5,39.9,39.2,39.5,74000
2023-03-21,39.8,39.8,40.45,39.6,40.45,27000
2023-03-22,39.9,39.9,40.55,39.85,40.25,76000
2023-03-23,39.5,39.5,39.9,39.5,39.9,58000
2023-03-24,39.7,39.7,40.0,39.35,39.8,25000
2023-03-27,39.45,39.45,39.5,39.15,39.5,64000
2023-03-28,39.2,39.2,39.5,39.15,39.5,31000
2023-03-29,38.0,38.0,39.3,37.7,39.05,221000
2023-03-30,38.15,38.15,38.4,37.6,38.1,74000
2023-03-31,38.35,38.35,38.5,38.05,38.05,39000
2023-04-03,39.55,39.55,39.8,39.2,39.5,37970
2023-04-04,39.55,39.55,39.8,39.2,39.5,37970
2023-04-05,39.55,39.55,39.8,39.2,39.5,37970
2023-04-06,38.35,38.35,38.5,38.2,38.35,24000
2023-04-07,39.1,39.1,39.35,38.5,38.5,149000
2023-04-10,39.3,39.3,39.4,39.1,39.4,14000
2023-04-11,39.55,39.55,40.2,39.0,39.45,98000
2023-04-12,40.35,40.35,40.6,39.0,39.3,156000
2023-04-13,40.05,40.05,40.6,39.75,40.2,80000
2023-04-14,40.2,40.2,40.45,40.05,40.05,47000
2023-04-17,40.3,40.3,40.55,40.1,40.55,23000
2023-04-18,40.3,40.3,40.5,40.15,40.3,62000
2023-04-19,40.4,40.4,40.7,40.15,40.5,30000
2023-04-20,40.05,40.05,40.5,40.0,40.2,23000
2023-04-21,39.8,39.8,40.0,39.5,40.0,73000
2023-04-24,39.5,39.5,40.1,39.5,39.8,99000
2023-04-25,38.75,38.75,39.7,38.25,39.7,110000
2023-04-26,38.8,38.8,38.8,38.25,38.35,34000
2023-04-27,38.7,38.7,38.9,38.4,38.45,15000
2023-04-28,39.5,39.5,39.5,38.4,38.5,40000
2023-05-01,39.55,39.55,39.8,39.2,39.5,37970
2023-05-02,39.95,39.95,40.0,39.1,39.15,47000
2023-05-03,39.6,39.6,40.15,39.1,39.5,71000
2023-05-04,39.65,39.65,39.65,39.25,39.35,58000
2023-05-05,39.6,39.6,39.85,39.25,39.45,115000
2023-05-08,39.6,39.6,40.7,39.35,40.5,105000
2023-05-09,39.25,39.25,39.6,39.15,39.6,107000
2023-05-10,39.0,39.0,39.25,38.8,39.25,83000
2023-05-11,37.9,37.9,38.8,37.85,38.8,111000
2023-05-12,38.0,38.0,38.0,37.5,37.65,21000
2023-05-15,38.25,38.25,38.25,37.9,38.2,15000
2023-05-16,38.6,38.6,38.8,38.4,38.4,30000
2023-05-17,38.9,38.9,38.9,38.6,38.6,27000
2023-05-18,38.6,38.6,39.3,38.6,38.95,55000
2023-05-19,39.2,39.2,39.25,38.8,38.95,74000
2023-05-22,40.1,40.1,40.4,39.4,39.4,203000
2023-05-23,39.85,39.85,40.1,39.8,40.1,113000
2023-05-24,39.85,39.85,39.9,39.75,39.85,71000
2023-05-25,40.45,40.45,40.9,39.8,40.0,261000
2023-05-26,39.0,39.0,40.7,39.0,40.7,182000
2023-05-29,39.3,39.3,39.5,39.2,39.3,56000
2023-05-30,39.3,39.3,39.5,39.0,39.5,72000
2023-05-31,40.15,40.15,40.5,39.2,39.3,116000
2023-06-01,40.15,40.15,40.25,39.9,40.0,87000
2023-06-02,40.1,40.1,40.3,39.75,40.0,99000
2023-06-05,40.4,40.4,40.75,39.95,40.4,127000
2023-06-06,39.9,39.9,40.4,39.75,40.1,106000
2023-06-07,40.0,40.0,40.6,39.75,40.0,103000
2023-06-08,42.0,42.0,42.5,39.85,40.0,445000
2023-06-09,42.65,42.65,42.95,41.65,42.0,248000
2023-06-12,41.8,41.8,42.65,41.1,42.65,290000
2023-06-13,40.85,40.85,41.8,40.7,41.8,210000
2023-06-14,41.05,41.05,41.3,40.6,40.7,137000
2023-06-15,41.2,41.2,41.3,40.9,40.9,106000
2023-06-16,41.25,41.25,43.85,41.0,41.5,610000
2023-06-19,42.5,42.5,42.9,41.55,41.9,202000
2023-06-20,42.4,42.4,42.5,41.7,42.5,88000
2023-06-21,43.55,43.55,43.9,42.4,43.0,519000
2023-06-22,39.55,39.55,39.8,39.2,39.5,37970
2023-06-23,39.55,39.55,39.8,39.2,39.5,37970
2023-06-26,44.5,44.5,47.9,43.35,43.9,1948000
2023-06-27,48.95,48.95,48.95,44.1,44.2,1906000
2023-06-28,53.8,53.8,53.8,53.8,53.8,1486000
2023-06-29,55.6,55.6,57.8,52.5,54.5,6168000
2023-06-30,58.3,58.3,61.1,54.4,55.6,4338000
2023-07-03,59.5,59.5,61.0,57.1,61.0,2183000
2023-07-04,58.9,58.9,59.2,55.0,56.6,2266000
2023-07-05,61.0,61.0,62.7,56.7,59.3,3256000
2023-07-06,62.1,62.1,66.9,60.0,60.2,3511000
2023-07-07,61.0,61.0,63.5,58.2,61.9,2534000
2023-07-10,63.3,63.3,65.2,62.2,65.0,2985000
2023-07-11,63.0,63.0,64.6,62.3,63.3,1442000
2023-07-12,59.8,59.8,63.5,56.8,63.5,3103000
2023-07-13,60.4,60.4,61.2,57.8,60.0,1318000
2023-07-14,61.0,61.0,63.0,59.9,59.9,1463000
2023-07-17,67.1,67.1,67.1,62.2,63.7,2408000
2023-07-18,62.0,62.0,73.0,62.0,68.5,5323000
2023-07-19,55.8,55.8,62.6,55.8,62.6,3324000
2023-07-20,55.1,55.1,58.0,53.8,55.1,1887000
2023-07-21,55.0,55.0,55.0,53.8,54.0,555000
2023-07-24,54.7,54.7,55.0,53.1,55.0,593000
2023-07-25,56.7,56.7,57.7,54.0,54.0,1178000
2023-07-26,55.4,55.4,56.7,54.7,56.7,557000
2023-07-27,55.9,55.9,57.5,55.5,55.5,438000
2023-07-28,55.9,55.9,56.4,54.2,56.0,434000
2023-07-31,58.8,58.8,59.7,55.2,56.5,1417000
2023-08-01,60.5,60.5,61.6,58.1,60.3,1781000
2023-08-02,56.9,56.9,59.8,56.2,59.7,787000
2023-08-03,39.55,39.55,39.8,39.2,39.5,37970
2023-08-04,57.9,57.9,58.8,57.0,57.8,570000
2023-08-07,59.6,59.6,61.0,57.4,58.0,881000
2023-08-08,60.2,60.2,60.7,59.0,60.4,576000
2023-08-09,59.8,59.8,61.2,59.0,59.8,587000
2023-08-10,56.8,56.8,59.8,55.1,59.8,673000
2023-08-11,51.8,51.8,55.2,51.2,55.0,1093000
2023-08-14,51.8,51.8,51.8,50.1,51.0,434000
2023-08-15,52.1,52.1,53.3,51.7,52.3,292000
2023-08-16,52.3,52.3,53.3,50.2,51.3,548000
2023-08-17,55.8,55.8,55.8,51.2,51.3,624000
2023-08-18,57.4,57.4,58.5,55.2,55.5,706000
2023-08-21,55.9,55.9,56.4,55.2,56.3,333000
2023-08-22,54.3,54.3,56.7,54.2,56.7,221000
2023-08-23,54.8,54.8,55.7,54.3,54.3,250000
2023-08-24,56.7,56.7,56.9,55.2,55.6,359000
2023-08-25,56.5,56.5,57.7,55.9,56.3,217000
2023-08-28,57.3,57.3,58.1,55.8,57.4,404000
2023-08-29,58.9,58.9,58.9,56.5,57.8,500000
2023-08-30,61.9,61.9,61.9,58.5,59.0,1453000
2023-08-31,61.5,61.5,63.3,60.2,62.1,933000
2023-09-01,61.9,61.9,62.6,60.9,61.5,546000
2023-09-04,62.8,62.8,64.0,61.9,62.0,973000
2023-09-05,62.0,62.0,63.6,62.0,62.8,368000
2023-09-06,63.7,63.7,63.9,62.1,62.5,689000
2023-09-07,60.5,60.5,63.7,59.7,63.5,767000
2023-09-08,60.3,60.3,61.6,59.3,60.5,374000
2023-09-11,60.9,60.9,62.3,60.3,61.5,237000
2023-09-12,57.8,57.8,61.2,57.8,60.9,447000
2023-09-13,58.4,58.4,58.9,57.1,57.8,262000
2023-09-14,60.2,60.2,60.4,58.0,58.4,262000
2023-09-15,60.0,60.0,60.5,59.2,60.5,243000
2023-09-18,58.4,58.4,60.0,58.2,60.0,119000
2023-09-19,56.1,56.1,58.8,54.6,58.4,453000
2023-09-20,54.8,54.8,56.6,54.2,56.4,241000
2023-09-21,53.3,53.3,54.3,51.8,54.3,595000
2023-09-22,53.3,53.3,53.4,52.2,52.9,220000
2023-09-25,53.6,53.6,53.9,53.0,53.3,119000
2023-09-26,52.2,52.2,53.7,52.2,53.6,132000
2023-09-27,52.2,52.2,52.6,51.5,52.2,163000
2023-09-28,53.5,53.5,53.9,52.2,52.4,190000
2023-09-29,39.55,39.55,39.8,39.2,39.5,37970
2023-10-02,55.1,55.1,55.4,53.3,53.5,280000
2023-10-03,54.8,54.8,55.1,53.6,55.0,179000
2023-10-04,56.4,56.4,56.7,53.8,54.6,367000
2023-10-05,56.1,56.1,57.4,55.8,56.4,209000
2023-10-06,56.1,56.1,56.6,55.6,56.2,128000
2023-10-09,39.55,39.55,39.8,39.2,39.5,37970
2023-10-10,39.55,39.55,39.8,39.2,39.5,37970
2023-10-11,55.2,55.2,57.2,55.2,55.9,154000
2023-10-12,55.5,55.5,59.9,55.3,56.2,908000
2023-10-13,54.4,54.4,55.7,53.8,55.7,288000
2023-10-16,53.7,53.7,54.8,53.6,54.8,54000
2023-10-17,52.7,52.7,54.3,52.7,54.0,82000
2023-10-18,51.6,51.6,53.0,51.6,52.9,103000
2023-10-19,52.0,52.0,52.1,51.1,51.6,106000
2023-10-20,50.1,50.1,51.5,49.85,51.5,262000
2023-10-23,49.9,49.9,50.5,48.6,49.55,225000
2023-10-24,50.3,50.3,50.3,49.3,50.0,103000
2023-10-25,51.6,51.6,51.6,50.2,50.2,110000
2023-10-26,51.3,51.3,51.6,50.3,51.6,92000
2023-10-27,50.4,50.4,51.6,50.4,51.6,90000
2023-10-30,49.3,49.3,50.4,49.2,50.4,143000
2023-10-31,47.6,47.6,49.35,44.55,49.1,760000
2023-11-01,46.45,46.45,47.55,46.1,47.55,157000
2023-11-02,46.45,46.45,47.45,46.4,46.65,228000
2023-11-03,45.4,45.4,46.55,44.8,46.0,596000
2023-11-06,45.25,45.25,46.2,45.05,45.7,315000
2023-11-07,46.4,46.4,46.5,45.25,45.8,308000
2023-11-08,45.95,45.95,48.5,45.95,46.9,674000
2023-11-09,45.85,45.85,46.0,45.2,46.0,185000
2023-11-10,45.4,45.4,46.6,45.4,45.85,205000
2023-11-13,45.05,45.05,45.4,44.7,45.4,279000
2023-11-14,44.5,44.5,45.45,44.45,45.45,157000
2023-11-15,44.6,44.6,45.15,44.45,44.55,227000
2023-11-16,44.75,44.75,45.0,43.8,44.6,430000
2023-11-17,45.4,45.4,45.4,44.15,44.15,75000
2023-11-20,45.5,45.5,45.75,45.4,45.5,47000
2023-11-21,45.4,45.4,45.7,45.35,45.5,108000
2023-11-22,45.55,45.55,45.75,45.35,45.55,57000
2023-11-23,45.5,45.5,45.9,45.35,45.55,57000
2023-11-24,46.55,46.55,46.55,45.45,45.45,127000
2023-11-27,45.8,45.8,46.55,45.7,46.55,59000
2023-11-28,45.35,45.35,45.85,45.35,45.6,191000
2023-11-29,45.95,45.95,46.4,45.5,45.5,102000
2023-11-30,46.8,46.8,46.8,46.0,46.0,138000
2023-12-01,46.8,46.8,47.0,46.65,46.7,123000
2023-12-04,47.6,47.6,47.75,46.8,46.8,255000
2023-12-05,46.95,46.95,47.6,46.4,47.6,157000
2023-12-06,46.45,46.45,47.2,46.45,46.65,100000
2023-12-07,46.3,46.3,47.0,46.3,46.45,65000
2023-12-08,46.1,46.1,46.4,45.75,46.35,181000
2023-12-11,46.45,46.45,48.5,46.35,47.1,512000
2023-12-12,46.45,46.45,46.95,46.45,46.5,134000
2023-12-13,46.5,46.5,46.65,46.35,46.4,61000
2023-12-14,47.6,47.6,47.7,46.6,46.6,244000
2023-12-15,47.7,47.7,47.7,47.05,47.6,75000
2023-12-18,47.5,47.5,47.65,47.2,47.65,100000
2023-12-19,47.5,47.5,47.5,46.65,47.2,67000
2023-12-20,47.5,47.5,47.55,47.15,47.45,42000
2023-12-21,46.55,46.55,47.25,46.55,46.85,72000
2023-12-22,47.7,47.7,47.8,46.8,46.8,216000
2023-12-25,47.45,47.45,47.7,47.0,47.7,65000
2023-12-26,47.55,47.55,47.55,47.15,47.15,12000
2023-12-27,47.7,47.7,48.8,47.2,47.85,440000
2023-12-28,49.7,49.7,50.0,48.45,48.5,732000
2023-12-29,50.4,50.4,50.4,48.9,49.7,398000
2024-01-01,39.55,39.55,39.8,39.2,39.5,37970
2024-01-02,50.7,50.7,50.8,49.75,50.4,344000
2024-01-03,50.8,50.8,51.7,49.85,50.7,366000
2024-01-04,49.8,49.8,51.1,49.8,51.0,190000
2024-01-05,49.85,49.85,50.1,49.5,49.8,127000
2024-01-08,50.9,50.9,51.3,50.0,50.7,316000
2024-01-09,51.2,51.2,53.0,50.8,51.8,761000
2024-01-10,50.6,50.6,51.8,50.4,51.2,282000
2024-01-11,49.3,49.3,50.2,48.95,50.2,268000
2024-01-12,49.1,49.1,49.7,49.0,49.7,134000
2024-01-15,53.1,53.1,53.5,49.95,49.95,1620000
2024-01-16,52.0,52.0,53.3,51.6,52.8,975000
2024-01-17,50.3,50.3,52.0,50.2,52.0,445000
2024-01-18,50.0,50.0,50.5,49.7,50.1,268000
2024-01-19,49.3,49.3,50.1,49.3,50.0,389000
2024-01-22,49.35,49.35,50.0,49.3,49.3,216000
2024-01-23,49.85,49.85,50.6,49.4,49.8,248000
2024-01-24,50.5,50.5,51.9,50.3,50.7,363000
2024-01-25,49.8,49.8,51.4,49.8,51.2,284000
2024-01-26,49.0,49.0,49.75,49.0,49.75,255000
2024-01-29,48.45,48.45,49.0,48.35,49.0,137000
2024-01-30,48.6,48.6,48.95,48.15,48.45,136000
2024-01-31,48.4,48.4,48.6,48.15,48.6,76000
2024-02-01,48.1,48.1,48.4,47.5,48.4,191000
2024-02-02,47.85,47.85,48.75,47.8,48.15,165000
2024-02-05,47.35,47.35,48.0,47.25,48.0,175000
2024-02-06,39.55,39.55,39.8,39.2,39.5,37970
2024-02-07,39.55,39.55,39.8,39.2,39.5,37970
2024-02-08,39.55,39.55,39.8,39.2,39.5,37970
2024-02-09,39.55,39.55,39.8,39.2,39.5,37970
2024-02-12,39.55,39.55,39.8,39.2,39.5,37970
2024-02-13,39.55,39.55,39.8,39.2,39.5,37970
2024-02-14,39.55,39.55,39.8,39.2,39.5,37970
2024-02-15,49.45,49.45,49.65,47.9,47.9,503000
2024-02-16,49.85,49.85,50.2,49.3,49.55,510000
2024-02-19,51.3,51.3,51.7,49.9,49.95,771000
2024-02-20,52.4,52.4,52.7,51.9,52.2,1114000
2024-02-21,52.1,52.1,52.7,51.8,52.4,613000
2024-02-22,53.6,53.6,53.7,51.3,52.3,1221000
2024-02-23,52.4,52.4,54.5,52.2,54.4,902000
2024-02-26,53.5,53.5,54.2,52.8,53.3,1259000
2024-02-27,52.6,52.6,53.6,51.5,53.6,618000
2024-02-28,39.55,39.55,39.8,39.2,39.5,37970
2024-02-29,52.1,52.1,53.0,51.9,52.5,597000
2024-03-01,51.0,51.0,52.2,51.0,52.1,463000
2024-03-04,50.9,50.9,51.5,50.1,51.2,395000
2024-03-05,50.7,50.7,51.8,50.0,51.5,452000
2024-03-06,51.5,51.5,52.6,50.7,50.7,809000
2024-03-07,50.6,50.6,51.7,50.5,51.6,367000
2024-03-08,49.75,49.75,51.0,49.1,50.8,459000
2024-03-11,49.0,49.0,49.9,49.0,49.5,188000
2024-03-12,49.0,49.0,49.45,48.8,49.0,405000
2024-03-13,44.75,44.75,49.2,44.1,49.2,1334000
2024-03-14,43.95,43.95,45.0,43.9,44.75,422000
2024-03-15,43.75,43.75,44.5,43.55,43.95,218000
2024-03-18,44.6,44.6,44.7,43.4,43.85,252000
2024-03-19,45.1,45.1,45.5,44.3,44.6,430000
2024-03-20,45.5,45.5,46.0,45.1,45.45,351000
2024-03-21,45.8,45.8,46.1,45.3,46.0,331000
2024-03-22,47.2,47.2,47.75,46.0,46.4,896000
2024-03-25,47.9,47.9,48.2,47.3,47.6,592000
2024-03-26,47.25,47.25,48.0,46.75,48.0,461000
2024-03-27,47.0,47.0,47.6,46.85,47.45,329000
2024-03-28,48.7,48.7,50.7,47.8,47.8,929000
2024-03-29,48.25,48.25,49.5,48.05,48.7,225000
2024-04-01,48.75,48.75,49.0,48.05,48.25,398000
2024-04-02,49.15,49.15,49.2,48.5,48.8,157000
2024-04-03,49.25,49.25,49.5,48.7,49.3,196000
2024-04-04,39.55,39.55,39.8,39.2,39.5,37970
2024-04-05,39.55,39.55,39.8,39.2,39.5,37970
2024-04-08,50.0,50.0,50.3,49.25,49.25,448000
2024-04-09,50.5,50.5,50.9,49.9,50.3,287000
2024-04-10,51.1,51.1,51.3,50.5,51.1,311000
2024-04-11,52.1,52.1,52.8,51.3,51.8,665000
2024-04-12,52.0,52.0,53.0,51.6,52.1,531000
2024-04-15,50.6,50.6,51.5,50.2,51.5,292000
2024-04-16,48.9,48.9,51.0,48.5,50.3,435000
2024-04-17,50.1,50.1,50.7,48.65,49.25,255000
2024-04-18,50.2,50.2,50.7,49.95,49.95,188000
2024-04-19,48.5,48.5,50.2,47.1,50.2,455000
2024-04-22,48.0,48.0,49.2,47.95,48.5,180000
2024-04-23,48.1,48.1,48.95,47.95,48.75,94000
2024-04-24,48.4,48.4,49.2,48.0,48.8,131000
2024-04-25,47.25,47.25,48.5,47.05,48.5,234000
2024-04-26,47.4,47.4,47.95,47.3,47.5,163000
2024-04-29,47.5,47.5,48.1,47.4,47.7,110000
2024-04-30,47.25,47.25,48.2,47.0,47.65,131000
2024-05-01,39.55,39.55,39.8,39.2,39.5,37970
2024-05-02,47.9,47.9,48.1,46.7,47.05,200000
2024-05-03,47.75,47.75,49.35,47.6,48.4,329000
2024-05-06,49.05,49.05,49.5,47.75,48.5,264000
2024-05-07,48.9,48.9,50.5,48.45,49.4,296000
2024-05-08,51.7,51.7,52.5,49.6,49.85,948000
2024-05-09,51.1,51.1,53.4,51.1,52.4,1338000
2024-05-10,51.7,51.7,51.7,50.0,51.0,409000
2024-05-13,51.8,51.8,53.0,51.2,52.3,431000
2024-05-14,52.3,52.3,52.7,51.7,52.2,416000
2024-05-15,52.2,52.2,53.3,51.7,53.0,681000
2024-05-16,52.8,52.8,53.6,52.4,53.3,704000
2024-05-17,53.0,53.0,53.7,52.6,53.4,784000
2024-05-20,52.4,52.4,53.5,52.1,53.5,479000
2024-05-21,52.4,52.4,53.0,51.8,52.8,324000
2024-05-22,54.2,54.2,54.3,52.8,53.0,858000
2024-05-23,52.5,52.5,55.0,51.5,55.0,1233000
2024-05-24,52.6,52.6,52.9,51.8,52.0,249000
2024-05-27,53.1,53.1,53.9,52.1,52.6,401000
2024-05-28,53.1,53.1,54.5,52.5,53.1,487000
2024-05-29,52.0,52.0,53.7,51.9,53.2,388000
2024-05-30,51.6,51.6,52.0,51.5,52.0,189000
2024-05-31,54.5,54.5,54.9,51.9,52.0,975000
2024-06-03,54.1,54.1,54.6,53.3,54.5,465000
2024-06-04,57.6,57.6,59.0,53.9,54.1,1622000
2024-06-05,56.1,56.1,58.9,55.9,58.4,1445000
2024-06-06,55.0,55.0,56.9,54.7,56.6,600000
2024-06-07,56.8,56.8,56.9,55.0,55.4,409000
2024-06-10,39.55,39.55,39.8,39.2,39.5,37970
2024-06-11,55.6,55.6,58.0,55.5,58.0,499000
2024-06-12,55.8,55.8,56.1,54.9,55.8,282000
2024-06-13,54.9,54.9,56.7,54.8,56.7,268000
2024-06-14,53.5,53.5,55.6,53.3,54.9,640000
2024-06-17,53.6,53.6,54.2,53.2,53.5,308000
2024-06-18,53.3,53.3,53.9,53.3,53.5,185000
2024-06-19,52.6,52.6,54.1,52.5,54.1,356000
2024-06-20,53.4,53.4,53.4,52.3,52.6,243000
2024-06-21,53.9,53.9,54.9,53.0,53.0,416000
2024-06-24,53.9,53.9,54.5,53.6,54.1,166000
2024-06-25,53.7,53.7,55.4,53.4,54.3,388000
2024-06-26,56.1,56.1,56.3,54.0,54.4,547000
2024-06-27,56.6,56.6,56.9,55.7,56.2,323000
2024-06-28,62.2,62.2,62.2,56.2,56.6,1263000
2024-07-01,62.7,62.7,64.8,60.8,64.5,1843000
2024-07-02,63.7,63.7,66.2,61.0,62.6,1564000
2024-07-03,63.8,63.8,64.0,62.2,63.9,672000
2024-07-04,63.7,63.7,64.5,62.8,64.1,514000
2024-07-05,64.8,64.8,66.2,62.8,64.1,1197000
2024-07-08,63.7,63.7,66.4,63.2,64.9,915000
2024-07-09,63.9,63.9,64.9,61.5,64.0,747000
2024-07-10,65.6,65.6,65.7,63.5,64.0,835000
2024-07-11,61.1,61.1,65.2,60.1,65.2,1632000
2024-07-12,64.0,64.0,64.8,59.8,61.2,917000
2024-07-15,64.3,64.3,65.3,63.0,64.0,587000
2024-07-16,62.6,62.6,64.9,62.5,64.8,385000
2024-07-17,64.1,64.1,64.9,63.0,63.1,458000
2024-07-18,63.7,63.7,65.8,63.3,64.3,404000
2024-07-19,60.4,60.4,64.1,60.4,64.0,658000
2024-07-22,60.5,60.5,61.7,59.5,60.0,604000
2024-07-23,62.5,62.5,63.7,61.0,61.4,606000
2024-07-24,39.55,39.55,39.8,39.2,39.5,37970
2024-07-25,39.55,39.55,39.8,39.2,39.5,37970
2024-07-26,61.5,61.5,61.8,59.6,60.1,381000
2024-07-29,60.5,60.5,63.5,60.5,61.7,472000
2024-07-30,64.4,64.4,65.5,60.0,60.6,766000
2024-07-31,68.0,68.0,68.9,64.3,65.4,2841000
2024-08-01,69.4,69.4,71.2,68.2,69.1,3633000
2024-08-02,66.9,66.9,69.6,66.9,68.5,1309000
2024-08-05,60.3,60.3,63.2,60.3,62.0,1204000
2024-08-06,57.6,57.6,62.8,54.6,61.4,2264000
2024-08-07,61.7,61.7,62.9,56.8,58.0,1569000
2024-08-08,62.4,62.4,64.0,60.7,61.6,1383000
2024-08-09,68.3,68.3,68.6,63.9,63.9,3826000
2024-08-12,69.1,69.1,74.5,66.1,71.5,6036000
2024-08-13,70.9,70.9,71.8,66.7,69.0,3129000
2024-08-14,71.0,71.0,76.9,70.2,72.5,6770000
2024-08-15,68.6,68.6,72.3,66.9,71.5,2576000
2024-08-16,70.1,70.1,70.7,68.6,69.4,2143000
2024-08-19,70.8,70.8,71.3,69.0,71.3,1502000
2024-08-20,77.8,77.8,77.8,74.5,74.8,3396000
2024-08-21,78.3,78.3,83.8,77.5,80.2,8986000
2024-08-22,75.2,75.2,81.0,75.2,79.5,3247000
2024-08-23,75.0,75.0,75.4,71.3,73.5,2589000
2024-08-26,71.7,71.7,76.5,71.7,76.4,1809000
2024-08-27,77.1,77.1,77.8,72.4,72.5,3375000
2024-08-28,82.0,82.0,82.0,76.5,77.0,5692000
2024-08-29,80.8,80.8,88.8,80.3,82.0,11316000
2024-08-30,79.0,79.0,83.6,78.5,81.0,4370000
2024-09-02,80.5,80.5,82.9,79.1,79.3,2601000
2024-09-03,88.5,88.5,88.5,82.5,83.0,15733000
2024-09-04,89.0,89.0,93.4,82.6,86.2,25533000
2024-09-05,91.5,91.5,94.3,85.5,91.0,18266000
2024-09-06,90.5,90.5,91.4,88.3,89.9,7369000
2024-09-09,90.4,90.4,92.0,86.8,89.2,5590000
2024-09-10,85.7,85.7,91.4,83.4,90.1,5139000
2024-09-11,87.9,87.9,88.5,85.1,86.8,3126000
2024-09-12,90.0,90.0,93.8,88.5,90.9,8010000
2024-09-13,94.0,94.0,95.1,90.5,92.0,10600000
2024-09-16,98.8,98.8,102.0,93.1,94.0,11262000
2024-09-17,39.55,39.55,39.8,39.2,39.5,37970
2024-09-18,108.5,108.5,108.5,100.0,101.0,7135000
2024-09-19,119.0,119.0,119.0,106.0,110.5,23147000
2024-09-20,116.0,116.0,122.5,114.5,121.0,14516000
2024-09-23,113.0,113.0,118.5,112.0,116.0,5199000
2024-09-24,113.5,113.5,114.5,106.0,113.5,5882000
2024-09-25,113.0,113.0,117.0,108.5,115.0,6525000
2024-09-26,111.0,111.0,114.5,109.5,112.5,2500000
2024-09-27,111.0,111.0,118.5,111.0,111.0,6379000
2024-09-30,114.0,114.0,116.0,109.0,111.0,3556000
2024-10-01,125.0,125.0,125.0,117.0,117.5,14175000
2024-10-02,39.55,39.55,39.8,39.2,39.5,37970
2024-10-03,39.55,39.55,39.8,39.2,39.5,37970
2024-10-04,127.5,127.5,136.5,125.0,129.5,18909000
2024-10-07,131.0,131.0,136.5,122.5,126.5,11981000
2024-10-08,126.5,126.5,135.0,124.5,129.5,6180000
2024-10-09,127.0,127.0,130.0,123.0,128.0,4875000
2024-10-10,39.55,39.55,39.8,39.2,39.5,37970
2024-10-11,120.0,120.0,128.0,120.0,125.5,4410000
2024-10-14,108.5,108.5,117.0,108.5,112.0,6011000
2024-10-15,108.0,108.0,114.0,108.0,112.0,3614000
2024-10-16,111.0,111.0,113.5,107.0,107.5,2815000
2024-10-17,111.0,111.0,114.5,109.5,112.0,2505000
2024-10-18,105.5,105.5,113.0,105.5,112.5,2541000
2024-10-21,108.0,108.0,110.0,106.0,106.0,1401000
2024-10-22,112.5,112.5,113.0,107.5,108.0,2639000
2024-10-23,114.0,114.0,114.0,110.0,112.5,1781000
2024-10-24,114.0,114.0,118.0,109.5,116.0,5310000
2024-10-25,111.5,111.5,115.0,111.0,113.0,1562000
2024-10-28,104.5,104.5,110.5,103.0,110.5,2106000
2024-10-29,105.0,105.0,106.0,102.5,102.5,997000
2024-10-30,103.0,103.0,106.0,102.0,105.0,813000
2024-10-31,39.55,39.55,39.8,39.2,39.5,37970
2024-11-01,103.0,103.0,104.0,99.2,99.7,783000
2024-11-04,100.5,100.5,103.0,100.0,103.0,655000
2024-11-05,107.5,107.5,108.0,100.0,100.0,1707000
2024-11-06,109.0,109.0,109.5,105.5,108.0,1393000
2024-11-07,108.5,108.5,111.0,108.0,109.0,1025000
2024-11-08,104.5,104.5,110.0,104.5,109.0,1120000
2024-11-11,101.5,101.5,105.5,101.0,105.0,668000
2024-11-12,104.5,104.5,106.0,102.5,103.5,1238000
2024-11-13,106.5,106.5,107.0,102.5,104.0,1052000
2024-11-14,106.0,106.0,110.5,104.5,105.5,1840000
2024-11-15,101.5,101.5,108.0,101.5,107.0,1209000
2024-11-18,92.5,92.5,101.5,92.5,101.0,2043000
2024-11-19,97.6,97.6,98.6,92.1,92.5,1664000
2024-11-20,93.2,93.2,98.1,93.1,97.2,1182000
2024-11-21,92.7,92.7,94.3,92.3,93.2,681000
2024-11-22,93.2,93.2,96.6,93.2,93.9,664000
2024-11-25,94.8,94.8,96.3,94.1,96.0,835000
2024-11-26,94.1,94.1,99.3,94.1,95.4,2624000
2024-11-27,91.0,91.0,95.5,91.0,94.6,1029000
2024-11-28,90.4,90.4,92.3,89.4,90.7,801000
2024-11-29,92.0,92.0,92.4,90.3,91.0,524000
2024-12-02,92.6,92.6,94.0,92.0,92.7,469000
2024-12-03,93.1,93.1,95.0,93.1,94.1,548000
2024-12-04,93.2,93.2,93.7,92.1,93.6,520000
2024-12-05,92.1,92.1,94.2,92.1,94.2,466000
2024-12-06,90.5,90.5,93.7,90.2,92.6,552000
2024-12-09,88.5,88.5,90.5,88.0,90.5,638000
2024-12-10,87.9,87.9,91.0,87.5,89.0,435000
2024-12-11,89.4,89.4,89.4,87.3,87.6,492000
2024-12-12,89.6,89.6,90.9,88.9,90.3,525000
2024-12-13,92.0,92.0,95.6,89.1,89.8,2294000
2024-12-16,88.3,88.3,94.3,88.3,92.5,1683000
2024-12-17,97.1,97.1,97.1,89.5,89.5,3321000
2024-12-18,106.5,106.5,106.5,98.6,100.5,8163000
2024-12-19,110.5,110.5,112.5,103.5,104.0,10319000
2024-12-20,105.0,105.0,112.0,105.0,109.0,5510000
2024-12-23,110.0,110.0,113.0,106.0,107.0,5409000
2024-12-24,107.0,107.0,113.5,105.5,108.0,5458000
2024-12-25,107.0,107.0,111.0,107.0,109.0,2360000
2024-12-26,101.5,101.5,108.5,101.5,108.5,2313000
2024-12-27,99.5,99.5,103.5,99.5,101.5,1429000
2024-12-30,98.8,98.8,102.0,98.2,101.5,911000
2024-12-31,102.0,102.0,103.0,98.8,99.6,918000
2025-01-01,39.55,39.55,39.8,39.2,39.5,37970
2025-01-02,98.0,98.0,101.5,98.0,101.5,977000
2025-01-03,97.4,97.4,103.0,97.3,99.0,1407000
2025-01-06,95.3,95.3,98.4,95.0,98.4,972000
2025-01-07,93.6,93.6,96.5,93.6,96.2,966000
2025-01-08,93.5,93.5,94.4,93.0,93.5,539000
2025-01-09,88.2,88.2,93.3,88.2,93.3,1332000
2025-01-10,88.0,88.0,89.0,87.5,88.8,385000
2025-01-13,81.1,81.1,87.0,80.9,87.0,1119000
2025-01-14,84.2,84.2,84.5,80.9,82.9,696000
2025-01-15,82.7,82.7,84.1,82.6,83.9,365000
2025-01-16,83.7,83.7,85.2,83.7,85.2,423000
2025-01-17,81.4,81.4,84.1,81.0,84.1,383000
2025-01-20,82.7,82.7,82.8,81.6,82.1,271000
2025-01-21,80.9,80.9,83.8,80.8,83.8,404000
2025-01-22,82.0,82.0,82.0,80.0,81.8,455000
2025-01-23,39.55,39.55,39.8,39.2,39.5,37970
2025-01-24,39.55,39.55,39.8,39.2,39.5,37970
2025-01-27,39.55,39.55,39.8,39.2,39.5,37970
2025-01-28,39.55,39.55,39.8,39.2,39.5,37970
2025-01-29,39.55,39.55,39.8,39.2,39.5,37970
2025-01-30,39.55,39.55,39.8,39.2,39.5,37970
2025-01-31,39.55,39.55,39.8,39.2,39.5,37970
2025-02-03,81.4,81.4,81.4,77.2,78.9,527000
2025-02-04,80.1,80.1,81.5,79.3,80.8,376000
2025-02-05,83.7,83.7,84.4,80.5,80.5,491000
2025-02-06,83.7,83.7,85.1,83.5,84.1,301000
2025-02-07,84.6,84.6,85.5,83.7,84.0,322000
2025-02-10,83.2,83.2,84.0,82.5,84.0,290000
2025-02-11,83.6,83.6,84.5,82.8,82.8,309000
2025-02-12,88.5,88.5,90.8,84.4,85.0,1331000
2025-02-13,88.1,88.1,89.5,87.1,89.3,703000
2025-02-14,87.0,87.0,91.7,87.0,88.5,867000
2025-02-17,93.4,93.4,95.0,87.2,88.0,1636000
2025-02-18,94.3,94.3,95.2,93.0,93.9,1006000
2025-02-19,103.5,103.5,103.5,98.6,98.6,4359000
2025-02-20,99.5,99.5,105.0,99.2,105.0,4225000
2025-02-21,101.0,101.0,105.0,99.6,99.6,4148000
2025-02-24,99.1,99.1,102.0,99.1,99.1,1178000
2025-02-25,95.5,95.5,98.9,95.2,98.9,1061000
2025-02-26,94.5,94.5,96.8,94.2,95.5,623000
2025-02-27,95.1,95.1,100.5,95.1,96.7,1804000
2025-02-28,39.55,39.55,39.8,39.2,39.5,37970
2025-03-03,90.7,90.7,94.5,90.7,93.0,645000
2025-03-04,94.4,94.4,95.5,89.5,89.5,1261000
2025-03-05,93.2,93.2,94.5,92.7,93.8,607000
2025-03-06,90.4,90.4,93.9,90.4,93.6,475000
2025-03-07,87.5,87.5,91.5,87.2,91.5,538000
2025-03-10,88.2,88.2,89.5,87.6,88.2,284000
2025-03-11,88.1,88.1,88.3,83.8,86.0,377000
2025-03-12,88.2,88.2,89.2,87.9,88.6,231000
2025-03-13,85.3,85.3,90.7,85.1,89.7,497000
2025-03-14,85.9,85.9,86.8,84.7,85.8,284000
2025-03-17,84.5,84.5,87.1,84.5,87.1,281000
2025-03-18,86.2,86.2,87.0,84.0,85.2,306000
2025-03-19,84.3,84.3,86.7,84.2,86.5,300000
2025-03-20,86.0,86.0,86.2,85.1,85.1,176000
2025-03-21,86.8,86.8,88.3,85.3,86.6,423000
2025-03-24,84.5,84.5,87.6,84.5,87.6,279000
2025-03-25,83.7,83.7,86.1,83.7,86.0,212000
2025-03-26,84.7,84.7,86.8,84.2,84.2,244000
2025-03-27,82.5,82.5,84.6,82.5,83.9,271000
2025-03-28,79.6,79.6,82.8,78.8,82.5,452000
2025-03-31,75.8,75.8,77.9,75.3,76.3,461000
2025-04-01,77.8,77.8,78.0,75.9,76.0,218000
2025-04-02,78.0,78.0,79.2,76.8,77.9,176000
2025-04-03,39.55,39.55,39.8,39.2,39.5,37970
2025-04-04,39.55,39.55,39.8,39.2,39.5,37970
2025-04-07,70.2,70.2,70.2,70.2,70.2,33000
2025-04-08,63.2,63.2,64.8,63.2,63.2,635000
2025-04-09,56.9,56.9,62.1,56.9,62.1,1043000
2025-04-10,62.5,62.5,62.5,62.5,62.5,121000
2025-04-11,64.3,64.3,64.4,59.0,61.5,458000
2025-04-14,67.2,67.2,69.0,65.9,65.9,410000
2025-04-15,70.2,70.2,70.8,68.0,68.3,305000
2025-04-16,69.0,69.0,70.2,68.7,70.2,217000
2025-04-17,68.6,68.6,69.6,67.5,69.0,195000
2025-04-18,69.1,69.1,70.3,68.4,69.6,133000
2025-04-21,65.2,65.2,69.1,65.2,69.1,190000
2025-04-22,66.5,66.5,67.9,64.5,64.7,261000
2025-04-23,70.2,70.2,70.5,69.0,69.0,257000
2025-04-24,69.9,69.9,72.4,69.6,71.0,187000
2025-04-25,70.6,70.6,72.0,70.6,72.0,200000
2025-04-28,72.2,72.2,72.7,71.2,71.6,190000
2025-04-29,75.3,75.3,75.9,72.3,73.0,338000
2025-04-30,75.0,75.0,80.7,75.0,75.7,1021000
2025-05-01,39.55,39.55,39.8,39.2,39.5,37970
2025-05-02,75.5,75.5,77.4,75.5,77.1,232000
2025-05-05,70.4,70.4,76.6,69.2,76.6,425000
2025-05-06,71.9,71.9,72.9,70.4,70.4,184000
2025-05-07,70.5,70.5,71.8,70.3,71.8,74000
2025-05-08,71.5,71.5,72.1,71.3,71.5,115000
2025-05-09,73.2,73.2,73.8,71.3,72.0,220000
2025-05-12,75.4,75.4,77.2,74.5,74.6,299000
2025-05-13,75.2,75.2,77.0,74.1,75.7,309000
2025-05-14,75.1,75.1,76.0,75.1,75.8,169000
2025-05-15,75.6,75.6,78.8,75.1,75.3,453000
2025-05-16,74.8,74.8,77.1,74.6,77.1,242000
2025-05-19,73.0,73.0,76.3,73.0,74.9,237000
2025-05-20,71.8,71.8,74.9,71.8,74.5,128000
2025-05-21,72.0,72.0,72.9,71.5,72.0,107000
2025-05-22,71.1,71.1,71.5,70.9,71.0,106000
2025-05-23,70.2,70.2,71.9,70.2,71.3,133000
2025-05-26,69.4,69.4,71.3,69.4,71.3,89000
2025-05-27,68.2,68.2,70.0,68.2,69.1,124000
2025-05-28,67.3,67.3,69.2,67.1,69.0,107000
2025-05-29,66.9,66.9,68.1,66.9,68.0,130000
2025-05-30,39.55,39.55,39.8,39.2,39.5,37970
2025-06-02,65.2,65.2,67.4,64.9,67.4,149000
2025-06-03,64.5,64.5,65.6,64.5,65.5,95000
2025-06-04,67.6,67.6,68.1,65.8,65.8,247000
2025-06-05,67.5,67.5,68.7,67.2,67.9,170000
2025-06-06,65.9,65.9,67.7,65.7,67.7,128000
2025-06-09,66.5,66.5,67.9,66.0,66.2,160000
2025-06-10,66.7,66.7,67.9,66.7,67.1,187000
2025-06-11,68.8,68.8,69.7,68.0,68.9,244000
2025-06-12,68.6,68.6,69.3,68.0,68.6,148000
2025-06-13,66.3,66.3,68.1,66.3,68.1,223000
2025-06-16,65.7,65.7,66.8,64.7,66.8,129000
2025-06-17,65.4,65.4,66.8,65.2,66.0,191000
2025-06-18,67.7,67.7,69.2,65.8,66.6,338000
2025-06-19,65.7,65.7,68.4,65.7,68.4,178000
2025-06-20,66.5,66.5,67.8,64.9,66.9,274000
2025-06-23,67.4,67.4,67.4,64.1,66.4,218000
2025-06-24,71.0,71.0,71.5,67.6,67.6,556000
2025-06-25,69.5,69.5,71.9,69.5,71.7,264000
2025-06-26,70.2,70.2,72.5,69.8,69.8,333000
2025-06-27,69.6,69.6,70.9,69.0,70.4,199000
2025-06-30,67.4,67.4,70.0,67.4,70.0,202000
2025-07-01,67.9,67.9,68.5,67.1,68.4,83000
2025-07-02,67.2,67.2,67.9,66.9,67.9,133000
2025-07-03,67.2,67.2,67.8,66.8,67.2,102000
2025-07-04,64.3,64.3,67.8,64.3,67.8,464000
2025-07-07,62.1,62.1,63.9,62.0,63.9,190000
2025-07-08,60.5,60.5,62.4,60.4,62.4,202000
2025-07-09,60.5,60.5,61.4,60.0,60.5,155000
2025-07-10,61.1,61.1,61.5,60.3,60.4,105000
2025-07-11,60.9,60.9,61.4,59.2,59.9,202000
2025-07-14,59.9,59.9,60.8,59.9,60.8,87000
2025-07-15,61.6,61.6,62.2,60.5,60.5,232000
2025-07-16,62.5,62.5,63.4,61.3,61.6,204000
2025-07-17,64.9,64.9,65.7,63.0,63.3,379000
2025-07-18,64.5,64.5,67.4,64.2,64.7,350000
2025-07-21,65.0,65.0,65.6,64.0,65.3,141000
2025-07-22,62.3,62.3,65.2,62.3,65.1,205000
2025-07-23,64.4,64.4,65.9,63.2,63.2,261000
2025-07-24,64.5,64.5,65.6,63.6,64.5,161000
2025-07-25,63.9,63.9,65.3,63.6,64.2,119000
2025-07-28,64.0,64.0,64.9,62.6,64.2,123000
2025-07-29,62.9,62.9,64.3,62.5,64.3,137000
2025-07-30,64.9,64.9,66.5,63.5,63.7,332000
2025-07-31,63.8,63.8,64.9,63.5,64.9,132000
2025-08-01,65.9,65.9,66.6,62.6,63.8,324000
2025-08-04,65.5,65.5,66.6,65.4,65.9,164000
2025-08-05,65.7,65.7,66.9,65.6,66.2,258000
2025-08-06,64.9,64.9,66.4,64.7,66.4,142000
2025-08-07,64.0,64.0,65.5,64.0,65.3,156000
2025-08-08,65.4,65.4,66.6,64.7,65.3,367000
2025-08-11,60.8,60.8,63.2,60.0,62.4,670000
2025-08-12,59.3,59.3,60.4,59.1,60.3,507000
2025-08-13,62.1,62.1,64.0,59.8,59.8,585000
2025-08-14,61.8,61.8,63.5,61.8,62.7,172000
2025-08-15,62.3,62.3,63.0,60.9,62.5,244000
2025-08-18,61.6,61.6,62.4,61.3,62.3,216000
2025-08-19,59.6,59.6,62.0,59.6,62.0,403000
2025-08-20,55.3,55.3,58.9,55.0,58.1,751000
2025-08-21,57.7,57.7,58.0,55.8,55.8,310000
2025-08-22,57.1,57.1,58.9,57.1,58.9,278000
2025-08-25,54.8,54.8,56.7,54.8,56.7,244000
2025-08-26,56.3,56.3,56.6,54.0,54.9,375000
2025-08-27,57.3,57.3,57.7,55.5,56.3,289000
2025-08-28,58.2,58.2,58.7,56.7,56.7,358000
2025-08-29,60.6,60.6,62.9,58.1,58.3,710000
2025-09-01,58.0,58.0,61.9,58.0,60.4,439000
2025-09-02,58.8,58.8,58.8,56.0,58.2,262000
2025-09-03,57.5,57.5,58.6,57.5,57.5,228000
2025-09-04,57.0,57.0,58.8,57.0,58.2,211000
2025-09-05,55.4,55.4,57.8,55.2,57.8,301000
2025-09-08,55.3,55.3,55.8,54.5,55.5,194000
2025-09-09,55.5,55.5,56.4,55.2,55.9,150000
2025-09-10,56.0,56.0,56.8,55.3,55.5,198000
2025-09-11,54.5,54.5,56.3,54.5,56.3,214000
2025-09-12,55.4,55.4,57.9,55.1,55.9,295000
2025-09-15,55.2,55.2,56.0,55.0,55.5,108000
2025-09-16,55.5,55.5,56.7,55.5,55.5,105000
2025-09-17,55.9,55.9,57.3,55.7,55.8,100000
2025-09-18,56.7,56.7,58.5,56.3,56.9,369000
2025-09-19,58.0,58.0,59.4,57.1,57.6,484000
2025-09-22,57.8,57.8,60.9,57.8,60.1,415000
2025-09-23,56.5,56.5,58.6,56.4,58.6,196000
2025-09-24,56.8,56.8,58.1,56.4,57.4,148000
2025-09-25,57.2,57.2,58.1,57.0,57.0,173000
2025-09-26,54.6,54.6,57.0,54.6,57.0,398000
2025-09-29,39.55,39.55,39.8,39.2,39.5,37970
2025-09-30,55.0,55.0,55.0,53.8,54.8,212000
2025-10-01,54.1,54.1,55.8,54.1,55.3,113000
2025-10-02,52.5,52.5,54.3,52.5,54.3,285000
2025-10-03,51.6,51.6,52.6,51.5,52.6,134000
2025-10-06,39.55,39.55,39.8,39.2,39.5,37970
2025-10-07,51.3,51.3,52.4,51.1,51.7,133000
2025-10-08,51.0,51.0,51.8,50.3,51.2,100000
2025-10-09,51.3,51.3,51.5,50.7,51.1,145000
2025-10-10,39.55,39.55,39.8,39.2,39.5,37970
2025-10-13,49.7,49.7,50.4,48.85,48.85,178000
2025-10-14,49.6,49.6,52.0,49.6,50.3,257000
2025-10-15,52.1,52.1,52.9,49.55,50.0,367000
2025-10-16,51.8,51.8,54.9,51.8,54.5,330000
2025-10-17,51.5,51.5,52.3,51.2,52.1,87000
2025-10-20,51.5,51.5,52.9,51.0,52.9,95000
2025-10-21,53.5,53.5,53.5,51.6,52.0,200000
2025-10-22,54.4,54.4,55.1,53.5,53.5,188000
2025-10-23,53.1,53.1,55.0,53.0,54.1,96000
2025-10-24,39.55,39.55,39.8,39.2,39.5,37970
2025-10-27,52.6,52.6,54.2,52.3,54.2,68000
2025-10-28,51.7,51.7,53.3,51.7,52.5,120000
2025-10-29,51.7,51.7,53.3,51.5,52.6,150000
2025-10-30,51.6,51.6,53.0,51.3,53.0,126000
2025-10-31,51.6,51.6,52.7,51.6,52.7,86000
2025-11-03,51.5,51.5,52.4,51.5,51.6,76000
2025-11-04,48.65,48.65,52.6,48.65,52.3,260000
2025-11-05,49.0,49.0,49.55,47.45,48.0,141000
2025-11-06,48.15,48.15,49.95,47.85,49.55,192000
2025-11-07,47.85,47.85,48.4,46.45,48.2,278000
2025-11-10,47.9,47.9,48.45,47.65,48.0,103000
2025-11-11,49.9,49.9,50.0,48.4,48.4,140000
2025-11-12,49.9,49.9,50.7,49.35,50.4,75000
2025-11-13,48.65,48.65,49.45,48.4,49.45,67000
2025-11-14,47.7,47.7,48.95,47.25,48.65,117000
2025-11-17,46.1,46.1,47.7,46.1,47.7,164000
2025-11-18,45.5,45.5,46.85,45.2,45.6,114000
2025-11-19,44.75,44.75,45.75,44.75,45.45,80000
2025-11-20,45.3,45.3,45.85,44.65,45.1,104000
2025-11-21,43.3,43.3,44.9,42.25,44.05,321000
2025-11-24,45.0,45.0,45.0,43.6,43.85,129000
2025-11-25,45.3,45.3,45.95,44.4,45.0,82000
2025-11-26,45.5,45.5,46.45,45.0,45.0,95000
2025-11-27,45.5,45.5,46.25,45.4,46.25,44000
2025-11-28,45.5,45.5,46.5,45.5,45.5,91000
2025-12-01,44.55,44.55,45.3,44.4,45.3,40000
2025-12-02,44.55,44.55,45.65,44.5,44.55,58000
2025-12-03,48.6,48.6,49.0,44.7,44.7,384000
2025-12-04,48.95,48.95,50.5,48.35,48.35,332000
2025-12-05,49.45,49.45,50.2,48.7,49.15,112000
2025-12-08,47.9,47.9,49.25,47.45,48.6,170000
2025-12-09,47.5,47.5,47.85,47.0,47.75,61000
2025-12-10,46.65,46.65,48.75,46.65,47.25,72000
2025-12-11,47.75,47.75,48.15,46.7,46.7,81000
2025-12-12,47.25,47.25,49.45,45.9,48.15,103000
2025-12-15,46.8,46.8,47.8,46.1,47.3,62000
2025-12-16,45.5,45.5,46.8,45.4,46.8,55000
2025-12-17,45.0,45.0,46.5,45.0,45.5,47000
2025-12-18,44.05,44.05,44.6,43.6,44.6,92000
2025-12-19,42.45,42.45,42.65,41.9,42.5,345000
2025-12-22,42.6,42.6,43.45,42.55,42.55,73000
2025-12-23,42.75,42.75,43.2,42.7,42.8,40000
2025-12-24,42.9,42.9,43.4,42.8,42.8,38000
2025-12-25,39.55,39.55,39.8,39.2,39.5,37970
2025-12-26,42.65,42.65,43.85,42.65,42.9,65000
2025-12-29,43.0,43.0,43.85,42.3,42.3,103000
2025-12-30,42.0,42.0,43.4,41.4,43.05,171000
2025-12-31,43.0,43.0,43.95,42.4,42.4,195000
2026-01-01,39.55,39.55,39.8,39.2,39.5,37970
2026-01-02,47.3,47.3,47.3,43.4,43.4,418000
2026-01-05,49.1,49.1,51.1,47.5,50.0,1112000
2026-01-06,49.3,49.3,50.5,48.2,49.0,460000
2026-01-07,49.5,49.5,50.4,49.3,49.8,180000
2026-01-08,47.85,47.85,50.8,47.5,49.6,187000
2026-01-09,50.3,50.3,51.1,46.6,47.25,400000
2026-01-12,49.2,49.2,51.0,49.2,50.0,306000
2026-01-13,50.5,50.5,51.0,49.7,51.0,225000
2026-01-14,54.8,54.8,54.8,50.5,51.0,484000
2026-01-15,53.8,53.8,56.0,52.5,56.0,453000
2026-01-16,54.5,54.5,59.0,54.0,54.6,1367000
2026-01-19,57.0,57.0,59.9,54.5,54.5,2350000
2026-01-20,55.1,55.1,57.5,54.8,57.0,982000
2026-01-21,56.6,56.6,59.0,54.4,55.1,933000
2026-01-22,62.2,62.2,62.2,57.7,57.8,2195000
2026-01-23,68.4,68.4,68.4,66.7,66.8,1731000
2026-01-26,66.6,66.6,70.5,64.1,70.1,4727000
2026-01-27,62.6,62.6,65.9,62.6,65.9,1258000
2026-01-28,64.1,64.1,65.2,60.5,62.8,1444000
2026-01-29,60.7,60.7,64.8,60.5,64.1,983000
2026-01-30,57.4,57.4,60.7,56.5,60.5,581000
2026-02-02,55.8,55.8,57.0,55.2,56.6,331000
2026-02-03,54.7,54.7,57.9,53.7,56.5,394000
2026-02-04,55.5,55.5,56.4,54.8,55.0,247000
2026-02-05,52.8,52.8,54.7,52.8,54.0,350000
2026-02-06,51.8,51.8,53.0,50.6,53.0,225000
2026-02-09,54.6,54.6,56.5,52.9,56.5,262000
2026-02-10,53.5,53.5,55.7,52.9,55.7,227000
2026-02-11,52.1,52.1,52.6,51.3,51.9,334000
2026-02-12,39.55,39.55,39.8,39.2,39.5,37970
2026-02-13,39.55,39.55,39.8,39.2,39.5,37970
2026-02-16,39.55,39.55,39.8,39.2,39.5,37970
2026-02-17,39.55,39.55,39.8,39.2,39.5,37970
2026-02-18,39.55,39.55,39.8,39.2,39.5,37970
2026-02-19,39.55,39.55,39.8,39.2,39.5,37970
2026-02-20,39.55,39.55,39.8,39.2,39.5,37970
2026-02-23,53.7,53.7,54.0,52.5,52.5,190000
2026-02-24,52.6,52.6,53.8,52.3,53.0,252000
2026-02-25,50.7,50.7,52.9,50.6,52.4,372000
2026-02-26,52.0,52.0,52.5,50.7,50.7,281000
2026-02-27,39.55,39.55,39.8,39.2,39.5,37970
2026-03-02,51.8,51.8,52.4,50.7,51.4,276000
2026-03-03,49.8,49.8,51.8,49.8,51.0,295000
2026-03-04,47.35,47.35,49.6,46.8,49.6,369000
2026-03-05,48.6,48.6,49.4,48.1,48.1,124000
2026-03-06,47.8,47.8,48.6,47.3,48.6,107000
2026-03-09,44.95,44.95,45.0,43.1,45.0,234000
2026-03-10,45.25,45.25,46.75,45.25,45.3,113000
2026-03-11,46.1,46.1,46.55,45.8,45.9,104000
2026-03-12,44.7,44.7,46.4,44.55,46.1,140000
2026-03-13,44.1,44.1,45.0,44.0,44.0,107000
2026-03-16,43.95,43.95,44.1,43.15,43.15,135000
2026-03-17,43.55,43.55,44.8,43.5,44.75,141000
2026-03-18,43.85,43.85,44.25,43.7,44.25,141000
2026-03-19,43.1,43.1,44.2,42.15,43.95,161000
2026-03-20,43.0,43.0,43.75,42.65,43.1,161000
2026-03-23,41.85,41.85,43.2,41.7,43.2,133000
2026-03-24,40.9,40.9,44.0,40.85,44.0,157000
2026-03-25,42.5,42.5,42.75,41.65,41.65,105000
2026-03-26,43.1,43.1,44.35,42.5,42.55,242000
2026-03-27,42.95,42.95,43.75,42.6,43.1,100000
2026-03-30,42.4,42.4,42.95,42.2,42.95,79000
2026-03-31,40.8,40.8,43.0,40.7,42.4,182000
2026-04-01,41.3,41.3,42.0,41.2,41.25,82000
2026-04-02,40.7,40.7,41.35,40.4,41.15,107000
2026-04-03,39.55,39.55,39.8,39.2,39.5,37970
2026-04-06,39.55,39.55,39.8,39.2,39.5,37970
2026-04-07,40.9,40.9,41.5,40.7,40.8,59000
2026-04-08,40.8,40.8,41.7,40.5,40.7,120000
2026-04-09,39.5,39.5,40.8,39.4,40.8,186000
2026-04-10,39.75,39.75,40.4,39.6,39.8,133000
2026-04-13,40.25,40.25,40.3,39.0,40.0,108000
2026-04-14,41.0,41.0,41.15,39.75,40.3,152000
2026-04-15,41.0,41.0,42.0,40.6,41.75,105000
2026-04-16,41.6,41.6,41.9,41.05,41.05,101000
2026-04-17,40.7,40.7,41.25,40.65,41.05,99000
2026-04-20,40.75,40.75,41.3,40.7,40.75,86000
2026-04-21,44.8,44.8,44.8,41.5,41.75,368000
2026-04-22,48.5,48.5,48.5,46.1,47.3,890000
2026-04-23,44.0,44.0,48.5,44.0,48.5,469000
2026-04-24,42.45,42.45,44.7,41.8,44.0,225000
2026-04-27,42.65,42.65,43.65,41.3,43.65,230000
2026-04-28,41.85,41.85,42.6,41.5,42.55,151000
2026-04-29,46.0,46.0,46.0,41.85,42.3,290000
2026-04-30,50.6,50.6,50.6,47.75,48.15,1098000
2026-05-01,39.55,39.55,39.8,39.2,39.5,37970
2026-05-04,53.1,53.1,55.6,51.8,52.5,1579000
2026-05-05,50.4,50.4,51.5,50.2,51.5,687000
2026-05-06,50.0,50.0,53.0,49.5,50.3,1027000
2026-05-07,48.6,48.6,51.5,48.6,50.0,383000
2026-05-08,48.55,48.55,50.4,47.95,48.7,214000
2026-05-11,50.3,50.3,51.0,48.6,48.65,274000
2026-05-12,49.0,49.0,50.3,48.65,50.3,252000
2026-05-13,48.05,48.05,49.75,48.0,48.95,324000
2026-05-14,46.6,46.6,48.55,46.55,48.35,355000
2026-05-15,47.3,47.3,49.5,46.65,46.8,518000
2026-05-18,49.1,49.1,49.85,45.9,46.8,268000
2026-05-19,47.75,47.75,49.2,47.75,49.2,208000
2026-05-20,47.55,47.55,48.7,47.15,47.75,241000
2026-05-21,47.8,47.8,49.0,47.65,47.65,142000
2026-05-22,50.5,50.5,50.8,48.0,48.0,390000
2026-05-25,50.6,50.6,51.2,49.8,50.8,373000
2026-05-26,50.2,50.2,52.1,49.65,50.2,314000
2026-05-27,48.6,48.6,50.6,48.6,50.3,341000
2026-05-28,48.1,48.1,50.3,47.05,49.35,222000
2026-05-29,48.5,48.5,48.9,48.0,48.35,252000
2026-06-01,50.2,50.2,50.9,48.3,48.3,437000
2026-06-02,50.1,50.1,51.0,48.75,51.0,316000
2026-06-03,51.2,51.2,54.0,50.5,50.5,845000
2026-06-04,51.0,51.0,52.4,51.0,51.2,298000
2026-06-05,49.15,49.15,50.7,48.6,50.7,202000
2026-06-08,46.15,46.15,47.5,44.75,45.5,448000
2026-06-09,45.8,45.8,47.2,45.8,45.85,193000
2026-06-10,44.3,44.3,46.05,44.25,45.0,187000
2026-06-11,42.1,42.1,43.1,41.8,42.65,393000
2026-06-12,42.15,42.15,43.1,42.05,43.0,202000
2026-06-15,43.25,43.25,43.4,42.45,43.15,136000
2026-06-16,42.5,42.5,43.25,42.2,43.25,97000
2026-06-17,42.35,42.35,42.55,42.2,42.5,107000
2026-06-18,42.8,42.8,43.45,42.6,43.45,84000
2026-06-19,39.55,39.55,39.8,39.2,39.5,37970
2026-06-22,43.55,43.55,43.75,43.05,43.05,121000
2026-06-23,41.8,41.8,43.65,41.8,43.65,182000
2026-06-24,40.95,40.95,41.75,40.75,41.0,187000
2026-06-25,41.0,41.0,41.95,41.0,41.3,91000
2026-06-26,40.0,40.0,41.0,40.0,40.9,119000
2026-06-29,40.2,40.2,41.0,40.0,40.95,44000
2026-06-30,40.75,40.75,41.0,40.2,40.45,47000
2026-07-01,42.5,42.5,42.75,40.35,40.95,177000
2026-07-02,42.5,42.5,44.9,42.4,42.45,538000
2026-07-03,43.45,43.45,44.55,42.15,42.5,149000
2026-07-06,43.5,43.5,45.0,43.45,43.45,152000
2026-07-07,42.3,42.3,44.15,42.1,44.0,140000
2026-07-08,42.1,42.1,42.3,41.5,41.9,51000
2026-07-09,41.8,41.8,43.45,41.65,42.1,164000
2026-07-10,39.55,39.55,39.8,39.2,39.5,37970
2026-07-13,43.0,43.0,43.35,42.4,42.4,183000
2026-07-14,41.2,41.2,42.4,40.05,42.3,167000
2026-07-15,42.3,42.3,42.55,41.35,41.5,53000
2026-07-16,41.6,41.6,42.3,41.6,42.3,38000
2026-07-17,39.8,39.8,41.5,39.6,41.5,234000
2026-07-20,39.5,39.5,40.05,38.25,39.65,137000
2026-07-21,40.05,40.05,40.75,39.8,40.05,138000
2026-07-22,40.9,40.9,41.15,40.25,40.25,58000
2026-07-23,40.0,40.0,40.9,39.8,40.9,35000
2026-07-24,39.65,39.65,39.95,39.4,39.65,59000
2026-07-27,39.75,39.75,40.45,39.1,39.1,72000
2026-07-28,38.75,38.75,39.75,38.4,39.75,99000
2026-07-29,36.5,36.5,38.4,35.75,38.4,308000
2026-07-30,36.05,36.05,37.45,35.85,36.0,219000
2026-07-31,37.8,37.8,38.45,37.5,37.5,77000
2026-08-03,39.2,39.2,39.2,37.75,37.75,44000
2026-08-04,39.9,39.9,39.95,38.9,39.0,64000
2026-08-05,39.6,39.6,40.5,39.55,39.95,85000
2026-08-06,40.5,40.5,40.95,39.35,39.5,72000
2026-08-07,39.6,39.6,40.5,39.4,40.0,94000
2026-08-10,39.6,39.6,40.0,39.45,39.6,29000
2026-08-11,40.3,40.3,40.8,39.0,39.5,122000
2026-08-12,39.8,39.8,40.8,39.4,40.5,78000
2026-08-13,39.0,39.0,40.5,39.0,39.8,106000
2026-08-14,39.6,39.6,40.05,39.0,39.0,64000
2026-08-17,39.75,39.75,40.3,39.05,40.2,33000
2026-08-18,38.85,38.85,39.75,38.8,39.75,75000
2026-08-19,39.45,39.45,40.0,39.45,39.75,80000
2026-08-20,39.35,39.35,40.0,39.0,39.55,27000
2026-08-21,39.55,39.55,39.8,39.2,39.5,35000
2026-08-24,39.9,39.9,40.2,39.5,39.55,33594
2026-08-25,39.8,39.8,40.25,39.15,39.15,34644
2026-08-26,41.05,41.05,42.0,40.2,40.2,165321
