Date,Adj Close,Close,High,Low,Open,Volume
2016-08-12,41.4,41.4,41.5,41.25,41.5,285025
2016-08-15,41.8,41.8,42.2,41.4,41.4,528290
2016-08-16,41.85,41.85,42.0,41.55,42.0,445826
2016-08-17,42.25,42.25,42.35,41.65,41.85,459999
2016-08-18,42.45,42.45,42.5,42.1,42.15,738420
2016-08-19,39.25,39.25,40.45,39.2,39.9,794254
2016-08-22,38.55,38.55,39.25,38.4,39.25,492027
2016-08-23,38.6,38.6,38.75,38.5,38.7,269229
2016-08-24,38.85,38.85,39.1,38.6,38.65,171011
2016-08-25,39.05,39.05,39.15,38.75,38.85,147519
2016-08-26,39.1,39.1,39.1,38.95,39.0,155024
2016-08-29,39.1,39.1,39.1,38.5,39.0,216051
2016-08-30,39.1,39.1,39.1,38.75,39.0,227029
2016-08-31,38.5,38.5,38.9,38.5,38.85,264028
2016-09-01,38.5,38.5,38.7,38.35,38.5,180000
2016-09-02,38.0,38.0,38.4,37.9,38.4,319397
2016-09-05,38.15,38.15,38.2,38.0,38.2,233001
2016-09-06,38.1,38.1,38.3,38.05,38.15,421023
2016-09-07,38.2,38.2,38.3,38.1,38.1,302186
2016-09-08,38.5,38.5,38.55,38.2,38.3,328574
2016-09-09,38.6,38.6,38.6,38.35,38.6,155007
2016-09-12,37.95,37.95,38.25,37.9,38.2,487003
2016-09-13,37.8,37.8,38.05,37.7,38.05,320000
2016-09-14,36.0,36.0,37.85,36.0,37.75,1412200
2016-09-19,37.3,37.3,37.4,36.5,36.55,413025
2016-09-20,37.8,37.8,37.85,37.2,37.2,250019
2016-09-21,38.7,38.7,38.8,37.7,37.7,539657
2016-09-22,38.8,38.8,38.95,38.3,38.95,677000
2016-09-23,38.65,38.65,38.85,38.0,38.85,470067
2016-09-26,38.65,38.65,38.7,38.35,38.5,149685
2016-09-29,38.6,38.6,38.7,38.3,38.65,169000
2016-09-30,38.45,38.45,38.6,38.2,38.4,238000
2016-10-03,37.75,37.75,38.45,37.45,38.45,940622
2016-10-04,37.85,37.85,37.85,37.5,37.65,216001
2016-10-05,37.85,37.85,37.85,37.6,37.6,101200
2016-10-06,36.9,36.9,37.25,36.4,37.25,719114
2016-10-07,36.65,36.65,36.8,36.6,36.75,175114
2016-10-11,35.75,35.75,36.85,35.7,36.8,635103
2016-10-12,35.6,35.6,35.8,35.15,35.15,150137
2016-10-13,35.45,35.45,35.75,35.25,35.75,253232
2016-10-14,35.0,35.0,35.5,34.95,35.3,256075
2016-10-17,34.8,34.8,35.0,34.75,35.0,183008
2016-10-18,34.8,34.8,34.9,34.45,34.8,319001
2016-10-19,34.9,34.9,35.0,34.6,35.0,187001
2016-10-20,35.15,35.15,35.35,34.65,35.0,248529
2016-10-21,34.8,34.8,35.15,34.75,35.0,163002
2016-10-24,34.5,34.5,34.9,34.5,34.9,357001
2016-10-25,34.7,34.7,34.8,34.5,34.6,203001
2016-10-26,34.7,34.7,34.7,34.5,34.7,185000
2016-10-27,34.55,34.55,34.65,34.45,34.65,203001
2016-10-28,34.35,34.35,34.55,34.25,34.55,221003
2016-10-31,33.9,33.9,34.35,33.75,34.35,275105
2016-11-01,33.4,33.4,33.95,33.3,33.85,489003
2016-11-02,32.95,32.95,33.55,32.8,33.4,448062
2016-11-03,32.5,32.5,32.9,32.5,32.9,580000
2016-11-04,32.8,32.8,32.8,32.45,32.5,173002
2016-11-07,33.5,33.5,33.5,32.85,32.85,384004
2016-11-08,32.5,32.5,33.3,32.25,33.3,1006003
2016-11-09,31.0,31.0,32.5,31.0,32.5,1087588
2016-11-10,31.9,31.9,32.0,31.5,31.5,504446
2016-11-11,31.05,31.05,31.9,31.0,31.9,918004
2016-11-14,29.65,29.65,30.35,29.3,30.3,1805135
2016-11-15,30.0,30.0,30.2,29.85,29.85,689001
2016-11-16,30.1,30.1,30.35,30.05,30.3,508002
2016-11-17,30.2,30.2,30.35,30.1,30.35,211001
2016-11-18,30.4,30.4,30.65,30.1,30.3,443000
2016-11-21,30.2,30.2,30.5,30.1,30.5,658001
2016-11-22,30.35,30.35,30.5,30.2,30.2,445744
2016-11-23,30.35,30.35,30.5,30.3,30.35,435002
2016-11-24,30.4,30.4,30.55,30.35,30.4,330473
2016-11-25,30.4,30.4,30.4,30.2,30.4,412010
2016-11-28,30.4,30.4,30.55,30.3,30.5,502628
2016-11-29,30.45,30.45,30.6,30.4,30.6,353000
2016-11-30,31.2,31.2,31.55,30.45,30.45,781000
2016-12-01,31.1,31.1,31.4,30.95,31.4,381007
2016-12-02,30.7,30.7,31.1,30.7,31.0,453003
2016-12-05,30.5,30.5,30.75,30.25,30.7,411003
2016-12-06,30.25,30.25,30.3,29.9,30.3,905003
2016-12-07,30.5,30.5,30.55,30.2,30.35,374067
2016-12-08,30.65,30.65,30.8,30.6,30.6,522000
2016-12-09,30.9,30.9,30.95,30.65,30.65,342000
2016-12-12,31.0,31.0,31.2,30.9,30.9,279000
2016-12-13,30.85,30.85,31.1,30.8,31.0,264002
2016-12-14,30.8,30.8,30.95,30.75,30.95,207032
2016-12-15,30.75,30.75,30.85,30.45,30.85,190000
2016-12-16,30.7,30.7,30.75,30.55,30.75,193007
2016-12-19,30.5,30.5,30.7,30.45,30.7,260456
2016-12-20,30.35,30.35,30.55,30.25,30.55,268003
2016-12-21,30.45,30.45,30.5,30.3,30.4,107005
2016-12-22,30.2,30.2,30.3,30.0,30.3,348001
2016-12-23,30.15,30.15,30.15,29.95,30.1,258001
2016-12-26,30.05,30.05,30.1,29.95,30.0,170263
2016-12-27,30.1,30.1,30.15,30.05,30.1,125253
2016-12-28,30.2,30.2,30.3,29.95,30.0,221314
2016-12-29,30.15,30.15,30.35,30.15,30.35,93229
2016-12-30,30.25,30.25,30.3,30.2,30.2,39509
2017-01-03,30.3,30.3,30.4,30.25,30.4,98017
2017-01-04,30.4,30.4,30.4,30.2,30.3,94007
2017-01-05,30.4,30.4,30.45,30.3,30.4,158010
2017-01-06,30.35,30.35,30.5,30.35,30.45,171026
2017-01-09,30.4,30.4,30.4,30.15,30.35,168000
2017-01-10,30.3,30.3,30.5,30.2,30.4,213008
2017-01-11,30.35,30.35,30.45,30.1,30.3,325148
2017-01-12,30.25,30.25,30.35,30.15,30.35,196116
2017-01-13,30.85,30.85,31.2,30.2,30.2,1092990
2017-01-16,31.75,31.75,31.75,30.85,30.9,1080325
2017-01-17,31.4,31.4,32.0,31.25,31.75,2422316
2017-01-18,30.9,30.9,31.4,30.9,31.4,739009
2017-01-19,30.9,30.9,31.05,30.7,30.8,406003
2017-01-20,30.6,30.6,31.15,30.6,30.85,624268
2017-01-23,30.7,30.7,30.75,30.5,30.6,414000
2017-01-24,30.7,30.7,30.7,30.5,30.7,380018
2017-02-02,30.7,30.7,30.75,30.4,30.7,557224
2017-02-03,30.6,30.6,30.8,30.5,30.7,556009
2017-02-06,31.15,31.15,31.25,30.6,30.6,985014
2017-02-07,31.15,31.15,31.2,31.0,31.2,465006
2017-02-08,33.35,33.35,33.35,32.2,32.45,4974356
2017-02-09,33.5,33.5,33.7,32.55,33.35,2953602
2017-02-10,32.85,32.85,33.85,32.75,33.8,2038210
2017-02-13,33.2,33.2,33.6,33.1,33.1,2816057
2017-02-14,32.8,32.8,33.35,32.7,33.3,1178349
2017-02-15,32.65,32.65,33.1,32.45,33.0,1526783
2017-02-16,33.1,33.1,33.55,32.8,32.8,2197031
2017-02-17,33.1,33.1,33.4,33.1,33.1,880020
2017-02-20,33.65,33.65,33.95,33.45,33.6,2482201
2017-02-21,33.2,33.2,33.7,33.1,33.7,1375019
2017-02-22,33.25,33.25,33.5,33.15,33.5,1534020
2017-02-23,33.35,33.35,33.65,33.25,33.4,1246016
2017-02-24,34.05,34.05,35.0,33.35,33.35,3429296
2017-03-01,34.15,34.15,34.5,33.9,34.4,1616261
2017-03-02,33.65,33.65,34.4,33.45,34.4,1702012
2017-03-03,33.7,33.7,33.7,33.1,33.65,1218013
2017-03-06,33.7,33.7,33.7,33.35,33.5,778069
2017-03-07,33.9,33.9,33.9,33.45,33.6,842676
2017-03-08,34.0,34.0,34.1,33.75,33.75,879773
2017-03-09,34.55,34.55,35.0,34.5,34.8,3201243
2017-03-10,34.4,34.4,34.65,34.1,34.65,1882024
2017-03-13,34.6,34.6,34.9,34.5,34.55,1309027
2017-03-14,34.65,34.65,35.5,34.65,34.85,2527518
2017-03-15,34.5,34.5,34.65,34.4,34.65,1244017
2017-03-16,31.1,31.1,31.3,31.05,31.05,7639172
2017-03-17,31.05,31.05,31.3,30.65,31.0,2153401
2017-03-20,30.65,30.65,31.25,30.15,31.15,2546246
2017-03-21,30.2,30.2,30.8,30.2,30.7,1123320
2017-03-22,30.2,30.2,30.2,29.45,30.05,1109040
2017-03-23,30.45,30.45,30.75,30.3,30.3,853148
2017-03-24,30.45,30.45,30.5,30.0,30.5,912229
2017-03-27,30.45,30.45,30.45,29.9,30.4,1055074
2017-03-28,30.0,30.0,30.4,30.0,30.4,547399
2017-03-29,29.95,29.95,30.3,29.9,30.1,456023
2017-03-30,29.7,29.7,30.0,29.7,30.0,462689
2017-03-31,29.7,29.7,29.95,29.65,29.7,435024
2017-04-05,29.9,29.9,30.0,29.75,29.75,536060
2017-04-06,30.2,30.2,30.2,30.0,30.15,503021
2017-04-07,30.15,30.15,30.4,30.1,30.35,666124
2017-04-10,29.9,29.9,30.3,29.9,30.3,464140
2017-04-11,29.8,29.8,30.05,29.8,29.9,510068
2017-04-12,28.8,28.8,29.9,28.5,29.8,1606407
2017-04-13,28.9,28.9,29.0,28.6,28.6,538103
2017-04-14,28.3,28.3,28.8,28.3,28.8,934229
2017-04-17,28.25,28.25,28.3,28.05,28.15,414012
2017-04-18,28.6,28.6,28.7,28.45,28.5,165191
2017-04-19,28.5,28.5,28.6,28.2,28.5,226102
2017-04-21,28.6,28.6,28.85,28.5,28.85,158013
2017-04-24,28.25,28.25,28.6,28.1,28.6,297006
2017-04-25,28.2,28.2,28.35,28.1,28.2,503114
2017-04-26,28.45,28.45,28.55,28.2,28.3,266003
2017-04-27,28.7,28.7,28.85,28.4,28.45,263001
2017-04-28,29.45,29.45,29.85,28.8,28.8,812022
2017-05-02,29.5,29.5,29.6,29.4,29.5,264307
2017-05-03,29.2,29.2,29.6,29.2,29.6,160122
2017-05-04,29.25,29.25,29.5,29.15,29.5,254272
2017-05-05,29.2,29.2,29.45,29.2,29.25,326006
2017-05-08,28.85,28.85,29.3,28.7,29.3,501006
2017-05-09,28.65,28.65,29.15,28.65,28.85,263001
2017-05-10,28.75,28.75,28.9,28.6,28.6,256002
2017-05-11,28.25,28.25,28.35,27.95,28.2,925001
2017-05-12,28.3,28.3,28.35,28.0,28.2,627689
2017-05-15,28.5,28.5,28.6,28.3,28.55,392002
2017-05-16,28.75,28.75,28.75,28.25,28.6,356528
2017-05-17,28.65,28.65,28.9,28.55,28.7,362002
2017-05-18,28.85,28.85,29.8,28.85,29.8,702250
2017-05-19,29.35,29.35,29.4,28.9,28.9,540073
2017-05-22,29.4,29.4,29.6,29.05,29.5,419289
2017-05-23,30.05,30.05,30.25,29.6,29.6,1549009
2017-05-24,29.8,29.8,30.3,29.75,30.3,969003
2017-05-25,29.45,29.45,29.95,29.45,29.8,953559
2017-05-26,29.45,29.45,29.65,29.3,29.65,222773
2017-05-31,29.45,29.45,29.55,29.1,29.45,248002
2017-06-01,29.55,29.55,29.55,29.3,29.55,163000
2017-06-02,29.6,29.6,29.85,29.55,29.65,505110
2017-06-05,30.0,30.0,30.0,29.7,29.9,344892
2017-06-06,30.35,30.35,30.7,30.15,30.25,1330414
2017-06-07,30.05,30.05,30.5,30.0,30.45,672000
2017-06-08,30.05,30.05,30.1,29.95,30.1,219002
2017-06-09,30.05,30.05,30.1,29.8,30.1,343000
2017-06-12,30.05,30.05,30.05,29.75,30.0,253000
2017-06-13,29.95,29.95,30.0,29.7,30.0,320000
2017-06-14,29.3,29.3,29.8,29.3,29.8,419092
2017-06-15,29.55,29.55,29.7,29.05,29.1,208110
2017-06-16,29.55,29.55,29.65,29.4,29.6,171000
2017-06-19,29.6,29.6,29.75,29.6,29.6,252010
2017-06-20,29.5,29.5,29.65,29.5,29.6,199100
2017-06-21,29.55,29.55,29.75,29.4,29.4,217114
2017-06-22,29.6,29.6,29.6,29.45,29.55,188001
2017-06-23,29.65,29.65,29.65,29.45,29.65,129001
2017-06-26,29.65,29.65,29.8,29.3,29.8,428220
2017-06-27,29.4,29.4,29.5,29.4,29.45,166000
2017-06-28,29.2,29.2,29.45,29.2,29.35,353093
2017-06-29,29.2,29.2,29.35,29.2,29.2,260009
2017-06-30,28.95,28.95,29.15,28.9,29.0,312005
2017-07-03,29.0,29.0,29.0,28.9,28.95,164723
2017-07-04,29.0,29.0,29.15,29.0,29.15,168000
2017-07-05,29.0,29.0,29.05,28.95,29.0,145000
2017-07-06,29.05,29.05,29.2,29.0,29.0,189551
2017-07-07,29.2,29.2,29.2,29.0,29.05,145001
2017-07-10,28.95,28.95,29.3,28.9,29.3,169163
2017-07-11,28.65,28.65,29.0,28.5,29.0,382001
2017-07-12,28.75,28.75,28.75,28.65,28.7,171035
2017-07-13,28.65,28.65,28.95,28.6,28.9,342000
2017-07-14,28.85,28.85,28.9,28.65,28.65,219101
2017-07-17,28.85,28.85,28.95,28.75,28.9,154010
2017-07-18,28.95,28.95,29.0,28.7,28.75,250200
2017-07-19,29.0,29.0,29.15,28.9,28.95,530775
2017-07-20,27.75,27.75,27.9,27.45,27.45,450385
2017-07-21,27.5,27.5,27.75,27.5,27.75,143128
2017-07-24,27.1,27.1,27.5,27.1,27.4,423040
2017-07-25,27.05,27.05,27.1,26.7,27.0,816032
2017-07-26,26.85,26.85,27.05,26.85,27.05,278051
2017-07-27,26.8,26.8,27.1,26.8,27.1,305000
2017-07-28,26.35,26.35,26.9,26.35,26.9,511003
2017-07-31,25.7,25.7,26.35,25.7,26.35,1017148
2017-08-01,26.0,26.0,26.1,25.7,25.8,455001
2017-08-02,26.3,26.3,26.55,26.1,26.1,394500
2017-08-03,26.0,26.0,26.3,26.0,26.3,203000
2017-08-04,27.3,27.3,28.2,27.3,28.0,1736013
2017-08-07,26.9,26.9,27.5,26.9,27.3,920265
2017-08-08,26.95,26.95,27.3,26.75,26.75,388001
2017-08-09,26.65,26.65,27.05,26.6,27.0,467001
2017-08-10,25.5,25.5,25.85,25.15,25.5,1800968
2017-08-11,25.15,25.15,25.5,25.15,25.4,529001
2017-08-14,24.8,24.8,25.4,24.6,25.2,794000
2017-08-15,24.05,24.05,24.5,22.8,24.2,1791657
2017-08-16,23.8,23.8,24.05,23.6,24.0,555200
2017-08-17,24.2,24.2,24.25,23.75,23.9,332574
2017-08-18,23.9,23.9,24.15,23.85,24.15,256148
2017-08-21,23.45,23.45,23.8,23.25,23.55,807748
2017-08-22,23.2,23.2,23.6,23.15,23.5,532001
2017-08-23,23.0,23.0,23.35,23.0,23.35,546204
2017-08-24,22.85,22.85,23.1,22.75,23.1,594005
2017-08-25,24.0,24.0,24.4,22.85,22.85,1253054
2017-08-28,23.05,23.05,23.45,22.9,23.45,1093029
2017-08-29,23.05,23.05,23.25,23.0,23.0,953080
2017-08-30,23.05,23.05,23.2,23.0,23.1,593402
2017-08-31,23.1,23.1,23.2,23.05,23.05,442494
2017-09-01,23.3,23.3,23.6,23.1,23.1,1074517
2017-09-04,23.05,23.05,23.35,23.05,23.35,437571
2017-09-05,23.25,23.25,23.8,23.25,23.4,773161
2017-09-06,23.05,23.05,23.45,22.85,23.35,1028699
2017-09-07,23.0,23.0,23.25,23.0,23.2,450280
2017-09-08,23.25,23.25,23.4,22.95,23.05,541225
2017-09-11,23.1,23.1,23.6,23.1,23.5,791423
2017-09-12,23.15,23.15,23.35,23.1,23.15,533176
2017-09-13,24.0,24.0,24.25,23.15,23.15,2525606
2017-09-14,23.85,23.85,24.35,23.8,24.35,1042781
2017-09-15,23.65,23.65,23.85,23.5,23.85,1063733
2017-09-18,23.5,23.5,23.7,23.35,23.65,910965
2017-09-19,23.3,23.3,23.5,23.25,23.45,763798
2017-09-20,23.0,23.0,23.4,23.0,23.25,731703
2017-09-21,23.05,23.05,23.2,23.0,23.0,430100
2017-09-22,22.75,22.75,23.15,22.75,23.15,680998
2017-09-25,22.05,22.05,22.65,22.0,22.65,3382897
2017-09-26,21.6,21.6,22.15,21.6,22.0,1440327
2017-09-27,21.6,21.6,21.9,21.6,21.7,593303
2017-09-28,21.15,21.15,21.75,21.15,21.65,895499
2017-09-29,20.8,20.8,21.3,20.65,21.3,1174613
2017-10-02,21.85,21.85,21.85,20.9,20.9,1208226
2017-10-03,21.65,21.65,22.25,21.6,22.2,591389
2017-10-05,21.9,21.9,22.15,21.55,21.7,507183
2017-10-06,21.75,21.75,22.25,21.7,22.1,830680
2017-10-11,21.7,21.7,21.95,21.6,21.9,379804
2017-10-12,21.75,21.75,21.95,21.75,21.9,324174
2017-10-13,21.65,21.65,21.8,21.55,21.8,440655
2017-10-16,21.2,21.2,21.65,21.1,21.65,732524
2017-10-17,21.05,21.05,21.3,21.0,21.3,589588
2017-10-18,21.0,21.0,21.05,20.9,21.05,433568
2017-10-19,21.2,21.2,21.3,21.05,21.1,383998
2017-10-20,21.0,21.0,21.3,21.0,21.3,325168
2017-10-23,21.25,21.25,21.55,21.1,21.1,484266
2017-10-24,21.85,21.85,22.15,21.3,21.45,1047326
2017-10-25,22.0,22.0,22.2,21.9,22.0,613998
2017-10-26,21.9,21.9,22.2,21.8,22.05,391551
2017-10-27,21.45,21.45,22.1,21.45,21.9,500544
2017-10-30,21.45,21.45,21.7,21.4,21.5,362192
2017-10-31,21.35,21.35,21.45,21.35,21.45,366194
2017-11-01,22.75,22.75,23.45,21.5,21.5,2722413
2017-11-02,22.55,22.55,23.2,22.5,22.65,1265613
2017-11-03,22.8,22.8,22.85,22.35,22.85,500928
2017-11-06,22.95,22.95,23.25,22.8,23.0,1265300
2017-11-07,22.85,22.85,23.25,22.75,22.75,1339424
2017-11-08,22.75,22.75,23.05,22.75,22.85,511220
2017-11-09,22.45,22.45,22.8,22.45,22.75,602068
2017-11-10,22.9,22.9,23.0,22.4,22.55,909791
2017-11-13,22.7,22.7,23.15,22.7,23.05,670472
2017-11-14,20.45,20.45,21.8,20.45,21.0,4094196
2017-11-15,20.3,20.3,20.7,20.3,20.45,994464
2017-11-16,19.4,19.4,20.45,19.3,20.45,1994192
2017-11-17,19.45,19.45,19.65,19.45,19.5,510219
2017-11-20,18.7,18.7,19.65,18.7,19.5,1296618
2017-11-21,19.0,19.0,19.15,18.7,18.7,722791
2017-11-22,19.0,19.0,19.25,19.0,19.25,389823
2017-11-23,19.0,19.0,19.1,19.0,19.05,227014
2017-11-24,19.05,19.05,19.2,19.05,19.15,344067
2017-11-27,19.05,19.05,19.1,19.05,19.1,251623
2017-11-28,19.1,19.1,19.25,19.05,19.1,411181
2017-11-29,18.95,18.95,19.25,18.9,19.15,370312
2017-11-30,18.95,18.95,19.15,18.8,18.9,324966
2017-12-01,18.8,18.8,19.15,18.75,19.15,555500
2017-12-04,18.8,18.8,19.0,18.8,19.0,182807
2017-12-05,18.8,18.8,19.1,18.8,18.95,386678
2017-12-06,18.9,18.9,18.95,18.75,18.75,335579
2017-12-07,18.65,18.65,19.05,18.6,18.95,779556
2017-12-08,18.5,18.5,18.8,18.45,18.75,566005
2017-12-11,18.7,18.7,18.95,18.7,18.9,251993
2017-12-12,18.8,18.8,18.9,18.7,18.75,127673
2017-12-13,19.6,19.6,19.75,18.8,18.8,1133121
2017-12-14,19.7,19.7,20.3,19.65,20.0,1163001
2017-12-15,19.4,19.4,19.75,19.3,19.75,382738
2017-12-18,19.45,19.45,19.75,19.45,19.6,313360
2017-12-19,19.25,19.25,19.5,19.25,19.5,304133
2017-12-20,19.35,19.35,19.4,19.2,19.25,163449
2017-12-21,19.55,19.55,20.2,19.45,19.45,984841
2017-12-22,19.7,19.7,19.85,19.6,19.6,276825
2017-12-25,19.85,19.85,20.3,19.85,19.9,844128
2017-12-26,19.75,19.75,20.0,19.7,19.9,625661
2017-12-27,19.9,19.9,20.1,19.75,19.75,506017
2017-12-28,19.9,19.9,20.1,19.9,20.0,190312
2017-12-29,20.1,20.1,20.1,19.9,20.0,274139
2018-01-02,20.95,20.95,21.1,20.2,20.2,1474853
2018-01-03,20.95,20.95,21.2,20.8,21.15,606378
2018-01-04,21.35,21.35,21.4,20.8,21.0,1003335
2018-01-05,21.85,21.85,22.05,21.65,21.7,1227778
2018-01-08,22.4,22.4,22.65,22.1,22.1,1871480
2018-01-09,22.0,22.0,22.4,21.95,22.4,1200019
2018-01-10,21.2,21.2,21.75,21.05,21.6,1377183
2018-01-11,21.45,21.45,21.6,21.3,21.3,270533
2018-01-12,21.8,21.8,21.85,21.55,21.55,346811
2018-01-15,22.0,22.0,22.15,21.9,22.0,569317
2018-01-16,22.1,22.1,22.25,21.9,22.0,474465
2018-01-17,22.2,22.2,22.25,22.0,22.0,382502
2018-01-18,22.1,22.1,22.65,22.05,22.05,1237346
2018-01-19,21.95,21.95,22.3,21.95,22.15,358425
2018-01-22,21.8,21.8,22.0,21.8,21.95,390888
2018-01-23,21.6,21.6,21.9,21.55,21.85,397205
2018-01-24,21.8,21.8,21.8,21.6,21.6,232586
2018-01-25,21.35,21.35,21.8,21.3,21.45,600944
2018-01-26,20.7,20.7,21.35,20.7,21.35,635945
2018-01-29,20.6,20.6,21.05,20.35,20.8,561425
2018-01-30,20.4,20.4,20.6,20.25,20.5,339661
2018-01-31,20.9,20.9,20.9,20.4,20.4,263090
2018-02-01,20.7,20.7,21.05,20.6,21.05,159104
2018-02-02,20.55,20.55,20.7,20.5,20.7,288082
2018-02-05,19.65,19.65,20.25,19.65,20.2,942824
2018-02-06,18.2,18.2,19.1,17.9,18.7,1561457
2018-02-07,18.85,18.85,18.95,18.6,18.7,452152
2018-02-08,18.85,18.85,19.2,18.8,18.85,282533
2018-02-09,18.55,18.55,18.7,18.1,18.45,568613
2018-02-12,18.75,18.75,18.75,18.6,18.65,238598
2018-02-21,19.2,19.2,19.25,18.8,18.8,292470
2018-02-22,19.2,19.2,19.25,19.1,19.1,200997
2018-02-23,19.25,19.25,19.35,19.2,19.25,272157
2018-02-26,19.45,19.45,19.45,19.25,19.4,168311
2018-02-27,19.25,19.25,19.5,19.2,19.5,220138
2018-03-01,19.1,19.1,19.1,18.85,19.0,186753
2018-03-02,18.8,18.8,18.8,18.5,18.7,850477
2018-03-05,18.8,18.8,18.9,18.7,18.75,523032
2018-03-06,18.75,18.75,18.9,18.65,18.9,477818
2018-03-07,18.8,18.8,19.15,18.7,18.7,818548
2018-03-08,18.85,18.85,19.05,18.75,19.05,418956
2018-03-09,18.9,18.9,18.95,18.8,18.95,344087
2018-03-12,18.8,18.8,19.05,18.75,19.05,228025
2018-03-13,18.8,18.8,18.9,18.7,18.75,335693
2018-03-14,20.65,20.65,20.65,18.85,18.9,2617416
2018-03-15,20.65,20.65,21.3,20.4,20.75,2646403
2018-03-16,20.45,20.45,20.65,20.2,20.6,527348
2018-03-19,19.85,19.85,20.45,19.7,20.45,672585
2018-03-20,19.6,19.6,19.85,19.55,19.85,269673
2018-03-21,19.65,19.65,19.8,19.6,19.6,287592
2018-03-22,19.5,19.5,20.1,19.5,20.0,449407
2018-03-23,19.15,19.15,19.3,18.9,18.95,370363
2018-03-26,19.0,19.0,19.15,18.95,19.05,431580
2018-03-27,18.8,18.8,19.25,18.6,19.15,779605
2018-03-28,18.9,18.9,18.9,18.8,18.8,137160
2018-03-29,18.95,18.95,19.05,18.9,18.9,203723
2018-03-30,18.9,18.9,19.0,18.85,19.0,171905
2018-04-02,19.05,19.05,19.45,19.05,19.15,334320
2018-04-03,18.95,18.95,19.1,18.9,19.0,249243
2018-04-09,18.85,18.85,19.15,18.8,19.15,283485
2018-04-10,19.5,19.5,20.7,18.85,18.85,1283010
2018-04-11,19.4,19.4,19.7,19.3,19.7,429064
2018-04-12,20.25,20.25,20.45,19.5,19.6,1707635
2018-04-13,20.2,20.2,20.4,20.15,20.25,667820
2018-04-16,20.8,20.8,21.5,20.2,20.2,2826631
2018-04-17,20.65,20.65,21.3,20.55,20.95,1478635
2018-04-18,20.6,20.6,21.15,20.55,20.7,722128
2018-04-19,20.95,20.95,21.05,20.65,20.8,831392
2018-04-20,20.6,20.6,20.9,20.45,20.75,691826
2018-04-23,20.4,20.4,20.7,20.4,20.65,521100
2018-04-24,20.65,20.65,21.2,20.2,20.5,2733938
2018-04-25,21.7,21.7,21.7,20.35,20.45,4089253
2018-04-26,21.35,21.35,22.55,21.0,21.75,4525066
2018-04-27,21.1,21.1,21.55,21.0,21.5,840086
2018-04-30,21.15,21.15,21.5,20.8,21.4,1153258
2018-05-02,22.25,22.25,22.3,21.1,21.15,2502692
2018-05-03,21.75,21.75,22.75,21.7,22.2,3050409
2018-05-04,22.45,22.45,22.85,22.0,22.0,3264809
2018-05-07,22.5,22.5,22.75,22.2,22.5,2770452
2018-05-08,21.9,21.9,22.45,21.8,22.4,2172429
2018-05-09,22.3,22.3,22.3,21.75,22.1,1864485
2018-05-10,22.25,22.25,23.25,22.25,22.8,5691413
2018-05-11,21.55,21.55,22.5,21.4,22.45,2498730
2018-05-14,21.25,21.25,21.55,20.9,21.5,2038811
2018-05-15,21.6,21.6,21.9,21.35,21.4,6477160
2018-05-16,21.8,21.8,21.95,21.6,21.7,1855352
2018-05-17,21.9,21.9,22.0,21.6,22.0,1381561
2018-05-18,21.6,21.6,21.9,21.55,21.9,997753
2018-05-21,21.9,21.9,22.0,21.3,21.6,1787495
2018-05-22,22.1,22.1,22.25,21.75,21.9,3637182
2018-05-23,21.85,21.85,22.1,21.45,22.1,2903240
2018-05-24,21.8,21.8,22.0,21.65,21.95,815613
2018-05-25,21.9,21.9,21.9,21.55,21.8,1440363
2018-05-28,21.85,21.85,21.9,21.6,21.9,1487288
2018-05-29,21.6,21.6,21.9,21.45,21.9,2240192
2018-05-30,21.5,21.5,21.7,21.3,21.45,1202024
2018-05-31,23.65,23.65,23.65,21.6,21.65,12622043
2018-06-01,23.5,23.5,24.85,23.1,24.65,8643019
2018-06-04,23.6,23.6,24.15,23.15,23.75,3501518
2018-06-05,23.85,23.85,24.35,23.5,23.85,3317958
2018-06-06,24.1,24.1,24.35,23.65,23.95,2370837
2018-06-07,23.7,23.7,24.35,23.7,24.1,2684409
2018-06-08,23.35,23.35,23.9,23.35,23.65,1443852
2018-06-11,23.8,23.8,23.95,22.6,23.35,2815225
2018-06-12,23.25,23.25,24.0,23.25,23.7,1606681
2018-06-13,24.35,24.35,24.35,23.25,23.4,3732133
2018-06-14,23.6,23.6,24.75,23.6,24.5,10764209
2018-06-15,23.5,23.5,23.75,23.25,23.65,1494112
2018-06-19,22.9,22.9,23.3,22.8,23.25,1462002
2018-06-20,22.6,22.6,22.9,22.2,22.8,2049694
2018-06-21,22.75,22.75,22.85,22.6,22.6,530378
2018-06-22,22.3,22.3,22.55,22.3,22.35,801681
2018-06-25,23.35,23.35,24.1,22.25,22.3,5322372
2018-06-26,23.6,23.6,23.8,22.85,23.25,2518839
2018-06-27,23.25,23.25,23.8,23.25,23.65,1256064
2018-06-28,22.75,22.75,23.4,22.75,23.25,1150543
2018-06-29,22.85,22.85,23.35,22.8,23.0,783407
2018-07-02,22.7,22.7,23.15,22.6,22.85,1466160
2018-07-03,23.3,23.3,23.7,22.85,22.95,2567575
2018-07-04,23.85,23.85,24.05,23.35,23.5,3579962
2018-07-05,23.1,23.1,24.45,23.0,24.1,3206807
2018-07-06,25.35,25.35,25.4,23.35,23.45,13166618
2018-07-09,25.15,25.15,26.25,25.0,26.05,11785659
2018-07-10,24.9,24.9,25.9,24.65,25.2,5346206
2018-07-11,25.25,25.25,25.65,24.8,24.95,4562838
2018-07-12,27.75,27.75,27.75,25.35,25.5,20756576
2018-07-13,29.3,29.3,29.55,27.2,27.8,29072069
2018-07-16,28.1,28.1,29.8,27.55,29.5,15633560
2018-07-17,28.65,28.65,29.95,28.3,28.3,22580752
2018-07-18,28.6,28.6,28.9,27.8,28.65,8897168
2018-07-19,28.45,28.45,29.1,28.2,28.8,5115955
2018-07-20,28.6,28.6,29.05,27.6,28.55,8378348
2018-07-23,27.95,27.95,28.95,27.7,28.6,5850820
2018-07-24,29.3,29.3,30.45,28.2,28.45,21655210
2018-07-25,29.25,29.25,29.95,29.05,29.15,8134168
2018-07-26,31.0,31.0,32.15,30.6,31.9,29476933
2018-07-27,32.0,32.0,32.4,30.8,31.0,19597953
2018-07-30,32.4,32.4,32.8,31.55,32.0,11640853
2018-07-31,32.0,32.0,32.5,31.6,32.0,7398521
2018-08-01,31.85,31.85,33.2,31.7,32.3,13374690
2018-08-02,32.3,32.3,32.7,31.3,31.9,9335421
2018-08-03,32.2,32.2,33.5,32.2,33.2,13459971
2018-08-06,31.8,31.8,32.55,31.5,32.15,6095725
2018-08-07,32.65,32.65,32.7,31.95,32.1,7998264
2018-08-08,31.75,31.75,33.4,31.3,33.15,13739300
2018-08-09,31.9,31.9,32.15,31.15,31.75,5053870
2018-08-10,31.8,31.8,32.7,31.8,32.2,5626538
2018-08-13,30.75,30.75,32.15,29.55,31.8,10440022
2018-08-14,29.65,29.65,31.3,29.5,31.25,9904737
2018-08-15,29.85,29.85,30.65,29.3,29.7,8632633
2018-08-16,30.1,30.1,30.3,29.35,29.5,3339052
2018-08-17,29.7,29.7,30.6,29.7,30.1,3294954
2018-08-20,30.3,30.3,30.45,29.55,29.75,2687731
2018-08-21,31.75,31.75,31.95,30.2,30.3,12138732
2018-08-22,32.25,32.25,32.25,31.2,31.3,5800197
2018-08-23,32.35,32.35,33.3,31.8,32.95,13545656
2018-08-24,33.1,33.1,33.1,32.05,32.4,12330604
2018-08-27,35.3,35.3,35.7,33.35,33.8,27557329
2018-08-28,36.7,36.7,37.75,34.9,35.55,27828399
2018-08-29,37.35,37.35,37.5,36.4,36.5,14416266
2018-08-30,36.7,36.7,37.35,35.9,37.35,11755993
2018-08-31,36.6,36.6,37.7,36.3,36.7,11861258
2018-09-03,36.7,36.7,37.15,36.0,36.9,8840109
2018-09-04,34.1,34.1,37.6,33.7,37.3,26828121
2018-09-05,34.7,34.7,35.15,33.45,33.8,12073092
2018-09-06,35.0,35.0,36.5,34.35,36.3,21613845
2018-09-07,34.6,34.6,34.9,33.75,34.3,8633704
2018-09-10,33.0,33.0,34.75,32.05,34.6,9258091
2018-09-11,34.7,34.7,34.85,32.65,33.2,7875879
2018-09-12,33.3,33.3,34.35,33.2,34.1,5544595
2018-09-13,33.2,33.2,33.65,32.55,33.6,6128575
2018-09-14,34.25,34.25,34.9,33.4,33.55,7728135
2018-09-17,33.15,33.15,34.1,33.05,34.0,4982547
2018-09-18,33.1,33.1,33.15,32.3,33.15,5215328
2018-09-19,32.25,32.25,33.85,32.25,33.6,6203327
2018-09-20,30.85,30.85,32.0,30.65,32.0,11232645
2018-09-21,31.45,31.45,31.95,31.25,31.4,5128064
2018-09-25,32.15,32.15,32.25,30.85,31.15,4742069
2018-09-26,32.1,32.1,32.6,31.85,32.0,2669286
2018-09-27,32.25,32.25,32.55,31.8,31.85,2313740
2018-09-28,31.7,31.7,32.35,31.6,32.2,3340667
2018-10-01,30.95,30.95,31.4,30.0,31.35,11448071
2018-10-02,31.2,31.2,31.45,30.7,31.05,3124098
2018-10-03,32.0,32.0,32.9,31.2,31.2,10410436
2018-10-04,30.3,30.3,31.1,30.05,30.3,9769228
2018-10-05,29.4,29.4,30.15,28.35,30.0,9784105
2018-10-08,29.45,29.45,30.3,29.1,29.1,3536540
2018-10-09,28.8,28.8,29.6,28.5,29.3,3480731
2018-10-11,26.0,26.0,27.0,25.95,26.3,7501133
2018-10-12,27.8,27.8,27.8,25.7,26.05,5414580
2018-10-15,28.4,28.4,28.6,27.1,27.3,2470302
2018-10-16,28.85,28.85,30.0,28.1,28.1,4188513
2018-10-17,29.65,29.65,30.1,29.1,29.1,4037284
2018-10-18,29.75,29.75,30.15,29.4,29.4,1853799
2018-10-19,29.6,29.6,29.75,28.5,29.4,3263695
2018-10-22,30.55,30.55,30.7,29.25,29.5,3612493
2018-10-23,29.5,29.5,30.3,29.5,30.0,2985197
2018-10-24,30.1,30.1,30.65,28.8,29.35,3922396
2018-10-25,29.0,29.0,29.65,28.7,29.25,2731196
2018-10-26,28.25,28.25,29.75,28.2,29.3,2473009
2018-10-29,27.7,27.7,28.75,27.2,28.4,2488150
2018-10-30,28.3,28.3,28.4,27.35,27.7,1430036
2018-10-31,29.5,29.5,29.75,28.65,28.7,2698378
2018-11-01,30.65,30.65,30.8,30.1,30.1,4239792
2018-11-02,31.2,31.2,31.3,30.3,30.7,3267916
2018-11-05,32.4,32.4,32.4,31.7,31.7,6872976
2018-11-06,31.95,31.95,32.65,31.5,32.5,4694424
2018-11-07,33.0,33.0,33.0,31.9,32.05,6278547
2018-11-08,32.1,32.1,35.05,31.9,35.0,14240637
2018-11-09,33.2,33.2,33.35,31.5,32.1,8017350
2018-11-12,33.45,33.45,33.7,32.9,33.2,5094070
2018-11-13,34.25,34.25,34.5,32.3,32.45,8246860
2018-11-14,34.75,34.75,35.05,33.9,34.85,9264404
2018-11-15,34.9,34.9,35.25,34.15,35.0,8214341
2018-11-16,34.55,34.55,35.3,34.3,35.1,4770339
2018-11-19,35.25,35.25,35.35,34.65,35.0,7805963
2018-11-20,34.5,34.5,35.65,34.15,35.5,12476279
2018-11-21,34.6,34.6,35.0,34.2,34.2,5121384
2018-11-22,33.1,33.1,35.2,33.1,35.0,10399849
2018-11-23,33.1,33.1,33.8,33.05,33.5,5777239
2018-11-26,34.55,34.55,34.75,33.4,33.45,6654371
2018-11-27,35.35,35.35,35.6,34.25,34.25,8631088
2018-11-28,35.6,35.6,36.3,35.45,35.8,9281991
2018-11-29,34.9,34.9,36.1,34.8,36.0,6370742
2018-11-30,35.5,35.5,36.1,35.1,35.1,6494840
2018-12-03,36.35,36.35,37.05,36.05,36.35,10300349
2018-12-04,35.4,35.4,36.1,35.25,35.75,5910738
2018-12-05,35.4,35.4,35.4,34.65,34.95,3551421
2018-12-06,34.0,34.0,35.65,33.5,35.4,6691285
2018-12-07,34.3,34.3,34.55,33.8,34.25,3968987
2018-12-10,34.3,34.3,34.4,33.25,33.5,3464000
2018-12-11,34.25,34.25,34.95,34.15,34.65,2656601
2018-12-12,34.8,34.8,34.8,34.15,34.5,2901504
2018-12-13,35.0,35.0,35.2,34.65,35.1,2681822
2018-12-14,35.5,35.5,35.7,34.8,35.35,7054994
2018-12-17,35.65,35.65,35.85,35.1,35.6,4041459
2018-12-18,35.25,35.25,36.1,35.2,35.7,7813810
2018-12-19,35.2,35.2,35.7,34.9,35.6,3109486
2018-12-20,35.7,35.7,35.9,34.95,34.95,4232318
2018-12-21,35.5,35.5,36.1,34.65,35.7,5173642
2018-12-24,34.55,34.55,34.95,34.25,34.95,2950152
2018-12-25,33.2,33.2,33.85,32.5,33.85,6391852
2018-12-26,32.65,32.65,33.55,32.55,33.5,2844403
2018-12-27,33.2,33.2,33.75,33.0,33.4,2798321
2018-12-28,34.55,34.55,34.75,33.35,33.5,5329269
2019-01-02,34.4,34.4,35.45,34.3,35.1,3463537
2019-01-03,34.8,34.8,35.15,34.2,34.2,2217812
2019-01-04,34.9,34.9,35.0,33.55,34.5,2459666
2019-01-07,35.05,35.05,35.6,35.0,35.45,3015290
2019-01-08,35.5,35.5,35.6,34.75,35.05,4638383
2019-01-09,35.25,35.25,35.8,35.15,35.8,3579477
2019-01-10,35.25,35.25,35.45,35.0,35.25,1549111
2019-01-11,34.8,34.8,35.35,34.8,35.3,1487151
2019-01-14,38.2,38.2,38.2,34.95,34.95,24084370
2019-01-15,39.6,39.6,39.6,37.8,38.5,30328150
2019-01-16,41.15,41.15,41.2,39.2,39.7,20819991
2019-01-17,40.55,40.55,42.55,40.55,41.8,17663912
2019-01-18,41.35,41.35,41.35,40.1,41.0,11571867
2019-01-21,40.3,40.3,42.05,40.15,42.0,10621908
2019-01-22,39.65,39.65,41.2,39.45,40.8,10873272
2019-01-23,41.0,41.0,41.2,39.2,39.25,10823922
2019-01-24,41.25,41.25,41.45,40.65,41.0,7938536
2019-01-25,40.8,40.8,42.1,40.7,41.7,9252164
2019-01-28,41.1,41.1,42.3,40.95,41.45,11087135
2019-01-29,40.65,40.65,42.65,40.25,41.7,21583827
2019-01-30,43.7,43.7,43.7,40.6,40.9,18837318
2019-02-11,48.05,48.05,48.05,44.35,45.9,29594647
2019-02-12,46.95,46.95,48.1,46.7,48.1,12823202
2019-02-13,45.25,45.25,47.5,45.15,46.95,10545325
2019-02-14,45.1,45.1,46.25,45.1,45.8,7522060
2019-02-15,44.3,44.3,45.4,43.75,45.1,7756051
2019-02-18,44.15,44.15,45.3,44.0,45.1,5231445
2019-02-19,44.2,44.2,45.15,44.0,44.55,7503243
2019-02-20,45.0,45.0,45.0,43.0,44.4,9408286
2019-02-21,44.4,44.4,46.2,44.4,45.95,11634570
2019-02-22,43.4,43.4,44.2,43.35,44.0,5716597
2019-02-25,44.45,44.45,44.55,43.2,43.95,5779595
2019-02-26,43.6,43.6,44.2,43.5,44.05,5681261
2019-02-27,44.3,44.3,44.3,42.65,43.65,8361693
2019-03-04,44.4,44.4,44.8,43.7,43.9,4628364
2019-03-05,44.25,44.25,44.6,43.7,43.95,3914954
2019-03-06,43.7,43.7,46.2,43.7,45.05,20958814
2019-03-07,42.65,42.65,43.75,42.45,43.3,8168399
2019-03-08,41.45,41.45,42.35,41.45,42.25,8116213
2019-03-11,41.35,41.35,41.75,41.05,41.05,3927634
2019-03-12,40.45,40.45,42.15,40.45,41.8,8696369
2019-03-13,40.8,40.8,41.3,40.1,40.45,6094199
2019-03-14,41.9,41.9,41.95,40.8,40.95,6264492
2019-03-15,41.15,41.15,41.95,41.1,41.8,4551362
2019-03-18,40.4,40.4,41.3,40.3,41.25,5080568
2019-03-19,41.6,41.6,41.8,40.6,40.6,5173845
2019-03-20,41.1,41.1,41.8,41.0,41.6,3834252
2019-03-21,42.0,42.0,42.1,40.85,41.0,4652909
2019-03-22,41.2,41.2,42.35,41.2,42.15,4101765
2019-03-25,40.8,40.8,41.05,40.05,40.05,3029460
2019-03-26,41.4,41.4,41.9,41.05,41.35,3559884
2019-03-27,42.15,42.15,42.2,41.5,41.75,5853978
2019-03-28,41.8,41.8,42.8,41.8,42.5,7076669
2019-03-29,43.85,43.85,44.4,41.85,42.3,12783116
2019-04-01,44.0,44.0,45.2,44.0,44.95,10638871
2019-04-02,43.85,43.85,44.75,43.8,44.6,4994829
2019-04-03,44.7,44.7,45.5,44.0,44.0,10528709
2019-04-08,45.1,45.1,45.75,45.0,45.6,5965142
2019-04-09,45.45,45.45,46.35,45.3,46.2,9211980
2019-04-10,45.75,45.75,46.15,45.1,45.6,6022427
2019-04-11,46.95,46.95,47.1,45.95,46.3,12138150
2019-04-12,46.45,46.45,50.0,46.2,48.5,43435937
2019-04-15,51.0,51.0,51.0,47.1,47.45,36397834
2019-04-16,50.7,50.7,51.9,49.8,50.9,18304470
2019-04-17,52.0,52.0,52.0,50.3,51.4,13031965
2019-04-18,50.0,50.0,51.6,49.7,51.5,13701610
2019-04-19,50.4,50.4,52.3,49.7,51.2,11515605
2019-04-22,49.7,49.7,50.6,49.55,50.4,6841917
2019-04-23,50.7,50.7,50.7,49.55,50.3,6588931
2019-04-24,49.0,49.0,51.9,48.8,51.0,12634019
2019-04-25,49.1,49.1,49.7,47.9,49.0,7454773
2019-04-26,48.5,48.5,49.8,48.2,49.4,5341866
2019-04-29,49.25,49.25,50.2,47.15,48.2,9244342
2019-04-30,51.2,51.2,51.2,49.1,49.1,13499251
2019-05-02,50.7,50.7,51.6,50.0,51.2,7416864
2019-05-03,51.7,51.7,52.5,49.85,50.7,12323529
2019-05-06,50.0,50.0,52.2,50.0,50.5,10899563
2019-05-07,53.7,53.7,53.7,50.1,51.1,15552351
2019-05-08,55.0,55.0,55.0,52.1,52.5,23646804
2019-05-09,50.5,50.5,54.6,50.4,54.3,25811458
2019-05-10,50.0,50.0,51.8,49.2,50.9,13310896
2019-05-13,50.0,50.0,50.9,49.65,49.8,5836881
2019-05-14,50.8,50.8,50.8,48.2,49.0,8062974
2019-05-15,51.6,51.6,52.2,50.8,51.0,7209608
2019-05-16,51.7,51.7,53.2,51.5,52.2,9329366
2019-05-17,49.55,49.55,53.2,49.55,53.0,12469369
2019-05-20,48.75,48.75,50.3,47.7,50.1,8827508
2019-05-21,49.75,49.75,49.95,48.35,48.6,3500842
2019-05-22,48.95,48.95,50.3,48.85,49.85,3563197
2019-05-23,46.25,46.25,48.9,45.85,48.35,8027068
2019-05-24,45.95,45.95,47.25,45.3,47.0,7724228
2019-05-27,45.6,45.6,46.6,44.2,46.5,7861739
2019-05-28,47.3,47.3,47.3,45.7,46.25,4386759
2019-05-29,47.5,47.5,47.95,46.4,46.6,4615502
2019-05-30,47.45,47.45,47.9,46.7,47.5,3459802
2019-05-31,48.2,48.2,48.5,47.5,47.7,8039117
2019-06-03,47.35,47.35,48.0,47.05,48.0,3442967
2019-06-04,48.4,48.4,48.95,47.25,47.35,6916807
2019-06-05,51.7,51.7,52.4,48.8,49.2,14398494
2019-06-06,52.7,52.7,52.9,51.1,52.0,15027573
2019-06-10,52.6,52.6,53.5,52.2,52.6,9430592
2019-06-11,53.1,53.1,54.1,52.7,53.0,10148250
2019-06-12,54.0,54.0,54.4,52.8,53.1,7367598
2019-06-13,54.9,54.9,56.8,54.0,54.0,18010197
2019-06-14,55.0,55.0,56.2,54.6,55.5,8632019
2019-06-17,52.7,52.7,55.4,52.4,54.9,8364376
2019-06-18,53.4,53.4,54.0,51.0,52.7,11396400
2019-06-19,53.4,53.4,54.6,53.0,54.3,7915616
2019-06-20,54.3,54.3,54.9,53.5,53.6,5483099
2019-06-21,53.1,53.1,54.8,53.1,54.4,5319059
2019-06-24,54.3,54.3,54.5,53.0,53.2,3961940
2019-06-25,54.1,54.1,54.6,53.2,54.3,3438245
2019-06-26,54.0,54.0,54.6,53.3,54.3,3442129
2019-06-27,53.7,53.7,55.7,53.7,54.3,10037545
2019-06-28,54.6,54.6,55.1,53.4,53.8,5474299
2019-07-01,55.5,55.5,55.8,54.3,55.5,8064968
2019-07-02,54.3,54.3,55.7,54.2,55.7,5955315
2019-07-03,51.7,51.7,54.1,51.5,54.1,12468300
2019-07-04,52.1,52.1,52.7,51.8,52.3,4390423
2019-07-05,51.7,51.7,52.6,51.5,52.3,3426100
2019-07-08,50.6,50.6,51.9,49.65,51.5,11505104
2019-07-09,49.85,49.85,51.2,49.85,50.9,5463600
2019-07-10,50.2,50.2,51.5,50.0,50.3,7674887
2019-07-11,50.7,50.7,50.7,49.8,50.3,6439202
2019-07-12,51.5,51.5,51.9,50.7,50.8,8184286
2019-07-15,51.9,51.9,52.5,51.6,51.8,6407397
2019-07-16,50.7,50.7,52.1,50.7,52.0,6960631
2019-07-17,50.1,50.1,50.4,49.8,50.4,6287487
2019-07-18,49.0,49.0,50.0,48.95,49.85,7562303
2019-07-19,49.5,49.5,49.9,49.25,49.75,3838034
2019-07-22,50.7,50.7,51.3,49.45,49.45,6779333
2019-07-23,49.8,49.8,50.8,49.8,50.7,6028886
2019-07-24,49.4,49.4,50.2,49.25,49.95,4652344
2019-07-25,49.85,49.85,50.2,49.4,49.6,3889178
2019-07-26,49.6,49.6,49.95,49.45,49.85,2550568
2019-07-29,50.5,50.5,50.8,49.5,49.75,3988901
2019-07-30,51.5,51.5,51.7,50.2,50.9,7715546
2019-07-31,51.6,51.6,52.0,51.2,51.6,4760261
2019-08-01,53.0,53.0,53.3,51.0,51.4,10431512
2019-08-02,52.7,52.7,54.0,52.2,52.6,9864086
2019-08-05,50.7,50.7,53.1,50.7,52.7,6605240
2019-08-06,53.8,53.8,53.8,49.95,50.2,15307971
2019-08-07,52.8,52.8,54.4,52.7,54.2,9235393
2019-08-08,56.5,56.5,56.6,53.8,53.8,19765606
2019-08-12,54.4,54.4,56.3,54.3,56.3,11936433
2019-08-13,53.1,53.1,55.0,53.0,54.4,7851443
2019-08-14,54.6,54.6,55.9,53.9,54.3,11854589
2019-08-15,53.9,53.9,54.4,53.1,53.4,5140644
2019-08-16,53.2,53.2,54.8,52.9,54.5,7220682
2019-08-19,55.2,55.2,56.1,54.5,54.7,13102549
2019-08-20,55.0,55.0,56.0,54.8,55.5,7388717
2019-08-21,54.2,54.2,55.4,53.8,55.0,5812054
2019-08-22,54.9,54.9,55.4,53.4,54.7,9270889
2019-08-23,53.6,53.6,54.7,53.6,53.6,7019323
2019-08-26,51.3,51.3,52.8,51.0,52.4,8674746
2019-08-27,51.0,51.0,52.4,51.0,52.0,5609753
2019-08-28,50.6,50.6,51.5,50.1,51.1,6527074
2019-08-29,50.8,50.8,51.4,50.5,50.8,4475182
2019-08-30,50.3,50.3,51.5,50.2,51.4,6401801
2019-09-02,51.7,51.7,51.7,50.2,50.5,5953131
2019-09-03,50.5,50.5,51.5,50.3,51.5,6295035
2019-09-04,51.0,51.0,51.3,50.5,50.9,3417592
2019-09-05,51.4,51.4,51.9,50.6,51.0,6900155
2019-09-06,51.5,51.5,51.7,51.0,51.2,4242744
2019-09-09,46.7,46.7,48.9,46.5,48.9,18738422
2019-09-10,46.85,46.85,47.15,46.0,46.5,3943700
2019-09-11,47.15,47.15,47.6,46.9,46.95,3816830
2019-09-12,46.7,46.7,47.6,46.7,47.5,2795250
2019-09-16,44.85,44.85,46.4,44.4,46.4,10808573
2019-09-17,45.2,45.2,45.6,45.2,45.45,4541011
2019-09-18,43.4,43.4,45.0,42.9,45.0,14792395
2019-09-19,43.6,43.6,44.05,43.45,43.55,4041143
2019-09-20,43.85,43.85,44.05,43.65,43.85,2620130
2019-09-23,44.3,44.3,44.85,43.9,43.9,4698901
2019-09-24,43.8,43.8,44.8,43.75,44.4,3813200
2019-09-25,43.6,43.6,44.1,43.55,43.7,1760930
2019-09-26,43.85,43.85,44.15,43.6,44.0,1702303
2019-09-27,42.05,42.05,44.0,41.7,43.95,7220610
2019-10-01,42.2,42.2,42.85,41.6,41.8,3299367
2019-10-02,42.4,42.4,42.5,41.85,42.1,2320985
2019-10-03,41.95,41.95,42.15,41.85,41.9,1885101
2019-10-04,40.3,40.3,42.1,40.1,41.95,8213416
2019-10-07,42.3,42.3,43.3,40.5,40.55,9933998
2019-10-08,41.05,41.05,42.7,40.9,42.35,5587544
2019-10-09,38.85,38.85,39.3,38.15,38.45,9570284
2019-10-14,39.3,39.3,39.35,38.65,39.1,4349492
2019-10-15,40.6,40.6,41.25,39.25,39.6,4603200
2019-10-16,41.8,41.8,42.25,40.8,41.25,6118324
2019-10-17,41.5,41.5,41.75,41.1,41.55,2279171
2019-10-18,42.85,42.85,43.3,41.45,41.45,7533156
2019-10-21,42.55,42.55,42.95,42.0,42.9,3102494
2019-10-22,42.75,42.75,43.75,42.65,42.95,6229227
2019-10-23,42.5,42.5,43.3,42.4,42.8,3297103
2019-10-24,43.4,43.4,43.5,43.0,43.25,3782996
2019-10-25,42.65,42.65,43.6,42.55,43.55,2722063
2019-10-28,42.3,42.3,42.9,42.1,42.8,1669096
2019-10-29,42.25,42.25,43.3,42.05,42.4,2397217
2019-10-30,43.15,43.15,43.2,42.4,42.8,2831564
2019-10-31,43.25,43.25,43.75,43.0,43.75,3897790
2019-11-01,43.1,43.1,43.25,42.8,43.25,1451341
2019-11-04,42.55,42.55,43.45,42.45,43.4,2029551
2019-11-05,42.25,42.25,42.9,42.2,42.6,1678129
2019-11-06,42.5,42.5,43.2,42.25,42.25,2074525
2019-11-07,44.45,44.45,44.5,43.35,43.45,13860401
2019-11-08,43.85,43.85,44.95,43.75,44.65,7052132
2019-11-11,42.1,42.1,44.15,41.9,43.75,5294121
2019-11-12,43.2,43.2,43.2,42.1,42.1,2009201
2019-11-13,42.7,42.7,43.3,42.55,42.9,1855597
2019-11-14,41.65,41.65,42.85,41.25,42.65,3971000
2019-11-20,43.15,43.15,43.8,42.9,43.8,2270632
2019-11-21,43.2,43.2,43.2,42.35,42.8,1641174
2019-11-22,42.7,42.7,43.2,42.65,43.2,1282501
2019-11-25,42.95,42.95,43.15,42.8,43.0,891065
2019-11-26,43.6,43.6,43.85,43.15,43.3,2513955
2019-11-27,43.95,43.95,43.95,43.5,43.9,2371185
2019-11-28,44.8,44.8,44.95,44.05,44.2,6388505
2019-11-29,43.75,43.75,44.95,43.75,44.95,4228740
2019-12-02,42.65,42.65,43.55,42.4,43.45,3024013
2019-12-03,42.9,42.9,43.35,42.5,42.5,999484
2019-12-04,43.0,43.0,43.1,42.55,42.9,977565
2019-12-05,43.55,43.55,43.65,43.05,43.05,1219004
2019-12-06,44.05,44.05,44.15,43.55,43.8,2005895
2019-12-09,42.6,42.6,43.95,42.3,43.9,5609764
2019-12-10,42.55,42.55,42.85,42.35,42.45,1030634
2019-12-11,42.65,42.65,42.85,42.5,42.55,945001
2019-12-12,43.45,43.45,43.95,42.75,43.0,2858215
2019-12-13,43.7,43.7,44.4,43.6,43.95,4114524
2019-12-16,44.0,44.0,44.0,43.35,43.7,1956512
2019-12-17,44.1,44.1,44.3,43.8,44.0,2318758
2019-12-18,45.1,45.1,46.0,43.85,44.1,10291581
2019-12-19,46.5,46.5,46.95,45.05,45.3,10819581
2019-12-20,46.0,46.0,46.45,45.15,46.05,7089623
2019-12-23,47.6,47.6,47.7,46.45,46.9,10167410
2019-12-24,47.7,47.7,48.15,46.8,47.3,8472294
2019-12-25,47.2,47.2,48.25,47.2,47.95,6174357
2019-12-26,46.05,46.05,47.35,46.05,47.3,5556111
2019-12-27,46.85,46.85,47.0,46.4,46.5,3023721
2019-12-30,46.05,46.05,47.2,46.05,46.85,4279746
2019-12-31,46.0,46.0,46.5,45.9,46.0,1869501
2020-01-02,47.25,47.25,47.35,46.4,46.5,4103590
2020-01-03,46.3,46.3,47.35,46.1,47.25,4175608
2020-01-06,45.65,45.65,46.1,45.45,46.0,2291004
2020-01-07,44.7,44.7,46.05,44.45,45.8,3473302
2020-01-08,44.2,44.2,44.95,44.1,44.1,1563390
2020-01-09,45.3,45.3,45.75,44.75,45.0,2053361
2020-01-10,45.4,45.4,45.55,44.85,45.5,2545550
2020-01-13,46.65,46.65,46.85,45.6,46.0,3084335
2020-01-14,46.6,46.6,47.1,46.4,46.65,3405564
2020-01-15,47.2,47.2,47.95,46.6,46.6,6924089
2020-01-16,49.2,49.2,49.7,47.8,48.3,16509223
2020-01-17,50.3,50.3,50.8,49.85,50.3,13097888
2020-01-20,51.0,51.0,51.3,50.3,50.9,7436188
2020-01-30,49.8,49.8,50.5,48.2,48.3,9821455
2020-01-31,53.3,53.3,53.8,50.8,52.0,21534597
2020-02-03,52.7,52.7,53.6,51.0,51.7,12599054
2020-02-04,51.7,51.7,53.4,50.8,53.0,9607646
2020-02-05,52.6,52.6,54.1,51.8,52.4,17641403
2020-02-06,53.6,53.6,53.7,52.5,53.5,8472455
2020-02-07,52.0,52.0,52.8,51.5,52.4,8819201
2020-02-10,51.3,51.3,53.2,51.1,52.4,7965976
2020-02-11,52.0,52.0,52.6,51.3,51.8,4713164
2020-02-12,52.4,52.4,53.8,52.3,52.4,13655274
2020-02-13,54.9,54.9,57.0,52.5,52.9,35634320
2020-02-14,60.3,60.3,60.3,56.4,57.0,45471551
2020-02-17,59.7,59.7,62.0,59.7,60.4,28408276
2020-02-18,57.2,57.2,60.6,56.2,59.6,19474484
2020-02-19,58.2,58.2,58.3,56.9,57.7,9704398
2020-02-20,55.5,55.5,57.4,53.9,56.6,34043778
2020-02-21,55.5,55.5,56.1,54.3,55.2,9707870
2020-02-24,55.7,55.7,57.2,54.9,55.0,10741043
2020-02-25,55.9,55.9,56.7,55.0,55.4,9911567
2020-02-26,57.1,57.1,58.8,56.1,56.1,20214049
2020-02-27,55.4,55.4,59.4,54.6,57.7,19445663
2020-03-02,56.0,56.0,56.7,54.4,55.0,7413214
2020-03-03,57.9,57.9,58.9,57.0,57.4,13417898
2020-03-04,56.7,56.7,57.7,56.1,57.7,6836757
2020-03-05,56.9,56.9,58.5,56.6,58.2,9153882
2020-03-06,57.6,57.6,58.2,56.6,57.0,10775519
2020-03-09,55.0,55.0,59.0,55.0,57.6,13391271
2020-03-10,55.2,55.2,55.7,51.5,55.1,13279078
2020-03-11,54.2,54.2,57.0,53.3,56.2,7044475
2020-03-12,50.0,50.0,54.0,49.8,54.0,9365215
2020-03-13,49.45,49.45,50.1,45.5,45.5,8837699
2020-03-16,46.55,46.55,50.5,46.55,49.8,7000093
2020-03-17,49.15,49.15,50.5,44.5,44.5,10246974
2020-03-18,50.5,50.5,52.7,50.0,50.9,14505450
2020-03-19,47.2,47.2,51.1,45.9,50.5,11947814
2020-03-20,51.4,51.4,51.9,48.85,50.5,8792531
2020-03-23,51.0,51.0,53.5,49.0,50.0,10790514
2020-03-24,52.5,52.5,53.4,51.7,53.2,7917174
2020-03-25,51.4,51.4,54.2,51.1,53.6,10831746
2020-03-26,51.8,51.8,52.3,50.4,51.9,4997535
2020-03-27,48.4,48.4,52.8,48.35,52.5,10385733
2020-03-30,48.7,48.7,48.85,46.5,46.55,3133521
2020-03-31,47.1,47.1,49.6,46.55,49.35,4660594
2020-04-01,45.5,45.5,46.8,45.05,46.8,6679423
2020-04-07,48.4,48.4,48.4,45.1,45.1,12996564
2020-04-08,51.8,51.8,52.7,48.5,49.4,23648381
2020-04-09,52.8,52.8,54.5,51.8,53.3,15983241
2020-04-10,52.5,52.5,53.4,52.0,52.5,6810727
2020-04-13,53.1,53.1,54.6,52.9,53.1,10793470
2020-04-14,54.0,54.0,54.2,52.7,53.6,7299004
2020-04-15,53.0,53.0,54.5,52.7,54.5,7492891
2020-04-16,53.4,53.4,53.5,52.3,52.5,4361165
2020-04-17,52.0,52.0,54.3,52.0,54.3,7037020
2020-04-20,53.4,53.4,54.3,52.0,52.1,8658269
2020-04-21,54.0,54.0,55.4,53.3,53.7,13158262
2020-04-22,55.9,55.9,55.9,53.4,53.4,9804459
2020-04-23,54.6,54.6,57.4,54.6,57.1,12012826
2020-04-24,54.0,54.0,55.4,53.8,54.6,3938384
2020-04-27,54.0,54.0,54.9,53.8,54.9,2669353
2020-04-28,57.2,57.2,57.2,54.7,55.1,13848542
2020-04-29,56.3,56.3,58.6,55.8,57.6,11885361
2020-05-04,55.1,55.1,56.8,54.8,54.9,5234562
2020-05-05,55.6,55.6,56.7,55.5,56.7,4609995
2020-05-06,58.6,58.6,59.9,56.0,56.2,20563908
2020-05-07,60.1,60.1,62.0,60.0,60.9,20757085
2020-05-08,60.2,60.2,61.2,59.3,60.8,6285427
2020-05-11,61.4,61.4,61.4,59.2,60.7,7179600
2020-05-12,62.1,62.1,64.0,61.6,62.6,25666141
2020-05-13,61.9,61.9,62.8,61.6,62.5,7028828
2020-05-14,60.6,60.6,63.9,60.5,62.3,11393991
2020-05-15,60.8,60.8,62.3,60.2,61.8,5473656
2020-05-18,60.8,60.8,61.9,59.5,60.8,5435219
2020-05-19,62.9,62.9,63.5,61.2,61.7,9670729
2020-05-20,65.0,65.0,65.0,61.8,63.4,12080796
2020-05-21,71.5,71.5,71.5,65.1,66.2,24362721
2020-05-22,69.7,69.7,72.6,69.1,72.0,11446306
2020-05-25,72.5,72.5,72.5,69.6,70.8,8109073
2020-05-26,68.2,68.2,71.6,68.2,71.5,12072636
2020-05-27,68.1,68.1,68.8,66.9,68.5,6341187
2020-05-28,68.1,68.1,69.0,67.1,68.4,3859014
2020-05-29,68.7,68.7,69.0,67.8,68.1,2968721
2020-06-01,69.6,69.6,70.3,68.5,69.3,4317976
2020-06-02,69.0,69.0,71.2,68.9,69.8,4866592
2020-06-03,70.2,70.2,70.5,68.7,69.7,3293926
2020-06-04,69.8,69.8,70.9,69.7,70.9,4149912
2020-06-05,67.3,67.3,68.9,66.4,68.4,9351032
2020-06-08,67.0,67.0,67.9,66.7,67.9,3505719
2020-06-09,66.2,66.2,67.6,66.0,67.3,2926041
2020-06-10,67.0,67.0,67.0,65.1,66.0,3979230
2020-06-11,65.2,65.2,67.7,65.0,67.3,3503211
2020-06-12,67.6,67.6,67.6,62.8,63.5,5424721
2020-06-15,67.3,67.3,68.5,66.6,67.2,5703397
2020-06-16,70.6,70.6,70.6,68.1,68.2,11488636
2020-06-17,69.0,69.0,71.1,68.7,70.9,7500900
2020-06-18,69.4,69.4,70.2,69.0,69.3,4006931
2020-06-19,73.6,73.6,74.1,69.7,69.7,16020761
2020-06-22,72.3,72.3,74.0,71.6,73.8,9558290
2020-06-23,70.6,70.6,73.0,70.5,72.9,4769313
2020-06-24,70.8,70.8,71.5,70.4,71.0,3365255
2020-06-29,69.1,69.1,70.5,69.0,70.0,4369109
2020-06-30,69.1,69.1,69.9,68.7,69.7,3050100
2020-07-01,72.2,72.2,72.8,69.5,69.6,8201285
2020-07-02,79.4,79.4,79.4,72.5,73.0,26849935
2020-07-03,78.0,78.0,82.0,78.0,80.9,16297874
2020-07-06,78.9,78.9,81.7,78.2,78.7,13768259
2020-07-07,79.8,79.8,82.0,77.6,80.0,8045238
2020-07-08,81.6,81.6,81.6,79.0,79.8,5791745
2020-07-09,81.1,81.1,84.6,80.7,82.9,13329880
2020-07-10,77.7,77.7,81.8,77.7,81.2,5578632
2020-07-13,77.7,77.7,79.7,77.6,78.8,6762416
2020-07-14,78.7,78.7,78.7,76.8,77.5,3222548
2020-07-15,78.0,78.0,79.8,77.6,79.5,3293659
2020-07-16,79.6,79.6,80.5,77.7,78.1,9043394
2020-07-17,78.9,78.9,83.0,78.3,79.3,8684442
2020-07-20,80.2,80.2,80.2,77.7,78.6,3219391
2020-07-21,81.8,81.8,82.8,79.6,80.3,10824732
2020-07-22,82.4,82.4,82.6,81.0,82.0,3791280
2020-07-23,83.1,83.1,83.2,81.1,82.1,9943445
2020-07-24,80.8,80.8,85.3,79.8,83.0,10257866
2020-07-27,80.0,80.0,82.2,79.7,80.7,5815243
2020-07-28,82.0,82.0,82.5,80.0,81.3,9783787
2020-07-29,80.1,80.1,82.7,80.0,82.7,5134953
2020-07-30,79.6,79.6,81.6,79.1,80.6,7612246
2020-07-31,80.4,80.4,81.0,79.7,80.0,4214100
2020-08-03,73.7,73.7,79.2,73.5,78.6,9330253
2020-08-04,75.8,75.8,77.0,73.6,74.4,5288810
2020-08-05,83.1,83.1,83.1,77.8,78.4,14434872
2020-08-06,79.6,79.6,83.5,79.2,83.1,9613195
2020-08-07,76.3,76.3,79.6,76.0,79.6,7857431
2020-08-10,74.4,74.4,77.0,74.0,76.8,4860691
2020-08-11,75.8,75.8,77.3,74.4,74.9,5225011
2020-08-12,73.2,73.2,75.8,71.8,75.7,8276900
2020-08-13,73.7,73.7,75.7,73.5,74.0,5493602
2020-08-14,76.9,76.9,77.0,73.8,74.4,6662585
2020-08-17,76.2,76.2,76.8,74.4,76.0,3971403
2020-08-18,75.2,75.2,77.0,74.7,77.0,3093734
2020-08-19,73.5,73.5,76.3,73.2,75.5,4290350
2020-08-20,70.5,70.5,74.2,67.6,73.5,5953623
2020-08-21,72.4,72.4,72.5,71.2,71.6,2298602
2020-08-24,72.6,72.6,74.2,71.8,72.4,2783428
2020-08-25,72.1,72.1,73.2,71.9,72.8,2016757
2020-08-26,71.1,71.1,72.3,70.7,72.1,2436154
2020-08-27,72.3,72.3,74.5,71.3,71.6,3880831
2020-08-28,70.8,70.8,72.0,70.7,71.7,2893252
2020-08-31,72.3,72.3,73.5,70.8,70.8,2570813
2020-09-01,71.0,71.0,72.3,70.3,72.0,3314228
2020-09-02,70.8,70.8,72.1,70.6,71.2,2041706
2020-09-03,71.1,71.1,73.0,70.9,71.6,2990470
2020-09-04,71.7,71.7,71.8,70.2,70.3,2158103
2020-09-07,70.7,70.7,72.3,70.3,72.0,2040635
2020-09-08,71.4,71.4,71.7,70.7,71.0,887384
2020-09-09,71.2,71.2,71.2,70.0,71.0,1201602
2020-09-10,70.7,70.7,72.2,70.7,71.8,1589900
2020-09-11,71.0,71.0,71.4,69.5,70.6,2080251
2020-09-14,74.2,74.2,76.8,71.1,71.1,8825734
2020-09-15,77.1,77.1,77.4,74.6,74.7,8239116
2020-09-16,78.0,78.0,78.3,76.8,77.6,6465563
2020-09-17,78.1,78.1,78.8,76.8,78.2,3839900
2020-09-18,77.0,77.0,78.6,77.0,78.3,6733479
2020-09-21,78.3,78.3,78.8,76.6,77.0,4325662
2020-09-22,78.3,78.3,78.7,76.7,78.1,2777740
2020-09-23,77.3,77.3,81.3,76.3,78.8,9250465
2020-09-24,74.6,74.6,77.5,74.3,76.0,2982368
2020-09-25,72.4,72.4,75.4,71.2,75.1,3313259
2020-09-28,72.0,72.0,73.2,71.6,73.2,2737675
2020-09-29,71.0,71.0,72.7,70.4,72.3,2688611
2020-09-30,72.2,72.2,72.5,70.7,71.3,1610531
2020-10-05,73.0,73.0,73.2,71.5,72.2,1239640
2020-10-06,71.7,71.7,73.9,71.5,73.6,3037382
2020-10-07,72.9,72.9,73.7,71.2,71.4,2091122
2020-10-08,73.0,73.0,73.3,72.5,72.9,981361
2020-10-12,72.0,72.0,73.3,71.7,73.0,1919001
2020-10-13,71.7,71.7,71.9,71.2,71.8,1185573
2020-10-14,71.9,71.9,72.0,71.4,71.8,1250000
2020-10-15,70.9,70.9,72.3,70.6,71.6,2580936
2020-10-16,70.7,70.7,71.2,70.4,70.5,1533500
2020-10-19,71.0,71.0,71.4,70.2,70.6,2356527
2020-10-20,71.6,71.6,71.6,70.6,70.7,941123
2020-10-21,72.9,72.9,73.5,71.8,72.0,2393427
2020-10-22,72.2,72.2,72.5,71.8,72.4,1126164
2020-10-23,73.3,73.3,73.5,72.2,72.7,1182354
2020-10-26,72.8,72.8,74.3,72.6,73.5,1058205
2020-10-27,74.3,74.3,74.8,72.3,72.6,2242305
2020-10-28,75.4,75.4,76.2,74.0,74.1,3235993
2020-10-29,76.2,76.2,76.9,74.5,75.1,2489133
2020-10-30,74.1,74.1,77.2,73.8,76.3,2517112
2020-11-02,75.2,75.2,75.4,73.2,74.0,1083124
2020-11-03,74.9,74.9,76.6,74.8,75.2,1136449
2020-11-04,75.8,75.8,76.1,74.8,75.6,990485
2020-11-05,76.0,76.0,76.1,75.0,75.8,833830
2020-11-06,78.5,78.5,80.0,76.8,77.0,6959402
2020-11-09,78.5,78.5,79.2,77.6,79.0,2429443
2020-11-10,78.5,78.5,78.7,77.3,78.7,1725466
2020-11-11,79.7,79.7,80.3,78.6,79.4,3784000
2020-11-12,79.0,79.0,80.1,76.9,80.0,3233804
2020-11-13,78.7,78.7,79.3,77.9,78.6,1068401
2020-11-16,81.8,81.8,82.5,79.0,79.4,6201611
2020-11-17,81.6,81.6,82.9,80.5,82.6,3964509
2020-11-18,82.4,82.4,82.7,80.8,81.5,2563359
2020-11-19,82.4,82.4,84.6,81.6,82.5,5831029
2020-11-20,82.9,82.9,83.6,82.1,82.5,1816601
2020-11-23,81.5,81.5,83.2,81.2,83.0,2259552
2020-11-24,81.3,81.3,82.4,80.8,81.6,1531907
2020-11-25,81.4,81.4,83.0,80.5,82.4,1949469
2020-11-26,84.1,84.1,84.4,81.9,82.1,4054825
2020-11-27,83.4,83.4,85.5,81.8,84.2,5023705
2020-11-30,81.3,81.3,83.2,81.3,82.8,3238113
2020-12-01,83.4,83.4,83.7,81.9,82.3,3022126
2020-12-02,82.6,82.6,83.7,82.1,83.4,1460497
2020-12-04,81.1,81.1,82.2,81.0,81.5,1454519
2020-12-07,77.3,77.3,80.6,77.0,80.4,4845381
2020-12-08,77.9,77.9,78.3,77.0,77.3,2133646
2020-12-09,77.7,77.7,78.6,77.3,78.0,1838970
2020-12-10,74.6,74.6,77.4,74.1,77.2,4409448
2020-12-11,72.6,72.6,75.0,71.6,74.5,4009390
2020-12-14,72.9,72.9,73.5,71.7,72.8,2299131
2020-12-15,71.6,71.6,72.9,71.1,72.9,2009820
2020-12-16,72.0,72.0,72.4,71.3,72.0,2075234
2020-12-17,71.4,71.4,72.0,71.1,71.8,1664208
2020-12-18,70.5,70.5,71.3,70.2,71.3,2679373
2020-12-21,68.3,68.3,70.3,68.0,70.3,4986748
2020-12-22,67.6,67.6,69.8,67.6,68.0,6638482
2020-12-23,69.5,69.5,69.6,67.7,67.7,2317729
2020-12-24,70.2,70.2,71.4,69.6,69.9,3425953
2020-12-25,68.8,68.8,70.5,68.2,70.2,3199573
2020-12-28,67.9,67.9,68.8,67.6,68.8,3666073
2020-12-29,68.6,68.6,69.2,68.0,68.3,1767078
2020-12-30,68.7,68.7,69.1,68.3,68.6,1414294
2020-12-31,68.6,68.6,69.2,68.1,68.9,1202092
2021-01-04,69.4,69.4,70.3,68.2,68.4,2532122
2021-01-05,68.6,68.6,69.3,68.3,69.3,2140833
2021-01-06,68.3,68.3,69.8,67.8,69.0,2550744
2021-01-07,68.1,68.1,69.3,67.9,68.4,2485735
2021-01-08,67.5,67.5,68.5,66.1,68.4,3580555
2021-01-11,68.9,68.9,69.4,67.7,67.7,2688463
2021-01-12,66.7,66.7,68.9,66.3,68.9,3990541
2021-01-13,68.1,68.1,68.4,66.7,66.7,2037796
2021-01-14,70.9,70.9,71.1,67.7,68.1,5421022
2021-01-15,68.9,68.9,70.7,68.2,70.6,4239174
2021-01-18,68.4,68.4,69.3,67.0,69.0,1713054
2021-01-19,68.8,68.8,69.4,68.2,69.0,2325451
2021-01-20,68.5,68.5,69.3,67.8,69.0,2302954
2021-01-21,67.9,67.9,69.7,67.6,69.2,2030204
2021-01-22,68.4,68.4,69.3,67.7,68.1,1736655
2021-01-25,69.0,69.0,70.4,68.6,69.1,4096311
2021-01-26,68.6,68.6,69.5,68.1,69.3,3892880
2021-01-27,71.7,71.7,72.8,69.2,69.3,8216660
2021-01-28,70.2,70.2,71.2,69.8,70.5,4010745
2021-01-29,68.8,68.8,71.0,68.5,70.8,2880593
2021-02-01,67.9,67.9,68.6,66.5,68.3,2144224
2021-02-02,67.0,67.0,68.5,66.8,68.2,3432671
2021-02-03,67.0,67.0,68.1,66.6,66.9,1549078
2021-02-04,66.7,66.7,67.1,66.5,67.0,1174949
2021-02-05,68.0,68.0,68.7,67.4,67.9,2628831
2021-02-17,69.3,69.3,69.7,68.2,69.3,2125701
2021-02-18,71.2,71.2,72.3,70.6,70.6,4215900
2021-02-19,71.2,71.2,71.3,70.4,71.2,1764414
2021-02-22,71.2,71.2,71.8,70.9,71.8,1879872
2021-02-23,70.4,70.4,71.0,69.6,71.0,1775392
2021-02-24,70.3,70.3,70.9,69.9,70.2,2038922
2021-02-25,71.1,71.1,71.4,70.3,71.0,1838582
2021-02-26,71.2,71.2,71.3,70.0,70.2,1655849
2021-03-02,71.0,71.0,72.6,71.0,72.0,3770732
2021-03-03,71.1,71.1,72.3,71.0,71.6,2592329
2021-03-04,68.2,68.2,70.4,68.0,69.9,8034055
2021-03-05,68.6,68.6,68.7,67.2,67.6,2252936
2021-03-08,67.9,67.9,69.2,67.9,68.7,1395246
2021-03-09,67.0,67.0,67.8,66.3,67.7,2298609
2021-03-10,67.7,67.7,68.5,67.2,68.0,1925399
2021-03-11,68.1,68.1,68.4,67.7,68.1,1795596
2021-03-12,67.9,67.9,68.7,67.4,68.4,2278629
2021-03-15,68.1,68.1,68.4,67.4,68.0,1943154
2021-03-16,68.1,68.1,68.3,67.7,68.2,1300604
2021-03-17,67.7,67.7,68.3,67.6,68.1,1244584
2021-03-18,67.4,67.4,68.1,67.3,67.9,2321520
2021-03-19,67.4,67.4,67.9,67.0,67.2,1148878
2021-03-22,66.8,66.8,67.4,66.4,67.4,2118583
2021-03-23,66.7,66.7,67.3,66.5,67.2,1250807
2021-03-24,66.7,66.7,67.0,66.4,66.7,1100914
2021-03-25,66.3,66.3,67.0,66.3,67.0,1127713
2021-03-26,66.7,66.7,66.8,66.2,66.7,995626
2021-03-29,67.1,67.1,67.2,66.5,67.0,1217686
2021-03-30,67.0,67.0,67.3,66.8,67.3,862697
2021-03-31,66.5,66.5,67.0,66.5,67.0,1298289
2021-04-01,66.7,66.7,67.7,66.6,66.8,2671413
2021-04-06,66.8,66.8,67.8,66.6,67.8,3042803
2021-04-07,66.5,66.5,67.2,66.4,66.9,2183755
2021-04-08,66.7,66.7,66.9,66.1,66.3,2145431
2021-04-09,66.5,66.5,67.4,66.4,66.9,2021417
2021-04-12,66.1,66.1,66.8,66.0,66.8,1974463
2021-04-13,64.3,64.3,66.2,64.3,66.1,4738521
2021-04-14,62.0,62.0,63.9,60.5,63.9,5619869
2021-04-15,64.0,64.0,64.0,62.0,62.1,1705320
2021-04-16,65.9,65.9,66.2,64.3,64.5,3166389
2021-04-19,67.2,67.2,67.8,66.7,66.8,3766204
2021-04-20,67.2,67.2,67.7,66.5,67.0,2184805
2021-04-21,67.9,67.9,68.2,66.8,67.0,3219697
2021-04-22,66.8,66.8,68.9,66.3,68.7,3496719
2021-04-23,67.0,67.0,67.2,66.2,66.5,1402733
2021-04-26,67.0,67.0,67.7,66.9,67.2,1384298
2021-04-27,67.5,67.5,67.6,66.5,67.0,1606609
2021-04-28,67.8,67.8,69.6,67.6,68.4,5110044
2021-04-29,66.8,66.8,67.8,66.6,67.8,1329701
2021-05-03,65.2,65.2,66.8,65.2,66.8,1697149
2021-05-04,65.8,65.8,66.3,64.1,65.6,2848495
2021-05-05,66.5,66.5,67.5,65.7,65.7,1684931
2021-05-06,67.9,67.9,69.0,67.0,67.7,3402029
2021-05-07,68.8,68.8,69.3,68.2,68.7,3261016
2021-05-10,68.1,68.1,69.2,67.9,69.2,2326082
2021-05-11,61.3,61.3,62.7,61.3,62.0,6612830
2021-05-12,55.2,55.2,59.5,55.2,59.5,5226696
2021-05-13,50.8,50.8,53.5,50.0,53.0,4950429
2021-05-14,49.5,49.5,53.0,49.1,51.6,3962563
2021-05-17,44.55,44.55,47.9,44.55,47.85,5276256
2021-05-18,48.1,48.1,48.15,45.1,45.2,2755198
2021-05-19,51.9,51.9,52.2,49.7,49.7,4158659
2021-05-20,50.4,50.4,52.7,50.3,52.3,2178991
2021-05-21,52.4,52.4,53.2,50.8,51.7,2160318
2021-05-24,53.7,53.7,54.8,52.7,54.8,1899447
2021-05-25,55.2,55.2,55.8,53.6,53.6,1973727
2021-05-26,54.5,54.5,55.7,54.0,55.2,1148489
2021-05-27,55.1,55.1,55.2,53.6,54.4,1130715
2021-05-28,55.7,55.7,56.7,55.0,55.1,1406003
2021-05-31,56.5,56.5,57.7,55.3,55.7,1476894
2021-06-01,56.7,56.7,57.4,56.6,57.2,924939
2021-06-02,55.9,55.9,57.4,55.9,57.0,1067892
2021-06-03,56.3,56.3,57.0,55.4,55.9,740392
2021-06-04,55.3,55.3,56.2,55.2,56.2,711992
2021-06-07,54.5,54.5,55.2,53.5,55.2,1270516
2021-06-08,55.1,55.1,55.6,54.7,55.1,457615
2021-06-09,55.4,55.4,56.3,55.1,55.1,701356
2021-06-10,56.2,56.2,56.9,55.4,55.4,709661
2021-06-11,56.8,56.8,57.2,56.3,57.0,892894
2021-06-15,58.3,58.3,58.5,57.3,57.3,1057648
2021-06-16,58.3,58.3,59.1,57.7,58.5,801832
2021-06-17,58.5,58.5,58.8,58.1,58.3,440963
2021-06-18,59.9,59.9,60.9,58.2,58.9,1325023
2021-06-21,59.5,59.5,60.0,58.9,60.0,1059499
2021-06-22,58.0,58.0,60.1,58.0,60.0,1567522
2021-06-23,60.3,60.3,60.8,58.2,58.2,1913577
2021-06-24,61.2,61.2,61.8,60.3,60.4,1578887
2021-06-25,61.1,61.1,61.6,60.5,61.2,1037097
2021-06-28,61.4,61.4,61.8,60.7,61.1,627351
2021-06-29,61.0,61.0,62.0,60.9,61.8,561334
2021-06-30,60.5,60.5,61.1,60.0,61.0,796077
2021-07-01,59.7,59.7,61.9,59.7,60.6,868678
2021-07-02,59.3,59.3,60.5,59.1,59.8,929814
2021-07-05,62.8,62.8,63.0,60.1,60.4,1942227
2021-07-06,60.7,60.7,62.2,60.6,62.1,1507536
2021-07-07,59.8,59.8,61.6,59.6,61.2,1245976
2021-07-08,59.7,59.7,60.8,59.4,60.4,897442
2021-07-09,59.3,59.3,60.5,59.2,59.3,741024
2021-07-12,60.0,60.0,60.5,59.7,60.5,503943
2021-07-13,60.7,60.7,62.8,60.7,62.5,2274414
2021-07-14,65.4,65.4,66.0,62.1,62.4,7712321
2021-07-15,64.3,64.3,67.0,64.0,66.5,4601346
2021-07-16,63.6,63.6,64.0,63.1,64.0,3283159
2021-07-19,59.8,59.8,61.7,59.8,60.7,2476637
2021-07-20,58.5,58.5,60.0,58.5,59.6,1595223
2021-07-21,60.6,60.6,61.0,58.8,59.6,2213305
2021-07-22,62.3,62.3,62.9,60.6,61.2,2936942
2021-07-23,60.5,60.5,62.9,60.3,62.4,1851883
2021-07-26,59.7,59.7,61.0,59.5,60.8,1590546
2021-07-27,59.6,59.6,60.7,59.5,59.5,1230603
2021-07-28,58.5,58.5,60.0,57.1,59.7,1895941
2021-07-29,58.3,58.3,59.2,57.8,59.2,1167662
2021-07-30,57.7,57.7,59.7,57.7,58.3,2060673
2021-08-02,58.5,58.5,58.5,57.1,57.8,855212
2021-08-03,59.7,59.7,59.7,58.3,58.3,1616652
2021-08-04,61.0,61.0,61.3,59.2,59.7,1843725
2021-08-05,60.4,60.4,62.4,59.9,62.2,2615999
2021-08-06,61.0,61.0,61.0,60.1,60.9,876333
2021-08-09,59.8,59.8,62.1,59.8,62.1,1000016
2021-08-10,58.4,58.4,60.4,58.3,60.4,747540
2021-08-11,57.3,57.3,59.0,56.6,59.0,1137071
2021-08-12,57.7,57.7,58.0,57.2,57.8,396021
2021-08-13,55.6,55.6,58.1,55.6,57.7,1301323
2021-08-16,54.8,54.8,56.0,54.6,55.1,869065
2021-08-17,54.5,54.5,55.2,54.5,54.8,582721
2021-08-18,56.5,56.5,56.9,53.6,54.9,1998842
2021-08-19,54.4,54.4,56.0,54.2,56.0,553358
2021-08-20,54.1,54.1,55.8,54.0,55.5,754693
2021-08-23,58.3,58.3,58.8,55.3,55.5,1546661
2021-08-24,57.2,57.2,58.6,57.1,58.0,487001
2021-08-25,60.7,60.7,61.2,57.6,57.6,2164493
2021-08-26,59.5,59.5,60.3,59.3,60.1,611352
2021-08-27,59.1,59.1,59.5,59.0,59.5,341454
2021-08-30,60.1,60.1,60.5,59.5,59.5,825622
2021-08-31,62.0,62.0,62.3,60.3,61.4,3468656
2021-09-01,65.8,65.8,66.5,61.5,61.6,9494851
2021-09-02,68.6,68.6,69.2,66.2,66.5,22955441
2021-09-03,70.5,70.5,70.5,68.8,69.2,19937502
2021-09-06,68.4,68.4,70.0,67.0,70.0,7400497
2021-09-07,69.9,69.9,70.0,65.0,66.4,16054800
2021-09-08,66.8,66.8,69.9,65.0,69.9,11081620
2021-09-09,71.5,71.5,72.3,65.9,66.3,24429509
2021-09-10,73.1,73.1,74.2,70.0,73.0,28279068
2021-09-13,73.0,73.0,73.8,71.2,73.0,8986117
2021-09-14,70.3,70.3,72.9,70.3,72.2,7213672
2021-09-15,68.9,68.9,70.2,64.9,70.1,16388525
2021-09-16,67.0,67.0,69.9,66.5,68.4,6636907
2021-09-17,68.7,68.7,69.3,66.2,66.3,4378986
2021-09-22,68.3,68.3,69.8,67.0,67.0,4938326
2021-09-23,69.0,69.0,69.6,67.8,68.4,3494721
2021-09-24,71.3,71.3,72.0,68.4,69.6,9775764
2021-09-27,73.1,73.1,75.8,71.4,72.5,30166698
2021-09-28,72.6,72.6,74.9,71.7,73.0,10639211
2021-09-29,69.5,69.5,71.4,69.2,70.2,5972479
2021-09-30,68.0,68.0,70.4,68.0,69.7,4889289
2021-10-01,65.1,65.1,69.0,65.0,68.3,6479851
2021-10-04,65.0,65.0,67.2,64.8,65.9,4130977
2021-10-05,68.7,68.7,68.7,64.5,65.0,5128209
2021-10-06,68.7,68.7,69.5,67.8,68.1,2947067
2021-10-07,70.8,70.8,71.7,69.6,70.0,5924835
2021-10-08,70.8,70.8,72.5,70.4,71.7,4287935
2021-10-12,72.0,72.0,72.3,70.5,71.0,4984601
2021-10-13,70.8,70.8,72.5,70.4,71.5,3657846
2021-10-14,73.9,73.9,74.5,71.2,71.5,12673507
2021-10-15,76.0,76.0,76.8,73.2,75.6,18629896
2021-10-18,77.3,77.3,77.5,74.7,75.2,7128806
2021-10-19,78.5,78.5,79.1,76.7,78.5,7516009
2021-10-20,77.9,77.9,80.3,77.3,77.7,10655151
2021-10-21,78.2,78.2,80.0,77.5,79.0,7618825
2021-10-22,80.8,80.8,83.0,78.3,79.2,13127532
2021-10-25,77.5,77.5,80.7,77.3,80.7,9590447
2021-10-26,75.1,75.1,77.8,74.3,76.6,11477802
2021-10-27,75.6,75.6,76.7,74.2,75.3,5309469
2021-10-28,74.4,74.4,75.6,73.7,75.0,3801214
2021-10-29,78.0,78.0,78.3,74.1,74.1,5718203
2021-11-01,80.0,80.0,80.2,76.9,78.1,6285281
2021-11-02,76.3,76.3,80.5,75.2,80.0,7876383
2021-11-03,79.9,79.9,80.5,76.2,76.2,6110534
2021-11-04,84.8,84.8,85.1,80.3,80.3,16592397
2021-11-05,85.0,85.0,86.3,80.8,85.5,13445229
2021-11-08,85.1,85.1,87.0,83.0,84.4,8960571
2021-11-09,93.6,93.6,93.6,85.4,86.0,15786969
2021-11-10,92.3,92.3,95.0,90.1,93.6,24151134
2021-11-11,101.5,101.5,101.5,93.1,93.2,17168735
2021-11-12,98.9,98.9,102.5,98.9,100.5,16689260
2021-11-15,103.5,103.5,107.0,99.6,103.5,11732368
2021-11-16,100.5,100.5,103.0,96.8,103.0,10851960
2021-11-17,103.0,103.0,105.0,99.2,101.0,6964149
2021-11-18,103.0,103.0,104.5,99.5,102.0,6153595
2021-11-19,103.0,103.0,112.5,101.0,104.0,13810092
2021-11-22,102.5,102.5,111.0,101.5,105.0,16421501
2021-11-23,99.0,99.0,105.5,99.0,103.5,8323673
2021-11-24,101.5,101.5,104.0,99.2,99.9,5580793
2021-11-25,100.0,100.0,103.0,99.8,101.0,7534579
2021-11-26,101.5,101.5,103.5,98.4,100.0,4166998
2021-11-29,104.0,104.0,104.5,98.0,99.8,6466382
2021-11-30,114.0,114.0,114.0,105.0,105.5,24580569
2021-12-01,103.0,103.0,113.0,103.0,110.5,20240818
2021-12-02,98.3,98.3,103.0,94.6,99.8,24251061
2021-12-03,96.3,96.3,99.9,95.0,98.0,12377671
2021-12-06,95.6,95.6,98.4,95.4,97.0,5249852
2021-12-07,93.6,93.6,97.2,93.4,95.6,5136801
2021-12-08,95.4,95.4,96.4,94.5,94.8,3020617
2021-12-09,95.0,95.0,98.0,95.0,97.0,3628767
2021-12-10,95.1,95.1,96.2,93.4,95.0,2075070
2021-12-13,95.2,95.2,96.8,94.8,95.5,3041175
2021-12-14,94.2,94.2,96.7,94.2,95.4,2952375
2021-12-15,96.0,96.0,97.2,94.5,94.9,2226269
2021-12-16,102.5,102.5,104.0,97.0,97.0,16571765
2021-12-17,108.0,108.0,108.5,99.6,101.0,16699225
2021-12-20,114.0,114.0,118.5,107.0,109.0,23529049
2021-12-21,118.0,118.0,118.5,112.5,114.5,15804069
2021-12-22,117.5,117.5,122.0,113.5,119.0,14794346
2021-12-23,129.0,129.0,129.0,119.5,121.0,23838290
2021-12-24,123.0,123.0,129.5,117.5,129.0,15732155
2021-12-27,124.0,124.0,124.0,118.5,122.0,8978310
2021-12-28,127.0,127.0,127.5,123.0,124.5,8397423
2021-12-29,129.0,129.0,130.5,123.0,127.5,11916464
2021-12-30,130.5,130.5,132.5,126.5,127.0,8882249
2022-01-03,134.5,134.5,136.0,128.5,133.0,7804652
2022-01-04,132.5,132.5,135.5,130.0,135.0,6739066
2022-01-05,128.5,128.5,138.0,125.5,133.0,14970672
2022-01-06,137.0,137.0,138.0,126.0,127.5,13824149
2022-01-07,125.0,125.0,135.0,124.5,134.5,8954646
2022-01-10,129.0,129.0,134.5,121.5,124.0,9022287
2022-01-11,129.0,129.0,133.5,126.0,128.0,8532145
2022-01-12,126.5,126.5,132.0,123.5,129.5,8342459
2022-01-13,122.5,122.5,128.5,118.0,126.0,9902856
2022-01-14,126.0,126.0,126.5,119.5,121.5,7483231
2022-01-17,127.5,127.5,127.5,121.5,124.0,7064068
2022-01-18,123.0,123.0,131.0,122.5,125.5,7872926
2022-01-19,124.5,124.5,125.0,120.5,121.5,3890460
2022-01-20,125.5,125.5,126.5,122.0,122.5,3903127
2022-01-21,121.0,121.0,126.0,119.0,124.0,3947827
2022-01-24,119.0,119.0,122.0,116.0,119.5,4617272
2022-01-25,115.0,115.0,120.5,115.0,119.5,5515986
2022-01-26,113.5,113.5,117.5,113.5,115.5,4143881
2022-02-07,117.0,117.0,118.0,111.5,116.0,5685500
2022-02-08,105.5,105.5,116.0,105.5,115.0,15120240
2022-02-09,105.5,105.5,107.0,102.5,105.0,12846053
2022-02-10,104.5,104.5,107.0,103.5,106.0,4480432
2022-02-11,107.0,107.0,108.0,103.5,104.0,4747354
2022-02-14,102.0,102.0,108.0,101.0,107.0,6186009
2022-02-15,102.0,102.0,105.5,102.0,103.0,2637962
2022-02-16,105.5,105.5,107.0,104.0,105.0,3865680
2022-02-17,104.0,104.0,107.0,104.0,106.5,3150239
2022-02-18,103.0,103.0,105.0,102.0,103.0,2816522
2022-02-21,104.0,104.0,104.5,102.0,103.5,1946171
2022-02-22,101.0,101.0,103.5,100.0,103.5,2712138
2022-02-23,104.0,104.0,104.5,102.0,102.0,2633915
2022-02-24,100.5,100.5,103.5,98.8,102.5,3328888
2022-02-25,99.4,99.4,102.5,98.0,101.5,3560280
2022-03-01,99.9,99.9,102.0,99.6,101.5,2367530
2022-03-02,98.6,98.6,100.5,98.1,100.0,2075047
2022-03-03,96.0,96.0,99.2,95.2,99.1,7518063
2022-03-04,92.3,92.3,96.0,92.2,95.2,6041540
2022-03-07,90.8,90.8,92.5,88.5,91.0,9111403
2022-03-08,89.6,89.6,93.0,89.6,89.9,3907276
2022-03-09,91.8,91.8,92.2,88.7,89.9,3029223
2022-03-10,94.8,94.8,95.5,92.4,93.0,3781546
2022-03-11,94.6,94.6,95.2,93.9,94.4,1261294
2022-03-14,93.6,93.6,95.2,93.0,94.1,1668253
2022-03-15,89.4,89.4,95.5,89.4,94.9,2724552
2022-03-16,89.6,89.6,91.5,88.7,91.3,1311455
2022-03-17,93.7,93.7,93.9,90.9,92.0,2308461
2022-03-18,94.2,94.2,94.9,92.6,93.7,1398858
2022-03-21,97.5,97.5,98.6,95.2,95.2,3710124
2022-03-22,102.5,102.5,103.5,96.3,98.8,9357266
2022-03-23,102.5,102.5,105.5,100.0,102.5,8856662
2022-03-24,107.5,107.5,108.0,101.5,102.5,11571411
2022-03-25,104.5,104.5,108.5,104.0,108.0,7673594
2022-03-28,105.5,105.5,105.5,100.5,103.0,5207693
2022-03-29,105.5,105.5,107.5,104.0,106.5,4364369
2022-03-30,105.5,105.5,108.0,104.5,106.5,6452869
2022-03-31,106.0,106.0,109.0,104.0,106.5,6631671
2022-04-01,103.5,103.5,107.5,103.0,105.5,5474327
2022-04-06,103.0,103.0,104.5,101.5,102.0,2514020
2022-04-07,102.0,102.0,104.5,101.0,101.5,3461541
2022-04-08,101.0,101.0,104.0,100.5,103.0,2273720
2022-04-11,98.8,98.8,102.0,97.5,102.0,3608965
2022-04-12,102.0,102.0,102.0,98.1,99.0,2060798
2022-04-13,103.5,103.5,104.0,100.5,101.0,2307579
2022-04-14,103.5,103.5,105.0,103.0,103.5,1329959
2022-04-15,99.4,99.4,103.5,99.0,103.5,1871606
2022-04-18,99.6,99.6,101.0,97.8,99.4,1102679
2022-04-19,102.5,102.5,103.0,101.0,101.0,1173160
2022-04-20,105.0,105.0,105.5,102.5,103.5,1977996
2022-04-21,105.0,105.0,106.0,103.5,105.0,1567724
2022-04-22,94.5,94.5,106.5,94.5,105.0,10900987
2022-04-25,94.8,94.8,95.0,90.1,93.5,5185388
2022-04-26,94.3,94.3,95.4,90.4,94.0,3786884
2022-04-27,94.0,94.0,94.0,91.5,92.0,2067572
2022-04-28,93.9,93.9,95.0,92.5,93.2,796762
2022-04-29,95.4,95.4,97.2,94.9,95.0,1399644
2022-05-03,97.2,97.2,97.2,95.1,95.1,852852
2022-05-04,100.0,100.0,101.5,98.1,98.1,2573121
2022-05-05,104.0,104.0,105.0,98.8,100.0,5283694
2022-05-06,99.7,99.7,103.0,99.3,100.0,3194502
2022-05-09,97.2,97.2,101.0,97.2,99.8,2764337
2022-05-10,95.2,95.2,98.3,94.2,98.0,2849219
2022-05-11,96.2,96.2,96.7,92.7,95.5,2085788
2022-05-12,92.8,92.8,96.2,92.8,95.4,1298002
2022-05-13,93.0,93.0,94.3,92.9,93.1,988068
2022-05-16,93.7,93.7,95.5,93.4,94.4,1087805
2022-05-17,94.4,94.4,95.0,93.8,94.2,590465
2022-05-18,94.0,94.0,96.2,93.3,95.0,2270533
2022-05-19,91.7,91.7,92.4,88.6,92.0,4072242
2022-05-20,92.9,92.9,93.5,91.9,92.2,1066008
2022-05-23,91.7,91.7,94.3,91.7,93.5,810249
2022-05-24,88.6,88.6,92.3,88.6,92.1,2082175
2022-05-25,88.6,88.6,90.0,86.9,89.9,2649555
2022-05-26,88.1,88.1,89.5,87.5,88.6,1757975
2022-05-27,87.2,87.2,89.1,87.2,88.8,1267236
2022-05-30,87.6,87.6,88.4,87.1,87.9,1441332
2022-05-31,91.2,91.2,91.8,87.7,87.7,2560719
2022-06-01,89.8,89.8,91.9,89.5,91.2,1921977
2022-06-02,88.1,88.1,90.4,87.8,90.0,2109843
2022-06-06,86.3,86.3,88.4,86.1,88.4,1829626
2022-06-07,86.4,86.4,88.3,86.4,87.4,1662581
2022-06-08,85.5,85.5,87.1,85.4,86.5,1513432
2022-06-09,83.9,83.9,85.5,83.7,85.5,2032654
2022-06-10,83.2,83.2,84.0,82.7,83.5,1385097
2022-06-13,79.7,79.7,81.2,78.0,81.1,5000132
2022-06-14,78.5,78.5,80.2,78.3,79.8,2672425
2022-06-15,75.7,75.7,78.7,75.5,78.7,4111997
2022-06-16,74.5,74.5,77.2,74.5,77.2,1891032
2022-06-17,74.0,74.0,74.0,71.3,72.0,3876615
2022-06-20,72.9,72.9,75.0,72.0,74.0,3009686
2022-06-21,74.2,74.2,74.4,72.6,74.0,2375851
2022-06-22,71.4,71.4,74.4,71.4,74.4,2379502
2022-06-23,71.7,71.7,73.2,69.6,73.2,2172757
2022-06-24,72.3,72.3,73.6,71.9,72.6,1170110
2022-06-27,74.0,74.0,74.9,73.3,73.5,1329666
2022-06-28,72.6,72.6,74.0,72.4,74.0,1000633
2022-06-29,72.1,72.1,72.5,71.5,72.1,998637
2022-06-30,69.3,69.3,72.4,69.3,72.4,1449981
2022-07-01,65.6,65.6,70.0,65.6,70.0,2235993
2022-07-04,66.4,66.4,67.0,65.4,67.0,2389277
2022-07-05,64.7,64.7,66.4,60.1,66.0,6668580
2022-07-06,61.8,61.8,65.5,61.8,64.8,3114518
2022-07-07,64.3,64.3,64.6,61.2,62.3,2303480
2022-07-08,65.8,65.8,66.6,64.6,64.6,1469444
2022-07-11,62.2,62.2,63.2,62.0,63.2,682408
2022-07-12,60.5,60.5,62.1,59.6,62.0,1251306
2022-07-13,59.0,59.0,61.7,59.0,61.6,2255928
2022-07-14,62.3,62.3,62.7,58.9,59.0,1560855
2022-07-15,62.5,62.5,62.7,61.6,61.7,890179
2022-07-18,63.0,63.0,63.6,62.6,62.6,936042
2022-07-19,62.3,62.3,63.0,62.3,62.6,643979
2022-07-20,63.4,63.4,64.5,63.2,63.4,1135031
2022-07-21,64.2,64.2,64.4,62.8,64.1,1131763
2022-07-22,63.3,63.3,65.5,63.0,64.7,1221334
2022-07-25,63.1,63.1,63.8,62.5,63.4,438293
2022-07-26,61.1,61.1,63.1,60.7,63.0,790023
2022-07-27,61.3,61.3,61.5,60.3,60.7,454771
2022-07-28,60.8,60.8,62.3,60.3,62.2,587663
2022-07-29,61.0,61.0,61.3,60.6,61.0,371617
2022-08-01,59.7,59.7,61.2,59.4,61.0,809512
2022-08-02,57.7,57.7,59.6,57.0,59.6,1110016
2022-08-03,56.6,56.6,58.2,56.1,57.5,959640
2022-08-04,55.7,55.7,56.9,54.4,56.6,2088551
2022-08-05,56.7,56.7,57.3,55.4,55.8,1266495
2022-08-08,56.0,56.0,56.3,54.0,54.8,1705643
2022-08-09,55.7,55.7,55.9,54.0,55.8,2402537
2022-08-10,55.9,55.9,56.3,54.6,54.8,1429313
2022-08-11,55.8,55.8,56.7,55.7,56.5,1059239
2022-08-12,56.8,56.8,57.0,55.7,56.0,690276
2022-08-15,58.2,58.2,58.7,56.9,57.4,952623
2022-08-16,56.8,56.8,58.2,56.8,58.2,900435
2022-08-17,56.3,56.3,57.5,56.1,56.8,743324
2022-08-18,61.9,61.9,61.9,58.2,58.2,1741841
2022-08-19,62.3,62.3,64.2,59.3,63.9,15118299
2022-08-22,62.8,62.8,65.5,61.0,61.2,8586756
2022-08-23,60.9,60.9,62.2,60.3,62.2,4119707
2022-08-24,58.9,58.9,61.1,58.4,61.0,4370685
2022-08-25,59.0,59.0,60.0,58.9,59.2,2198558
2022-08-26,60.6,60.6,61.0,59.4,59.4,2944492
2022-08-29,59.2,59.2,59.2,57.8,58.3,2413142
2022-08-30,61.1,61.1,62.0,59.0,59.1,5174707
2022-08-31,61.8,61.8,61.9,60.8,61.1,2704571
2022-09-01,60.5,60.5,61.4,59.7,61.2,2042920
2022-09-02,60.9,60.9,61.9,60.6,60.8,3375921
2022-09-05,57.8,57.8,60.7,57.4,60.4,4327282
2022-09-06,58.1,58.1,60.8,57.8,58.9,4948516
2022-09-07,56.6,56.6,58.1,56.3,58.1,2028189
2022-09-08,57.7,57.7,57.7,56.6,57.2,1543144
2022-09-12,58.0,58.0,58.8,57.0,58.0,2108551
2022-09-13,58.9,58.9,59.4,58.5,58.5,3097127
2022-09-14,58.0,58.0,58.0,57.3,57.7,2122642
2022-09-15,60.3,60.3,60.7,57.6,58.0,4207187
2022-09-16,58.9,58.9,60.7,58.7,59.8,2383909
2022-09-19,57.3,57.3,59.2,57.3,59.2,1637861
2022-09-20,57.8,57.8,58.0,56.9,58.0,1293637
2022-09-21,56.8,56.8,57.9,56.8,57.5,868500
2022-09-22,55.7,55.7,56.5,55.5,56.1,1733000
2022-09-23,54.6,54.6,56.3,54.0,55.7,2284385
2022-09-26,51.3,51.3,54.4,50.8,54.1,2768871
2022-09-27,53.6,53.6,53.6,51.0,51.7,1507913
2022-09-28,49.5,49.5,53.2,49.5,53.1,2236441
2022-09-29,49.8,49.8,51.2,49.65,50.6,1104529
2022-09-30,49.8,49.8,49.95,48.0,49.0,1397919
2022-10-03,49.8,49.8,50.2,48.75,48.85,1061824
2022-10-04,51.4,51.4,51.4,50.4,50.8,1246393
2022-10-05,51.7,51.7,52.9,51.4,52.4,2013381
2022-10-06,52.2,52.2,52.9,51.4,52.7,1933878
2022-10-07,52.6,52.6,53.4,51.9,52.2,1300782
2022-10-11,48.85,48.85,51.4,48.85,51.4,2515011
2022-10-12,49.55,49.55,49.9,48.5,48.9,1061727
2022-10-13,46.25,46.25,50.0,46.2,49.65,2480337
2022-10-14,49.15,49.15,49.15,47.85,48.2,1642716
2022-10-17,49.45,49.45,49.45,47.6,48.3,1439567
2022-10-18,51.5,51.5,52.0,50.5,50.9,3066373
2022-10-19,51.6,51.6,53.9,51.5,52.6,5775214
2022-10-20,50.3,50.3,51.2,49.55,50.7,2343181
2022-10-21,50.3,50.3,51.4,49.75,50.3,1618994
2022-10-24,51.0,51.0,52.4,51.0,51.7,2545501
2022-10-25,50.0,50.0,51.2,49.9,50.6,1419223
2022-10-26,48.2,48.2,50.5,48.2,50.2,1527043
2022-10-27,49.35,49.35,49.4,48.5,48.6,1381005
2022-10-28,48.3,48.3,49.5,48.3,49.15,947824
2022-10-31,49.4,49.4,49.65,48.75,49.0,910482
2022-11-01,50.7,50.7,50.8,49.35,49.6,1530580
2022-11-02,51.9,51.9,52.9,50.4,50.9,3653705
2022-11-03,53.1,53.1,53.5,50.9,51.2,4148614
2022-11-04,53.5,53.5,54.2,52.8,53.8,5458339
2022-11-07,53.5,53.5,53.8,52.8,53.7,2760404
2022-11-08,54.4,54.4,56.3,53.8,53.9,6058499
2022-11-09,55.9,55.9,56.1,54.6,55.0,3505423
2022-11-10,55.1,55.1,56.4,54.7,55.2,2273619
2022-11-11,53.1,53.1,56.0,53.0,55.3,7740970
2022-11-14,54.2,54.2,54.2,52.8,53.2,2056713
2022-11-15,54.8,54.8,54.9,53.8,53.8,1783518
2022-11-16,55.2,55.2,56.0,54.3,55.1,2347717
2022-11-17,55.9,55.9,56.4,55.1,55.2,2029568
2022-11-18,55.3,55.3,57.6,54.7,56.5,4137453
2022-11-21,54.3,54.3,55.4,54.3,55.0,1070667
2022-11-22,55.8,55.8,56.1,54.0,54.8,2498197
2022-11-23,56.6,56.6,56.7,55.6,56.4,1996249
2022-11-24,58.4,58.4,58.4,56.1,57.2,5059963
2022-11-25,57.0,57.0,58.6,56.5,58.5,2778375
2022-11-28,59.3,59.3,60.8,55.9,56.1,7085870
2022-11-29,59.5,59.5,60.1,58.2,58.8,3644971
2022-11-30,59.9,59.9,60.4,59.0,59.3,2811548
2022-12-01,60.1,60.1,61.2,60.1,60.5,2619726
2022-12-02,60.8,60.8,61.9,60.0,60.2,2791742
2022-12-05,61.0,61.0,61.3,60.5,61.1,1693072
2022-12-06,59.5,59.5,60.6,59.2,60.1,3033492
2022-12-07,58.5,58.5,60.4,58.4,59.3,1860110
2022-12-08,58.5,58.5,59.4,58.2,58.5,761023
2022-12-09,58.7,58.7,59.7,58.5,59.2,917498
2022-12-12,59.5,59.5,59.6,57.6,58.7,1107138
2022-12-13,59.2,59.2,60.0,58.7,59.9,1142001
2022-12-14,59.8,59.8,60.1,59.0,59.7,857731
2022-12-15,58.9,58.9,60.1,58.9,60.0,672351
2022-12-16,57.5,57.5,58.3,57.1,58.0,1696879
2022-12-19,56.7,56.7,57.3,56.6,57.1,584366
2022-12-20,55.1,55.1,57.0,54.5,56.7,1382030
2022-12-21,54.6,54.6,55.2,54.5,55.1,564445
2022-12-22,54.9,54.9,55.5,54.8,55.5,422607
2022-12-23,54.5,54.5,55.2,53.6,55.2,592910
2022-12-26,54.6,54.6,55.1,54.3,54.9,320712
2022-12-27,54.9,54.9,55.2,54.7,55.1,576172
2022-12-28,53.6,53.6,55.0,53.6,54.8,523140
2022-12-29,53.3,53.3,53.4,52.4,53.1,357135
2022-12-30,53.3,53.3,54.1,52.5,53.7,411642
2023-01-03,53.6,53.6,53.6,52.6,53.1,429550
2023-01-04,53.5,53.5,54.3,53.3,53.8,459429
2023-01-05,53.8,53.8,54.4,53.7,53.8,581193
2023-01-06,54.1,54.1,54.3,53.1,53.4,363057
2023-01-09,54.9,54.9,55.3,54.6,54.7,740942
2023-01-10,55.2,55.2,55.5,54.7,54.9,394588
2023-01-11,56.2,56.2,56.3,55.3,55.5,609564
2023-01-12,55.7,55.7,56.2,55.6,56.2,372250
2023-01-13,54.8,54.8,56.0,54.7,55.9,424690
2023-01-16,54.6,54.6,55.1,54.3,55.0,322060
2023-01-17,55.0,55.0,55.3,54.8,54.8,285214
2023-01-30,56.7,56.7,57.0,55.7,55.7,798827
2023-01-31,58.1,58.1,58.8,56.7,56.7,1222724
2023-02-01,59.2,59.2,59.2,57.9,58.8,838027
2023-02-02,60.2,60.2,60.5,59.1,59.4,2008941
2023-02-03,59.8,59.8,60.6,59.6,60.6,1105308
2023-02-06,59.8,59.8,60.2,59.4,59.8,728189
2023-02-07,60.6,60.6,61.2,60.1,60.2,1513027
2023-02-08,60.4,60.4,61.4,60.4,61.1,750619
2023-02-09,60.0,60.0,60.4,59.8,60.3,481140
2023-02-10,59.0,59.0,60.0,58.7,60.0,766035
2023-02-13,59.6,59.6,59.9,58.2,58.5,546988
2023-02-14,59.3,59.3,60.0,58.7,59.8,410195
2023-02-15,59.4,59.4,59.8,59.0,59.3,357929
2023-02-16,60.3,60.3,60.6,59.7,59.7,781824
2023-02-17,61.6,61.6,61.8,59.7,59.7,1173732
2023-02-20,64.9,64.9,65.3,62.2,63.0,4477969
2023-02-21,64.5,64.5,64.8,63.3,64.4,2281714
2023-02-22,62.3,62.3,63.8,62.2,63.5,2089693
2023-02-23,62.8,62.8,63.3,62.0,62.5,1004195
2023-02-24,61.1,61.1,63.1,61.0,62.8,1278427
2023-03-01,58.7,58.7,60.3,57.9,60.3,2676711
2023-03-02,58.4,58.4,58.9,57.9,58.9,825794
2023-03-03,59.4,59.4,59.8,58.4,58.6,978828
2023-03-06,61.9,61.9,62.1,59.6,59.6,1646923
2023-03-07,62.3,62.3,63.1,61.7,61.9,861471
2023-03-08,61.2,61.2,61.9,61.2,61.8,1417049
2023-03-09,60.8,60.8,61.9,60.6,61.3,636902
2023-03-10,59.0,59.0,60.1,58.6,60.0,1195322
2023-03-13,58.6,58.6,58.9,57.3,58.4,686037
2023-03-14,57.0,57.0,58.0,57.0,58.0,899069
2023-03-15,56.5,56.5,57.6,56.4,57.6,1088140
2023-03-16,56.0,56.0,56.3,55.5,56.0,782047
2023-03-17,57.1,57.1,57.4,56.0,56.7,630368
2023-03-20,57.7,57.7,58.0,56.8,57.0,572023
2023-03-21,58.2,58.2,58.4,57.9,58.3,300605
2023-03-22,58.9,58.9,59.2,58.4,58.4,718725
2023-03-23,59.4,59.4,59.6,58.5,58.8,476857
2023-03-24,59.8,59.8,59.9,59.1,59.4,419289
2023-03-27,60.4,60.4,61.0,59.8,60.0,891908
2023-03-28,59.8,59.8,60.6,59.3,60.4,506804
2023-03-29,59.6,59.6,60.3,59.3,60.2,284546
2023-03-30,59.2,59.2,59.9,58.4,59.5,1002547
2023-03-31,59.2,59.2,59.7,59.0,59.5,427531
2023-04-06,60.1,60.1,60.3,58.5,59.5,949168
2023-04-07,59.8,59.8,61.2,59.5,60.8,1490556
2023-04-10,59.0,59.0,60.2,58.5,59.8,863448
2023-04-11,62.1,62.1,62.6,59.0,59.0,5195977
2023-04-12,63.6,63.6,63.6,61.3,62.1,5463592
2023-04-13,61.5,61.5,63.6,61.0,63.6,5875216
2023-04-14,61.7,61.7,62.3,61.4,61.6,1116413
2023-04-17,61.4,61.4,61.6,60.9,61.3,949274
2023-04-18,60.4,60.4,62.2,60.3,62.2,1838248
2023-04-19,59.8,59.8,60.9,59.8,60.9,1081016
2023-04-20,58.4,58.4,59.9,58.4,59.5,951490
2023-04-21,56.7,56.7,58.9,56.3,58.7,1599993
2023-04-24,56.2,56.2,57.2,56.2,56.2,621088
2023-04-25,53.9,53.9,56.7,53.5,56.7,1859702
2023-04-26,54.3,54.3,54.7,52.9,53.7,706912
2023-04-27,54.3,54.3,54.9,53.4,54.5,705528
2023-04-28,55.1,55.1,55.1,54.1,55.0,659358
2023-05-02,54.9,54.9,55.6,54.6,55.5,455934
2023-05-03,54.2,54.2,55.0,54.0,55.0,518284
2023-05-04,54.4,54.4,54.6,54.0,54.2,242162
2023-05-05,54.5,54.5,55.3,54.4,54.4,788740
2023-05-08,55.3,55.3,55.8,53.2,53.7,1404628
2023-05-09,54.9,54.9,55.6,54.6,54.7,360866
2023-05-10,55.9,55.9,56.2,54.7,55.0,463483
2023-05-11,55.1,55.1,56.2,54.8,56.2,612215
2023-05-12,55.5,55.5,56.0,54.8,55.0,310673
2023-05-15,55.6,55.6,56.2,55.4,55.5,313840
2023-05-16,57.2,57.2,57.6,55.8,55.8,951332
2023-05-17,59.7,59.7,61.0,57.8,57.8,3263020
2023-05-18,59.1,59.1,60.1,59.1,59.7,1341311
2023-05-19,59.6,59.6,60.3,59.4,59.8,1352525
2023-05-22,61.5,61.5,62.7,60.2,60.5,4055862
2023-05-23,61.4,61.4,62.1,60.0,62.0,1082963
2023-05-24,61.5,61.5,61.5,60.5,61.1,706800
2023-05-25,61.3,61.3,62.2,61.0,61.9,910033
2023-05-26,60.8,60.8,61.8,60.7,61.5,847127
2023-05-29,60.8,60.8,62.5,60.1,61.5,2387592
2023-05-30,61.8,61.8,61.9,60.8,61.5,1577682
2023-05-31,63.0,63.0,63.5,62.3,62.5,3367586
2023-06-01,62.2,62.2,63.1,61.8,63.0,1023594
2023-06-02,61.7,61.7,62.5,61.2,62.5,946257
2023-06-05,63.8,63.8,63.9,62.0,62.6,2675507
2023-06-06,64.8,64.8,66.3,63.1,63.6,4515335
2023-06-07,64.7,64.7,65.3,63.4,64.8,1698637
2023-06-08,64.7,64.7,65.8,64.0,64.7,1188367
2023-06-09,64.1,64.1,65.5,63.9,65.2,1172185
2023-06-12,64.2,64.2,64.6,62.8,64.4,1133956
2023-06-13,63.5,63.5,64.6,63.5,64.6,854715
2023-06-14,62.2,62.2,64.1,61.8,63.8,1550181
2023-06-15,63.1,63.1,63.6,62.7,62.7,1193425
2023-06-16,62.3,62.3,63.9,62.3,63.1,728072
2023-06-19,61.7,61.7,63.0,61.6,62.1,452538
2023-06-20,60.8,60.8,61.7,60.3,61.7,1177639
2023-06-21,61.2,61.2,61.7,60.8,60.8,358085
2023-06-26,61.1,61.1,61.6,60.7,61.2,396958
2023-06-27,59.6,59.6,61.0,59.6,60.9,863127
2023-06-28,60.0,60.0,60.5,59.7,59.7,324587
2023-06-29,61.2,61.2,61.5,60.1,60.1,581880
2023-06-30,63.2,63.2,63.8,61.2,61.2,999512
2023-07-03,65.1,65.1,65.4,62.9,63.2,2241412
2023-07-04,70.2,70.2,71.6,65.1,65.1,7864907
2023-07-05,67.8,67.8,70.2,66.7,69.2,4640988
2023-07-06,65.8,65.8,66.7,62.7,66.5,3861666
2023-07-07,66.8,66.8,66.8,64.3,65.3,1653879
2023-07-10,66.0,66.0,67.2,65.2,66.0,1127535
2023-07-11,66.9,66.9,67.9,66.5,66.8,1274806
2023-07-12,67.0,67.0,67.4,66.1,67.0,1025689
2023-07-13,67.1,67.1,68.2,66.5,67.5,1834844
2023-07-14,66.0,66.0,68.0,65.8,67.7,1506521
2023-07-17,67.4,67.4,67.5,65.3,66.2,1720959
2023-07-18,66.0,66.0,68.0,65.8,67.6,1391768
2023-07-19,63.9,63.9,67.0,63.9,66.2,1488693
2023-07-20,65.1,65.1,65.8,64.2,64.2,548200
2023-07-21,63.2,63.2,64.6,62.9,64.6,947713
2023-07-24,62.6,62.6,63.8,62.3,63.8,500092
2023-07-25,63.4,63.4,64.4,62.6,62.6,656814
2023-07-26,61.9,61.9,63.4,61.8,63.4,737584
2023-07-27,63.1,63.1,63.3,62.1,63.0,544616
2023-07-28,62.4,62.4,63.8,62.2,63.7,658839
2023-07-31,62.0,62.0,63.4,61.2,63.2,911176
2023-08-01,61.4,61.4,62.8,60.9,62.1,1017155
2023-08-02,58.2,58.2,60.8,58.2,59.7,1479995
2023-08-04,57.7,57.7,58.9,57.2,58.9,508869
2023-08-07,61.0,61.0,61.7,58.7,59.9,1053125
2023-08-08,62.1,62.1,62.4,60.5,62.0,992698
2023-08-09,61.6,61.6,62.5,61.2,61.8,498865
2023-08-10,61.6,61.6,62.4,60.3,61.6,696492
2023-08-11,60.6,60.6,61.8,60.4,61.6,410306
2023-08-14,54.6,54.6,56.9,54.6,56.1,2171345
2023-08-15,52.7,52.7,54.1,51.3,52.3,2257131
2023-08-16,52.3,52.3,52.9,52.1,52.7,541394
2023-08-17,52.8,52.8,53.5,51.7,52.3,691234
2023-08-18,51.6,51.6,53.2,51.6,52.8,723215
2023-08-21,52.7,52.7,52.9,51.6,51.6,629772
2023-08-22,52.8,52.8,53.8,52.0,53.0,664041
2023-08-23,52.3,52.3,53.1,52.1,52.8,313027
2023-08-24,52.5,52.5,53.1,52.0,52.4,500851
2023-08-25,52.6,52.6,52.9,51.9,51.9,319556
2023-08-28,53.0,53.0,53.4,52.5,52.6,368181
2023-08-29,54.0,54.0,54.2,53.0,53.0,388427
2023-08-30,56.6,56.6,58.2,54.8,55.0,1618271
2023-08-31,57.1,57.1,57.7,56.5,56.6,854895
2023-09-01,57.7,57.7,58.4,57.2,57.2,607018
2023-09-04,58.8,58.8,59.8,57.8,57.8,1327859
2023-09-05,60.1,60.1,60.2,58.5,58.5,1313206
2023-09-06,57.0,57.0,60.0,56.3,60.0,2597327
2023-09-07,56.1,56.1,57.6,55.9,56.9,1378275
2023-09-08,56.6,56.6,56.8,55.3,56.0,688179
2023-09-11,55.1,55.1,56.6,54.5,56.6,1001207
2023-09-12,54.7,54.7,55.5,54.4,55.2,593575
2023-09-13,55.2,55.2,55.6,54.7,55.0,648344
2023-09-14,56.8,56.8,57.1,55.8,55.8,803650
2023-09-15,57.5,57.5,57.5,56.2,57.1,660795
2023-09-18,58.0,58.0,58.9,56.5,57.5,1333489
2023-09-19,58.5,58.5,58.7,58.2,58.3,351319
2023-09-20,57.1,57.1,58.5,57.1,58.2,486826
2023-09-21,56.9,56.9,57.3,56.6,57.1,372117
2023-09-22,56.8,56.8,57.1,56.5,56.7,234942
2023-09-25,57.3,57.3,57.9,56.8,56.8,187868
2023-09-26,56.6,56.6,57.5,56.6,56.8,202427
2023-09-27,55.0,55.0,56.5,54.7,56.5,841648
2023-09-28,56.3,56.3,56.8,55.5,55.8,305704
2023-10-02,57.8,57.8,58.0,56.3,56.3,491387
2023-10-03,57.2,57.2,58.0,57.0,57.7,193104
2023-10-04,57.0,57.0,57.0,56.4,56.4,194412
2023-10-05,56.7,56.7,57.5,56.7,57.0,234812
2023-10-06,52.7,52.7,54.7,52.6,53.3,2731835
2023-10-11,52.5,52.5,53.4,52.5,53.2,689164
2023-10-12,53.5,53.5,53.7,52.7,52.9,239755
2023-10-13,52.8,52.8,53.3,52.8,53.2,275684
2023-10-16,52.2,52.2,52.9,52.2,52.7,336517
2023-10-17,52.8,52.8,53.3,52.2,52.4,521039
2023-10-18,51.6,51.6,52.8,51.6,52.8,765460
2023-10-19,51.5,51.5,51.8,51.4,51.6,274145
2023-10-20,49.95,49.95,51.5,49.9,51.5,864698
2023-10-23,50.8,50.8,50.9,49.8,49.8,405469
2023-10-24,49.9,49.9,50.8,49.85,50.8,467300
2023-10-25,49.1,49.1,50.2,49.1,49.7,893899
2023-10-26,47.9,47.9,49.0,47.85,49.0,926312
2023-10-27,46.85,46.85,47.95,46.8,47.9,1145718
2023-10-30,47.5,47.5,48.3,46.8,46.85,1306498
2023-10-31,46.65,46.65,48.7,46.5,47.5,632833
2023-11-01,45.6,45.6,47.3,45.6,47.05,609024
2023-11-02,46.9,46.9,47.3,46.3,46.3,403687
2023-11-03,48.6,48.6,48.75,47.05,47.05,731746
2023-11-06,49.65,49.65,49.8,48.85,49.2,472302
2023-11-07,48.0,48.0,49.7,48.0,49.65,535453
2023-11-08,48.05,48.05,48.4,47.85,48.4,157420
2023-11-09,47.15,47.15,48.05,47.05,48.05,271728
2023-11-10,46.55,46.55,47.0,45.9,46.35,576520
2023-11-13,47.3,47.3,47.75,46.75,46.85,361623
2023-11-14,46.75,46.75,47.4,46.6,47.3,247070
2023-11-15,48.1,48.1,48.25,47.0,47.0,481630
2023-11-16,48.65,48.65,48.9,48.05,48.15,240163
2023-11-17,48.6,48.6,49.35,48.35,48.65,230499
2023-11-20,49.05,49.05,49.05,48.15,48.6,158511
2023-11-21,50.1,50.1,50.3,49.5,49.55,674397
2023-11-22,49.9,49.9,50.2,49.7,50.0,326609
2023-11-23,50.5,50.5,51.7,49.95,49.95,663224
2023-11-24,50.1,50.1,50.7,49.95,50.5,236683
2023-11-27,49.15,49.15,50.4,49.1,49.7,293407
2023-11-28,49.9,49.9,50.0,49.2,49.2,111000
2023-11-29,50.4,50.4,50.9,49.9,49.9,214243
2023-11-30,50.5,50.5,50.7,50.1,50.5,247278
2023-12-01,51.1,51.1,51.5,50.5,50.5,371392
2023-12-04,50.5,50.5,51.6,50.5,51.1,224741
2023-12-05,50.8,50.8,51.0,49.9,49.9,186425
2023-12-06,50.5,50.5,51.0,50.4,50.8,200989
2023-12-07,49.6,49.6,50.6,49.6,50.5,255788
2023-12-08,50.7,50.7,50.9,49.85,49.85,159241
2023-12-11,50.4,50.4,51.0,50.1,51.0,132822
2023-12-12,50.1,50.1,50.2,49.95,50.1,78730
2023-12-13,50.1,50.1,50.3,50.0,50.0,72443
2023-12-14,50.3,50.3,50.9,50.2,50.2,148733
2023-12-15,50.8,50.8,51.4,50.4,50.4,501296
2023-12-18,50.2,50.2,51.0,50.1,50.9,133203
2023-12-19,49.7,49.7,50.2,49.45,50.2,202511
2023-12-20,49.8,49.8,50.3,49.6,49.7,110361
2023-12-21,49.8,49.8,50.1,49.8,50.0,84358
2023-12-22,49.7,49.7,50.2,49.65,49.75,120295
2023-12-25,49.25,49.25,49.7,49.05,49.7,121233
2023-12-26,49.2,49.2,49.65,48.65,48.65,145115
2023-12-27,49.95,49.95,50.3,49.25,49.6,136955
2023-12-28,50.0,50.0,50.2,49.8,50.0,92632
2023-12-29,50.4,50.4,50.5,49.8,49.95,146125
2024-01-02,50.5,50.5,50.5,49.95,50.2,108209
2024-01-03,50.2,50.2,50.4,49.9,50.4,70382
2024-01-04,49.75,49.75,50.0,49.65,50.0,118380
2024-01-05,49.85,49.85,50.4,49.6,49.7,164073
2024-01-08,49.85,49.85,50.4,49.85,50.4,95983
2024-01-09,49.7,49.7,50.1,49.5,50.1,120539
2024-01-10,48.85,48.85,49.5,48.85,49.5,224190
2024-01-11,48.7,48.7,49.1,48.0,48.95,341675
2024-01-12,48.85,48.85,49.2,48.75,49.2,51414
2024-01-15,49.3,49.3,49.7,48.6,48.9,209255
2024-01-16,48.4,48.4,49.05,48.4,49.0,317290
2024-01-17,47.65,47.65,48.35,47.6,48.1,406936
2024-01-18,47.9,47.9,48.15,47.4,47.65,141988
2024-01-19,48.05,48.05,48.35,47.9,47.9,197359
2024-01-22,48.35,48.35,48.55,48.1,48.1,146408
2024-01-23,48.5,48.5,49.35,48.35,48.4,212140
2024-01-24,48.7,48.7,49.05,47.8,47.8,150106
2024-01-25,48.4,48.4,49.2,48.2,48.7,227472
2024-01-26,48.35,48.35,48.65,48.0,48.4,97212
2024-01-29,48.6,48.6,49.05,48.0,48.2,136024
2024-01-30,47.85,47.85,48.6,47.8,48.6,148589
2024-01-31,47.4,47.4,48.0,47.25,47.95,174725
2024-02-01,47.3,47.3,47.5,47.3,47.4,138463
2024-02-02,47.3,47.3,48.4,47.15,47.35,223489
2024-02-05,47.0,47.0,47.4,46.6,47.1,418261
2024-02-15,49.65,49.65,49.75,46.2,47.0,974007
2024-02-16,49.9,49.9,50.5,49.65,49.7,268347
2024-02-19,50.4,50.4,51.0,50.0,50.0,420346
2024-02-20,49.7,49.7,50.6,49.55,50.3,375795
2024-02-21,49.9,49.9,50.2,49.7,49.75,227542
2024-02-22,49.75,49.75,50.2,49.65,50.1,195859
2024-02-23,48.8,48.8,50.0,48.8,49.75,379358
2024-02-26,47.4,47.4,48.8,47.3,48.8,704684
2024-02-27,46.8,46.8,47.85,46.6,47.4,663994
2024-02-29,45.9,45.9,46.4,45.2,46.2,1449661
2024-03-01,45.45,45.45,46.35,45.3,46.0,1124641
2024-03-04,44.65,44.65,45.65,44.1,45.5,978452
2024-03-05,42.9,42.9,44.65,42.75,44.3,1928464
2024-03-06,43.75,43.75,45.65,42.2,42.95,2370331
2024-03-07,43.6,43.6,45.45,43.5,44.1,1678586
2024-03-08,42.35,42.35,43.9,42.2,43.75,1460522
2024-03-11,42.65,42.65,44.25,42.55,42.95,1291790
2024-03-12,42.15,42.15,43.35,42.05,43.25,1969547
2024-03-13,40.2,40.2,42.4,40.2,42.1,2229651
2024-03-14,41.25,41.25,41.35,39.8,40.15,1093816
2024-03-15,40.45,40.45,41.6,40.35,41.3,859742
2024-03-18,41.7,41.7,41.85,40.05,40.45,1166848
2024-03-19,41.15,41.15,41.6,40.9,41.55,688272
2024-03-20,41.0,41.0,41.65,40.75,41.15,439190
2024-03-21,41.55,41.55,41.7,41.1,41.3,539447
2024-03-22,41.65,41.65,41.8,41.25,41.45,614230
2024-03-25,42.2,42.2,42.3,41.7,41.75,532202
2024-03-26,40.7,40.7,42.5,40.65,42.2,823905
2024-03-27,40.6,40.6,41.0,40.5,40.6,494806
2024-03-28,40.1,40.1,40.8,39.9,40.55,988974
2024-03-29,40.35,40.35,40.6,39.7,40.25,1261385
2024-04-01,40.25,40.25,41.05,40.1,40.7,629098
2024-04-02,39.35,39.35,40.25,39.35,40.25,1255989
2024-04-03,39.0,39.0,39.4,38.85,39.25,628915
2024-04-08,39.5,39.5,39.7,38.7,39.0,628835
2024-04-09,39.9,39.9,40.3,39.6,39.6,520892
2024-04-10,40.0,40.0,40.45,39.75,40.05,359341
2024-04-11,39.75,39.75,40.3,39.6,39.95,277351
2024-04-12,39.35,39.35,39.95,39.25,39.75,516259
2024-04-15,39.65,39.65,40.45,39.4,39.4,409105
2024-04-16,38.05,38.05,39.4,38.05,39.4,888542
2024-04-17,39.75,39.75,39.75,38.2,38.25,427180
2024-04-18,39.5,39.5,39.95,39.0,39.7,329018
2024-04-19,38.4,38.4,39.3,37.65,39.3,716086
2024-04-22,38.55,38.55,38.95,38.45,38.7,346173
2024-04-23,39.2,39.2,39.75,38.55,38.55,246825
2024-04-24,39.65,39.65,39.95,39.35,39.35,268038
2024-04-25,39.55,39.55,40.1,39.5,39.65,285998
2024-04-26,39.2,39.2,39.95,39.15,39.8,386156
2024-04-29,40.7,40.7,40.7,39.0,39.2,678622
2024-04-30,41.4,41.4,42.05,40.7,41.0,890590
2024-05-02,41.9,41.9,41.9,41.15,41.8,398036
2024-05-03,42.2,42.2,42.9,42.1,42.15,2548860
2024-05-06,42.45,42.45,42.65,42.25,42.4,479308
2024-05-07,42.3,42.3,43.2,41.9,42.45,514621
2024-05-08,42.1,42.1,42.25,41.85,42.2,187990
2024-05-09,41.7,41.7,42.3,41.4,41.9,398061
2024-05-10,40.9,40.9,41.8,40.6,41.8,579522
2024-05-13,40.75,40.75,41.3,40.4,40.85,515289
2024-05-14,41.35,41.35,41.65,40.75,40.75,380306
2024-05-15,41.1,41.1,41.5,40.7,41.35,481488
2024-05-16,41.5,41.5,42.1,41.4,41.65,724185
2024-05-17,41.4,41.4,42.2,40.85,41.5,820083
2024-05-20,41.35,41.35,41.75,41.05,41.75,423314
2024-05-21,40.7,40.7,41.55,40.5,41.4,574305
2024-05-22,41.75,41.75,42.4,40.7,40.7,929704
2024-05-23,40.4,40.4,41.65,40.35,41.3,1176072
2024-05-24,40.7,40.7,40.8,39.7,40.4,946557
2024-05-27,40.5,40.5,41.35,39.9,40.8,1084236
2024-05-28,40.8,40.8,41.1,40.45,40.85,690527
2024-05-29,40.3,40.3,40.85,40.2,40.8,645974
2024-05-30,40.1,40.1,41.3,40.05,41.3,821537
2024-05-31,40.0,40.0,40.6,40.0,40.25,3802676
2024-06-03,41.2,41.2,42.3,40.3,40.3,1986087
2024-06-04,40.65,40.65,41.3,40.55,41.3,1435267
2024-06-05,40.8,40.8,41.0,40.5,40.75,505012
2024-06-06,39.0,39.0,41.2,38.65,40.9,2391319
2024-06-07,39.5,39.5,40.6,38.7,39.0,1133748
2024-06-11,38.9,38.9,40.3,38.8,39.75,876286
2024-06-12,38.95,38.95,39.45,38.7,38.95,681166
2024-06-13,38.55,38.55,39.15,38.5,39.05,903315
2024-06-14,39.05,39.05,39.4,38.55,38.55,521008
2024-06-17,38.9,38.9,39.15,38.8,39.0,521060
2024-06-18,38.2,38.2,39.0,38.05,39.0,1092117
2024-06-19,37.85,37.85,38.6,37.75,38.2,1082781
2024-06-20,38.55,38.55,38.55,37.85,37.85,473554
2024-06-21,38.0,38.0,38.6,37.9,38.6,497086
2024-06-24,38.05,38.05,38.4,37.65,38.05,807354
2024-06-25,38.7,38.7,38.7,37.55,38.4,1034665
2024-06-26,38.65,38.65,39.3,38.5,38.7,415002
2024-06-27,38.0,38.0,38.55,38.0,38.55,492226
2024-06-28,38.7,38.7,39.1,38.2,38.2,898101
2024-07-01,38.1,38.1,39.2,38.05,38.8,688229
2024-07-02,37.8,37.8,38.1,37.6,38.1,805173
2024-07-03,38.05,38.05,38.4,37.8,37.8,546153
2024-07-04,38.15,38.15,38.35,37.9,38.05,711027
2024-07-05,39.05,39.05,39.2,38.15,38.15,1002419
2024-07-08,39.75,39.75,39.75,39.0,39.05,719298
2024-07-09,39.15,39.15,39.8,38.9,39.8,635032
2024-07-10,43.05,43.05,43.05,39.35,39.35,2809137
2024-07-11,47.35,47.35,47.35,45.4,47.0,6670360
2024-07-12,52.0,52.0,52.0,49.5,49.5,4965962
2024-07-15,54.9,54.9,57.0,52.0,56.6,12906746
2024-07-16,54.7,54.7,57.0,53.2,53.5,5061524
2024-07-17,53.1,53.1,54.5,53.0,54.5,1625097
2024-07-18,51.6,51.6,52.5,50.0,52.5,1637326
2024-07-19,52.5,52.5,53.1,51.6,52.0,1066621
2024-07-22,51.9,51.9,53.8,50.6,52.6,991422
2024-07-23,53.0,53.0,53.4,52.1,52.1,561277
2024-07-26,51.5,51.5,52.1,50.0,50.0,1108416
2024-07-29,52.6,52.6,53.1,51.7,53.1,639272
2024-07-30,53.9,53.9,54.0,52.6,52.7,1173096
2024-07-31,54.0,54.0,54.2,53.2,53.2,798680
2024-08-01,55.5,55.5,55.5,54.3,54.5,1618972
2024-08-02,51.6,51.6,54.9,51.4,53.3,3400227
2024-08-05,46.95,46.95,49.6,46.5,49.5,3371370
2024-08-06,49.05,49.05,50.0,43.1,48.05,3639220
2024-08-07,50.3,50.3,51.4,48.2,48.2,1342081
2024-08-08,49.75,49.75,50.6,48.8,48.8,921525
2024-08-09,50.0,50.0,51.1,49.85,50.6,642962
2024-08-12,53.8,53.8,54.5,50.0,50.0,2511523
2024-08-13,53.8,53.8,54.6,52.8,54.4,1426773
2024-08-14,52.7,52.7,54.8,52.4,54.1,1348771
2024-08-15,53.2,53.2,54.4,52.4,53.1,1064209
2024-08-16,55.0,55.0,55.7,53.7,53.9,1856218
2024-08-19,52.5,52.5,54.0,52.4,53.8,2163271
2024-08-20,53.3,53.3,54.8,52.8,52.9,1219855
2024-08-21,52.7,52.7,53.8,52.3,53.3,1098571
2024-08-22,53.2,53.2,53.5,52.6,52.7,519253
2024-08-23,54.1,54.1,54.1,52.7,53.3,574934
2024-08-26,57.1,57.1,57.8,54.6,54.9,3436748
2024-08-27,57.1,57.1,57.4,55.6,57.0,1711727
2024-08-28,57.0,57.0,57.8,56.3,57.5,1538049
2024-08-29,58.4,58.4,58.5,56.3,56.3,1576005
2024-08-30,59.7,59.7,60.7,58.3,58.5,3490309
2024-09-02,59.3,59.3,59.8,58.5,59.8,1390588
2024-09-03,59.1,59.1,60.7,58.7,59.7,2097266
2024-09-04,55.3,55.3,57.8,54.5,57.1,2505777
2024-09-05,55.4,55.4,57.0,55.3,56.0,1312788
2024-09-06,55.1,55.1,56.3,55.1,56.2,584867
2024-09-09,54.4,54.4,54.7,53.1,54.1,1350080
2024-09-10,53.0,53.0,54.8,52.8,54.7,895289
2024-09-11,52.6,52.6,53.7,52.5,53.0,583290
2024-09-12,52.9,52.9,53.8,52.9,53.2,531025
2024-09-13,58.1,58.1,58.1,52.8,53.0,3044739
2024-09-16,59.0,59.0,61.5,58.5,59.0,3702263
2024-09-18,57.7,57.7,59.9,57.4,59.9,1212306
2024-09-19,57.3,57.3,58.4,57.1,58.4,556619
2024-09-20,57.4,57.4,58.2,56.5,58.0,745656
2024-09-23,56.9,56.9,57.8,56.9,57.8,374124
2024-09-24,55.5,55.5,56.9,55.5,56.9,642922
2024-09-25,55.6,55.6,56.9,55.6,55.9,442771
2024-09-26,56.3,56.3,58.7,56.0,56.0,1393044
2024-09-27,57.5,57.5,57.5,56.4,57.0,601207
2024-09-30,57.3,57.3,58.2,56.8,56.8,528555
2024-10-01,58.0,58.0,58.9,57.2,57.3,704906
2024-10-04,58.2,58.2,61.2,57.4,58.0,2397885
2024-10-07,58.5,58.5,60.9,58.2,58.2,2991629
2024-10-08,57.5,57.5,58.8,57.4,58.5,1136300
2024-10-09,56.9,56.9,57.8,56.3,57.7,830094
2024-10-11,55.5,55.5,55.9,53.4,55.6,2200221
2024-10-14,59.4,59.4,59.5,54.8,55.5,3523396
2024-10-15,53.7,53.7,59.2,53.6,59.2,6209355
2024-10-16,53.6,53.6,55.2,52.2,52.2,1717544
2024-10-17,51.7,51.7,54.4,51.5,53.6,1972827
2024-10-18,51.1,51.1,52.2,49.95,52.0,1755404
2024-10-21,50.3,50.3,51.9,50.0,51.9,777062
2024-10-22,48.8,48.8,50.3,48.7,50.3,1922997
2024-10-23,48.5,48.5,49.65,48.4,48.8,1352203
2024-10-24,47.75,47.75,48.5,46.2,48.5,2937522
2024-10-25,45.45,45.45,47.7,45.2,47.7,3554924
2024-10-28,45.45,45.45,47.4,45.4,45.8,2628573
2024-10-29,44.15,44.15,45.4,43.85,45.4,1664213
2024-10-30,43.5,43.5,44.35,43.5,44.15,1068735
2024-11-01,42.4,42.4,43.05,41.45,43.05,2792142
2024-11-04,42.35,42.35,44.0,41.95,43.05,2409519
2024-11-05,41.7,41.7,42.15,40.5,42.15,2463321
2024-11-06,40.25,40.25,41.9,40.1,41.45,1898833
2024-11-07,40.75,40.75,41.7,40.35,40.35,1180320
2024-11-08,40.35,40.35,41.0,40.25,40.75,1017411
2024-11-11,40.65,40.65,40.95,40.2,40.7,1000449
2024-11-12,39.85,39.85,41.1,39.8,40.1,5090336
2024-11-13,39.65,39.65,40.25,39.3,39.8,2953253
2024-11-14,38.45,38.45,39.8,38.4,39.65,2097733
2024-11-15,39.85,39.85,40.25,38.5,38.5,1657695
2024-11-18,38.6,38.6,40.15,38.45,40.15,1261923
2024-11-19,37.95,37.95,38.65,37.65,38.65,2340718
2024-11-20,37.05,37.05,38.05,36.65,38.05,2676840
2024-11-21,38.0,38.0,38.45,36.5,37.05,1716513
2024-11-22,37.0,37.0,38.1,36.9,37.9,1366652
2024-11-25,39.5,39.5,40.5,37.4,37.95,4135651
2024-11-26,40.25,40.25,41.0,39.4,40.0,4849034
2024-11-27,41.4,41.4,43.85,40.35,42.4,12976387
2024-11-28,43.1,43.1,44.35,41.25,42.1,15957661
2024-11-29,42.2,42.2,43.7,41.8,42.8,8461689
2024-12-02,40.65,40.65,42.4,40.5,42.2,4548337
2024-12-03,40.25,40.25,41.75,40.25,40.95,2154414
2024-12-04,40.95,40.95,41.6,39.4,40.75,6205250
2024-12-05,39.95,39.95,41.75,39.9,41.5,3193897
2024-12-06,38.9,38.9,40.2,38.6,39.8,2567540
2024-12-09,38.2,38.2,39.6,38.2,38.9,1638386
2024-12-10,38.85,38.85,39.95,38.15,38.15,1606340
2024-12-11,38.25,38.25,38.85,38.15,38.85,803899
2024-12-12,37.85,37.85,39.0,37.75,38.45,996710
2024-12-13,37.55,37.55,38.15,36.85,37.65,1847540
2024-12-16,36.8,36.8,38.0,36.8,38.0,1092948
2024-12-17,35.7,35.7,37.65,35.7,36.9,2392374
2024-12-18,35.6,35.6,36.75,34.4,35.05,2400886
2024-12-19,34.85,34.85,35.2,34.6,35.2,1076268
2024-12-20,34.6,34.6,35.25,34.5,34.8,1494615
2024-12-23,35.0,35.0,35.95,34.9,35.0,917073
2024-12-24,34.35,34.35,35.8,34.2,35.1,1246447
2024-12-25,34.65,34.65,34.75,34.2,34.75,763352
2024-12-26,34.65,34.65,35.25,34.2,34.8,1040609
2024-12-27,33.6,33.6,34.7,33.6,34.7,1171961
2024-12-30,33.75,33.75,34.7,33.65,33.85,1219292
2024-12-31,33.4,33.4,33.85,32.4,33.85,1550366
2025-01-02,33.05,33.05,34.3,33.0,33.2,952609
2025-01-03,31.85,31.85,33.6,31.85,33.55,1077545
2025-01-06,32.1,32.1,32.55,31.8,32.0,1008768
2025-01-07,31.3,31.3,32.4,31.0,32.35,1260021
2025-01-08,31.0,31.0,31.45,30.7,31.35,799487
2025-01-09,31.5,31.5,32.8,30.55,30.75,1690779
2025-01-10,30.65,30.65,31.5,30.65,31.45,503411
2025-01-13,30.15,30.15,30.65,29.05,30.5,1603356
2025-01-14,30.35,30.35,30.7,30.05,30.5,504842
2025-01-15,30.05,30.05,30.75,29.85,30.75,415748
2025-01-16,30.2,30.2,31.5,30.05,30.5,1369398
2025-01-17,31.8,31.8,31.8,30.2,30.2,1719121
2025-01-20,31.5,31.5,31.9,31.05,31.8,1160866
2025-01-21,31.8,31.8,32.0,31.25,31.5,706028
2025-01-22,34.4,34.4,34.45,31.75,31.75,2978877
2025-02-03,33.85,33.85,34.65,33.0,33.25,1383980
2025-02-04,34.3,34.3,34.75,33.75,34.05,1300653
2025-02-05,37.65,37.65,37.7,34.4,34.65,5412885
2025-02-06,37.75,37.75,38.8,36.6,37.5,3244731
2025-02-07,38.15,38.15,38.35,37.25,37.75,1731463
2025-02-10,37.75,37.75,38.6,37.2,38.2,1740579
2025-02-11,36.4,36.4,37.85,36.2,37.85,1743094
2025-02-12,35.8,35.8,36.95,35.5,36.45,2247110
2025-02-13,35.7,35.7,36.4,35.5,35.85,1600639
2025-02-14,39.25,39.25,39.25,36.6,36.6,3775422
2025-02-17,43.15,43.15,43.15,39.2,39.6,17712908
2025-02-18,42.2,42.2,44.45,42.0,43.55,13588764
2025-02-19,41.5,41.5,43.85,41.0,42.0,6757665
2025-02-20,41.2,41.2,41.75,40.8,41.5,2028530
2025-02-21,41.95,41.95,43.1,40.3,41.0,4399801
2025-02-24,41.55,41.55,43.2,40.8,42.45,4748161
2025-02-25,41.1,41.1,41.6,40.85,41.25,1163643
2025-02-26,41.2,41.2,41.7,41.0,41.7,833496
2025-02-27,40.7,40.7,41.7,40.2,41.3,1552912
2025-03-03,38.6,38.6,42.95,37.8,37.85,8169064
2025-03-04,38.4,38.4,38.9,37.05,38.1,4722849
2025-03-05,41.15,41.15,41.65,37.85,38.4,5646218
2025-03-06,41.3,41.3,42.0,40.85,41.35,3645503
2025-03-07,39.35,39.35,41.6,39.35,41.4,2030197
2025-03-10,39.4,39.4,40.85,38.75,40.1,1906829
2025-03-11,37.9,37.9,38.75,37.65,38.75,1654146
2025-03-12,38.8,38.8,39.25,38.0,38.8,1385880
2025-03-13,38.0,38.0,40.35,37.9,39.35,1485264
2025-03-14,38.0,38.0,38.55,36.9,38.55,1021426
2025-03-17,37.7,37.7,38.4,37.6,38.4,520630
2025-03-18,38.6,38.6,40.4,38.05,38.45,2570513
2025-03-19,42.4,42.4,42.45,40.3,40.3,17304778
2025-03-20,44.0,44.0,45.1,42.0,43.3,27419943
2025-03-21,44.65,44.65,45.9,43.5,44.0,14261738
2025-03-24,40.2,40.2,45.3,40.2,45.0,11385437
2025-03-25,38.3,38.3,40.55,38.2,40.35,6188294
2025-03-26,38.25,38.25,39.8,38.1,38.65,2691812
2025-03-27,37.85,37.85,38.5,37.15,38.05,2262045
2025-03-28,35.55,35.55,38.15,34.6,38.15,4523935
2025-03-31,32.0,32.0,35.15,32.0,33.8,4184385
2025-04-01,32.4,32.4,33.15,30.9,31.35,3342763
2025-04-02,33.0,33.0,33.6,31.8,31.95,1519697
2025-04-07,29.7,29.7,29.7,29.7,29.7,174573
2025-04-08,26.75,26.75,26.75,26.75,26.75,549099
2025-04-09,24.1,24.1,24.1,24.1,24.1,536269
2025-04-10,23.75,23.75,26.35,23.75,25.85,22354319
2025-04-11,22.8,22.8,22.9,21.4,21.5,7647259
2025-04-14,23.15,23.15,24.6,22.75,23.7,4508533
2025-04-15,24.7,24.7,25.1,23.3,23.3,3402382
2025-04-16,23.15,23.15,25.55,23.05,25.3,3070637
2025-04-17,22.5,22.5,22.95,21.3,22.95,3105384
2025-04-18,22.2,22.2,22.55,21.9,22.55,1618547
2025-04-21,20.0,20.0,22.75,20.0,22.75,4091453
2025-04-22,19.85,19.85,21.45,19.25,19.5,5892752
2025-04-23,21.2,21.2,21.2,20.4,20.55,2492096
2025-04-24,21.1,21.1,21.5,20.9,21.2,1368372
2025-04-25,22.45,22.45,22.8,21.5,21.8,2590033
2025-04-28,22.5,22.5,22.9,22.15,22.7,1436893
2025-04-29,23.1,23.1,23.15,22.55,22.65,1169470
2025-04-30,23.1,23.1,23.9,22.95,23.35,1800603
2025-05-02,23.55,23.55,23.95,23.5,23.65,941008
2025-05-05,22.65,22.65,23.8,21.85,23.8,1506540
2025-05-06,22.35,22.35,22.85,22.15,22.6,1027244
2025-05-07,22.25,22.25,22.6,22.15,22.35,418277
2025-05-08,23.2,23.2,23.9,22.45,22.45,1357956
2025-05-09,22.75,22.75,23.95,22.65,23.1,1369895
2025-05-12,22.9,22.9,23.3,22.5,22.95,1381605
2025-05-13,23.25,23.25,23.75,23.05,23.35,1437716
2025-05-14,24.8,24.8,24.95,23.7,23.9,2638144
2025-05-15,23.4,23.4,25.0,23.3,24.95,2223672
2025-05-16,23.2,23.2,23.8,23.15,23.45,890120
2025-05-19,22.5,22.5,23.4,22.25,23.35,1402807
2025-05-20,22.5,22.5,22.85,22.35,22.7,704394
2025-05-21,23.0,23.0,23.35,22.65,22.65,997725
2025-05-22,22.5,22.5,22.95,22.25,22.95,852746
2025-05-23,22.55,22.55,22.85,22.45,22.6,441783
2025-05-26,22.65,22.65,22.65,22.2,22.35,369134
2025-05-27,22.35,22.35,23.7,22.3,22.7,1714121
2025-05-28,22.3,22.3,22.85,22.1,22.8,799325
2025-05-29,22.15,22.15,22.8,22.0,22.5,1178869
2025-06-02,21.4,21.4,22.05,20.75,22.05,1487553
2025-06-03,21.05,21.05,21.75,21.05,21.75,604424
2025-06-04,21.55,21.55,21.85,21.35,21.45,751877
2025-06-05,22.65,22.65,22.85,21.55,21.7,1787695
2025-06-06,22.2,22.2,22.5,22.05,22.3,627249
2025-06-09,22.1,22.1,22.65,22.0,22.2,511724
2025-06-10,22.45,22.45,22.65,21.9,22.3,588521
2025-06-11,22.65,22.65,22.75,22.35,22.75,610409
2025-06-12,22.6,22.6,23.05,22.45,22.65,653017
2025-06-13,21.7,21.7,22.35,21.65,22.35,1288622
2025-06-16,21.95,21.95,22.0,21.25,21.4,560272
2025-06-17,21.95,21.95,22.5,21.7,22.3,696083
2025-06-18,22.4,22.4,22.75,22.0,22.25,945837
2025-06-19,21.8,21.8,22.55,21.65,22.55,658932
2025-06-20,21.25,21.25,21.8,21.05,21.75,2478938
2025-06-23,21.6,21.6,21.7,20.4,21.2,1101976
2025-06-24,22.65,22.65,22.95,21.8,21.85,1291796
2025-06-25,22.9,22.9,23.25,22.4,22.75,1068132
2025-06-26,23.2,23.2,23.7,23.05,23.2,1644857
2025-06-27,23.2,23.2,23.85,23.2,23.35,1067469
2025-06-30,23.2,23.2,23.3,22.6,23.2,932282
2025-07-01,22.65,22.65,23.35,22.65,23.2,676312
2025-07-02,22.65,22.65,22.8,22.4,22.7,409284
2025-07-03,23.45,23.45,23.75,22.75,22.75,1392746
2025-07-04,22.05,22.05,23.6,22.05,23.4,1176332
2025-07-07,22.2,22.2,22.3,21.55,22.05,585313
2025-07-08,21.85,21.85,22.15,21.7,22.15,506849
2025-07-09,22.2,22.2,22.35,21.7,21.85,458889
2025-07-10,22.25,22.25,22.35,21.9,22.0,377917
2025-07-11,22.95,22.95,23.3,22.3,22.45,952976
2025-07-14,23.3,23.3,23.65,22.85,23.2,848777
2025-07-15,23.6,23.6,24.85,23.15,23.15,4126313
2025-07-16,23.65,23.65,24.55,23.65,23.65,1977099
2025-07-17,24.7,24.7,24.7,23.75,23.85,2038244
2025-07-18,26.4,26.4,26.75,24.75,24.75,6350446
2025-07-21,25.6,25.6,26.85,25.45,26.4,5233693
2025-07-22,24.9,24.9,26.25,24.5,25.65,3640707
2025-07-23,24.4,24.4,25.55,24.3,25.35,1824148
2025-07-24,24.9,24.9,24.9,24.05,24.55,1408024
2025-07-25,24.55,24.55,24.9,23.95,24.9,2273243
2025-07-28,25.5,25.5,26.35,24.15,24.7,2773840
2025-07-29,25.2,25.2,26.45,25.05,25.75,2643170
2025-07-30,24.9,24.9,25.45,24.55,25.45,1284486
2025-07-31,24.15,24.15,25.05,24.05,25.05,1639882
2025-08-01,24.3,24.3,24.65,23.35,23.7,1124010
2025-08-04,24.45,24.45,24.65,23.35,24.0,1438944
2025-08-05,24.6,24.6,25.4,24.45,24.7,1685932
2025-08-06,24.95,24.95,25.2,24.4,24.6,1199942
2025-08-07,24.45,24.45,25.45,24.3,25.35,1338334
2025-08-08,25.95,25.95,26.85,24.4,24.5,13154991
2025-08-11,25.45,25.45,27.4,25.15,26.0,8640590
2025-08-12,27.1,27.1,27.2,25.4,25.55,6263151
2025-08-13,26.7,26.7,28.5,26.15,28.0,12014166
2025-08-14,26.4,26.4,27.5,26.2,27.05,3861860
2025-08-15,25.85,25.85,26.6,25.6,26.6,5303800
2025-08-18,28.4,28.4,28.4,26.65,26.65,8611181
2025-08-19,30.7,30.7,31.2,28.7,29.6,31018834
2025-08-20,28.95,28.95,30.4,28.0,30.0,9827742
2025-08-21,28.9,28.9,30.05,28.4,28.95,6586179
2025-08-22,28.9,28.9,29.5,28.25,29.4,4009864
2025-08-25,28.6,28.6,30.1,28.55,29.45,10219205
2025-08-26,28.65,28.65,29.45,28.55,29.0,3844018
2025-08-27,28.65,28.65,29.3,28.65,28.75,3440294
2025-08-28,27.2,27.2,28.7,27.2,28.7,5072380
2025-08-29,26.9,26.9,27.4,26.0,27.2,5281848
2025-09-01,25.25,25.25,26.95,25.2,26.95,3735681
2025-09-02,24.5,24.5,25.5,24.0,25.45,3926355
2025-09-03,24.55,24.55,24.95,24.2,24.95,2493561
2025-09-04,25.1,25.1,25.7,24.75,24.8,4340215
2025-09-05,25.5,25.5,25.6,24.7,25.3,3855139
2025-09-08,27.35,27.35,27.5,25.7,25.9,9288724
2025-09-09,26.45,26.45,27.5,26.45,27.45,6374282
2025-09-10,25.75,25.75,26.6,25.7,26.5,4598918
2025-09-11,25.05,25.05,26.0,25.0,26.0,2897510
2025-09-12,25.35,25.35,25.85,25.15,25.35,3074344
2025-09-15,25.75,25.75,26.65,25.5,25.6,4886762
2025-09-16,25.6,25.6,25.95,25.55,25.8,4574458
2025-09-17,25.8,25.8,26.4,25.55,25.55,4171789
2025-09-18,27.75,27.75,28.35,25.9,25.9,13938926
2025-09-19,26.3,26.3,27.85,26.2,27.7,8298700
2025-09-22,26.1,26.1,27.2,25.3,25.3,18661749
2025-09-23,24.85,24.85,26.45,24.85,26.3,10698715
2025-09-24,25.55,25.55,26.2,24.75,24.85,7898522
2025-09-25,26.25,26.25,27.3,25.65,25.65,9179639
2025-09-26,25.1,25.1,26.2,24.85,26.2,7198455
2025-09-30,26.85,26.85,27.05,25.35,25.5,9708694
2025-10-01,26.95,26.95,27.1,26.4,26.85,6058443
2025-10-02,27.85,27.85,28.0,26.75,27.15,14081562
2025-10-03,26.95,26.95,28.45,26.9,27.95,9576108
2025-10-07,26.45,26.45,27.55,26.2,27.3,8084096
2025-10-08,25.65,25.65,25.95,24.85,25.65,9208101
2025-10-09,24.95,24.95,25.95,24.75,25.8,8672417
2025-10-13,23.85,23.85,24.15,23.45,23.9,6517648
2025-10-14,22.65,22.65,24.6,22.65,24.2,10024857
2025-10-15,22.75,22.75,23.05,22.3,23.0,4065245
2025-10-16,23.15,23.15,23.75,22.55,22.95,4328829
2025-10-17,22.55,22.55,23.55,22.5,23.3,4444936
2025-10-20,22.2,22.2,22.75,21.95,22.75,3293048
2025-10-21,22.2,22.2,22.8,22.2,22.4,2599415
2025-10-22,22.3,22.3,22.65,22.15,22.3,1750483
2025-10-23,22.05,22.05,22.5,22.0,22.2,2811853
2025-10-27,22.25,22.25,22.4,21.8,22.3,4399710
2025-10-28,21.7,21.7,22.15,21.4,22.15,6154905
2025-10-29,21.35,21.35,22.3,21.05,21.05,3615177
2025-10-30,21.0,21.0,21.6,21.0,21.55,2636809
2025-10-31,20.85,20.85,21.4,20.75,21.15,2778606
2025-11-03,22.9,22.9,22.9,20.8,20.8,9595678
2025-11-04,21.7,21.7,22.9,21.5,22.2,9572334
2025-11-05,20.5,20.5,21.6,20.5,21.3,6281446
2025-11-06,21.35,21.35,21.6,20.55,20.7,4283608
2025-11-07,20.95,20.95,21.3,20.75,21.3,1709084
2025-11-10,20.85,20.85,21.1,20.7,21.1,1402158
2025-11-11,21.2,21.2,21.95,21.05,21.05,3649481
2025-11-12,22.1,22.1,22.8,21.4,21.5,4669385
2025-11-13,23.7,23.7,24.2,22.1,22.25,8085530
2025-11-14,22.25,22.25,23.25,22.2,23.0,4922868
2025-11-17,22.25,22.25,22.95,22.25,22.45,2228843
2025-11-18,21.15,21.15,22.55,21.15,22.15,2769588
2025-11-19,20.95,20.95,21.25,20.55,21.25,2460860
2025-11-20,21.4,21.4,22.0,21.15,21.3,2348028
2025-11-21,20.55,20.55,21.1,20.25,21.1,3584256
2025-11-24,20.35,20.35,20.8,20.2,20.7,2203490
2025-11-25,20.6,20.6,20.95,20.35,20.8,1625229
2025-11-26,20.65,20.65,21.2,20.4,20.95,1810175
2025-11-27,20.6,20.6,20.9,20.5,20.85,1453221
2025-11-28,22.0,22.0,22.25,20.65,20.85,4170105
2025-12-01,22.1,22.1,22.95,22.1,22.1,3151428
2025-12-02,21.85,21.85,22.4,21.75,22.2,1421328
2025-12-03,21.9,21.9,22.55,21.8,22.3,1319793
2025-12-04,22.75,22.75,23.3,22.25,22.35,3764586
2025-12-05,23.8,23.8,23.8,22.6,22.8,5176193
2025-12-08,23.8,23.8,24.35,22.8,23.4,6026877
2025-12-09,25.3,25.3,26.0,23.4,23.8,19005781
2025-12-10,27.8,27.8,27.8,25.15,25.55,33141566
2025-12-11,27.75,27.75,29.4,27.3,28.0,32790725
2025-12-12,29.15,29.15,29.3,27.65,27.9,20859520
2025-12-15,29.4,29.4,29.45,28.35,28.55,13775544
2025-12-16,30.3,30.3,30.9,28.9,30.6,34738109
2025-12-17,30.15,30.15,30.8,29.6,30.25,14875829
2025-12-18,31.45,31.45,31.8,29.8,30.15,16755939
2025-12-19,34.55,34.55,34.55,31.35,31.5,36734786
2025-12-22,34.3,34.3,36.8,34.2,35.3,45533705
2025-12-23,34.2,34.2,35.35,33.45,33.95,20116745
2025-12-24,34.2,34.2,35.0,33.8,34.2,12007304
2025-12-26,35.25,35.25,35.9,34.05,34.5,20966566
2025-12-29,33.25,33.25,35.7,32.75,35.3,26714504
2025-12-30,31.85,31.85,33.35,31.4,33.2,16875675
2025-12-31,32.8,32.8,33.4,30.5,32.2,27065266
2026-01-02,31.8,31.8,33.4,31.75,32.8,18206735
2026-01-05,32.35,32.35,32.35,31.1,31.8,11745035
2026-01-06,35.55,35.55,35.55,33.35,34.05,55963205
2026-01-07,37.7,37.7,39.0,36.05,36.7,52672187
2026-01-08,38.1,38.1,39.8,37.0,37.1,33328835
2026-01-09,38.5,38.5,40.5,37.3,38.05,43235906
2026-01-12,38.5,38.5,39.3,38.1,39.0,21297074
2026-01-13,37.2,37.2,38.9,37.2,38.4,19276976
2026-01-14,37.25,37.25,37.75,36.75,37.25,10733716
2026-01-15,37.8,37.8,38.8,36.95,37.25,14952045
2026-01-16,38.55,38.55,39.8,37.7,38.05,23756158
2026-01-19,37.7,37.7,38.95,37.6,38.9,13294615
2026-01-20,37.35,37.35,38.75,37.05,37.7,13378859
2026-01-21,36.7,36.7,38.25,36.5,37.05,11038078
2026-01-22,36.35,36.35,37.85,36.15,37.4,8409641
2026-01-23,36.4,36.4,37.15,36.1,36.6,6804519
2026-01-26,34.9,34.9,37.2,34.7,36.75,12571437
2026-01-27,33.4,33.4,35.15,33.0,35.15,15399041
2026-01-28,33.6,33.6,34.2,33.4,33.7,6080296
2026-01-29,32.65,32.65,33.95,32.5,33.45,6371351
2026-01-30,32.0,32.0,32.7,31.1,32.6,7560181
2026-02-02,30.9,30.9,31.85,30.6,31.55,5644609
2026-02-03,31.95,31.95,32.65,31.1,31.8,4497209
2026-02-04,33.8,33.8,34.6,31.7,31.95,8673746
2026-02-05,33.0,33.0,34.2,32.7,33.3,5844910
2026-02-06,31.65,31.65,32.9,31.3,32.9,4878988
2026-02-09,31.9,31.9,33.5,31.9,32.2,3522742
2026-02-10,31.75,31.75,32.55,31.5,31.8,3635895
2026-02-11,33.3,33.3,34.2,31.75,31.9,7154961
2026-02-23,36.6,36.6,36.6,33.65,34.1,13105089
2026-02-24,40.25,40.25,40.25,37.1,38.0,25270281
2026-02-25,44.25,44.25,44.25,42.7,43.3,33188478
2026-02-26,47.25,47.25,48.65,44.5,44.5,46684991
2026-03-02,46.4,46.4,48.0,44.55,44.65,31981749
2026-03-03,47.2,47.2,47.75,45.3,46.9,10132615
2026-03-04,43.25,43.25,46.0,43.0,46.0,8323631
2026-03-05,46.0,46.0,46.95,44.6,45.6,4472083
2026-03-06,46.1,46.1,46.9,44.3,45.0,3294655
2026-03-09,41.5,41.5,41.8,41.5,41.5,4776631
2026-03-10,42.0,42.0,43.5,41.0,43.1,2802599
2026-03-11,43.5,43.5,44.65,42.35,43.1,3538764
2026-03-12,43.95,43.95,44.6,43.0,43.45,2150710
2026-03-13,44.6,44.6,46.2,43.1,43.15,4190026
2026-03-16,45.05,45.05,45.05,43.55,44.8,3858471
2026-03-17,49.55,49.55,49.55,46.35,47.0,17801575
2026-03-18,45.5,45.5,53.8,44.8,53.5,56354990
2026-03-19,46.1,46.1,47.8,44.6,44.7,17271006
2026-03-20,46.0,46.0,47.2,45.0,46.45,10762696
2026-03-23,42.1,42.1,44.75,41.7,44.5,11530238
2026-03-24,42.55,42.55,44.15,41.0,43.5,8290023
2026-03-25,42.65,42.65,43.5,42.45,43.2,5821582
2026-03-26,42.5,42.5,44.85,42.5,43.0,6767336
2026-03-27,43.15,43.15,43.25,41.65,42.05,4774111
2026-03-30,41.9,41.9,42.4,41.0,42.4,6207685
2026-03-31,40.15,40.15,42.3,39.75,41.5,7647551
2026-04-01,41.45,41.45,42.35,41.15,41.75,3857285
2026-04-02,40.85,40.85,42.3,40.7,42.05,3466316
2026-04-07,41.95,41.95,42.85,41.55,41.55,3561891
2026-04-08,41.3,41.3,43.0,40.25,42.6,11708774
2026-04-09,45.4,45.4,45.4,41.2,41.7,16750134
2026-04-10,43.85,43.85,46.75,43.7,46.2,13815521
2026-04-13,48.2,48.2,48.2,43.5,44.0,22584290
2026-04-14,50.7,50.7,53.0,48.2,49.4,46055061
2026-04-15,47.75,47.75,53.7,47.55,52.0,23599765
2026-04-16,47.6,47.6,49.0,47.0,47.85,11900214
2026-04-17,50.1,50.1,51.4,47.1,47.6,18828876
2026-04-20,52.2,52.2,53.1,47.75,51.4,26781406
2026-04-21,53.2,53.2,54.7,51.4,52.5,29745883
2026-04-22,52.3,52.3,53.5,51.4,52.8,13938034
2026-04-23,54.3,54.3,57.5,51.0,52.6,61902000
2026-04-24,53.3,53.3,56.4,52.4,55.9,34838378
2026-04-27,58.6,58.6,58.6,53.7,53.8,48691111
2026-04-28,59.1,59.1,60.8,56.0,58.0,37634507
2026-04-29,56.7,56.7,59.8,56.4,58.2,21317867
2026-04-30,52.2,52.2,56.4,51.1,56.4,41771364
2026-05-04,53.4,53.4,54.8,51.3,53.0,18444782
2026-05-05,58.7,58.7,58.7,52.8,53.5,30501538
2026-05-06,57.3,57.3,61.4,55.7,58.7,28573003
2026-05-07,58.1,58.1,58.8,55.7,57.6,16570343
2026-05-08,54.4,54.4,58.2,53.5,58.1,15425411
2026-05-11,54.9,54.9,55.6,53.5,54.4,7683688
2026-05-12,52.8,52.8,55.6,52.2,54.8,11683228
2026-05-13,50.8,50.8,52.8,50.4,52.0,10913767
2026-05-14,50.4,50.4,51.6,49.1,50.8,12136457
2026-05-15,48.4,48.4,51.2,47.75,50.9,13249455
2026-05-18,47.95,47.95,48.05,45.05,47.5,9975872
2026-05-19,49.9,49.9,50.5,47.75,48.0,10963552
2026-05-20,47.7,47.7,49.8,47.7,49.8,6787228
2026-05-21,51.2,51.2,51.9,48.35,48.35,9166459
2026-05-22,56.3,56.3,56.3,51.4,51.5,27506157
2026-05-25,61.9,61.9,61.9,57.1,58.1,24148123
2026-05-26,61.2,61.2,65.9,59.7,63.9,35508554
2026-05-27,58.6,58.6,63.4,57.2,61.8,18786787
2026-05-28,57.3,57.3,62.0,56.3,58.7,16223526
2026-05-29,56.2,56.2,59.4,55.6,58.8,10967839
2026-06-01,55.8,55.8,59.9,55.4,56.2,12635305
2026-06-02,52.6,52.6,56.3,50.9,55.8,15317733
2026-06-03,52.0,52.0,53.5,51.7,52.9,6886352
2026-06-04,53.0,53.0,53.0,51.0,52.0,6361082
2026-06-05,51.8,51.8,53.5,50.4,52.9,7685190
2026-06-08,50.8,50.8,51.3,46.65,46.65,10899525
2026-06-09,54.6,54.6,55.8,50.9,51.5,13715503
2026-06-10,49.7,49.7,56.2,49.7,54.4,12758505
2026-06-11,48.8,48.8,51.3,47.85,49.2,8450192
2026-06-12,49.5,49.5,52.0,49.5,51.1,5070073
2026-06-15,51.6,51.6,53.1,50.6,51.0,5982592
2026-06-16,49.6,49.6,52.9,49.55,52.2,5877568
2026-06-17,50.0,50.0,50.5,49.0,49.5,3070811
2026-06-18,51.1,51.1,51.8,49.75,50.5,4170278
2026-06-22,52.1,52.1,54.8,51.5,53.0,10371130
2026-06-23,48.9,48.9,52.3,48.7,52.3,9316883
2026-06-24,48.55,48.55,49.6,48.15,48.2,4213294
2026-06-25,48.7,48.7,50.2,48.55,49.6,3129997
2026-06-26,45.65,45.65,49.1,45.35,48.85,8060400
2026-06-29,44.35,44.35,47.0,44.25,45.65,6659260
2026-06-30,48.2,48.2,48.7,44.85,45.3,5691384
2026-07-01,46.45,46.45,49.1,46.1,48.5,4280779
2026-07-02,46.6,46.6,48.15,44.8,44.8,4667175
2026-07-03,46.55,46.55,47.8,45.8,46.1,2861422
2026-07-06,46.4,46.4,48.0,45.6,47.3,2988262
2026-07-07,42.0,42.0,46.9,41.8,46.9,11602664
2026-07-08,41.5,41.5,42.6,40.35,42.5,4835474
2026-07-09,40.85,40.85,42.55,40.75,42.0,3247818
2026-07-13,40.65,40.65,42.2,40.2,41.1,2953279
2026-07-14,40.1,40.1,40.85,36.95,40.85,6398201
2026-07-15,40.25,40.25,41.25,39.85,40.95,2739442
2026-07-16,39.3,39.3,41.45,39.15,41.0,2292470
2026-07-17,36.5,36.5,38.35,36.15,38.35,4544987
2026-07-20,34.6,34.6,35.7,33.2,35.4,5460349
2026-07-21,35.35,35.35,36.0,34.5,34.6,2528751
2026-07-22,36.5,36.5,37.1,36.0,36.3,2532505
2026-07-23,35.65,35.65,37.5,34.9,37.5,2094141
2026-07-24,34.25,34.25,35.3,33.6,35.25,2116348
2026-07-27,34.1,34.1,34.3,33.15,34.25,1952281
2026-07-28,31.1,31.1,33.15,30.95,33.15,3928433
2026-07-29,28.4,28.4,31.55,28.0,31.2,8093379
2026-07-30,26.9,26.9,28.95,26.35,26.35,4704999
2026-07-31,29.2,29.2,29.5,28.1,29.0,3290647
2026-08-03,30.25,30.25,30.75,28.5,28.7,3083224
2026-08-04,30.45,30.45,30.5,29.25,30.0,3429164
2026-08-05,31.9,31.9,32.45,31.45,32.2,2866179
2026-08-06,35.05,35.05,35.05,31.15,32.3,3647198
2026-08-07,33.0,33.0,35.45,32.65,35.4,8605173
2026-08-10,33.8,33.8,34.15,33.0,33.25,3624860
2026-08-11,33.85,33.85,34.55,33.4,33.8,1871115
2026-08-12,34.5,34.5,34.8,33.85,34.2,1877549
2026-08-13,34.55,34.55,35.15,34.3,35.1,1893754
2026-08-14,33.35,33.35,34.05,33.0,33.7,2348161
2026-08-17,33.55,33.55,34.5,33.0,33.0,1668746
2026-08-18,32.75,32.75,33.8,32.7,33.55,1753969
2026-08-19,32.25,32.25,33.0,31.95,32.25,1457193
2026-08-20,32.85,32.85,32.95,31.8,32.3,1239458
2026-08-21,33.05,33.05,33.65,32.45,32.9,1851975
2026-08-24,34.7,34.7,35.55,32.75,32.75,3516806
2026-08-25,35.55,35.55,35.6,33.3,34.45,2368811
2026-08-26,37.0,37.0,37.55,35.4,35.5,4681244
2026-08-27,40.45,40.45,40.7,37.75,38.25,11969946
2026-08-28,43.0,43.0,44.2,39.4,40.4,11801891
2026-08-31,40.35,40.35,43.5,40.3,42.45,5683301
2026-09-01,41.75,41.75,42.75,40.6,41.2,4442337
2026-09-02,42.3,42.3,45.1,41.15,41.4,6930586
2026-09-03,40.55,40.55,43.45,40.45,42.5,4106241
2026-09-04,41.9,41.9,41.95,40.0,41.05,2401251
2026-09-07,43.0,43.0,44.85,42.15,42.3,6268476
2026-09-08,43.05,43.05,46.0,42.8,44.1,7483397
2026-09-09,42.55,42.55,44.25,41.7,44.05,4060149
2026-09-10,42.75,42.75,43.15,41.85,41.85,2441660
2026-09-11,41.3,41.3,42.45,41.0,42.15,1805392
2026-09-14,41.15,41.15,41.85,40.65,40.9,1794524
2026-09-15,40.05,40.05,41.5,40.05,41.15,1538858
2026-09-16,42.6,42.6,43.2,40.05,40.05,2927230
2026-09-17,43.4,43.4,45.45,43.0,43.05,6486759
2026-09-18,44.25,44.25,44.25,42.8,43.85,4819377
2026-09-21,42.05,42.05,43.9,42.05,43.75,4271157
2026-09-22,43.5,43.5,44.1,42.7,42.75,3713312
2026-09-23,43.75,43.75,44.5,43.2,44.0,4126127
2026-09-24,43.7,43.7,44.45,42.65,43.75,3046929
2026-09-29,43.75,43.75,44.3,43.4,43.75,1936781
2026-09-30,44.5,44.5,44.9,43.7,44.15,3204069
2026-10-01,43.8,43.8,44.6,43.6,44.5,1834309
