Date,Adj Close,Close,High,Low,Open,Volume
2016-08-12,151.0,151.0,157.0,150.5,150.5,12073216
2016-08-15,151.0,151.0,157.0,150.5,150.5,12073216
2016-08-16,151.0,151.0,157.0,150.5,150.5,12073216
2016-08-17,151.0,151.0,157.0,150.5,150.5,12073216
2016-08-18,151.0,151.0,157.0,150.5,150.5,12073216
2016-08-19,151.0,151.0,157.0,150.5,150.5,12073216
2016-08-22,151.0,151.0,157.0,150.5,150.5,12073216
2016-08-23,151.0,151.0,157.0,150.5,150.5,12073216
2016-08-24,151.0,151.0,157.0,150.5,150.5,12073216
2016-08-25,151.0,151.0,157.0,150.5,150.5,12073216
2016-08-26,151.0,151.0,157.0,150.5,150.5,12073216
2016-08-29,151.0,151.0,157.0,150.5,150.5,12073216
2016-08-30,151.0,151.0,157.0,150.5,150.5,12073216
2016-08-31,151.0,151.0,157.0,150.5,150.5,12073216
2016-09-01,151.0,151.0,157.0,150.5,150.5,12073216
2016-09-02,151.0,151.0,157.0,150.5,150.5,12073216
2016-09-05,151.0,151.0,157.0,150.5,150.5,12073216
2016-09-06,151.0,151.0,157.0,150.5,150.5,12073216
2016-09-07,151.0,151.0,157.0,150.5,150.5,12073216
2016-09-08,151.0,151.0,157.0,150.5,150.5,12073216
2016-09-09,151.0,151.0,157.0,150.5,150.5,12073216
2016-09-12,151.0,151.0,157.0,150.5,150.5,12073216
2016-09-13,151.0,151.0,157.0,150.5,150.5,12073216
2016-09-14,151.0,151.0,157.0,150.5,150.5,12073216
2016-09-19,151.0,151.0,157.0,150.5,150.5,12073216
2016-09-20,151.0,151.0,157.0,150.5,150.5,12073216
2016-09-21,151.0,151.0,157.0,150.5,150.5,12073216
2016-09-22,151.0,151.0,157.0,150.5,150.5,12073216
2016-09-23,151.0,151.0,157.0,150.5,150.5,12073216
2016-09-26,151.0,151.0,157.0,150.5,150.5,12073216
2016-09-29,151.0,151.0,157.0,150.5,150.5,12073216
2016-09-30,151.0,151.0,157.0,150.5,150.5,12073216
2016-10-03,151.0,151.0,157.0,150.5,150.5,12073216
2016-10-04,151.0,151.0,157.0,150.5,150.5,12073216
2016-10-05,151.0,151.0,157.0,150.5,150.5,12073216
2016-10-06,151.0,151.0,157.0,150.5,150.5,12073216
2016-10-07,151.0,151.0,157.0,150.5,150.5,12073216
2016-10-11,151.0,151.0,157.0,150.5,150.5,12073216
2016-10-12,151.0,151.0,157.0,150.5,150.5,12073216
2016-10-13,151.0,151.0,157.0,150.5,150.5,12073216
2016-10-14,151.0,151.0,157.0,150.5,150.5,12073216
2016-10-17,151.0,151.0,157.0,150.5,150.5,12073216
2016-10-18,151.0,151.0,157.0,150.5,150.5,12073216
2016-10-19,151.0,151.0,157.0,150.5,150.5,12073216
2016-10-20,151.0,151.0,157.0,150.5,150.5,12073216
2016-10-21,151.0,151.0,157.0,150.5,150.5,12073216
2016-10-24,151.0,151.0,157.0,150.5,150.5,12073216
2016-10-25,151.0,151.0,157.0,150.5,150.5,12073216
2016-10-26,151.0,151.0,157.0,150.5,150.5,12073216
2016-10-27,151.0,151.0,157.0,150.5,150.5,12073216
2016-10-28,151.0,151.0,157.0,150.5,150.5,12073216
2016-10-31,151.0,151.0,157.0,150.5,150.5,12073216
2016-11-01,151.0,151.0,157.0,150.5,150.5,12073216
2016-11-02,151.0,151.0,157.0,150.5,150.5,12073216
2016-11-03,151.0,151.0,157.0,150.5,150.5,12073216
2016-11-04,151.0,151.0,157.0,150.5,150.5,12073216
2016-11-07,151.0,151.0,157.0,150.5,150.5,12073216
2016-11-08,151.0,151.0,157.0,150.5,150.5,12073216
2016-11-09,151.0,151.0,157.0,150.5,150.5,12073216
2016-11-10,151.0,151.0,157.0,150.5,150.5,12073216
2016-11-11,151.0,151.0,157.0,150.5,150.5,12073216
2016-11-14,151.0,151.0,157.0,150.5,150.5,12073216
2016-11-15,151.0,151.0,157.0,150.5,150.5,12073216
2016-11-16,151.0,151.0,157.0,150.5,150.5,12073216
2016-11-17,151.0,151.0,157.0,150.5,150.5,12073216
2016-11-18,151.0,151.0,157.0,150.5,150.5,12073216
2016-11-21,151.0,151.0,157.0,150.5,150.5,12073216
2016-11-22,151.0,151.0,157.0,150.5,150.5,12073216
2016-11-23,151.0,151.0,157.0,150.5,150.5,12073216
2016-11-24,151.0,151.0,157.0,150.5,150.5,12073216
2016-11-25,151.0,151.0,157.0,150.5,150.5,12073216
2016-11-28,151.0,151.0,157.0,150.5,150.5,12073216
2016-11-29,151.0,151.0,157.0,150.5,150.5,12073216
2016-11-30,151.0,151.0,157.0,150.5,150.5,12073216
2016-12-01,151.0,151.0,157.0,150.5,150.5,12073216
2016-12-02,151.0,151.0,157.0,150.5,150.5,12073216
2016-12-05,151.0,151.0,157.0,150.5,150.5,12073216
2016-12-06,151.0,151.0,157.0,150.5,150.5,12073216
2016-12-07,151.0,151.0,157.0,150.5,150.5,12073216
2016-12-08,151.0,151.0,157.0,150.5,150.5,12073216
2016-12-09,151.0,151.0,157.0,150.5,150.5,12073216
2016-12-12,151.0,151.0,157.0,150.5,150.5,12073216
2016-12-13,151.0,151.0,157.0,150.5,150.5,12073216
2016-12-14,151.0,151.0,157.0,150.5,150.5,12073216
2016-12-15,151.0,151.0,157.0,150.5,150.5,12073216
2016-12-16,151.0,151.0,157.0,150.5,150.5,12073216
2016-12-19,151.0,151.0,157.0,150.5,150.5,12073216
2016-12-20,151.0,151.0,157.0,150.5,150.5,12073216
2016-12-21,151.0,151.0,157.0,150.5,150.5,12073216
2016-12-22,151.0,151.0,157.0,150.5,150.5,12073216
2016-12-23,151.0,151.0,157.0,150.5,150.5,12073216
2016-12-26,151.0,151.0,157.0,150.5,150.5,12073216
2016-12-27,151.0,151.0,157.0,150.5,150.5,12073216
2016-12-28,151.0,151.0,157.0,150.5,150.5,12073216
2016-12-29,151.0,151.0,157.0,150.5,150.5,12073216
2016-12-30,151.0,151.0,157.0,150.5,150.5,12073216
2017-01-03,151.0,151.0,157.0,150.5,150.5,12073216
2017-01-04,151.0,151.0,157.0,150.5,150.5,12073216
2017-01-05,151.0,151.0,157.0,150.5,150.5,12073216
2017-01-06,151.0,151.0,157.0,150.5,150.5,12073216
2017-01-09,151.0,151.0,157.0,150.5,150.5,12073216
2017-01-10,151.0,151.0,157.0,150.5,150.5,12073216
2017-01-11,151.0,151.0,157.0,150.5,150.5,12073216
2017-01-12,151.0,151.0,157.0,150.5,150.5,12073216
2017-01-13,151.0,151.0,157.0,150.5,150.5,12073216
2017-01-16,151.0,151.0,157.0,150.5,150.5,12073216
2017-01-17,151.0,151.0,157.0,150.5,150.5,12073216
2017-01-18,151.0,151.0,157.0,150.5,150.5,12073216
2017-01-19,151.0,151.0,157.0,150.5,150.5,12073216
2017-01-20,151.0,151.0,157.0,150.5,150.5,12073216
2017-01-23,151.0,151.0,157.0,150.5,150.5,12073216
2017-01-24,151.0,151.0,157.0,150.5,150.5,12073216
2017-02-02,151.0,151.0,157.0,150.5,150.5,12073216
2017-02-03,151.0,151.0,157.0,150.5,150.5,12073216
2017-02-06,151.0,151.0,157.0,150.5,150.5,12073216
2017-02-07,151.0,151.0,157.0,150.5,150.5,12073216
2017-02-08,151.0,151.0,157.0,150.5,150.5,12073216
2017-02-09,151.0,151.0,157.0,150.5,150.5,12073216
2017-02-10,151.0,151.0,157.0,150.5,150.5,12073216
2017-02-13,151.0,151.0,157.0,150.5,150.5,12073216
2017-02-14,151.0,151.0,157.0,150.5,150.5,12073216
2017-02-15,151.0,151.0,157.0,150.5,150.5,12073216
2017-02-16,151.0,151.0,157.0,150.5,150.5,12073216
2017-02-17,151.0,151.0,157.0,150.5,150.5,12073216
2017-02-20,151.0,151.0,157.0,150.5,150.5,12073216
2017-02-21,151.0,151.0,157.0,150.5,150.5,12073216
2017-02-22,151.0,151.0,157.0,150.5,150.5,12073216
2017-02-23,151.0,151.0,157.0,150.5,150.5,12073216
2017-02-24,151.0,151.0,157.0,150.5,150.5,12073216
2017-03-01,151.0,151.0,157.0,150.5,150.5,12073216
2017-03-02,151.0,151.0,157.0,150.5,150.5,12073216
2017-03-03,151.0,151.0,157.0,150.5,150.5,12073216
2017-03-06,151.0,151.0,157.0,150.5,150.5,12073216
2017-03-07,151.0,151.0,157.0,150.5,150.5,12073216
2017-03-08,151.0,151.0,157.0,150.5,150.5,12073216
2017-03-09,151.0,151.0,157.0,150.5,150.5,12073216
2017-03-10,151.0,151.0,157.0,150.5,150.5,12073216
2017-03-13,151.0,151.0,157.0,150.5,150.5,12073216
2017-03-14,151.0,151.0,157.0,150.5,150.5,12073216
2017-03-15,151.0,151.0,157.0,150.5,150.5,12073216
2017-03-16,151.0,151.0,157.0,150.5,150.5,12073216
2017-03-17,151.0,151.0,157.0,150.5,150.5,12073216
2017-03-20,151.0,151.0,157.0,150.5,150.5,12073216
2017-03-21,151.0,151.0,157.0,150.5,150.5,12073216
2017-03-22,151.0,151.0,157.0,150.5,150.5,12073216
2017-03-23,151.0,151.0,157.0,150.5,150.5,12073216
2017-03-24,151.0,151.0,157.0,150.5,150.5,12073216
2017-03-27,151.0,151.0,157.0,150.5,150.5,12073216
2017-03-28,151.0,151.0,157.0,150.5,150.5,12073216
2017-03-29,151.0,151.0,157.0,150.5,150.5,12073216
2017-03-30,151.0,151.0,157.0,150.5,150.5,12073216
2017-03-31,151.0,151.0,157.0,150.5,150.5,12073216
2017-04-05,151.0,151.0,157.0,150.5,150.5,12073216
2017-04-06,151.0,151.0,157.0,150.5,150.5,12073216
2017-04-07,151.0,151.0,157.0,150.5,150.5,12073216
2017-04-10,151.0,151.0,157.0,150.5,150.5,12073216
2017-04-11,151.0,151.0,157.0,150.5,150.5,12073216
2017-04-12,151.0,151.0,157.0,150.5,150.5,12073216
2017-04-13,151.0,151.0,157.0,150.5,150.5,12073216
2017-04-14,151.0,151.0,157.0,150.5,150.5,12073216
2017-04-17,151.0,151.0,157.0,150.5,150.5,12073216
2017-04-18,151.0,151.0,157.0,150.5,150.5,12073216
2017-04-19,151.0,151.0,157.0,150.5,150.5,12073216
2017-04-21,151.0,151.0,157.0,150.5,150.5,12073216
2017-04-24,151.0,151.0,157.0,150.5,150.5,12073216
2017-04-25,151.0,151.0,157.0,150.5,150.5,12073216
2017-04-26,151.0,151.0,157.0,150.5,150.5,12073216
2017-04-27,151.0,151.0,157.0,150.5,150.5,12073216
2017-04-28,151.0,151.0,157.0,150.5,150.5,12073216
2017-05-02,151.0,151.0,157.0,150.5,150.5,12073216
2017-05-03,151.0,151.0,157.0,150.5,150.5,12073216
2017-05-04,151.0,151.0,157.0,150.5,150.5,12073216
2017-05-05,151.0,151.0,157.0,150.5,150.5,12073216
2017-05-08,151.0,151.0,157.0,150.5,150.5,12073216
2017-05-09,151.0,151.0,157.0,150.5,150.5,12073216
2017-05-10,151.0,151.0,157.0,150.5,150.5,12073216
2017-05-11,151.0,151.0,157.0,150.5,150.5,12073216
2017-05-12,151.0,151.0,157.0,150.5,150.5,12073216
2017-05-15,151.0,151.0,157.0,150.5,150.5,12073216
2017-05-16,151.0,151.0,157.0,150.5,150.5,12073216
2017-05-17,151.0,151.0,157.0,150.5,150.5,12073216
2017-05-18,151.0,151.0,157.0,150.5,150.5,12073216
2017-05-19,151.0,151.0,157.0,150.5,150.5,12073216
2017-05-22,151.0,151.0,157.0,150.5,150.5,12073216
2017-05-23,151.0,151.0,157.0,150.5,150.5,12073216
2017-05-24,151.0,151.0,157.0,150.5,150.5,12073216
2017-05-25,151.0,151.0,157.0,150.5,150.5,12073216
2017-05-26,151.0,151.0,157.0,150.5,150.5,12073216
2017-05-31,151.0,151.0,157.0,150.5,150.5,12073216
2017-06-01,151.0,151.0,157.0,150.5,150.5,12073216
2017-06-02,151.0,151.0,157.0,150.5,150.5,12073216
2017-06-05,151.0,151.0,157.0,150.5,150.5,12073216
2017-06-06,151.0,151.0,157.0,150.5,150.5,12073216
2017-06-07,151.0,151.0,157.0,150.5,150.5,12073216
2017-06-08,151.0,151.0,157.0,150.5,150.5,12073216
2017-06-09,151.0,151.0,157.0,150.5,150.5,12073216
2017-06-12,151.0,151.0,157.0,150.5,150.5,12073216
2017-06-13,151.0,151.0,157.0,150.5,150.5,12073216
2017-06-14,151.0,151.0,157.0,150.5,150.5,12073216
2017-06-15,151.0,151.0,157.0,150.5,150.5,12073216
2017-06-16,151.0,151.0,157.0,150.5,150.5,12073216
2017-06-19,151.0,151.0,157.0,150.5,150.5,12073216
2017-06-20,151.0,151.0,157.0,150.5,150.5,12073216
2017-06-21,151.0,151.0,157.0,150.5,150.5,12073216
2017-06-22,151.0,151.0,157.0,150.5,150.5,12073216
2017-06-23,151.0,151.0,157.0,150.5,150.5,12073216
2017-06-26,151.0,151.0,157.0,150.5,150.5,12073216
2017-06-27,151.0,151.0,157.0,150.5,150.5,12073216
2017-06-28,151.0,151.0,157.0,150.5,150.5,12073216
2017-06-29,151.0,151.0,157.0,150.5,150.5,12073216
2017-06-30,151.0,151.0,157.0,150.5,150.5,12073216
2017-07-03,151.0,151.0,157.0,150.5,150.5,12073216
2017-07-04,151.0,151.0,157.0,150.5,150.5,12073216
2017-07-05,151.0,151.0,157.0,150.5,150.5,12073216
2017-07-06,151.0,151.0,157.0,150.5,150.5,12073216
2017-07-07,151.0,151.0,157.0,150.5,150.5,12073216
2017-07-10,151.0,151.0,157.0,150.5,150.5,12073216
2017-07-11,151.0,151.0,157.0,150.5,150.5,12073216
2017-07-12,151.0,151.0,157.0,150.5,150.5,12073216
2017-07-13,151.0,151.0,157.0,150.5,150.5,12073216
2017-07-14,151.0,151.0,157.0,150.5,150.5,12073216
2017-07-17,151.0,151.0,157.0,150.5,150.5,12073216
2017-07-18,151.0,151.0,157.0,150.5,150.5,12073216
2017-07-19,151.0,151.0,157.0,150.5,150.5,12073216
2017-07-20,151.0,151.0,157.0,150.5,150.5,12073216
2017-07-21,151.0,151.0,157.0,150.5,150.5,12073216
2017-07-24,151.0,151.0,157.0,150.5,150.5,12073216
2017-07-25,151.0,151.0,157.0,150.5,150.5,12073216
2017-07-26,151.0,151.0,157.0,150.5,150.5,12073216
2017-07-27,151.0,151.0,157.0,150.5,150.5,12073216
2017-07-28,151.0,151.0,157.0,150.5,150.5,12073216
2017-07-31,151.0,151.0,157.0,150.5,150.5,12073216
2017-08-01,151.0,151.0,157.0,150.5,150.5,12073216
2017-08-02,151.0,151.0,157.0,150.5,150.5,12073216
2017-08-03,151.0,151.0,157.0,150.5,150.5,12073216
2017-08-04,151.0,151.0,157.0,150.5,150.5,12073216
2017-08-07,151.0,151.0,157.0,150.5,150.5,12073216
2017-08-08,151.0,151.0,157.0,150.5,150.5,12073216
2017-08-09,151.0,151.0,157.0,150.5,150.5,12073216
2017-08-10,151.0,151.0,157.0,150.5,150.5,12073216
2017-08-11,151.0,151.0,157.0,150.5,150.5,12073216
2017-08-14,151.0,151.0,157.0,150.5,150.5,12073216
2017-08-15,151.0,151.0,157.0,150.5,150.5,12073216
2017-08-16,151.0,151.0,157.0,150.5,150.5,12073216
2017-08-17,151.0,151.0,157.0,150.5,150.5,12073216
2017-08-18,151.0,151.0,157.0,150.5,150.5,12073216
2017-08-21,151.0,151.0,157.0,150.5,150.5,12073216
2017-08-22,151.0,151.0,157.0,150.5,150.5,12073216
2017-08-23,151.0,151.0,157.0,150.5,150.5,12073216
2017-08-24,151.0,151.0,157.0,150.5,150.5,12073216
2017-08-25,151.0,151.0,157.0,150.5,150.5,12073216
2017-08-28,151.0,151.0,157.0,150.5,150.5,12073216
2017-08-29,151.0,151.0,157.0,150.5,150.5,12073216
2017-08-30,151.0,151.0,157.0,150.5,150.5,12073216
2017-08-31,151.0,151.0,157.0,150.5,150.5,12073216
2017-09-01,151.0,151.0,157.0,150.5,150.5,12073216
2017-09-04,151.0,151.0,157.0,150.5,150.5,12073216
2017-09-05,151.0,151.0,157.0,150.5,150.5,12073216
2017-09-06,151.0,151.0,157.0,150.5,150.5,12073216
2017-09-07,151.0,151.0,157.0,150.5,150.5,12073216
2017-09-08,151.0,151.0,157.0,150.5,150.5,12073216
2017-09-11,151.0,151.0,157.0,150.5,150.5,12073216
2017-09-12,151.0,151.0,157.0,150.5,150.5,12073216
2017-09-13,151.0,151.0,157.0,150.5,150.5,12073216
2017-09-14,151.0,151.0,157.0,150.5,150.5,12073216
2017-09-15,151.0,151.0,157.0,150.5,150.5,12073216
2017-09-18,151.0,151.0,157.0,150.5,150.5,12073216
2017-09-19,151.0,151.0,157.0,150.5,150.5,12073216
2017-09-20,151.0,151.0,157.0,150.5,150.5,12073216
2017-09-21,151.0,151.0,157.0,150.5,150.5,12073216
2017-09-22,151.0,151.0,157.0,150.5,150.5,12073216
2017-09-25,151.0,151.0,157.0,150.5,150.5,12073216
2017-09-26,151.0,151.0,157.0,150.5,150.5,12073216
2017-09-27,151.0,151.0,157.0,150.5,150.5,12073216
2017-09-28,151.0,151.0,157.0,150.5,150.5,12073216
2017-09-29,151.0,151.0,157.0,150.5,150.5,12073216
2017-10-02,151.0,151.0,157.0,150.5,150.5,12073216
2017-10-03,151.0,151.0,157.0,150.5,150.5,12073216
2017-10-05,151.0,151.0,157.0,150.5,150.5,12073216
2017-10-06,151.0,151.0,157.0,150.5,150.5,12073216
2017-10-11,151.0,151.0,157.0,150.5,150.5,12073216
2017-10-12,151.0,151.0,157.0,150.5,150.5,12073216
2017-10-13,151.0,151.0,157.0,150.5,150.5,12073216
2017-10-16,151.0,151.0,157.0,150.5,150.5,12073216
2017-10-17,151.0,151.0,157.0,150.5,150.5,12073216
2017-10-18,151.0,151.0,157.0,150.5,150.5,12073216
2017-10-19,151.0,151.0,157.0,150.5,150.5,12073216
2017-10-20,151.0,151.0,157.0,150.5,150.5,12073216
2017-10-23,151.0,151.0,157.0,150.5,150.5,12073216
2017-10-24,151.0,151.0,157.0,150.5,150.5,12073216
2017-10-25,151.0,151.0,157.0,150.5,150.5,12073216
2017-10-26,151.0,151.0,157.0,150.5,150.5,12073216
2017-10-27,151.0,151.0,157.0,150.5,150.5,12073216
2017-10-30,151.0,151.0,157.0,150.5,150.5,12073216
2017-10-31,151.0,151.0,157.0,150.5,150.5,12073216
2017-11-01,151.0,151.0,157.0,150.5,150.5,12073216
2017-11-02,151.0,151.0,157.0,150.5,150.5,12073216
2017-11-03,151.0,151.0,157.0,150.5,150.5,12073216
2017-11-06,151.0,151.0,157.0,150.5,150.5,12073216
2017-11-07,151.0,151.0,157.0,150.5,150.5,12073216
2017-11-08,151.0,151.0,157.0,150.5,150.5,12073216
2017-11-09,151.0,151.0,157.0,150.5,150.5,12073216
2017-11-10,151.0,151.0,157.0,150.5,150.5,12073216
2017-11-13,151.0,151.0,157.0,150.5,150.5,12073216
2017-11-14,151.0,151.0,157.0,150.5,150.5,12073216
2017-11-15,151.0,151.0,157.0,150.5,150.5,12073216
2017-11-16,151.0,151.0,157.0,150.5,150.5,12073216
2017-11-17,151.0,151.0,157.0,150.5,150.5,12073216
2017-11-20,151.0,151.0,157.0,150.5,150.5,12073216
2017-11-21,151.0,151.0,157.0,150.5,150.5,12073216
2017-11-22,151.0,151.0,157.0,150.5,150.5,12073216
2017-11-23,151.0,151.0,157.0,150.5,150.5,12073216
2017-11-24,151.0,151.0,157.0,150.5,150.5,12073216
2017-11-27,151.0,151.0,157.0,150.5,150.5,12073216
2017-11-28,151.0,151.0,157.0,150.5,150.5,12073216
2017-11-29,151.0,151.0,157.0,150.5,150.5,12073216
2017-11-30,151.0,151.0,157.0,150.5,150.5,12073216
2017-12-01,151.0,151.0,157.0,150.5,150.5,12073216
2017-12-04,151.0,151.0,157.0,150.5,150.5,12073216
2017-12-05,151.0,151.0,157.0,150.5,150.5,12073216
2017-12-06,151.0,151.0,157.0,150.5,150.5,12073216
2017-12-07,151.0,151.0,157.0,150.5,150.5,12073216
2017-12-08,151.0,151.0,157.0,150.5,150.5,12073216
2017-12-11,151.0,151.0,157.0,150.5,150.5,12073216
2017-12-12,151.0,151.0,157.0,150.5,150.5,12073216
2017-12-13,151.0,151.0,157.0,150.5,150.5,12073216
2017-12-14,151.0,151.0,157.0,150.5,150.5,12073216
2017-12-15,151.0,151.0,157.0,150.5,150.5,12073216
2017-12-18,151.0,151.0,157.0,150.5,150.5,12073216
2017-12-19,151.0,151.0,157.0,150.5,150.5,12073216
2017-12-20,151.0,151.0,157.0,150.5,150.5,12073216
2017-12-21,151.0,151.0,157.0,150.5,150.5,12073216
2017-12-22,151.0,151.0,157.0,150.5,150.5,12073216
2017-12-25,151.0,151.0,157.0,150.5,150.5,12073216
2017-12-26,151.0,151.0,157.0,150.5,150.5,12073216
2017-12-27,151.0,151.0,157.0,150.5,150.5,12073216
2017-12-28,151.0,151.0,157.0,150.5,150.5,12073216
2017-12-29,151.0,151.0,157.0,150.5,150.5,12073216
2018-01-02,151.0,151.0,157.0,150.5,150.5,12073216
2018-01-03,151.0,151.0,157.0,150.5,150.5,12073216
2018-01-04,151.0,151.0,157.0,150.5,150.5,12073216
2018-01-05,151.0,151.0,157.0,150.5,150.5,12073216
2018-01-08,151.0,151.0,157.0,150.5,150.5,12073216
2018-01-09,151.0,151.0,157.0,150.5,150.5,12073216
2018-01-10,151.0,151.0,157.0,150.5,150.5,12073216
2018-01-11,151.0,151.0,157.0,150.5,150.5,12073216
2018-01-12,151.0,151.0,157.0,150.5,150.5,12073216
2018-01-15,151.0,151.0,157.0,150.5,150.5,12073216
2018-01-16,151.0,151.0,157.0,150.5,150.5,12073216
2018-01-17,151.0,151.0,157.0,150.5,150.5,12073216
2018-01-18,151.0,151.0,157.0,150.5,150.5,12073216
2018-01-19,151.0,151.0,157.0,150.5,150.5,12073216
2018-01-22,151.0,151.0,157.0,150.5,150.5,12073216
2018-01-23,151.0,151.0,157.0,150.5,150.5,12073216
2018-01-24,151.0,151.0,157.0,150.5,150.5,12073216
2018-01-25,151.0,151.0,157.0,150.5,150.5,12073216
2018-01-26,151.0,151.0,157.0,150.5,150.5,12073216
2018-01-29,151.0,151.0,157.0,150.5,150.5,12073216
2018-01-30,151.0,151.0,157.0,150.5,150.5,12073216
2018-01-31,151.0,151.0,157.0,150.5,150.5,12073216
2018-02-01,151.0,151.0,157.0,150.5,150.5,12073216
2018-02-02,151.0,151.0,157.0,150.5,150.5,12073216
2018-02-05,151.0,151.0,157.0,150.5,150.5,12073216
2018-02-06,151.0,151.0,157.0,150.5,150.5,12073216
2018-02-07,151.0,151.0,157.0,150.5,150.5,12073216
2018-02-08,151.0,151.0,157.0,150.5,150.5,12073216
2018-02-09,151.0,151.0,157.0,150.5,150.5,12073216
2018-02-12,151.0,151.0,157.0,150.5,150.5,12073216
2018-02-21,151.0,151.0,157.0,150.5,150.5,12073216
2018-02-22,151.0,151.0,157.0,150.5,150.5,12073216
2018-02-23,151.0,151.0,157.0,150.5,150.5,12073216
2018-02-26,151.0,151.0,157.0,150.5,150.5,12073216
2018-02-27,151.0,151.0,157.0,150.5,150.5,12073216
2018-03-01,151.0,151.0,157.0,150.5,150.5,12073216
2018-03-02,151.0,151.0,157.0,150.5,150.5,12073216
2018-03-05,151.0,151.0,157.0,150.5,150.5,12073216
2018-03-06,151.0,151.0,157.0,150.5,150.5,12073216
2018-03-07,151.0,151.0,157.0,150.5,150.5,12073216
2018-03-08,151.0,151.0,157.0,150.5,150.5,12073216
2018-03-09,151.0,151.0,157.0,150.5,150.5,12073216
2018-03-12,151.0,151.0,157.0,150.5,150.5,12073216
2018-03-13,151.0,151.0,157.0,150.5,150.5,12073216
2018-03-14,151.0,151.0,157.0,150.5,150.5,12073216
2018-03-15,151.0,151.0,157.0,150.5,150.5,12073216
2018-03-16,151.0,151.0,157.0,150.5,150.5,12073216
2018-03-19,151.0,151.0,157.0,150.5,150.5,12073216
2018-03-20,151.0,151.0,157.0,150.5,150.5,12073216
2018-03-21,151.0,151.0,157.0,150.5,150.5,12073216
2018-03-22,151.0,151.0,157.0,150.5,150.5,12073216
2018-03-23,151.0,151.0,157.0,150.5,150.5,12073216
2018-03-26,151.0,151.0,157.0,150.5,150.5,12073216
2018-03-27,151.0,151.0,157.0,150.5,150.5,12073216
2018-03-28,151.0,151.0,157.0,150.5,150.5,12073216
2018-03-29,151.0,151.0,157.0,150.5,150.5,12073216
2018-03-30,151.0,151.0,157.0,150.5,150.5,12073216
2018-04-02,151.0,151.0,157.0,150.5,150.5,12073216
2018-04-03,151.0,151.0,157.0,150.5,150.5,12073216
2018-04-09,151.0,151.0,157.0,150.5,150.5,12073216
2018-04-10,151.0,151.0,157.0,150.5,150.5,12073216
2018-04-11,151.0,151.0,157.0,150.5,150.5,12073216
2018-04-12,151.0,151.0,157.0,150.5,150.5,12073216
2018-04-13,151.0,151.0,157.0,150.5,150.5,12073216
2018-04-16,151.0,151.0,157.0,150.5,150.5,12073216
2018-04-17,151.0,151.0,157.0,150.5,150.5,12073216
2018-04-18,151.0,151.0,157.0,150.5,150.5,12073216
2018-04-19,151.0,151.0,157.0,150.5,150.5,12073216
2018-04-20,151.0,151.0,157.0,150.5,150.5,12073216
2018-04-23,151.0,151.0,157.0,150.5,150.5,12073216
2018-04-24,151.0,151.0,157.0,150.5,150.5,12073216
2018-04-25,151.0,151.0,157.0,150.5,150.5,12073216
2018-04-26,151.0,151.0,157.0,150.5,150.5,12073216
2018-04-27,151.0,151.0,157.0,150.5,150.5,12073216
2018-04-30,151.0,151.0,157.0,150.5,150.5,12073216
2018-05-02,151.0,151.0,157.0,150.5,150.5,12073216
2018-05-03,151.0,151.0,157.0,150.5,150.5,12073216
2018-05-04,151.0,151.0,157.0,150.5,150.5,12073216
2018-05-07,151.0,151.0,157.0,150.5,150.5,12073216
2018-05-08,151.0,151.0,157.0,150.5,150.5,12073216
2018-05-09,151.0,151.0,157.0,150.5,150.5,12073216
2018-05-10,151.0,151.0,157.0,150.5,150.5,12073216
2018-05-11,151.0,151.0,157.0,150.5,150.5,12073216
2018-05-14,151.0,151.0,157.0,150.5,150.5,12073216
2018-05-15,151.0,151.0,157.0,150.5,150.5,12073216
2018-05-16,151.0,151.0,157.0,150.5,150.5,12073216
2018-05-17,151.0,151.0,157.0,150.5,150.5,12073216
2018-05-18,151.0,151.0,157.0,150.5,150.5,12073216
2018-05-21,151.0,151.0,157.0,150.5,150.5,12073216
2018-05-22,151.0,151.0,157.0,150.5,150.5,12073216
2018-05-23,151.0,151.0,157.0,150.5,150.5,12073216
2018-05-24,151.0,151.0,157.0,150.5,150.5,12073216
2018-05-25,151.0,151.0,157.0,150.5,150.5,12073216
2018-05-28,151.0,151.0,157.0,150.5,150.5,12073216
2018-05-29,151.0,151.0,157.0,150.5,150.5,12073216
2018-05-30,151.0,151.0,157.0,150.5,150.5,12073216
2018-05-31,151.0,151.0,157.0,150.5,150.5,12073216
2018-06-01,151.0,151.0,157.0,150.5,150.5,12073216
2018-06-04,151.0,151.0,157.0,150.5,150.5,12073216
2018-06-05,151.0,151.0,157.0,150.5,150.5,12073216
2018-06-06,151.0,151.0,157.0,150.5,150.5,12073216
2018-06-07,151.0,151.0,157.0,150.5,150.5,12073216
2018-06-08,151.0,151.0,157.0,150.5,150.5,12073216
2018-06-11,151.0,151.0,157.0,150.5,150.5,12073216
2018-06-12,151.0,151.0,157.0,150.5,150.5,12073216
2018-06-13,151.0,151.0,157.0,150.5,150.5,12073216
2018-06-14,151.0,151.0,157.0,150.5,150.5,12073216
2018-06-15,151.0,151.0,157.0,150.5,150.5,12073216
2018-06-19,151.0,151.0,157.0,150.5,150.5,12073216
2018-06-20,151.0,151.0,157.0,150.5,150.5,12073216
2018-06-21,151.0,151.0,157.0,150.5,150.5,12073216
2018-06-22,151.0,151.0,157.0,150.5,150.5,12073216
2018-06-25,151.0,151.0,157.0,150.5,150.5,12073216
2018-06-26,151.0,151.0,157.0,150.5,150.5,12073216
2018-06-27,151.0,151.0,157.0,150.5,150.5,12073216
2018-06-28,151.0,151.0,157.0,150.5,150.5,12073216
2018-06-29,151.0,151.0,157.0,150.5,150.5,12073216
2018-07-02,151.0,151.0,157.0,150.5,150.5,12073216
2018-07-03,151.0,151.0,157.0,150.5,150.5,12073216
2018-07-04,151.0,151.0,157.0,150.5,150.5,12073216
2018-07-05,151.0,151.0,157.0,150.5,150.5,12073216
2018-07-06,151.0,151.0,157.0,150.5,150.5,12073216
2018-07-09,151.0,151.0,157.0,150.5,150.5,12073216
2018-07-10,151.0,151.0,157.0,150.5,150.5,12073216
2018-07-11,151.0,151.0,157.0,150.5,150.5,12073216
2018-07-12,151.0,151.0,157.0,150.5,150.5,12073216
2018-07-13,151.0,151.0,157.0,150.5,150.5,12073216
2018-07-16,151.0,151.0,157.0,150.5,150.5,12073216
2018-07-17,151.0,151.0,157.0,150.5,150.5,12073216
2018-07-18,151.0,151.0,157.0,150.5,150.5,12073216
2018-07-19,151.0,151.0,157.0,150.5,150.5,12073216
2018-07-20,151.0,151.0,157.0,150.5,150.5,12073216
2018-07-23,151.0,151.0,157.0,150.5,150.5,12073216
2018-07-24,151.0,151.0,157.0,150.5,150.5,12073216
2018-07-25,151.0,151.0,157.0,150.5,150.5,12073216
2018-07-26,151.0,151.0,157.0,150.5,150.5,12073216
2018-07-27,151.0,151.0,157.0,150.5,150.5,12073216
2018-07-30,151.0,151.0,157.0,150.5,150.5,12073216
2018-07-31,151.0,151.0,157.0,150.5,150.5,12073216
2018-08-01,151.0,151.0,157.0,150.5,150.5,12073216
2018-08-02,151.0,151.0,157.0,150.5,150.5,12073216
2018-08-03,151.0,151.0,157.0,150.5,150.5,12073216
2018-08-06,151.0,151.0,157.0,150.5,150.5,12073216
2018-08-07,151.0,151.0,157.0,150.5,150.5,12073216
2018-08-08,151.0,151.0,157.0,150.5,150.5,12073216
2018-08-09,151.0,151.0,157.0,150.5,150.5,12073216
2018-08-10,151.0,151.0,157.0,150.5,150.5,12073216
2018-08-13,151.0,151.0,157.0,150.5,150.5,12073216
2018-08-14,151.0,151.0,157.0,150.5,150.5,12073216
2018-08-15,151.0,151.0,157.0,150.5,150.5,12073216
2018-08-16,151.0,151.0,157.0,150.5,150.5,12073216
2018-08-17,151.0,151.0,157.0,150.5,150.5,12073216
2018-08-20,151.0,151.0,157.0,150.5,150.5,12073216
2018-08-21,151.0,151.0,157.0,150.5,150.5,12073216
2018-08-22,151.0,151.0,157.0,150.5,150.5,12073216
2018-08-23,151.0,151.0,157.0,150.5,150.5,12073216
2018-08-24,151.0,151.0,157.0,150.5,150.5,12073216
2018-08-27,151.0,151.0,157.0,150.5,150.5,12073216
2018-08-28,151.0,151.0,157.0,150.5,150.5,12073216
2018-08-29,151.0,151.0,157.0,150.5,150.5,12073216
2018-08-30,151.0,151.0,157.0,150.5,150.5,12073216
2018-08-31,151.0,151.0,157.0,150.5,150.5,12073216
2018-09-03,151.0,151.0,157.0,150.5,150.5,12073216
2018-09-04,151.0,151.0,157.0,150.5,150.5,12073216
2018-09-05,151.0,151.0,157.0,150.5,150.5,12073216
2018-09-06,151.0,151.0,157.0,150.5,150.5,12073216
2018-09-07,151.0,151.0,157.0,150.5,150.5,12073216
2018-09-10,151.0,151.0,157.0,150.5,150.5,12073216
2018-09-11,151.0,151.0,157.0,150.5,150.5,12073216
2018-09-12,151.0,151.0,157.0,150.5,150.5,12073216
2018-09-13,151.0,151.0,157.0,150.5,150.5,12073216
2018-09-14,151.0,151.0,157.0,150.5,150.5,12073216
2018-09-17,151.0,151.0,157.0,150.5,150.5,12073216
2018-09-18,151.0,151.0,157.0,150.5,150.5,12073216
2018-09-19,151.0,151.0,157.0,150.5,150.5,12073216
2018-09-20,151.0,151.0,157.0,150.5,150.5,12073216
2018-09-21,151.0,151.0,157.0,150.5,150.5,12073216
2018-09-25,151.0,151.0,157.0,150.5,150.5,12073216
2018-09-26,151.0,151.0,157.0,150.5,150.5,12073216
2018-09-27,151.0,151.0,157.0,150.5,150.5,12073216
2018-09-28,151.0,151.0,157.0,150.5,150.5,12073216
2018-10-01,151.0,151.0,157.0,150.5,150.5,12073216
2018-10-02,151.0,151.0,157.0,150.5,150.5,12073216
2018-10-03,151.0,151.0,157.0,150.5,150.5,12073216
2018-10-04,151.0,151.0,157.0,150.5,150.5,12073216
2018-10-05,151.0,151.0,157.0,150.5,150.5,12073216
2018-10-08,151.0,151.0,157.0,150.5,150.5,12073216
2018-10-09,151.0,151.0,157.0,150.5,150.5,12073216
2018-10-11,151.0,151.0,157.0,150.5,150.5,12073216
2018-10-12,151.0,151.0,157.0,150.5,150.5,12073216
2018-10-15,151.0,151.0,157.0,150.5,150.5,12073216
2018-10-16,151.0,151.0,157.0,150.5,150.5,12073216
2018-10-17,151.0,151.0,157.0,150.5,150.5,12073216
2018-10-18,151.0,151.0,157.0,150.5,150.5,12073216
2018-10-19,151.0,151.0,157.0,150.5,150.5,12073216
2018-10-22,151.0,151.0,157.0,150.5,150.5,12073216
2018-10-23,151.0,151.0,157.0,150.5,150.5,12073216
2018-10-24,151.0,151.0,157.0,150.5,150.5,12073216
2018-10-25,151.0,151.0,157.0,150.5,150.5,12073216
2018-10-26,151.0,151.0,157.0,150.5,150.5,12073216
2018-10-29,151.0,151.0,157.0,150.5,150.5,12073216
2018-10-30,151.0,151.0,157.0,150.5,150.5,12073216
2018-10-31,151.0,151.0,157.0,150.5,150.5,12073216
2018-11-01,151.0,151.0,157.0,150.5,150.5,12073216
2018-11-02,151.0,151.0,157.0,150.5,150.5,12073216
2018-11-05,151.0,151.0,157.0,150.5,150.5,12073216
2018-11-06,151.0,151.0,157.0,150.5,150.5,12073216
2018-11-07,151.0,151.0,157.0,150.5,150.5,12073216
2018-11-08,151.0,151.0,157.0,150.5,150.5,12073216
2018-11-09,151.0,151.0,157.0,150.5,150.5,12073216
2018-11-12,151.0,151.0,157.0,150.5,150.5,12073216
2018-11-13,151.0,151.0,157.0,150.5,150.5,12073216
2018-11-14,151.0,151.0,157.0,150.5,150.5,12073216
2018-11-15,151.0,151.0,157.0,150.5,150.5,12073216
2018-11-16,151.0,151.0,157.0,150.5,150.5,12073216
2018-11-19,151.0,151.0,157.0,150.5,150.5,12073216
2018-11-20,151.0,151.0,157.0,150.5,150.5,12073216
2018-11-21,151.0,151.0,157.0,150.5,150.5,12073216
2018-11-22,151.0,151.0,157.0,150.5,150.5,12073216
2018-11-23,151.0,151.0,157.0,150.5,150.5,12073216
2018-11-26,151.0,151.0,157.0,150.5,150.5,12073216
2018-11-27,151.0,151.0,157.0,150.5,150.5,12073216
2018-11-28,151.0,151.0,157.0,150.5,150.5,12073216
2018-11-29,151.0,151.0,157.0,150.5,150.5,12073216
2018-11-30,151.0,151.0,157.0,150.5,150.5,12073216
2018-12-03,151.0,151.0,157.0,150.5,150.5,12073216
2018-12-04,151.0,151.0,157.0,150.5,150.5,12073216
2018-12-05,151.0,151.0,157.0,150.5,150.5,12073216
2018-12-06,151.0,151.0,157.0,150.5,150.5,12073216
2018-12-07,151.0,151.0,157.0,150.5,150.5,12073216
2018-12-10,151.0,151.0,157.0,150.5,150.5,12073216
2018-12-11,151.0,151.0,157.0,150.5,150.5,12073216
2018-12-12,151.0,151.0,157.0,150.5,150.5,12073216
2018-12-13,151.0,151.0,157.0,150.5,150.5,12073216
2018-12-14,151.0,151.0,157.0,150.5,150.5,12073216
2018-12-17,151.0,151.0,157.0,150.5,150.5,12073216
2018-12-18,151.0,151.0,157.0,150.5,150.5,12073216
2018-12-19,151.0,151.0,157.0,150.5,150.5,12073216
2018-12-20,151.0,151.0,157.0,150.5,150.5,12073216
2018-12-21,151.0,151.0,157.0,150.5,150.5,12073216
2018-12-24,151.0,151.0,157.0,150.5,150.5,12073216
2018-12-25,151.0,151.0,157.0,150.5,150.5,12073216
2018-12-26,151.0,151.0,157.0,150.5,150.5,12073216
2018-12-27,151.0,151.0,157.0,150.5,150.5,12073216
2018-12-28,151.0,151.0,157.0,150.5,150.5,12073216
2019-01-02,151.0,151.0,157.0,150.5,150.5,12073216
2019-01-03,151.0,151.0,157.0,150.5,150.5,12073216
2019-01-04,151.0,151.0,157.0,150.5,150.5,12073216
2019-01-07,151.0,151.0,157.0,150.5,150.5,12073216
2019-01-08,151.0,151.0,157.0,150.5,150.5,12073216
2019-01-09,151.0,151.0,157.0,150.5,150.5,12073216
2019-01-10,151.0,151.0,157.0,150.5,150.5,12073216
2019-01-11,151.0,151.0,157.0,150.5,150.5,12073216
2019-01-14,151.0,151.0,157.0,150.5,150.5,12073216
2019-01-15,151.0,151.0,157.0,150.5,150.5,12073216
2019-01-16,151.0,151.0,157.0,150.5,150.5,12073216
2019-01-17,151.0,151.0,157.0,150.5,150.5,12073216
2019-01-18,151.0,151.0,157.0,150.5,150.5,12073216
2019-01-21,151.0,151.0,157.0,150.5,150.5,12073216
2019-01-22,151.0,151.0,157.0,150.5,150.5,12073216
2019-01-23,151.0,151.0,157.0,150.5,150.5,12073216
2019-01-24,151.0,151.0,157.0,150.5,150.5,12073216
2019-01-25,151.0,151.0,157.0,150.5,150.5,12073216
2019-01-28,151.0,151.0,157.0,150.5,150.5,12073216
2019-01-29,151.0,151.0,157.0,150.5,150.5,12073216
2019-01-30,151.0,151.0,157.0,150.5,150.5,12073216
2019-02-11,151.0,151.0,157.0,150.5,150.5,12073216
2019-02-12,151.0,151.0,157.0,150.5,150.5,12073216
2019-02-13,151.0,151.0,157.0,150.5,150.5,12073216
2019-02-14,151.0,151.0,157.0,150.5,150.5,12073216
2019-02-15,151.0,151.0,157.0,150.5,150.5,12073216
2019-02-18,151.0,151.0,157.0,150.5,150.5,12073216
2019-02-19,151.0,151.0,157.0,150.5,150.5,12073216
2019-02-20,151.0,151.0,157.0,150.5,150.5,12073216
2019-02-21,151.0,151.0,157.0,150.5,150.5,12073216
2019-02-22,151.0,151.0,157.0,150.5,150.5,12073216
2019-02-25,151.0,151.0,157.0,150.5,150.5,12073216
2019-02-26,151.0,151.0,157.0,150.5,150.5,12073216
2019-02-27,151.0,151.0,157.0,150.5,150.5,12073216
2019-03-04,151.0,151.0,157.0,150.5,150.5,12073216
2019-03-05,151.0,151.0,157.0,150.5,150.5,12073216
2019-03-06,151.0,151.0,157.0,150.5,150.5,12073216
2019-03-07,151.0,151.0,157.0,150.5,150.5,12073216
2019-03-08,151.0,151.0,157.0,150.5,150.5,12073216
2019-03-11,151.0,151.0,157.0,150.5,150.5,12073216
2019-03-12,151.0,151.0,157.0,150.5,150.5,12073216
2019-03-13,151.0,151.0,157.0,150.5,150.5,12073216
2019-03-14,151.0,151.0,157.0,150.5,150.5,12073216
2019-03-15,151.0,151.0,157.0,150.5,150.5,12073216
2019-03-18,151.0,151.0,157.0,150.5,150.5,12073216
2019-03-19,151.0,151.0,157.0,150.5,150.5,12073216
2019-03-20,151.0,151.0,157.0,150.5,150.5,12073216
2019-03-21,151.0,151.0,157.0,150.5,150.5,12073216
2019-03-22,151.0,151.0,157.0,150.5,150.5,12073216
2019-03-25,151.0,151.0,157.0,150.5,150.5,12073216
2019-03-26,151.0,151.0,157.0,150.5,150.5,12073216
2019-03-27,151.0,151.0,157.0,150.5,150.5,12073216
2019-03-28,151.0,151.0,157.0,150.5,150.5,12073216
2019-03-29,151.0,151.0,157.0,150.5,150.5,12073216
2019-04-01,151.0,151.0,157.0,150.5,150.5,12073216
2019-04-02,151.0,151.0,157.0,150.5,150.5,12073216
2019-04-03,151.0,151.0,157.0,150.5,150.5,12073216
2019-04-08,151.0,151.0,157.0,150.5,150.5,12073216
2019-04-09,151.0,151.0,157.0,150.5,150.5,12073216
2019-04-10,151.0,151.0,157.0,150.5,150.5,12073216
2019-04-11,151.0,151.0,157.0,150.5,150.5,12073216
2019-04-12,151.0,151.0,157.0,150.5,150.5,12073216
2019-04-15,151.0,151.0,157.0,150.5,150.5,12073216
2019-04-16,151.0,151.0,157.0,150.5,150.5,12073216
2019-04-17,151.0,151.0,157.0,150.5,150.5,12073216
2019-04-18,151.0,151.0,157.0,150.5,150.5,12073216
2019-04-19,151.0,151.0,157.0,150.5,150.5,12073216
2019-04-22,151.0,151.0,157.0,150.5,150.5,12073216
2019-04-23,151.0,151.0,157.0,150.5,150.5,12073216
2019-04-24,151.0,151.0,157.0,150.5,150.5,12073216
2019-04-25,151.0,151.0,157.0,150.5,150.5,12073216
2019-04-26,151.0,151.0,157.0,150.5,150.5,12073216
2019-04-29,151.0,151.0,157.0,150.5,150.5,12073216
2019-04-30,151.0,151.0,157.0,150.5,150.5,12073216
2019-05-02,151.0,151.0,157.0,150.5,150.5,12073216
2019-05-03,151.0,151.0,157.0,150.5,150.5,12073216
2019-05-06,151.0,151.0,157.0,150.5,150.5,12073216
2019-05-07,151.0,151.0,157.0,150.5,150.5,12073216
2019-05-08,151.0,151.0,157.0,150.5,150.5,12073216
2019-05-09,151.0,151.0,157.0,150.5,150.5,12073216
2019-05-10,151.0,151.0,157.0,150.5,150.5,12073216
2019-05-13,151.0,151.0,157.0,150.5,150.5,12073216
2019-05-14,151.0,151.0,157.0,150.5,150.5,12073216
2019-05-15,151.0,151.0,157.0,150.5,150.5,12073216
2019-05-16,151.0,151.0,157.0,150.5,150.5,12073216
2019-05-17,151.0,151.0,157.0,150.5,150.5,12073216
2019-05-20,151.0,151.0,157.0,150.5,150.5,12073216
2019-05-21,151.0,151.0,157.0,150.5,150.5,12073216
2019-05-22,151.0,151.0,157.0,150.5,150.5,12073216
2019-05-23,151.0,151.0,157.0,150.5,150.5,12073216
2019-05-24,151.0,151.0,157.0,150.5,150.5,12073216
2019-05-27,151.0,151.0,157.0,150.5,150.5,12073216
2019-05-28,151.0,151.0,157.0,150.5,150.5,12073216
2019-05-29,151.0,151.0,157.0,150.5,150.5,12073216
2019-05-30,151.0,151.0,157.0,150.5,150.5,12073216
2019-05-31,151.0,151.0,157.0,150.5,150.5,12073216
2019-06-03,151.0,151.0,157.0,150.5,150.5,12073216
2019-06-04,151.0,151.0,157.0,150.5,150.5,12073216
2019-06-05,151.0,151.0,157.0,150.5,150.5,12073216
2019-06-06,151.0,151.0,157.0,150.5,150.5,12073216
2019-06-10,151.0,151.0,157.0,150.5,150.5,12073216
2019-06-11,151.0,151.0,157.0,150.5,150.5,12073216
2019-06-12,151.0,151.0,157.0,150.5,150.5,12073216
2019-06-13,151.0,151.0,157.0,150.5,150.5,12073216
2019-06-14,151.0,151.0,157.0,150.5,150.5,12073216
2019-06-17,151.0,151.0,157.0,150.5,150.5,12073216
2019-06-18,151.0,151.0,157.0,150.5,150.5,12073216
2019-06-19,151.0,151.0,157.0,150.5,150.5,12073216
2019-06-20,151.0,151.0,157.0,150.5,150.5,12073216
2019-06-21,151.0,151.0,157.0,150.5,150.5,12073216
2019-06-24,151.0,151.0,157.0,150.5,150.5,12073216
2019-06-25,151.0,151.0,157.0,150.5,150.5,12073216
2019-06-26,151.0,151.0,157.0,150.5,150.5,12073216
2019-06-27,151.0,151.0,157.0,150.5,150.5,12073216
2019-06-28,151.0,151.0,157.0,150.5,150.5,12073216
2019-07-01,151.0,151.0,157.0,150.5,150.5,12073216
2019-07-02,151.0,151.0,157.0,150.5,150.5,12073216
2019-07-03,151.0,151.0,157.0,150.5,150.5,12073216
2019-07-04,151.0,151.0,157.0,150.5,150.5,12073216
2019-07-05,151.0,151.0,157.0,150.5,150.5,12073216
2019-07-08,151.0,151.0,157.0,150.5,150.5,12073216
2019-07-09,151.0,151.0,157.0,150.5,150.5,12073216
2019-07-10,151.0,151.0,157.0,150.5,150.5,12073216
2019-07-11,151.0,151.0,157.0,150.5,150.5,12073216
2019-07-12,151.0,151.0,157.0,150.5,150.5,12073216
2019-07-15,151.0,151.0,157.0,150.5,150.5,12073216
2019-07-16,151.0,151.0,157.0,150.5,150.5,12073216
2019-07-17,151.0,151.0,157.0,150.5,150.5,12073216
2019-07-18,151.0,151.0,157.0,150.5,150.5,12073216
2019-07-19,151.0,151.0,157.0,150.5,150.5,12073216
2019-07-22,151.0,151.0,157.0,150.5,150.5,12073216
2019-07-23,151.0,151.0,157.0,150.5,150.5,12073216
2019-07-24,151.0,151.0,157.0,150.5,150.5,12073216
2019-07-25,151.0,151.0,157.0,150.5,150.5,12073216
2019-07-26,151.0,151.0,157.0,150.5,150.5,12073216
2019-07-29,151.0,151.0,157.0,150.5,150.5,12073216
2019-07-30,151.0,151.0,157.0,150.5,150.5,12073216
2019-07-31,151.0,151.0,157.0,150.5,150.5,12073216
2019-08-01,151.0,151.0,157.0,150.5,150.5,12073216
2019-08-02,151.0,151.0,157.0,150.5,150.5,12073216
2019-08-05,151.0,151.0,157.0,150.5,150.5,12073216
2019-08-06,151.0,151.0,157.0,150.5,150.5,12073216
2019-08-07,151.0,151.0,157.0,150.5,150.5,12073216
2019-08-08,151.0,151.0,157.0,150.5,150.5,12073216
2019-08-12,151.0,151.0,157.0,150.5,150.5,12073216
2019-08-13,151.0,151.0,157.0,150.5,150.5,12073216
2019-08-14,151.0,151.0,157.0,150.5,150.5,12073216
2019-08-15,151.0,151.0,157.0,150.5,150.5,12073216
2019-08-16,151.0,151.0,157.0,150.5,150.5,12073216
2019-08-19,151.0,151.0,157.0,150.5,150.5,12073216
2019-08-20,151.0,151.0,157.0,150.5,150.5,12073216
2019-08-21,151.0,151.0,157.0,150.5,150.5,12073216
2019-08-22,151.0,151.0,157.0,150.5,150.5,12073216
2019-08-23,151.0,151.0,157.0,150.5,150.5,12073216
2019-08-26,151.0,151.0,157.0,150.5,150.5,12073216
2019-08-27,151.0,151.0,157.0,150.5,150.5,12073216
2019-08-28,151.0,151.0,157.0,150.5,150.5,12073216
2019-08-29,151.0,151.0,157.0,150.5,150.5,12073216
2019-08-30,151.0,151.0,157.0,150.5,150.5,12073216
2019-09-02,151.0,151.0,157.0,150.5,150.5,12073216
2019-09-03,151.0,151.0,157.0,150.5,150.5,12073216
2019-09-04,151.0,151.0,157.0,150.5,150.5,12073216
2019-09-05,151.0,151.0,157.0,150.5,150.5,12073216
2019-09-06,151.0,151.0,157.0,150.5,150.5,12073216
2019-09-09,151.0,151.0,157.0,150.5,150.5,12073216
2019-09-10,151.0,151.0,157.0,150.5,150.5,12073216
2019-09-11,151.0,151.0,157.0,150.5,150.5,12073216
2019-09-12,151.0,151.0,157.0,150.5,150.5,12073216
2019-09-16,151.0,151.0,157.0,150.5,150.5,12073216
2019-09-17,151.0,151.0,157.0,150.5,150.5,12073216
2019-09-18,151.0,151.0,157.0,150.5,150.5,12073216
2019-09-19,151.0,151.0,157.0,150.5,150.5,12073216
2019-09-20,151.0,151.0,157.0,150.5,150.5,12073216
2019-09-23,151.0,151.0,157.0,150.5,150.5,12073216
2019-09-24,151.0,151.0,157.0,150.5,150.5,12073216
2019-09-25,151.0,151.0,157.0,150.5,150.5,12073216
2019-09-26,151.0,151.0,157.0,150.5,150.5,12073216
2019-09-27,151.0,151.0,157.0,150.5,150.5,12073216
2019-10-01,151.0,151.0,157.0,150.5,150.5,12073216
2019-10-02,151.0,151.0,157.0,150.5,150.5,12073216
2019-10-03,151.0,151.0,157.0,150.5,150.5,12073216
2019-10-04,151.0,151.0,157.0,150.5,150.5,12073216
2019-10-07,151.0,151.0,157.0,150.5,150.5,12073216
2019-10-08,151.0,151.0,157.0,150.5,150.5,12073216
2019-10-09,151.0,151.0,157.0,150.5,150.5,12073216
2019-10-14,151.0,151.0,157.0,150.5,150.5,12073216
2019-10-15,151.0,151.0,157.0,150.5,150.5,12073216
2019-10-16,151.0,151.0,157.0,150.5,150.5,12073216
2019-10-17,151.0,151.0,157.0,150.5,150.5,12073216
2019-10-18,151.0,151.0,157.0,150.5,150.5,12073216
2019-10-21,151.0,151.0,157.0,150.5,150.5,12073216
2019-10-22,151.0,151.0,157.0,150.5,150.5,12073216
2019-10-23,151.0,151.0,157.0,150.5,150.5,12073216
2019-10-24,151.0,151.0,157.0,150.5,150.5,12073216
2019-10-25,151.0,151.0,157.0,150.5,150.5,12073216
2019-10-28,151.0,151.0,157.0,150.5,150.5,12073216
2019-10-29,151.0,151.0,157.0,150.5,150.5,12073216
2019-10-30,151.0,151.0,157.0,150.5,150.5,12073216
2019-10-31,151.0,151.0,157.0,150.5,150.5,12073216
2019-11-01,151.0,151.0,157.0,150.5,150.5,12073216
2019-11-04,151.0,151.0,157.0,150.5,150.5,12073216
2019-11-05,151.0,151.0,157.0,150.5,150.5,12073216
2019-11-06,151.0,151.0,157.0,150.5,150.5,12073216
2019-11-07,151.0,151.0,157.0,150.5,150.5,12073216
2019-11-08,151.0,151.0,157.0,150.5,150.5,12073216
2019-11-11,151.0,151.0,157.0,150.5,150.5,12073216
2019-11-12,151.0,151.0,157.0,150.5,150.5,12073216
2019-11-13,151.0,151.0,157.0,150.5,150.5,12073216
2019-11-14,151.0,151.0,157.0,150.5,150.5,12073216
2019-11-20,151.0,151.0,157.0,150.5,150.5,12073216
2019-11-21,151.0,151.0,157.0,150.5,150.5,12073216
2019-11-22,151.0,151.0,157.0,150.5,150.5,12073216
2019-11-25,151.0,151.0,157.0,150.5,150.5,12073216
2019-11-26,151.0,151.0,157.0,150.5,150.5,12073216
2019-11-27,151.0,151.0,157.0,150.5,150.5,12073216
2019-11-28,151.0,151.0,157.0,150.5,150.5,12073216
2019-11-29,151.0,151.0,157.0,150.5,150.5,12073216
2019-12-02,151.0,151.0,157.0,150.5,150.5,12073216
2019-12-03,151.0,151.0,157.0,150.5,150.5,12073216
2019-12-04,151.0,151.0,157.0,150.5,150.5,12073216
2019-12-05,151.0,151.0,157.0,150.5,150.5,12073216
2019-12-06,151.0,151.0,157.0,150.5,150.5,12073216
2019-12-09,151.0,151.0,157.0,150.5,150.5,12073216
2019-12-10,151.0,151.0,157.0,150.5,150.5,12073216
2019-12-11,151.0,151.0,157.0,150.5,150.5,12073216
2019-12-12,151.0,151.0,157.0,150.5,150.5,12073216
2019-12-13,151.0,151.0,157.0,150.5,150.5,12073216
2019-12-16,151.0,151.0,157.0,150.5,150.5,12073216
2019-12-17,151.0,151.0,157.0,150.5,150.5,12073216
2019-12-18,151.0,151.0,157.0,150.5,150.5,12073216
2019-12-19,151.0,151.0,157.0,150.5,150.5,12073216
2019-12-20,151.0,151.0,157.0,150.5,150.5,12073216
2019-12-23,151.0,151.0,157.0,150.5,150.5,12073216
2019-12-24,151.0,151.0,157.0,150.5,150.5,12073216
2019-12-25,151.0,151.0,157.0,150.5,150.5,12073216
2019-12-26,151.0,151.0,157.0,150.5,150.5,12073216
2019-12-27,151.0,151.0,157.0,150.5,150.5,12073216
2019-12-30,151.0,151.0,157.0,150.5,150.5,12073216
2019-12-31,151.0,151.0,157.0,150.5,150.5,12073216
2020-01-02,151.0,151.0,157.0,150.5,150.5,12073216
2020-01-03,151.0,151.0,157.0,150.5,150.5,12073216
2020-01-06,151.0,151.0,157.0,150.5,150.5,12073216
2020-01-07,151.0,151.0,157.0,150.5,150.5,12073216
2020-01-08,151.0,151.0,157.0,150.5,150.5,12073216
2020-01-09,151.0,151.0,157.0,150.5,150.5,12073216
2020-01-10,151.0,151.0,157.0,150.5,150.5,12073216
2020-01-13,151.0,151.0,157.0,150.5,150.5,12073216
2020-01-14,151.0,151.0,157.0,150.5,150.5,12073216
2020-01-15,151.0,151.0,157.0,150.5,150.5,12073216
2020-01-16,151.0,151.0,157.0,150.5,150.5,12073216
2020-01-17,151.0,151.0,157.0,150.5,150.5,12073216
2020-01-20,151.0,151.0,157.0,150.5,150.5,12073216
2020-01-30,151.0,151.0,157.0,150.5,150.5,12073216
2020-01-31,151.0,151.0,157.0,150.5,150.5,12073216
2020-02-03,151.0,151.0,157.0,150.5,150.5,12073216
2020-02-04,151.0,151.0,157.0,150.5,150.5,12073216
2020-02-05,151.0,151.0,157.0,150.5,150.5,12073216
2020-02-06,151.0,151.0,157.0,150.5,150.5,12073216
2020-02-07,151.0,151.0,157.0,150.5,150.5,12073216
2020-02-10,151.0,151.0,157.0,150.5,150.5,12073216
2020-02-11,151.0,151.0,157.0,150.5,150.5,12073216
2020-02-12,151.0,151.0,157.0,150.5,150.5,12073216
2020-02-13,151.0,151.0,157.0,150.5,150.5,12073216
2020-02-14,151.0,151.0,157.0,150.5,150.5,12073216
2020-02-17,151.0,151.0,157.0,150.5,150.5,12073216
2020-02-18,151.0,151.0,157.0,150.5,150.5,12073216
2020-02-19,151.0,151.0,157.0,150.5,150.5,12073216
2020-02-20,151.0,151.0,157.0,150.5,150.5,12073216
2020-02-21,151.0,151.0,157.0,150.5,150.5,12073216
2020-02-24,151.0,151.0,157.0,150.5,150.5,12073216
2020-02-25,151.0,151.0,157.0,150.5,150.5,12073216
2020-02-26,151.0,151.0,157.0,150.5,150.5,12073216
2020-02-27,151.0,151.0,157.0,150.5,150.5,12073216
2020-03-02,151.0,151.0,157.0,150.5,150.5,12073216
2020-03-03,151.0,151.0,157.0,150.5,150.5,12073216
2020-03-04,151.0,151.0,157.0,150.5,150.5,12073216
2020-03-05,151.0,151.0,157.0,150.5,150.5,12073216
2020-03-06,151.0,151.0,157.0,150.5,150.5,12073216
2020-03-09,151.0,151.0,157.0,150.5,150.5,12073216
2020-03-10,151.0,151.0,157.0,150.5,150.5,12073216
2020-03-11,151.0,151.0,157.0,150.5,150.5,12073216
2020-03-12,151.0,151.0,157.0,150.5,150.5,12073216
2020-03-13,151.0,151.0,157.0,150.5,150.5,12073216
2020-03-16,151.0,151.0,157.0,150.5,150.5,12073216
2020-03-17,151.0,151.0,157.0,150.5,150.5,12073216
2020-03-18,151.0,151.0,157.0,150.5,150.5,12073216
2020-03-19,151.0,151.0,157.0,150.5,150.5,12073216
2020-03-20,151.0,151.0,157.0,150.5,150.5,12073216
2020-03-23,151.0,151.0,157.0,150.5,150.5,12073216
2020-03-24,151.0,151.0,157.0,150.5,150.5,12073216
2020-03-25,151.0,151.0,157.0,150.5,150.5,12073216
2020-03-26,151.0,151.0,157.0,150.5,150.5,12073216
2020-03-27,151.0,151.0,157.0,150.5,150.5,12073216
2020-03-30,151.0,151.0,157.0,150.5,150.5,12073216
2020-03-31,151.0,151.0,157.0,150.5,150.5,12073216
2020-04-01,151.0,151.0,157.0,150.5,150.5,12073216
2020-04-07,151.0,151.0,157.0,150.5,150.5,12073216
2020-04-08,151.0,151.0,157.0,150.5,150.5,12073216
2020-04-09,151.0,151.0,157.0,150.5,150.5,12073216
2020-04-10,151.0,151.0,157.0,150.5,150.5,12073216
2020-04-13,151.0,151.0,157.0,150.5,150.5,12073216
2020-04-14,151.0,151.0,157.0,150.5,150.5,12073216
2020-04-15,151.0,151.0,157.0,150.5,150.5,12073216
2020-04-16,151.0,151.0,157.0,150.5,150.5,12073216
2020-04-17,151.0,151.0,157.0,150.5,150.5,12073216
2020-04-20,151.0,151.0,157.0,150.5,150.5,12073216
2020-04-21,151.0,151.0,157.0,150.5,150.5,12073216
2020-04-22,151.0,151.0,157.0,150.5,150.5,12073216
2020-04-23,151.0,151.0,157.0,150.5,150.5,12073216
2020-04-24,151.0,151.0,157.0,150.5,150.5,12073216
2020-04-27,151.0,151.0,157.0,150.5,150.5,12073216
2020-04-28,151.0,151.0,157.0,150.5,150.5,12073216
2020-04-29,151.0,151.0,157.0,150.5,150.5,12073216
2020-05-04,151.0,151.0,157.0,150.5,150.5,12073216
2020-05-05,151.0,151.0,157.0,150.5,150.5,12073216
2020-05-06,151.0,151.0,157.0,150.5,150.5,12073216
2020-05-07,151.0,151.0,157.0,150.5,150.5,12073216
2020-05-08,151.0,151.0,157.0,150.5,150.5,12073216
2020-05-11,151.0,151.0,157.0,150.5,150.5,12073216
2020-05-12,151.0,151.0,157.0,150.5,150.5,12073216
2020-05-13,151.0,151.0,157.0,150.5,150.5,12073216
2020-05-14,151.0,151.0,157.0,150.5,150.5,12073216
2020-05-15,151.0,151.0,157.0,150.5,150.5,12073216
2020-05-18,151.0,151.0,157.0,150.5,150.5,12073216
2020-05-19,151.0,151.0,157.0,150.5,150.5,12073216
2020-05-20,151.0,151.0,157.0,150.5,150.5,12073216
2020-05-21,151.0,151.0,157.0,150.5,150.5,12073216
2020-05-22,151.0,151.0,157.0,150.5,150.5,12073216
2020-05-25,151.0,151.0,157.0,150.5,150.5,12073216
2020-05-26,151.0,151.0,157.0,150.5,150.5,12073216
2020-05-27,151.0,151.0,157.0,150.5,150.5,12073216
2020-05-28,151.0,151.0,157.0,150.5,150.5,12073216
2020-05-29,151.0,151.0,157.0,150.5,150.5,12073216
2020-06-01,151.0,151.0,157.0,150.5,150.5,12073216
2020-06-02,151.0,151.0,157.0,150.5,150.5,12073216
2020-06-03,151.0,151.0,157.0,150.5,150.5,12073216
2020-06-04,151.0,151.0,157.0,150.5,150.5,12073216
2020-06-05,151.0,151.0,157.0,150.5,150.5,12073216
2020-06-08,151.0,151.0,157.0,150.5,150.5,12073216
2020-06-09,151.0,151.0,157.0,150.5,150.5,12073216
2020-06-10,151.0,151.0,157.0,150.5,150.5,12073216
2020-06-11,151.0,151.0,157.0,150.5,150.5,12073216
2020-06-12,151.0,151.0,157.0,150.5,150.5,12073216
2020-06-15,151.0,151.0,157.0,150.5,150.5,12073216
2020-06-16,151.0,151.0,157.0,150.5,150.5,12073216
2020-06-17,151.0,151.0,157.0,150.5,150.5,12073216
2020-06-18,151.0,151.0,157.0,150.5,150.5,12073216
2020-06-19,151.0,151.0,157.0,150.5,150.5,12073216
2020-06-22,151.0,151.0,157.0,150.5,150.5,12073216
2020-06-23,151.0,151.0,157.0,150.5,150.5,12073216
2020-06-24,151.0,151.0,157.0,150.5,150.5,12073216
2020-06-29,151.0,151.0,157.0,150.5,150.5,12073216
2020-06-30,151.0,151.0,157.0,150.5,150.5,12073216
2020-07-01,151.0,151.0,157.0,150.5,150.5,12073216
2020-07-02,151.0,151.0,157.0,150.5,150.5,12073216
2020-07-03,151.0,151.0,157.0,150.5,150.5,12073216
2020-07-06,151.0,151.0,157.0,150.5,150.5,12073216
2020-07-07,151.0,151.0,157.0,150.5,150.5,12073216
2020-07-08,151.0,151.0,157.0,150.5,150.5,12073216
2020-07-09,151.0,151.0,157.0,150.5,150.5,12073216
2020-07-10,151.0,151.0,157.0,150.5,150.5,12073216
2020-07-13,151.0,151.0,157.0,150.5,150.5,12073216
2020-07-14,151.0,151.0,157.0,150.5,150.5,12073216
2020-07-15,151.0,151.0,157.0,150.5,150.5,12073216
2020-07-16,151.0,151.0,157.0,150.5,150.5,12073216
2020-07-17,151.0,151.0,157.0,150.5,150.5,12073216
2020-07-20,151.0,151.0,157.0,150.5,150.5,12073216
2020-07-21,151.0,151.0,157.0,150.5,150.5,12073216
2020-07-22,151.0,151.0,157.0,150.5,150.5,12073216
2020-07-23,151.0,151.0,157.0,150.5,150.5,12073216
2020-07-24,151.0,151.0,157.0,150.5,150.5,12073216
2020-07-27,151.0,151.0,157.0,150.5,150.5,12073216
2020-07-28,151.0,151.0,157.0,150.5,150.5,12073216
2020-07-29,151.0,151.0,157.0,150.5,150.5,12073216
2020-07-30,151.0,151.0,157.0,150.5,150.5,12073216
2020-07-31,151.0,151.0,157.0,150.5,150.5,12073216
2020-08-03,151.0,151.0,157.0,150.5,150.5,12073216
2020-08-04,151.0,151.0,157.0,150.5,150.5,12073216
2020-08-05,151.0,151.0,157.0,150.5,150.5,12073216
2020-08-06,151.0,151.0,157.0,150.5,150.5,12073216
2020-08-07,151.0,151.0,157.0,150.5,150.5,12073216
2020-08-10,151.0,151.0,157.0,150.5,150.5,12073216
2020-08-11,151.0,151.0,157.0,150.5,150.5,12073216
2020-08-12,151.0,151.0,157.0,150.5,150.5,12073216
2020-08-13,151.0,151.0,157.0,150.5,150.5,12073216
2020-08-14,151.0,151.0,157.0,150.5,150.5,12073216
2020-08-17,151.0,151.0,157.0,150.5,150.5,12073216
2020-08-18,151.0,151.0,157.0,150.5,150.5,12073216
2020-08-19,151.0,151.0,157.0,150.5,150.5,12073216
2020-08-20,151.0,151.0,157.0,150.5,150.5,12073216
2020-08-21,151.0,151.0,157.0,150.5,150.5,12073216
2020-08-24,151.0,151.0,157.0,150.5,150.5,12073216
2020-08-25,151.0,151.0,157.0,150.5,150.5,12073216
2020-08-26,151.0,151.0,157.0,150.5,150.5,12073216
2020-08-27,151.0,151.0,157.0,150.5,150.5,12073216
2020-08-28,151.0,151.0,157.0,150.5,150.5,12073216
2020-08-31,151.0,151.0,157.0,150.5,150.5,12073216
2020-09-01,151.0,151.0,157.0,150.5,150.5,12073216
2020-09-02,151.0,151.0,157.0,150.5,150.5,12073216
2020-09-03,151.0,151.0,157.0,150.5,150.5,12073216
2020-09-04,151.0,151.0,157.0,150.5,150.5,12073216
2020-09-07,151.0,151.0,157.0,150.5,150.5,12073216
2020-09-08,151.0,151.0,157.0,150.5,150.5,12073216
2020-09-09,151.0,151.0,157.0,150.5,150.5,12073216
2020-09-10,151.0,151.0,157.0,150.5,150.5,12073216
2020-09-11,151.0,151.0,157.0,150.5,150.5,12073216
2020-09-14,151.0,151.0,157.0,150.5,150.5,12073216
2020-09-15,151.0,151.0,157.0,150.5,150.5,12073216
2020-09-16,151.0,151.0,157.0,150.5,150.5,12073216
2020-09-17,151.0,151.0,157.0,150.5,150.5,12073216
2020-09-18,151.0,151.0,157.0,150.5,150.5,12073216
2020-09-21,151.0,151.0,157.0,150.5,150.5,12073216
2020-09-22,151.0,151.0,157.0,150.5,150.5,12073216
2020-09-23,151.0,151.0,157.0,150.5,150.5,12073216
2020-09-24,151.0,151.0,157.0,150.5,150.5,12073216
2020-09-25,151.0,151.0,157.0,150.5,150.5,12073216
2020-09-28,151.0,151.0,157.0,150.5,150.5,12073216
2020-09-29,151.0,151.0,157.0,150.5,150.5,12073216
2020-09-30,151.0,151.0,157.0,150.5,150.5,12073216
2020-10-05,151.0,151.0,157.0,150.5,150.5,12073216
2020-10-06,151.0,151.0,157.0,150.5,150.5,12073216
2020-10-07,151.0,151.0,157.0,150.5,150.5,12073216
2020-10-08,151.0,151.0,157.0,150.5,150.5,12073216
2020-10-12,151.0,151.0,157.0,150.5,150.5,12073216
2020-10-13,151.0,151.0,157.0,150.5,150.5,12073216
2020-10-14,151.0,151.0,157.0,150.5,150.5,12073216
2020-10-15,151.0,151.0,157.0,150.5,150.5,12073216
2020-10-16,151.0,151.0,157.0,150.5,150.5,12073216
2020-10-19,151.0,151.0,157.0,150.5,150.5,12073216
2020-10-20,151.0,151.0,157.0,150.5,150.5,12073216
2020-10-21,151.0,151.0,157.0,150.5,150.5,12073216
2020-10-22,151.0,151.0,157.0,150.5,150.5,12073216
2020-10-23,151.0,151.0,157.0,150.5,150.5,12073216
2020-10-26,151.0,151.0,157.0,150.5,150.5,12073216
2020-10-27,151.0,151.0,157.0,150.5,150.5,12073216
2020-10-28,151.0,151.0,157.0,150.5,150.5,12073216
2020-10-29,151.0,151.0,157.0,150.5,150.5,12073216
2020-10-30,151.0,151.0,157.0,150.5,150.5,12073216
2020-11-02,151.0,151.0,157.0,150.5,150.5,12073216
2020-11-03,151.0,151.0,157.0,150.5,150.5,12073216
2020-11-04,151.0,151.0,157.0,150.5,150.5,12073216
2020-11-05,151.0,151.0,157.0,150.5,150.5,12073216
2020-11-06,151.0,151.0,157.0,150.5,150.5,12073216
2020-11-09,151.0,151.0,157.0,150.5,150.5,12073216
2020-11-10,151.0,151.0,157.0,150.5,150.5,12073216
2020-11-11,151.0,151.0,157.0,150.5,150.5,12073216
2020-11-12,151.0,151.0,157.0,150.5,150.5,12073216
2020-11-13,151.0,151.0,157.0,150.5,150.5,12073216
2020-11-16,151.0,151.0,157.0,150.5,150.5,12073216
2020-11-17,151.0,151.0,157.0,150.5,150.5,12073216
2020-11-18,151.0,151.0,157.0,150.5,150.5,12073216
2020-11-19,151.0,151.0,157.0,150.5,150.5,12073216
2020-11-20,151.0,151.0,157.0,150.5,150.5,12073216
2020-11-23,151.0,151.0,157.0,150.5,150.5,12073216
2020-11-24,151.0,151.0,157.0,150.5,150.5,12073216
2020-11-25,151.0,151.0,157.0,150.5,150.5,12073216
2020-11-26,151.0,151.0,157.0,150.5,150.5,12073216
2020-11-27,151.0,151.0,157.0,150.5,150.5,12073216
2020-11-30,151.0,151.0,157.0,150.5,150.5,12073216
2020-12-01,151.0,151.0,157.0,150.5,150.5,12073216
2020-12-02,151.0,151.0,157.0,150.5,150.5,12073216
2020-12-04,151.0,151.0,157.0,150.5,150.5,12073216
2020-12-07,151.0,151.0,157.0,150.5,150.5,12073216
2020-12-08,151.0,151.0,157.0,150.5,150.5,12073216
2020-12-09,151.0,151.0,157.0,150.5,150.5,12073216
2020-12-10,151.0,151.0,157.0,150.5,150.5,12073216
2020-12-11,151.0,151.0,157.0,150.5,150.5,12073216
2020-12-14,151.0,151.0,157.0,150.5,150.5,12073216
2020-12-15,151.0,151.0,157.0,150.5,150.5,12073216
2020-12-16,151.0,151.0,157.0,150.5,150.5,12073216
2020-12-17,151.0,151.0,157.0,150.5,150.5,12073216
2020-12-18,151.0,151.0,157.0,150.5,150.5,12073216
2020-12-21,151.0,151.0,157.0,150.5,150.5,12073216
2020-12-22,151.0,151.0,157.0,150.5,150.5,12073216
2020-12-23,151.0,151.0,157.0,150.5,150.5,12073216
2020-12-24,151.0,151.0,157.0,150.5,150.5,12073216
2020-12-25,151.0,151.0,157.0,150.5,150.5,12073216
2020-12-28,151.0,151.0,157.0,150.5,150.5,12073216
2020-12-29,151.0,151.0,157.0,150.5,150.5,12073216
2020-12-30,151.0,151.0,157.0,150.5,150.5,12073216
2020-12-31,151.0,151.0,157.0,150.5,150.5,12073216
2021-01-04,151.0,151.0,157.0,150.5,150.5,12073216
2021-01-05,151.0,151.0,157.0,150.5,150.5,12073216
2021-01-06,151.0,151.0,157.0,150.5,150.5,12073216
2021-01-07,151.0,151.0,157.0,150.5,150.5,12073216
2021-01-08,151.0,151.0,157.0,150.5,150.5,12073216
2021-01-11,151.0,151.0,157.0,150.5,150.5,12073216
2021-01-12,151.0,151.0,157.0,150.5,150.5,12073216
2021-01-13,151.0,151.0,157.0,150.5,150.5,12073216
2021-01-14,151.0,151.0,157.0,150.5,150.5,12073216
2021-01-15,151.0,151.0,157.0,150.5,150.5,12073216
2021-01-18,151.0,151.0,157.0,150.5,150.5,12073216
2021-01-19,151.0,151.0,157.0,150.5,150.5,12073216
2021-01-20,151.0,151.0,157.0,150.5,150.5,12073216
2021-01-21,151.0,151.0,157.0,150.5,150.5,12073216
2021-01-22,151.0,151.0,157.0,150.5,150.5,12073216
2021-01-25,151.0,151.0,157.0,150.5,150.5,12073216
2021-01-26,151.0,151.0,157.0,150.5,150.5,12073216
2021-01-27,151.0,151.0,157.0,150.5,150.5,12073216
2021-01-28,151.0,151.0,157.0,150.5,150.5,12073216
2021-01-29,151.0,151.0,157.0,150.5,150.5,12073216
2021-02-01,151.0,151.0,157.0,150.5,150.5,12073216
2021-02-02,151.0,151.0,157.0,150.5,150.5,12073216
2021-02-03,151.0,151.0,157.0,150.5,150.5,12073216
2021-02-04,151.0,151.0,157.0,150.5,150.5,12073216
2021-02-05,151.0,151.0,157.0,150.5,150.5,12073216
2021-02-17,151.0,151.0,157.0,150.5,150.5,12073216
2021-02-18,151.0,151.0,157.0,150.5,150.5,12073216
2021-02-19,151.0,151.0,157.0,150.5,150.5,12073216
2021-02-22,151.0,151.0,157.0,150.5,150.5,12073216
2021-02-23,151.0,151.0,157.0,150.5,150.5,12073216
2021-02-24,151.0,151.0,157.0,150.5,150.5,12073216
2021-02-25,151.0,151.0,157.0,150.5,150.5,12073216
2021-02-26,151.0,151.0,157.0,150.5,150.5,12073216
2021-03-02,151.0,151.0,157.0,150.5,150.5,12073216
2021-03-03,151.0,151.0,157.0,150.5,150.5,12073216
2021-03-04,151.0,151.0,157.0,150.5,150.5,12073216
2021-03-05,151.0,151.0,157.0,150.5,150.5,12073216
2021-03-08,151.0,151.0,157.0,150.5,150.5,12073216
2021-03-09,151.0,151.0,157.0,150.5,150.5,12073216
2021-03-10,151.0,151.0,157.0,150.5,150.5,12073216
2021-03-11,151.0,151.0,157.0,150.5,150.5,12073216
2021-03-12,151.0,151.0,157.0,150.5,150.5,12073216
2021-03-15,151.0,151.0,157.0,150.5,150.5,12073216
2021-03-16,151.0,151.0,157.0,150.5,150.5,12073216
2021-03-17,151.0,151.0,157.0,150.5,150.5,12073216
2021-03-18,151.0,151.0,157.0,150.5,150.5,12073216
2021-03-19,151.0,151.0,157.0,150.5,150.5,12073216
2021-03-22,151.0,151.0,157.0,150.5,150.5,12073216
2021-03-23,151.0,151.0,157.0,150.5,150.5,12073216
2021-03-24,151.0,151.0,157.0,150.5,150.5,12073216
2021-03-25,151.0,151.0,157.0,150.5,150.5,12073216
2021-03-26,151.0,151.0,157.0,150.5,150.5,12073216
2021-03-29,151.0,151.0,157.0,150.5,150.5,12073216
2021-03-30,151.0,151.0,157.0,150.5,150.5,12073216
2021-03-31,151.0,151.0,157.0,150.5,150.5,12073216
2021-04-01,151.0,151.0,157.0,150.5,150.5,12073216
2021-04-06,151.0,151.0,157.0,150.5,150.5,12073216
2021-04-07,151.0,151.0,157.0,150.5,150.5,12073216
2021-04-08,151.0,151.0,157.0,150.5,150.5,12073216
2021-04-09,151.0,151.0,157.0,150.5,150.5,12073216
2021-04-12,151.0,151.0,157.0,150.5,150.5,12073216
2021-04-13,151.0,151.0,157.0,150.5,150.5,12073216
2021-04-14,151.0,151.0,157.0,150.5,150.5,12073216
2021-04-15,151.0,151.0,157.0,150.5,150.5,12073216
2021-04-16,151.0,151.0,157.0,150.5,150.5,12073216
2021-04-19,151.0,151.0,157.0,150.5,150.5,12073216
2021-04-20,151.0,151.0,157.0,150.5,150.5,12073216
2021-04-21,151.0,151.0,157.0,150.5,150.5,12073216
2021-04-22,151.0,151.0,157.0,150.5,150.5,12073216
2021-04-23,151.0,151.0,157.0,150.5,150.5,12073216
2021-04-26,151.0,151.0,157.0,150.5,150.5,12073216
2021-04-27,151.0,151.0,157.0,150.5,150.5,12073216
2021-04-28,151.0,151.0,157.0,150.5,150.5,12073216
2021-04-29,151.0,151.0,157.0,150.5,150.5,12073216
2021-05-03,151.0,151.0,157.0,150.5,150.5,12073216
2021-05-04,151.0,151.0,157.0,150.5,150.5,12073216
2021-05-05,151.0,151.0,157.0,150.5,150.5,12073216
2021-05-06,151.0,151.0,157.0,150.5,150.5,12073216
2021-05-07,151.0,151.0,157.0,150.5,150.5,12073216
2021-05-10,151.0,151.0,157.0,150.5,150.5,12073216
2021-05-11,151.0,151.0,157.0,150.5,150.5,12073216
2021-05-12,151.0,151.0,157.0,150.5,150.5,12073216
2021-05-13,151.0,151.0,157.0,150.5,150.5,12073216
2021-05-14,151.0,151.0,157.0,150.5,150.5,12073216
2021-05-17,151.0,151.0,157.0,150.5,150.5,12073216
2021-05-18,151.0,151.0,157.0,150.5,150.5,12073216
2021-05-19,151.0,151.0,157.0,150.5,150.5,12073216
2021-05-20,151.0,151.0,157.0,150.5,150.5,12073216
2021-05-21,151.0,151.0,157.0,150.5,150.5,12073216
2021-05-24,151.0,151.0,157.0,150.5,150.5,12073216
2021-05-25,151.0,151.0,157.0,150.5,150.5,12073216
2021-05-26,151.0,151.0,157.0,150.5,150.5,12073216
2021-05-27,151.0,151.0,157.0,150.5,150.5,12073216
2021-05-28,151.0,151.0,157.0,150.5,150.5,12073216
2021-05-31,151.0,151.0,157.0,150.5,150.5,12073216
2021-06-01,151.0,151.0,157.0,150.5,150.5,12073216
2021-06-02,151.0,151.0,157.0,150.5,150.5,12073216
2021-06-03,151.0,151.0,157.0,150.5,150.5,12073216
2021-06-04,151.0,151.0,157.0,150.5,150.5,12073216
2021-06-07,151.0,151.0,157.0,150.5,150.5,12073216
2021-06-08,151.0,151.0,157.0,150.5,150.5,12073216
2021-06-09,151.0,151.0,157.0,150.5,150.5,12073216
2021-06-10,151.0,151.0,157.0,150.5,150.5,12073216
2021-06-11,151.0,151.0,157.0,150.5,150.5,12073216
2021-06-15,151.0,151.0,157.0,150.5,150.5,12073216
2021-06-16,151.0,151.0,157.0,150.5,150.5,12073216
2021-06-17,151.0,151.0,157.0,150.5,150.5,12073216
2021-06-18,151.0,151.0,157.0,150.5,150.5,12073216
2021-06-21,151.0,151.0,157.0,150.5,150.5,12073216
2021-06-22,151.0,151.0,157.0,150.5,150.5,12073216
2021-06-23,151.0,151.0,157.0,150.5,150.5,12073216
2021-06-24,151.0,151.0,157.0,150.5,150.5,12073216
2021-06-25,151.0,151.0,157.0,150.5,150.5,12073216
2021-06-28,151.0,151.0,157.0,150.5,150.5,12073216
2021-06-29,151.0,151.0,157.0,150.5,150.5,12073216
2021-06-30,151.0,151.0,157.0,150.5,150.5,12073216
2021-07-01,151.0,151.0,157.0,150.5,150.5,12073216
2021-07-02,151.0,151.0,157.0,150.5,150.5,12073216
2021-07-05,151.0,151.0,157.0,150.5,150.5,12073216
2021-07-06,151.0,151.0,157.0,150.5,150.5,12073216
2021-07-07,151.0,151.0,157.0,150.5,150.5,12073216
2021-07-08,151.0,151.0,157.0,150.5,150.5,12073216
2021-07-09,151.0,151.0,157.0,150.5,150.5,12073216
2021-07-12,151.0,151.0,157.0,150.5,150.5,12073216
2021-07-13,151.0,151.0,157.0,150.5,150.5,12073216
2021-07-14,151.0,151.0,157.0,150.5,150.5,12073216
2021-07-15,151.0,151.0,157.0,150.5,150.5,12073216
2021-07-16,151.0,151.0,157.0,150.5,150.5,12073216
2021-07-19,151.0,151.0,157.0,150.5,150.5,12073216
2021-07-20,151.0,151.0,157.0,150.5,150.5,12073216
2021-07-21,151.0,151.0,157.0,150.5,150.5,12073216
2021-07-22,151.0,151.0,157.0,150.5,150.5,12073216
2021-07-23,151.0,151.0,157.0,150.5,150.5,12073216
2021-07-26,151.0,151.0,157.0,150.5,150.5,12073216
2021-07-27,151.0,151.0,157.0,150.5,150.5,12073216
2021-07-28,151.0,151.0,157.0,150.5,150.5,12073216
2021-07-29,151.0,151.0,157.0,150.5,150.5,12073216
2021-07-30,151.0,151.0,157.0,150.5,150.5,12073216
2021-08-02,151.0,151.0,157.0,150.5,150.5,12073216
2021-08-03,151.0,151.0,157.0,150.5,150.5,12073216
2021-08-04,151.0,151.0,157.0,150.5,150.5,12073216
2021-08-05,151.0,151.0,157.0,150.5,150.5,12073216
2021-08-06,151.0,151.0,157.0,150.5,150.5,12073216
2021-08-09,143.0,143.0,147.0,141.0,143.0,11049000
2021-08-10,146.5,146.5,156.0,141.0,144.0,40807000
2021-08-11,144.0,144.0,149.5,141.5,146.5,23088000
2021-08-12,145.0,145.0,153.0,144.5,145.5,28886000
2021-08-13,141.5,141.5,147.5,139.5,146.0,16402000
2021-08-16,137.5,137.5,140.5,134.0,140.0,16383000
2021-08-17,136.5,136.5,139.5,134.0,139.0,7625000
2021-08-18,137.0,137.0,140.5,132.0,137.5,19770000
2021-08-19,136.0,136.0,139.0,133.5,137.0,8813000
2021-08-20,131.5,131.5,135.5,129.0,135.0,12829000
2021-08-23,138.5,138.5,144.5,134.5,135.0,16958000
2021-08-24,142.5,142.5,146.0,140.0,141.5,14912000
2021-08-25,145.5,145.5,155.0,144.0,146.0,25593000
2021-08-26,144.0,144.0,150.5,144.0,147.5,15418000
2021-08-27,148.5,148.5,151.0,142.0,143.0,13644000
2021-08-30,149.0,149.0,151.0,146.0,150.0,13044000
2021-08-31,148.0,148.0,148.0,144.5,147.5,8433000
2021-09-01,151.0,151.0,152.0,147.5,149.5,10085000
2021-09-02,153.0,153.0,159.5,150.5,151.5,23507000
2021-09-03,158.5,158.5,164.5,151.5,155.5,28483000
2021-09-06,165.0,165.0,173.0,157.5,158.0,39911000
2021-09-07,171.5,171.5,172.0,161.0,166.5,39908000
2021-09-08,158.0,158.0,168.0,155.0,166.0,26645000
2021-09-09,164.0,164.0,164.5,154.0,155.0,21674000
2021-09-10,173.5,173.5,175.0,165.0,165.5,42389000
2021-09-13,162.0,162.0,177.0,161.0,176.0,36599000
2021-09-14,160.0,160.0,165.5,159.0,164.0,25823000
2021-09-15,158.5,158.5,162.5,156.0,160.5,14625000
2021-09-16,157.0,157.0,161.5,154.5,161.0,14685000
2021-09-17,162.0,162.0,162.0,155.0,155.5,15989000
2021-09-22,154.0,154.0,157.0,152.0,155.0,14843000
2021-09-23,152.0,152.0,159.0,151.0,156.5,15916000
2021-09-24,157.5,157.5,158.0,153.0,154.5,11046000
2021-09-27,154.5,154.5,158.0,153.5,156.0,6217000
2021-09-28,155.5,155.5,155.5,151.0,154.0,6367000
2021-09-29,144.5,144.5,150.0,142.5,148.5,16902000
2021-09-30,151.5,151.5,152.0,143.0,145.0,13981000
2021-10-01,149.0,149.0,150.0,144.0,148.0,10616000
2021-10-04,144.0,144.0,152.0,143.0,150.5,8498000
2021-10-05,145.5,145.5,149.5,136.0,139.0,18944000
2021-10-06,149.0,149.0,150.5,145.0,146.5,13052000
2021-10-07,150.0,150.0,151.5,148.0,149.5,16526000
2021-10-08,147.0,147.0,153.0,144.0,151.0,12363000
2021-10-12,141.0,141.0,145.5,141.0,144.0,11311000
2021-10-13,138.0,138.0,144.0,136.0,141.5,15663000
2021-10-14,140.5,140.5,144.0,139.0,142.0,8951000
2021-10-15,144.0,144.0,148.0,142.5,145.5,17841000
2021-10-18,140.5,140.5,146.0,139.0,145.5,6898000
2021-10-19,145.5,145.5,146.0,140.0,142.0,8231000
2021-10-20,146.5,146.5,149.5,145.5,147.0,9259000
2021-10-21,143.0,143.0,148.0,142.5,146.0,6097000
2021-10-22,143.5,143.5,145.5,138.5,143.0,11161000
2021-10-25,141.0,141.0,142.0,138.5,142.0,7366000
2021-10-26,143.5,143.5,146.0,140.5,141.5,10770000
2021-10-27,149.0,149.0,150.0,142.0,143.5,13451000
2021-10-28,143.0,143.0,151.0,142.0,150.0,14537000
2021-10-29,144.5,144.5,145.0,140.0,144.5,12018000
2021-11-01,148.5,148.5,149.5,144.5,145.5,9803000
2021-11-02,158.0,158.0,163.0,150.0,150.0,53263000
2021-11-03,151.5,151.5,158.0,151.0,158.0,29937000
2021-11-04,143.5,143.5,153.5,143.0,153.0,17763000
2021-11-05,144.5,144.5,149.0,144.0,145.5,15320000
2021-11-08,150.5,150.5,151.5,144.5,145.0,12021000
2021-11-09,155.5,155.5,159.5,154.5,155.0,19937000
2021-11-10,154.0,154.0,154.0,150.5,152.0,7420000
2021-11-11,153.0,153.0,155.0,149.5,151.0,4473000
2021-11-12,154.0,154.0,157.5,153.0,153.0,7824000
2021-11-15,153.5,153.5,156.5,153.0,155.5,6139000
2021-11-16,151.0,151.0,153.5,150.0,153.0,5979000
2021-11-17,154.5,154.5,156.5,152.0,152.0,5722000
2021-11-18,156.0,156.0,157.0,153.5,154.5,3965000
2021-11-19,156.0,156.0,162.0,155.5,160.0,8161000
2021-11-22,159.5,159.5,161.0,156.0,158.0,6688000
2021-11-23,153.5,153.5,160.0,153.0,160.0,5127000
2021-11-24,151.0,151.0,154.0,150.0,152.0,5059000
2021-11-25,151.5,151.5,153.5,151.0,152.5,2660000
2021-11-26,148.0,148.0,152.5,148.0,151.0,5297000
2021-11-29,149.5,149.5,151.0,145.5,146.5,3270000
2021-11-30,155.0,155.0,155.0,151.0,153.0,7630000
2021-12-01,157.5,157.5,158.5,151.5,152.0,6784000
2021-12-02,165.0,165.0,165.0,159.0,160.0,16706000
2021-12-03,164.0,164.0,168.0,161.0,166.5,12724000
2021-12-06,165.0,165.0,165.0,161.0,164.5,5009000
2021-12-07,162.0,162.0,163.5,160.5,162.5,5636000
2021-12-08,159.0,159.0,165.0,158.5,164.0,8227000
2021-12-09,153.5,153.5,154.5,152.0,153.0,10528000
2021-12-10,153.5,153.5,156.5,152.5,154.0,5210000
2021-12-13,150.0,150.0,155.5,149.5,155.5,8860000
2021-12-14,152.0,152.0,153.0,148.5,150.0,4558000
2021-12-15,154.0,154.0,154.0,150.0,152.0,4009000
2021-12-16,155.5,155.5,156.0,154.5,156.0,3203000
2021-12-17,155.5,155.5,156.5,153.0,154.0,4936000
2021-12-20,154.5,154.5,157.0,154.5,155.0,2678000
2021-12-21,157.0,157.0,157.0,154.0,155.0,1750000
2021-12-22,158.0,158.0,158.5,156.0,157.0,2561000
2021-12-23,155.5,155.5,159.0,155.5,158.5,4248000
2021-12-24,156.0,156.0,158.0,156.0,156.5,3240000
2021-12-27,157.5,157.5,159.0,156.0,157.0,2408000
2021-12-28,160.0,160.0,160.0,158.0,158.5,3416000
2021-12-29,159.5,159.5,160.0,158.0,158.0,2106000
2021-12-30,158.0,158.0,159.5,157.0,159.0,2369000
2022-01-03,151.5,151.5,156.5,150.5,156.5,10768000
2022-01-04,150.5,150.5,153.5,150.0,152.0,8346000
2022-01-05,148.5,148.5,151.0,147.5,150.0,7150000
2022-01-06,147.0,147.0,148.0,144.0,147.0,6785000
2022-01-07,142.5,142.5,149.0,142.0,147.0,7073000
2022-01-10,143.0,143.0,145.0,141.0,142.0,6978000
2022-01-11,139.5,139.5,143.0,138.5,142.5,8243000
2022-01-12,142.0,142.0,144.0,140.5,140.5,7622000
2022-01-13,139.0,139.0,142.5,138.5,141.5,6948000
2022-01-14,139.0,139.0,140.5,136.0,140.0,7670000
2022-01-17,140.5,140.5,142.0,139.5,140.5,6896000
2022-01-18,141.5,141.5,142.0,140.5,141.5,4476000
2022-01-19,138.5,138.5,139.5,137.5,138.5,4329000
2022-01-20,140.5,140.5,140.5,138.0,138.5,2523000
2022-01-21,138.0,138.0,140.0,134.0,138.0,9881000
2022-01-24,137.5,137.5,139.0,135.0,136.0,4737000
2022-01-25,139.0,139.0,139.5,135.5,136.0,5454000
2022-01-26,130.5,130.5,133.0,127.0,129.5,13499000
2022-02-07,123.5,123.5,130.0,123.0,130.0,12534000
2022-02-08,123.5,123.5,125.0,122.0,123.5,10359000
2022-02-09,127.5,127.5,128.5,123.5,125.0,10208000
2022-02-10,130.5,130.5,131.5,127.0,128.5,9631000
2022-02-11,131.5,131.5,132.5,128.5,130.5,7560000
2022-02-14,124.0,124.0,126.5,124.0,124.5,8453000
2022-02-15,127.0,127.0,131.0,124.5,124.5,10740000
2022-02-16,129.5,129.5,131.5,129.0,131.0,5284000
2022-02-17,129.0,129.0,130.0,127.5,130.0,3628000
2022-02-18,128.0,128.0,129.5,125.5,126.0,2931000
2022-02-21,126.5,126.5,128.0,126.0,127.0,3303000
2022-02-22,126.5,126.5,126.5,124.0,124.5,4368000
2022-02-23,124.5,124.5,126.5,124.0,125.5,3692000
2022-02-24,125.0,125.0,126.5,122.0,124.5,8288000
2022-02-25,125.5,125.5,126.0,124.0,125.5,4526000
2022-03-01,130.0,130.0,130.0,124.0,125.0,7148000
2022-03-02,133.5,133.5,133.5,128.0,129.0,5710000
2022-03-03,132.5,132.5,135.5,131.0,134.5,6029000
2022-03-04,127.0,127.0,131.0,126.0,130.0,7136000
2022-03-07,123.5,123.5,125.0,120.0,124.0,7541000
2022-03-08,121.0,121.0,124.0,119.5,122.0,5933000
2022-03-09,122.0,122.0,123.5,121.0,121.0,5017000
2022-03-10,124.0,124.0,126.0,123.0,125.0,7189000
2022-03-11,124.5,124.5,125.0,123.0,124.5,3418000
2022-03-14,123.5,123.5,125.5,121.5,124.5,2711000
2022-03-15,116.5,116.5,123.0,115.5,122.5,7380000
2022-03-16,115.0,115.0,120.0,114.5,120.0,7049000
2022-03-17,123.0,123.0,125.0,119.0,120.0,8494000
2022-03-18,124.0,124.0,124.0,122.0,123.0,2528000
2022-03-21,124.0,124.0,125.5,123.0,125.0,2015000
2022-03-22,123.5,123.5,124.5,122.0,123.5,1341000
2022-03-23,125.0,125.0,125.0,123.5,124.0,1545000
2022-03-24,122.0,122.0,123.5,121.0,123.5,2653000
2022-03-25,122.0,122.0,123.5,121.5,122.0,3325000
2022-03-28,120.5,120.5,121.0,118.0,120.0,2603000
2022-03-29,121.0,121.0,122.0,120.5,121.5,1586000
2022-03-30,124.0,124.0,125.0,122.5,123.0,4075000
2022-03-31,124.5,124.5,125.0,123.5,124.5,2610000
2022-04-01,122.0,122.0,123.0,120.0,122.0,3883000
2022-04-06,118.0,118.0,119.0,113.5,118.5,13322000
2022-04-07,117.0,117.0,120.0,116.5,117.0,6679000
2022-04-08,116.5,116.5,118.5,115.0,117.5,4895000
2022-04-11,114.0,114.0,116.5,112.5,116.0,6025000
2022-04-12,112.5,112.5,115.0,110.0,112.0,6794000
2022-04-13,114.0,114.0,116.5,113.5,114.5,5146000
2022-04-14,112.0,112.0,116.0,111.5,115.0,5903000
2022-04-15,108.0,108.0,111.5,106.5,110.0,6957000
2022-04-18,108.0,108.0,110.0,106.0,107.0,2946000
2022-04-19,108.0,108.0,110.0,107.5,108.5,3496000
2022-04-20,109.0,109.0,110.0,108.5,109.5,3953000
2022-04-21,109.0,109.0,109.5,107.5,107.5,4385000
2022-04-22,106.0,106.0,108.0,105.5,107.0,5017000
2022-04-25,103.0,103.0,103.0,100.5,102.5,5389000
2022-04-26,102.0,102.0,104.5,101.5,104.0,2849000
2022-04-27,98.5,98.5,98.7,96.1,98.5,6783000
2022-04-28,103.5,103.5,105.5,99.6,99.9,7246000
2022-04-29,105.5,105.5,108.0,104.0,106.0,4414000
2022-05-03,104.0,104.0,104.5,101.5,104.0,3245000
2022-05-04,105.5,105.5,106.5,104.0,106.0,3768000
2022-05-05,107.5,107.5,108.5,105.0,107.0,4528000
2022-05-06,107.5,107.5,108.0,103.0,103.0,5521000
2022-05-09,99.5,99.5,105.0,99.5,104.5,8953000
2022-05-10,101.0,101.0,101.0,96.2,97.7,7710000
2022-05-11,102.0,102.0,103.0,100.5,101.0,3936000
2022-05-12,101.0,101.0,102.5,99.6,100.0,4168000
2022-05-13,104.0,104.0,104.5,102.5,103.0,3288000
2022-05-16,104.5,104.5,107.0,104.0,106.5,2798000
2022-05-17,107.0,107.0,107.0,105.0,105.5,3011000
2022-05-18,107.5,107.5,110.0,105.5,109.0,4746000
2022-05-19,106.5,106.5,107.5,103.0,104.0,3708000
2022-05-20,107.5,107.5,108.0,104.5,106.0,3679000
2022-05-23,106.5,106.5,109.0,105.5,107.5,6836000
2022-05-24,99.8,99.8,106.0,99.7,106.0,11273000
2022-05-25,101.0,101.0,101.0,98.9,99.9,7399000
2022-05-26,97.4,97.4,100.5,97.3,100.0,7507000
2022-05-27,98.2,98.2,99.2,97.7,98.7,6255000
2022-05-30,103.5,103.5,103.5,99.3,99.4,8352000
2022-05-31,107.0,107.0,107.0,102.5,103.0,10879000
2022-06-01,103.5,103.5,106.5,103.0,106.0,9103000
2022-06-02,101.0,101.0,103.5,100.5,102.5,5790000
2022-06-06,102.5,102.5,104.0,100.5,101.0,4796000
2022-06-07,101.5,101.5,102.0,100.5,101.5,3838000
2022-06-08,103.0,103.0,103.5,100.5,100.5,4013000
2022-06-09,102.0,102.0,103.0,102.0,103.0,2506000
2022-06-10,101.5,101.5,103.0,101.0,102.0,2867000
2022-06-13,95.6,95.6,98.0,95.6,96.5,12167000
2022-06-14,96.5,96.5,96.9,93.0,93.3,8757000
2022-06-15,95.5,95.5,97.4,95.0,95.9,4361000
2022-06-16,93.0,93.0,97.2,93.0,97.1,6411000
2022-06-17,90.6,90.6,91.7,90.0,91.0,8402000
2022-06-20,89.1,89.1,91.7,89.1,90.8,3954000
2022-06-21,89.4,89.4,90.5,89.0,90.1,3873000
2022-06-22,83.7,83.7,89.3,83.6,89.2,9524000
2022-06-23,83.0,83.0,84.8,82.5,83.4,8439000
2022-06-24,83.1,83.1,84.5,82.8,84.0,5065000
2022-06-27,85.0,85.0,86.2,84.1,84.5,3617000
2022-06-28,82.8,82.8,85.5,82.6,85.5,3724000
2022-06-29,79.9,79.9,82.6,79.8,80.1,6624000
2022-06-30,76.8,76.8,79.3,76.4,78.1,11308000
2022-07-01,73.3,73.3,77.5,73.2,76.8,10135000
2022-07-04,67.5,67.5,68.2,65.7,66.0,15122000
2022-07-05,69.1,69.1,71.4,67.7,70.3,7832000
2022-07-06,65.3,65.3,68.2,65.3,67.0,9031000
2022-07-07,69.7,69.7,70.4,66.1,66.4,12093000
2022-07-08,71.8,71.8,73.6,70.6,70.9,10508000
2022-07-11,71.3,71.3,73.0,70.4,72.5,5969000
2022-07-12,67.9,67.9,69.6,66.8,69.6,7536000
2022-07-13,68.9,68.9,70.8,68.7,70.5,6139000
2022-07-14,70.9,70.9,70.9,68.1,68.3,5211000
2022-07-15,73.1,73.1,74.0,70.8,71.3,7992000
2022-07-18,73.0,73.0,73.8,72.5,73.1,6599000
2022-07-19,72.9,72.9,73.4,71.6,72.3,3295000
2022-07-20,73.5,73.5,75.8,73.5,75.0,7040000
2022-07-21,75.9,75.9,76.1,73.6,73.6,5803000
2022-07-22,75.2,75.2,77.2,74.6,76.7,6479000
2022-07-25,72.8,72.8,74.5,72.7,74.3,5388000
2022-07-26,71.0,71.0,72.3,70.4,72.2,5496000
2022-07-27,72.1,72.1,72.3,70.3,70.9,3742000
2022-07-28,72.1,72.1,73.4,71.1,73.0,4828000
2022-07-29,72.0,72.0,73.5,71.9,72.9,4601000
2022-08-01,70.7,70.7,72.6,70.6,72.2,6386000
2022-08-02,68.2,68.2,69.5,67.1,69.1,11927000
2022-08-03,69.7,69.7,71.6,66.1,66.3,17588000
2022-08-04,73.0,73.0,74.0,68.9,69.1,12664000
2022-08-05,74.9,74.9,76.5,73.9,74.0,12883000
2022-08-08,73.4,73.4,75.4,73.2,74.5,6604000
2022-08-09,72.0,72.0,73.4,71.2,73.4,5538000
2022-08-10,70.4,70.4,71.2,70.2,70.5,4502000
2022-08-11,73.9,73.9,74.5,72.1,72.3,7612000
2022-08-12,76.6,76.6,77.0,74.4,74.5,9096000
2022-08-15,78.2,78.2,78.9,76.8,77.7,8731000
2022-08-16,76.2,76.2,78.4,76.0,78.3,6249000
2022-08-17,77.2,77.2,77.9,75.8,76.7,6763000
2022-08-18,76.0,76.0,76.3,75.2,76.2,7305000
2022-08-19,75.0,75.0,76.2,75.0,75.7,5984000
2022-08-22,74.1,74.1,74.9,73.6,73.7,3946000
2022-08-23,74.2,74.2,75.8,73.8,73.9,8058000
2022-08-24,75.2,75.2,76.2,75.1,75.6,7778000
2022-08-25,75.0,75.0,76.0,74.7,76.0,3639000
2022-08-26,76.6,76.6,77.3,75.6,75.7,6757000
2022-08-29,73.2,73.2,74.5,72.1,74.5,6774000
2022-08-30,73.3,73.3,73.9,72.6,73.5,4847000
2022-08-31,74.4,74.4,74.5,72.1,72.8,4639000
2022-09-01,72.5,72.5,73.4,72.1,73.0,4504000
2022-09-02,72.0,72.0,72.8,72.0,72.5,3841000
2022-09-05,71.5,71.5,72.4,70.5,72.0,3471000
2022-09-06,71.8,71.8,73.4,71.6,72.5,3916000
2022-09-07,71.8,71.8,72.6,69.7,71.1,4887000
2022-09-08,74.0,74.0,74.5,71.6,72.3,6927000
2022-09-12,75.0,75.0,76.9,74.5,75.3,5248000
2022-09-13,75.5,75.5,76.0,74.7,75.7,4425000
2022-09-14,73.8,73.8,74.2,72.3,73.0,3588000
2022-09-15,75.4,75.4,75.9,74.0,74.0,3717000
2022-09-16,73.1,73.1,75.0,73.1,74.5,5244000
2022-09-19,72.5,72.5,73.7,72.3,73.3,2695000
2022-09-20,72.2,72.2,73.4,72.0,73.3,3165000
2022-09-21,69.8,69.8,70.6,68.2,70.2,14674000
2022-09-22,68.0,68.0,69.2,68.0,68.3,6471000
2022-09-23,68.0,68.0,68.4,67.2,67.5,4539000
2022-09-26,64.4,64.4,67.8,64.3,67.5,7781000
2022-09-27,65.0,65.0,65.7,64.1,64.6,6567000
2022-09-28,63.3,63.3,65.3,63.3,65.0,5402000
2022-09-29,63.5,63.5,64.8,63.0,64.1,5963000
2022-09-30,65.0,65.0,65.2,62.1,62.2,4700000
2022-10-03,65.1,65.1,65.7,63.8,64.5,3389000
2022-10-04,67.3,67.3,67.8,66.1,66.2,4954000
2022-10-05,68.5,68.5,69.5,67.9,68.5,5873000
2022-10-06,68.8,68.8,69.2,67.8,68.4,3966000
2022-10-07,66.8,66.8,68.5,66.8,68.3,2561000
2022-10-11,61.0,61.0,64.2,61.0,64.2,6589000
2022-10-12,60.3,60.3,61.2,59.2,60.0,8106000
2022-10-13,60.3,60.3,62.0,60.0,60.0,3806000
2022-10-14,63.5,63.5,64.0,62.2,63.0,5176000
2022-10-17,63.7,63.7,63.8,61.1,61.7,2405000
2022-10-18,63.0,63.0,64.5,62.0,63.9,4852000
2022-10-19,62.7,62.7,64.3,62.7,63.0,3438000
2022-10-20,62.4,62.4,62.9,60.6,61.4,5335000
2022-10-21,63.5,63.5,65.4,62.6,63.2,7274000
2022-10-24,64.8,64.8,66.2,64.7,65.0,5005000
2022-10-25,62.6,62.6,65.5,62.6,65.5,4372000
2022-10-26,61.9,61.9,63.5,61.6,63.3,4433000
2022-10-27,64.8,64.8,65.0,62.1,62.3,4716000
2022-10-28,64.1,64.1,65.2,63.7,64.4,4993000
2022-10-31,66.4,66.4,66.7,64.7,65.3,5390000
2022-11-01,68.1,68.1,68.3,65.5,65.5,5574000
2022-11-02,66.0,66.0,66.6,64.1,65.5,17204000
2022-11-03,65.1,65.1,65.8,64.3,64.3,3625000
2022-11-04,65.3,65.3,65.5,64.1,64.3,5045000
2022-11-07,67.5,67.5,67.5,65.6,65.7,5806000
2022-11-08,69.1,69.1,69.4,68.1,68.1,5296000
2022-11-09,73.0,73.0,73.0,69.6,69.8,11259000
2022-11-10,74.1,74.1,74.5,71.1,71.2,8557000
2022-11-11,80.9,80.9,81.5,77.8,79.8,21561000
2022-11-14,80.8,80.8,82.0,79.2,80.9,10520000
2022-11-15,85.5,85.5,87.4,81.5,81.7,20263000
2022-11-16,87.2,87.2,88.3,84.5,87.4,17484000
2022-11-17,90.7,90.7,91.4,85.2,85.5,13358000
2022-11-18,88.1,88.1,92.9,87.6,91.5,16379000
2022-11-21,83.7,83.7,88.5,83.2,88.0,11718000
2022-11-22,83.5,83.5,84.6,82.5,83.0,6033000
2022-11-23,83.2,83.2,86.6,83.2,85.8,8506000
2022-11-24,84.4,84.4,84.7,82.8,83.7,4956000
2022-11-25,83.9,83.9,85.0,83.2,83.9,3982000
2022-11-28,83.5,83.5,84.0,82.0,82.9,3425000
2022-11-29,83.3,83.3,84.0,82.4,82.6,2772000
2022-11-30,82.3,82.3,83.2,81.8,82.8,6646000
2022-12-01,87.1,87.1,87.7,84.5,84.5,11859000
2022-12-02,86.8,86.8,88.1,86.0,87.3,5816000
2022-12-05,86.5,86.5,88.4,86.5,87.3,3934000
2022-12-06,84.8,84.8,86.2,84.6,86.0,4937000
2022-12-07,83.3,83.3,85.4,83.2,84.2,5679000
2022-12-08,82.9,82.9,83.8,82.5,82.7,4306000
2022-12-09,83.2,83.2,84.0,82.3,82.9,5715000
2022-12-12,83.9,83.9,84.2,78.0,81.0,8436000
2022-12-13,83.8,83.8,87.0,83.6,84.3,9017000
2022-12-14,83.5,83.5,84.9,82.7,83.9,6008000
2022-12-15,82.9,82.9,84.0,82.7,83.2,3725000
2022-12-16,82.3,82.3,83.4,80.5,81.2,6181000
2022-12-19,84.6,84.6,86.3,81.4,81.4,10849000
2022-12-20,81.3,81.3,85.1,81.3,83.3,7373000
2022-12-21,82.0,82.0,83.0,81.3,81.3,5279000
2022-12-22,82.9,82.9,84.5,82.6,83.2,5939000
2022-12-23,81.5,81.5,81.8,81.0,81.4,3251000
2022-12-26,80.4,80.4,81.8,79.6,81.8,2966000
2022-12-27,81.1,81.1,82.1,80.7,81.0,3721000
2022-12-28,77.8,77.8,80.6,77.6,80.5,6228000
2022-12-29,77.8,77.8,78.3,76.0,76.7,5269000
2022-12-30,77.5,77.5,79.1,77.5,78.5,2320000
2023-01-03,80.0,80.0,80.0,76.9,76.9,2512000
2023-01-04,80.5,80.5,81.0,79.2,79.9,3175000
2023-01-05,84.8,84.8,85.9,82.0,82.0,11893000
2023-01-06,90.8,90.8,92.0,87.6,92.0,30620000
2023-01-09,93.4,93.4,93.4,89.5,91.0,20483000
2023-01-10,91.7,91.7,94.5,91.3,93.3,12034000
2023-01-11,92.6,92.6,92.8,90.8,92.1,7659000
2023-01-12,90.0,90.0,91.6,87.7,91.5,11254000
2023-01-13,88.2,88.2,91.8,87.7,91.0,11915000
2023-01-16,89.3,89.3,89.8,87.8,87.9,6721000
2023-01-17,92.0,92.0,92.4,89.3,89.4,9709000
2023-01-30,101.0,101.0,101.0,96.2,96.6,20576000
2023-01-31,99.7,99.7,101.0,95.5,101.0,24285000
2023-02-01,97.2,97.2,100.5,96.8,100.0,11724000
2023-02-02,96.8,96.8,99.1,96.8,97.6,10730000
2023-02-03,96.6,96.6,97.2,95.6,97.1,7228000
2023-02-06,93.6,93.6,96.2,93.6,96.2,7242000
2023-02-07,95.3,95.3,95.7,93.4,93.5,5051000
2023-02-08,95.7,95.7,97.8,95.6,95.8,9174000
2023-02-09,95.5,95.5,96.2,94.6,94.7,4004000
2023-02-10,98.7,98.7,98.8,96.7,97.0,11881000
2023-02-13,96.8,96.8,98.8,94.9,98.7,9440000
2023-02-14,97.2,97.2,98.0,96.1,96.8,5690000
2023-02-15,92.4,92.4,96.5,92.1,95.2,13398000
2023-02-16,92.7,92.7,93.8,92.2,92.8,6604000
2023-02-17,92.4,92.4,92.5,90.6,92.0,4871000
2023-02-20,93.5,93.5,93.8,91.9,91.9,3891000
2023-02-21,95.0,95.0,95.8,94.0,94.5,9439000
2023-02-22,91.7,91.7,93.3,89.6,93.2,14028000
2023-02-23,93.4,93.4,94.4,91.7,92.0,7225000
2023-02-24,92.5,92.5,95.7,92.5,94.0,10363000
2023-03-01,93.4,93.4,93.4,89.9,90.0,5706000
2023-03-02,92.6,92.6,93.4,91.7,93.2,3424000
2023-03-03,91.6,91.6,94.3,91.5,93.7,5842000
2023-03-06,94.3,94.3,94.7,92.5,92.8,5850000
2023-03-07,94.4,94.4,94.9,93.4,94.4,3140000
2023-03-08,94.8,94.8,95.2,93.7,93.7,3156000
2023-03-09,93.9,93.9,95.9,93.6,95.6,5442000
2023-03-10,91.7,91.7,92.7,91.0,92.7,4639000
2023-03-13,92.5,92.5,93.0,90.7,91.0,2831000
2023-03-14,91.0,91.0,92.2,90.9,92.0,3368000
2023-03-15,91.5,91.5,93.1,91.5,92.2,2264000
2023-03-16,91.8,91.8,92.7,91.1,91.4,2570000
2023-03-17,95.9,95.9,96.0,93.2,93.2,9518000
2023-03-20,94.6,94.6,96.6,94.6,96.1,5261000
2023-03-21,93.7,93.7,95.5,93.3,95.0,4240000
2023-03-22,94.2,94.2,95.6,94.1,94.9,4507000
2023-03-23,98.0,98.0,98.3,93.8,94.2,10069000
2023-03-24,98.5,98.5,99.7,97.6,99.0,6540000
2023-03-27,99.0,99.0,100.5,98.8,100.0,8107000
2023-03-28,98.9,98.9,100.5,97.1,100.0,5089000
2023-03-29,96.0,96.0,99.3,95.6,98.9,6718000
2023-03-30,97.5,97.5,97.8,96.0,96.0,5320000
2023-03-31,96.9,96.9,97.6,96.7,97.1,3959000
2023-04-06,95.9,95.9,96.9,95.6,96.0,3006000
2023-04-07,95.7,95.7,96.9,95.5,96.5,2392000
2023-04-10,94.6,94.6,96.2,94.6,96.0,3400000
2023-04-11,94.9,94.9,95.4,94.1,94.9,2829000
2023-04-12,94.3,94.3,94.9,93.5,94.9,3941000
2023-04-13,94.0,94.0,95.0,93.5,94.3,3524000
2023-04-14,94.6,94.6,95.1,93.9,94.0,4416000
2023-04-17,93.8,93.8,94.6,93.1,94.6,3162000
2023-04-18,92.1,92.1,94.6,92.1,94.5,3571000
2023-04-19,90.9,90.9,93.7,90.9,92.1,7717000
2023-04-20,90.3,90.3,91.4,90.3,91.3,6372000
2023-04-21,90.2,90.2,91.8,89.9,91.5,5525000
2023-04-24,88.9,88.9,90.1,88.6,89.8,5001000
2023-04-25,87.0,87.0,89.8,87.0,89.6,4322000
2023-04-26,85.5,85.5,86.7,84.7,86.5,6870000
2023-04-27,85.6,85.6,86.4,85.4,85.7,3793000
2023-04-28,86.7,86.7,87.9,86.4,87.9,4656000
2023-05-02,87.5,87.5,87.5,85.3,86.8,3406000
2023-05-03,88.2,88.2,89.5,85.3,86.0,4856000
2023-05-04,89.3,89.3,89.8,86.7,89.7,7540000
2023-05-05,89.7,89.7,90.5,89.5,89.6,3230000
2023-05-08,89.8,89.8,90.4,89.4,90.2,1807000
2023-05-09,90.0,90.0,90.2,89.3,89.4,1994000
2023-05-10,89.2,89.2,90.5,88.6,90.2,2399000
2023-05-11,90.0,90.0,90.2,89.2,89.3,2935000
2023-05-12,90.0,90.0,90.2,89.4,90.0,3216000
2023-05-15,90.0,90.0,90.2,89.0,89.5,2213000
2023-05-16,90.3,90.3,91.3,90.3,91.0,4435000
2023-05-17,90.2,90.2,91.0,89.8,90.5,3645000
2023-05-18,90.8,90.8,91.8,90.6,91.0,4340000
2023-05-19,89.8,89.8,91.2,89.5,91.0,2957000
2023-05-22,89.5,89.5,90.3,89.1,89.8,3168000
2023-05-23,90.0,90.0,90.9,89.6,90.1,2605000
2023-05-24,90.2,90.2,91.1,89.9,91.1,2274000
2023-05-25,90.4,90.4,90.6,89.7,90.2,2575000
2023-05-26,92.8,92.8,94.3,91.4,91.4,7847000
2023-05-29,94.1,94.1,95.5,94.0,94.4,5362000
2023-05-30,93.8,93.8,94.4,93.1,94.4,4123000
2023-05-31,92.9,92.9,93.8,92.8,93.8,4154000
2023-06-01,91.6,91.6,93.0,91.3,92.9,3647000
2023-06-02,91.9,91.9,92.0,89.4,91.5,5569000
2023-06-05,92.7,92.7,93.1,91.9,92.7,3686000
2023-06-06,91.3,91.3,93.1,90.9,93.1,3400000
2023-06-07,94.8,94.8,94.9,92.1,92.2,5718000
2023-06-08,93.0,93.0,94.4,92.5,94.0,2225000
2023-06-09,93.4,93.4,94.1,92.9,93.9,3168000
2023-06-12,93.0,93.0,94.2,92.7,93.4,2381000
2023-06-13,92.5,92.5,94.2,92.3,93.7,4102000
2023-06-14,92.9,92.9,93.5,92.4,92.7,3362000
2023-06-15,92.9,92.9,93.4,92.5,93.2,2734000
2023-06-16,90.3,90.3,93.3,90.3,93.0,6726000
2023-06-19,89.3,89.3,90.6,89.3,90.0,3508000
2023-06-20,88.1,88.1,89.2,88.1,89.1,5723000
2023-06-21,88.2,88.2,89.7,88.2,88.4,3729000
2023-06-26,87.0,87.0,88.8,87.0,87.2,5246000
2023-06-27,87.0,87.0,87.9,86.3,86.6,3992000
2023-06-28,86.2,86.2,87.9,86.2,87.2,4516000
2023-06-29,86.1,86.1,86.9,86.0,86.6,4005000
2023-06-30,88.0,88.0,88.6,86.3,86.9,6710000
2023-07-03,87.7,87.7,89.5,87.7,89.0,5476000
2023-07-04,88.3,88.3,88.5,87.4,87.9,5174000
2023-07-05,83.7,83.7,84.7,83.7,84.3,8542000
2023-07-06,83.5,83.5,84.2,81.8,82.6,8672000
2023-07-07,80.5,80.5,83.7,80.5,82.0,8261000
2023-07-10,80.0,80.0,81.6,80.0,81.0,5193000
2023-07-11,81.6,81.6,81.6,80.3,80.8,3120000
2023-07-12,80.0,80.0,81.2,79.7,81.2,5612000
2023-07-13,79.7,79.7,79.9,79.1,79.1,4580000
2023-07-14,80.8,80.8,82.0,80.3,80.6,5652000
2023-07-17,81.3,81.3,82.2,80.4,80.6,3331000
2023-07-18,80.8,80.8,81.9,80.8,81.5,4004000
2023-07-19,80.0,80.0,82.0,80.0,81.3,4595000
2023-07-20,80.2,80.2,81.2,79.2,81.2,6693000
2023-07-21,78.0,78.0,78.7,77.1,77.7,8177000
2023-07-24,77.6,77.6,77.9,76.8,77.5,7384000
2023-07-25,77.0,77.0,78.0,76.5,77.6,5743000
2023-07-26,75.6,75.6,77.3,75.5,76.9,5233000
2023-07-27,76.7,76.7,76.8,75.7,76.3,3757000
2023-07-28,77.2,77.2,77.8,76.5,76.7,3329000
2023-07-31,77.3,77.3,77.8,76.5,77.7,6639000
2023-08-01,78.4,78.4,79.2,77.5,77.7,6719000
2023-08-02,75.7,75.7,77.8,75.7,77.8,10504000
2023-08-04,75.5,75.5,76.3,75.2,75.8,6233000
2023-08-07,75.8,75.8,76.7,74.5,75.2,4163000
2023-08-08,74.6,74.6,77.7,74.5,77.7,6726000
2023-08-09,74.3,74.3,75.1,74.0,74.6,3088000
2023-08-10,74.0,74.0,74.2,72.2,73.6,8789000
2023-08-11,72.6,72.6,74.3,72.5,74.2,3909000
2023-08-14,72.0,72.0,72.8,71.6,72.0,5895000
2023-08-15,71.8,71.8,73.0,71.7,72.2,2175000
2023-08-16,71.2,71.2,71.7,70.7,71.0,4248000
2023-08-17,71.3,71.3,71.4,70.3,70.9,4557000
2023-08-18,70.4,70.4,71.2,70.1,71.0,9130000
2023-08-21,68.7,68.7,70.9,68.3,70.4,9790000
2023-08-22,68.5,68.5,69.5,68.0,68.9,7148000
2023-08-23,68.4,68.4,68.7,67.9,68.0,5288000
2023-08-24,68.8,68.8,69.5,68.4,68.5,7796000
2023-08-25,67.8,67.8,68.5,66.6,68.0,9035000
2023-08-28,68.3,68.3,69.8,67.8,68.0,7254000
2023-08-29,68.5,68.5,68.9,68.2,68.7,4078000
2023-08-30,69.2,69.2,69.6,68.6,69.0,5125000
2023-08-31,68.3,68.3,69.5,68.3,69.3,6228000
2023-09-01,69.6,69.6,70.4,68.0,68.0,6856000
2023-09-04,70.8,70.8,71.5,69.6,69.6,9420000
2023-09-05,70.5,70.5,70.5,69.7,70.1,3390000
2023-09-06,70.3,70.3,71.0,70.0,70.7,4321000
2023-09-07,69.9,69.9,70.6,69.8,70.0,4490000
2023-09-08,69.2,69.2,69.8,68.8,69.8,2836000
2023-09-11,68.9,68.9,69.6,68.5,69.6,3489000
2023-09-12,71.3,71.3,71.3,68.9,69.3,5892000
2023-09-13,71.4,71.4,72.4,70.9,71.4,5983000
2023-09-14,71.8,71.8,72.2,71.6,72.0,5106000
2023-09-15,72.0,72.0,72.2,71.5,72.1,4552000
2023-09-18,71.2,71.2,71.8,71.0,71.5,2835000
2023-09-19,70.4,70.4,71.7,70.3,71.2,3886000
2023-09-20,69.3,69.3,71.0,69.3,70.8,3627000
2023-09-21,69.6,69.6,70.1,69.2,69.5,3719000
2023-09-22,69.0,69.0,69.6,68.4,68.8,3754000
2023-09-25,69.5,69.5,69.9,68.7,69.0,4913000
2023-09-26,68.0,68.0,69.2,68.0,69.0,4287000
2023-09-27,67.8,67.8,68.2,67.3,67.3,5536000
2023-09-28,68.0,68.0,68.8,67.8,68.0,4931000
2023-10-02,69.1,69.1,69.3,68.3,68.5,6157000
2023-10-03,69.1,69.1,69.4,68.3,68.5,3352000
2023-10-04,70.0,70.0,70.5,68.3,68.3,4777000
2023-10-05,71.9,71.9,72.1,69.8,70.3,8614000
2023-10-06,70.7,70.7,72.3,70.6,72.3,5053000
2023-10-11,70.8,70.8,71.7,70.3,70.3,7486000
2023-10-12,74.2,74.2,74.2,71.2,71.5,11402000
2023-10-13,75.4,75.4,77.0,73.8,73.8,15233000
2023-10-16,72.7,72.7,76.1,72.6,75.2,8495000
2023-10-17,74.5,74.5,75.7,73.5,73.6,6494000
2023-10-18,74.0,74.0,75.1,73.3,74.2,8155000
2023-10-19,74.5,74.5,74.8,73.5,73.6,5506000
2023-10-20,73.6,73.6,74.3,73.0,74.0,7136000
2023-10-23,73.0,73.0,74.4,73.0,73.2,4768000
2023-10-24,72.8,72.8,75.0,72.5,73.3,5349000
2023-10-25,74.4,74.4,74.5,72.3,73.5,5057000
2023-10-26,71.3,71.3,72.8,71.3,72.5,6491000
2023-10-27,71.8,71.8,72.6,71.5,71.5,3730000
2023-10-30,70.4,70.4,71.9,70.2,71.6,6406000
2023-10-31,70.1,70.1,71.1,69.8,70.7,6372000
2023-11-01,71.6,71.6,72.0,70.7,71.0,4770000
2023-11-02,72.9,72.9,73.1,72.1,72.9,4486000
2023-11-03,72.2,72.2,73.0,71.0,72.9,7346000
2023-11-06,73.1,73.1,73.8,72.6,72.8,7672000
2023-11-07,72.7,72.7,73.7,72.3,73.0,5268000
2023-11-08,69.7,69.7,70.2,68.5,68.5,22132000
2023-11-09,67.5,67.5,69.6,67.5,69.4,22433000
2023-11-10,68.1,68.1,68.3,67.2,67.5,7276000
2023-11-13,68.9,68.9,69.0,68.5,69.0,6707000
2023-11-14,71.2,71.2,71.4,69.0,69.1,13857000
2023-11-15,71.6,71.6,71.9,71.0,71.5,10439000
2023-11-16,72.9,72.9,72.9,71.5,71.6,11526000
2023-11-17,73.8,73.8,74.3,72.5,73.5,15042000
2023-11-20,78.0,78.0,78.6,74.2,74.6,31116000
2023-11-21,78.7,78.7,81.2,78.2,79.0,38965000
2023-11-22,81.1,81.1,82.3,78.5,79.0,38312000
2023-11-23,83.4,83.4,86.8,82.3,82.5,62617000
2023-11-24,85.5,85.5,87.6,84.9,85.0,66044000
2023-11-27,79.7,79.7,85.6,79.7,84.5,48468000
2023-11-28,79.1,79.1,81.3,79.1,80.2,36239000
2023-11-29,79.5,79.5,81.6,79.3,79.6,31597000
2023-11-30,79.8,79.8,81.1,79.8,80.3,35001000
2023-12-01,78.9,78.9,79.8,77.8,78.1,26856000
2023-12-04,80.9,80.9,81.7,79.3,79.5,21940000
2023-12-05,77.8,77.8,81.0,77.5,81.0,27067000
2023-12-06,77.5,77.5,79.1,77.5,78.5,11408000
2023-12-07,77.7,77.7,79.1,77.6,78.4,9691000
2023-12-08,78.7,78.7,79.3,78.3,78.5,8167000
2023-12-11,78.6,78.6,79.2,78.1,79.0,6709000
2023-12-12,79.6,79.6,79.8,78.7,79.3,7853000
2023-12-13,79.4,79.4,80.4,79.0,80.0,9654000
2023-12-14,80.0,80.0,80.1,79.2,80.0,6449000
2023-12-15,79.8,79.8,80.5,79.4,80.4,7646000
2023-12-18,78.9,78.9,79.4,78.3,79.4,4431000
2023-12-19,77.2,77.2,78.9,76.4,78.5,10351000
2023-12-20,78.2,78.2,78.6,77.4,77.6,5618000
2023-12-21,77.4,77.4,77.9,76.9,77.2,4310000
2023-12-22,78.2,78.2,78.3,77.5,77.8,5388000
2023-12-25,78.0,78.0,78.5,77.9,78.5,2046000
2023-12-26,78.5,78.5,78.7,78.1,78.5,2459000
2023-12-27,81.0,81.0,81.1,78.2,78.9,20911000
2023-12-28,81.1,81.1,81.6,80.5,81.2,9785000
2023-12-29,81.5,81.5,81.5,80.7,81.3,7131000
2024-01-02,79.7,79.7,82.3,79.6,81.6,8879000
2024-01-03,78.3,78.3,78.7,77.6,78.5,7489000
2024-01-04,78.5,78.5,79.1,78.0,78.3,4554000
2024-01-05,78.6,78.6,79.8,78.5,78.6,5022000
2024-01-08,78.1,78.1,79.4,78.1,78.8,3789000
2024-01-09,78.6,78.6,78.9,77.9,78.5,3793000
2024-01-10,79.1,79.1,79.1,78.1,78.9,3079000
2024-01-11,79.4,79.4,79.4,78.6,79.2,2973000
2024-01-12,77.5,77.5,78.8,77.5,78.7,7016000
2024-01-15,77.8,77.8,78.1,77.3,77.9,3364000
2024-01-16,76.0,76.0,77.3,75.2,77.1,9173000
2024-01-17,73.9,73.9,74.4,73.0,73.1,12475000
2024-01-18,72.7,72.7,74.1,72.0,73.5,8924000
2024-01-19,74.4,74.4,76.2,74.0,75.0,14949000
2024-01-22,73.5,73.5,75.2,73.2,74.7,7532000
2024-01-23,74.9,74.9,75.0,73.6,73.7,6751000
2024-01-24,75.0,75.0,75.3,73.9,74.5,3621000
2024-01-25,76.3,76.3,76.3,75.1,75.3,6105000
2024-01-26,74.8,74.8,76.0,74.7,75.5,3958000
2024-01-29,74.7,74.7,74.8,73.5,74.5,4127000
2024-01-30,73.1,73.1,74.4,73.1,74.3,5437000
2024-01-31,73.5,73.5,74.1,72.2,72.9,8386000
2024-02-01,72.5,72.5,73.4,72.3,73.2,5956000
2024-02-02,72.6,72.6,74.2,72.5,73.5,7918000
2024-02-05,73.5,73.5,73.7,72.0,72.5,9881000
2024-02-15,73.9,73.9,75.7,72.9,75.7,9204000
2024-02-16,74.8,74.8,75.2,73.5,74.4,7534000
2024-02-19,75.3,75.3,75.4,74.2,74.8,4426000
2024-02-20,74.3,74.3,75.2,74.3,75.0,4775000
2024-02-21,73.5,73.5,74.5,73.5,74.3,4932000
2024-02-22,73.8,73.8,74.2,73.6,73.6,3924000
2024-02-23,72.9,72.9,74.3,72.9,74.2,4610000
2024-02-26,72.2,72.2,73.2,72.2,72.9,5243000
2024-02-27,72.0,72.0,73.6,72.0,72.2,8225000
2024-02-29,72.2,72.2,72.2,71.5,72.2,7606000
2024-03-01,72.6,72.6,73.4,72.2,72.2,5232000
2024-03-04,73.5,73.5,73.7,73.0,73.1,7737000
2024-03-05,72.6,72.6,73.5,72.6,73.5,4649000
2024-03-06,72.8,72.8,72.8,71.9,72.5,4132000
2024-03-07,73.1,73.1,73.5,72.6,72.8,6333000
2024-03-08,74.2,74.2,76.5,73.3,74.0,25194000
2024-03-11,73.9,73.9,74.0,73.3,74.0,7046000
2024-03-12,81.2,81.2,81.2,73.9,73.9,48832000
2024-03-13,82.7,82.7,86.0,82.2,83.6,62953000
2024-03-14,82.4,82.4,83.6,81.2,83.6,20874000
2024-03-15,83.9,83.9,84.6,81.6,82.4,23363000
2024-03-18,84.8,84.8,86.2,83.4,84.0,23966000
2024-03-19,90.8,90.8,91.6,84.4,84.8,53621000
2024-03-20,89.7,89.7,92.4,87.5,91.8,41979000
2024-03-21,89.8,89.8,90.9,89.5,90.9,21591000
2024-03-22,87.9,87.9,91.6,86.2,90.9,29526000
2024-03-25,86.3,86.3,87.7,85.8,87.4,14038000
2024-03-26,85.1,85.1,88.4,83.4,87.3,18712000
2024-03-27,86.2,86.2,86.2,84.4,85.8,8349000
2024-03-28,84.8,84.8,86.8,84.8,86.2,8562000
2024-03-29,85.5,85.5,86.3,83.7,85.1,21022000
2024-04-01,84.6,84.6,86.0,84.3,86.0,9079000
2024-04-02,84.8,84.8,86.0,84.8,84.8,6223000
2024-04-03,85.0,85.0,85.4,83.7,84.4,5617000
2024-04-08,86.1,86.1,86.2,84.4,85.1,7153000
2024-04-09,87.1,87.1,88.0,86.3,86.3,12326000
2024-04-10,86.9,86.9,88.1,86.5,88.1,9554000
2024-04-11,88.0,88.0,88.0,86.2,86.5,11378000
2024-04-12,87.7,87.7,88.8,87.5,88.5,8630000
2024-04-15,84.9,84.9,86.7,84.2,86.7,11797000
2024-04-16,83.1,83.1,84.6,82.3,83.9,11049000
2024-04-17,84.7,84.7,85.0,83.3,83.6,8924000
2024-04-18,86.3,86.3,86.3,83.5,84.3,9916000
2024-04-19,81.2,81.2,83.6,80.0,82.8,20779000
2024-04-22,81.2,81.2,81.9,80.0,81.2,11478000
2024-04-23,82.3,82.3,82.5,81.5,82.0,8315000
2024-04-24,85.4,85.4,85.4,82.3,83.1,17662000
2024-04-25,83.3,83.3,84.7,83.3,84.0,6128000
2024-04-26,83.0,83.0,84.8,82.9,84.1,5673000
2024-04-29,88.6,88.6,89.7,83.4,83.5,20696000
2024-04-30,86.0,86.0,88.6,85.9,88.5,14060000
2024-05-02,93.9,93.9,94.3,90.1,90.3,55342000
2024-05-03,92.8,92.8,94.0,91.2,94.0,19355000
2024-05-06,92.1,92.1,93.5,91.6,92.9,10886000
2024-05-07,93.2,93.2,93.2,91.8,92.2,9305000
2024-05-08,91.0,91.0,93.3,90.7,93.3,11875000
2024-05-09,89.1,89.1,90.8,88.8,90.8,8932000
2024-05-10,92.0,92.0,92.0,89.6,89.7,11356000
2024-05-13,92.9,92.9,92.9,90.0,92.0,8388000
2024-05-14,92.1,92.1,93.2,91.5,93.0,5160000
2024-05-15,92.1,92.1,93.5,92.0,92.5,7523000
2024-05-16,96.0,96.0,97.0,92.8,93.0,22073000
2024-05-17,98.2,98.2,98.5,95.0,95.0,15482000
2024-05-20,98.9,98.9,99.2,97.1,98.5,13374000
2024-05-21,98.9,98.9,99.8,97.2,99.5,8622000
2024-05-22,101.0,101.0,104.0,99.3,99.6,14362000
2024-05-23,101.0,101.0,103.5,100.0,103.0,10611000
2024-05-24,100.5,100.5,102.0,98.5,100.0,8349000
2024-05-27,101.0,101.0,104.0,101.0,101.0,8869000
2024-05-28,99.9,99.9,102.5,99.8,102.5,10763000
2024-05-29,101.0,101.0,108.0,98.8,100.5,32834000
2024-05-30,106.5,106.5,106.5,100.0,100.5,39406000
2024-05-31,107.5,107.5,108.5,105.0,105.5,42165000
2024-06-03,103.5,103.5,107.0,100.0,107.0,40219000
2024-06-04,103.0,103.0,106.0,100.5,102.0,25746000
2024-06-06,105.5,105.5,111.0,97.0,98.5,70149000
2024-06-07,111.0,111.0,112.0,104.5,107.5,38050000
2024-06-11,112.5,112.5,112.5,107.5,111.0,35150000
2024-06-12,115.5,115.5,115.5,108.5,108.5,33933000
2024-06-13,114.5,114.5,124.0,114.0,115.5,29671000
2024-06-14,110.0,110.0,115.0,109.0,114.5,23327000
2024-06-17,111.0,111.0,113.0,110.5,111.0,8937000
2024-06-18,121.5,121.5,121.5,113.0,113.5,22902000
2024-06-19,127.0,127.0,127.0,121.5,121.5,23686000
2024-06-20,126.5,126.5,130.0,125.5,129.0,18897000
2024-06-21,122.5,122.5,124.5,120.5,123.0,17730000
2024-06-24,121.5,121.5,123.5,118.5,122.5,13563000
2024-06-25,118.5,118.5,122.5,118.0,120.5,12231000
2024-06-26,121.5,121.5,122.0,119.0,119.5,6795000
2024-06-27,118.0,118.0,119.5,116.5,119.5,9400000
2024-06-28,129.5,129.5,129.5,117.5,119.0,33128000
2024-07-01,142.0,142.0,142.0,133.5,134.0,51016000
2024-07-02,142.0,142.0,148.0,138.0,144.0,50826000
2024-07-03,131.0,131.0,144.5,131.0,143.0,36445000
2024-07-04,120.5,120.5,126.5,120.5,124.5,43627000
2024-07-05,124.5,124.5,128.0,122.5,123.0,31614000
2024-07-08,123.0,123.0,126.0,121.0,124.5,20238000
2024-07-09,123.0,123.0,127.0,122.5,125.5,18208000
2024-07-10,122.0,122.0,127.0,121.5,127.0,12407000
2024-07-11,122.5,122.5,124.0,122.0,123.0,6490000
2024-07-12,121.5,121.5,121.5,116.0,120.5,23975000
2024-07-15,122.5,122.5,122.5,119.5,121.5,9302000
2024-07-16,119.5,119.5,122.0,117.0,121.5,16004000
2024-07-17,121.0,121.0,122.5,118.5,119.5,13450000
2024-07-18,120.5,120.5,121.0,117.0,118.5,14009000
2024-07-19,118.5,118.5,120.0,117.0,119.0,14240000
2024-07-22,115.5,115.5,120.0,115.0,117.5,15631000
2024-07-23,115.5,115.5,119.0,114.0,118.0,9932000
2024-07-26,112.5,112.5,113.0,109.0,112.0,15379000
2024-07-29,114.5,114.5,117.0,113.0,114.5,8047000
2024-07-30,120.0,120.0,120.5,109.0,112.5,17114000
2024-07-31,116.5,116.5,119.5,112.0,118.0,16103000
2024-08-01,118.0,118.0,121.5,118.0,119.5,9676000
2024-08-02,117.5,117.5,118.0,114.0,115.0,10541000
2024-08-05,117.5,117.5,117.5,107.5,114.5,22312000
2024-08-06,119.0,119.0,120.0,112.0,118.0,18994000
2024-08-07,119.0,119.0,120.0,117.5,119.0,12575000
2024-08-08,117.0,117.0,118.5,115.5,117.5,7788000
2024-08-09,118.5,118.5,121.5,118.0,119.5,8153000
2024-08-12,120.5,120.5,122.0,118.0,118.5,8416000
2024-08-13,119.5,119.5,121.0,118.0,121.0,4842000
2024-08-14,119.0,119.0,121.0,118.0,120.5,6456000
2024-08-15,117.0,117.0,120.5,117.0,120.0,3397000
2024-08-16,119.5,119.5,122.0,118.5,119.0,8356000
2024-08-19,126.0,126.0,127.5,119.0,120.5,19024000
2024-08-20,124.5,124.5,129.5,124.0,126.5,14154000
2024-08-21,119.0,119.0,124.0,119.0,124.0,10108000
2024-08-22,118.5,118.5,120.5,118.0,120.0,4384000
2024-08-23,122.0,122.0,122.0,115.5,116.5,6153000
2024-08-26,119.0,119.0,122.5,118.5,122.5,4302000
2024-08-27,122.5,122.5,122.5,119.0,119.5,5287000
2024-08-28,121.5,121.5,123.0,121.0,122.5,3184000
2024-08-29,122.0,122.0,123.0,120.0,120.0,3858000
2024-08-30,123.0,123.0,123.5,121.0,122.5,6581000
2024-09-02,125.0,125.0,125.0,122.0,124.0,6892000
2024-09-03,120.5,120.5,126.5,120.5,125.0,9113000
2024-09-04,121.0,121.0,123.5,114.5,116.0,16900000
2024-09-05,118.5,118.5,123.0,118.0,122.0,11599000
2024-09-06,118.0,118.0,121.0,117.5,119.0,6885000
2024-09-09,113.5,113.5,118.5,113.0,117.0,13779000
2024-09-10,107.5,107.5,115.0,107.0,114.5,14092000
2024-09-11,109.0,109.0,110.5,104.0,108.0,10289000
2024-09-12,106.0,106.0,111.5,106.0,109.5,11302000
2024-09-13,105.0,105.0,107.5,104.0,105.0,11730000
2024-09-16,106.5,106.5,107.5,104.5,105.0,4877000
2024-09-18,101.0,101.0,110.5,101.0,107.0,11897000
2024-09-19,107.0,107.0,110.0,104.0,104.0,16461000
2024-09-20,106.5,106.5,109.5,106.0,108.5,16256000
2024-09-23,108.0,108.0,111.0,107.0,108.0,8355000
2024-09-24,107.0,107.0,108.0,106.5,107.5,6588000
2024-09-25,106.5,106.5,109.0,106.5,108.0,7169000
2024-09-26,105.0,105.0,108.5,104.5,108.5,6165000
2024-09-27,103.0,103.0,107.0,103.0,105.5,6907000
2024-09-30,103.5,103.5,106.0,103.0,103.5,5367000
2024-10-01,105.0,105.0,105.0,102.0,102.0,7498000
2024-10-04,100.0,100.0,104.0,100.0,103.5,10175000
2024-10-07,100.5,100.5,101.5,98.6,100.5,10852000
2024-10-08,101.5,101.5,102.0,98.5,100.0,7388000
2024-10-09,102.5,102.5,106.0,102.0,105.0,10353000
2024-10-11,102.0,102.0,106.5,102.0,105.5,8771000
2024-10-14,101.5,101.5,102.5,101.0,102.5,3458000
2024-10-15,102.0,102.0,103.0,101.5,101.5,5265000
2024-10-16,101.0,101.0,102.0,100.5,101.0,5940000
2024-10-17,103.0,103.0,103.5,101.5,101.5,4451000
2024-10-18,98.2,98.2,105.0,98.2,104.5,17897000
2024-10-21,100.5,100.5,101.0,98.4,99.6,11316000
2024-10-22,99.0,99.0,99.7,98.3,98.5,8171000
2024-10-23,98.0,98.0,99.3,97.5,99.0,7086000
2024-10-24,97.9,97.9,99.1,97.9,98.0,4605000
2024-10-25,99.0,99.0,99.6,98.5,98.6,4768000
2024-10-28,98.6,98.6,99.9,97.8,99.9,3485000
2024-10-29,97.1,97.1,98.2,96.7,98.0,6844000
2024-10-30,96.5,96.5,97.6,95.5,97.4,5605000
2024-11-01,95.0,95.0,95.0,88.8,90.0,26392000
2024-11-04,93.2,93.2,95.9,92.4,95.0,9628000
2024-11-05,93.6,93.6,94.5,93.0,93.1,5262000
2024-11-06,92.4,92.4,93.7,90.7,93.6,13490000
2024-11-07,94.3,94.3,94.7,91.4,91.5,6165000
2024-11-08,94.3,94.3,96.0,94.1,95.0,5804000
2024-11-11,93.8,93.8,95.8,93.8,94.8,6802000
2024-11-12,94.2,94.2,95.3,91.8,92.8,7612000
2024-11-13,92.4,92.4,93.4,92.1,92.9,8485000
2024-11-14,89.9,89.9,93.0,89.9,92.1,8117000
2024-11-15,90.9,90.9,92.9,90.7,90.7,9043000
2024-11-18,91.1,91.1,93.8,91.1,91.1,14791000
2024-11-19,90.7,90.7,92.3,90.6,91.2,17868000
2024-11-20,89.9,89.9,91.7,89.9,91.3,16562000
2024-11-21,91.7,91.7,91.7,89.4,90.0,15651000
2024-11-22,92.1,92.1,93.4,91.6,91.8,10475000
2024-11-25,90.0,90.0,92.6,90.0,92.1,10176000
2024-11-26,90.0,90.0,91.0,89.8,90.3,5503000
2024-11-27,89.5,89.5,90.6,89.3,90.3,5387000
2024-11-28,88.2,88.2,89.4,87.8,89.4,7880000
2024-11-29,89.5,89.5,90.7,87.1,88.1,7341000
2024-12-02,89.6,89.6,90.4,89.6,89.6,1877000
2024-12-03,91.0,91.0,91.3,90.1,90.4,6365000
2024-12-04,93.6,93.6,94.5,90.9,90.9,12351000
2024-12-05,93.3,93.3,94.0,92.5,92.8,7351000
2024-12-06,93.3,93.3,94.0,92.9,93.3,5187000
2024-12-09,92.8,92.8,94.0,92.4,93.3,5031000
2024-12-10,92.7,92.7,93.7,92.6,93.2,3048000
2024-12-11,90.8,90.8,92.8,90.8,92.8,4332000
2024-12-12,92.6,92.6,93.9,91.5,91.8,7669000
2024-12-13,92.3,92.3,92.9,91.5,92.2,3904000
2024-12-16,90.7,90.7,92.5,90.3,92.4,5318000
2024-12-17,97.0,97.0,98.0,90.9,90.9,20367000
2024-12-18,96.5,96.5,97.5,95.3,95.4,10129000
2024-12-19,96.5,96.5,97.4,94.6,94.9,8060000
2024-12-20,97.3,97.3,99.0,96.0,96.0,13196000
2024-12-23,95.7,95.7,99.8,95.1,98.3,13379000
2024-12-24,102.5,102.5,105.0,99.0,100.5,30428000
2024-12-25,101.0,101.0,103.0,100.0,103.0,12210000
2024-12-26,101.0,101.0,102.0,100.0,101.5,5660000
2024-12-27,101.5,101.5,102.5,100.5,101.0,4530000
2024-12-30,100.0,100.0,101.5,98.4,100.5,7798000
2024-12-31,99.9,99.9,100.5,98.6,99.3,4946000
2025-01-02,101.5,101.5,102.0,99.9,100.0,6242000
2025-01-03,99.3,99.3,102.5,99.3,101.5,6032000
2025-01-06,100.0,100.0,101.5,99.6,100.5,4732000
2025-01-07,102.0,102.0,104.0,100.5,101.5,10287000
2025-01-08,100.5,100.5,102.5,100.5,101.0,5738000
2025-01-09,98.0,98.0,100.5,97.1,100.5,8317000
2025-01-10,98.0,98.0,100.5,97.7,98.0,6020000
2025-01-13,94.5,94.5,98.4,94.5,97.9,9183000
2025-01-14,95.2,95.2,95.8,94.3,95.1,4441000
2025-01-15,93.7,93.7,95.8,93.7,95.7,2649000
2025-01-16,93.6,93.6,95.2,93.2,94.8,5172000
2025-01-17,93.7,93.7,94.2,92.4,94.0,9233000
2025-01-20,94.7,94.7,95.8,93.5,93.7,3397000
2025-01-21,95.4,95.4,96.6,94.4,94.8,3673000
2025-01-22,94.7,94.7,96.3,94.7,96.2,4567000
2025-02-03,88.1,88.1,93.1,87.6,93.0,17697000
2025-02-04,87.9,87.9,90.7,87.8,88.8,14405000
2025-02-05,88.2,88.2,89.8,88.2,88.9,5474000
2025-02-06,88.4,88.4,89.4,88.3,89.3,4400000
2025-02-07,88.2,88.2,89.6,88.2,88.6,3783000
2025-02-10,87.5,87.5,88.6,87.5,88.2,4848000
2025-02-11,85.7,85.7,88.8,85.7,88.1,9246000
2025-02-12,85.2,85.2,86.5,85.2,86.5,5423000
2025-02-13,87.0,87.0,87.6,85.5,85.6,5475000
2025-02-14,87.2,87.2,87.6,86.1,87.5,7208000
2025-02-17,87.6,87.6,88.3,86.9,87.3,3731000
2025-02-18,88.9,88.9,89.0,87.9,88.2,4904000
2025-02-19,90.0,90.0,90.8,89.1,89.1,7934000
2025-02-20,90.8,90.8,91.3,89.8,90.6,6535000
2025-02-21,99.8,99.8,99.8,92.4,92.5,26615000
2025-02-24,101.5,101.5,103.0,98.1,99.0,20280000
2025-02-25,102.0,102.0,103.0,98.5,99.7,13083000
2025-02-26,102.5,102.5,105.0,101.0,102.0,11849000
2025-02-27,100.0,100.0,103.5,100.0,102.5,11237000
2025-03-03,99.4,99.4,101.5,97.7,99.3,6874000
2025-03-04,97.0,97.0,100.5,96.8,97.0,6968000
2025-03-05,100.0,100.0,101.0,97.8,98.6,6385000
2025-03-06,101.0,101.0,104.0,101.0,101.5,8004000
2025-03-07,100.0,100.0,101.5,100.0,100.0,3416000
2025-03-10,102.5,102.5,104.0,100.5,101.5,8417000
2025-03-11,98.3,98.3,102.0,98.3,100.0,11691000
2025-03-12,100.0,100.0,101.5,99.2,99.8,6105000
2025-03-13,98.3,98.3,101.0,98.3,101.0,5246000
2025-03-14,96.0,96.0,99.6,96.0,98.6,8153000
2025-03-17,96.6,96.6,98.2,96.5,97.4,3834000
2025-03-18,95.0,95.0,97.8,95.0,97.5,6331000
2025-03-19,95.0,95.0,95.8,94.2,95.7,6515000
2025-03-20,98.8,98.8,99.7,96.2,96.3,8409000
2025-03-21,95.2,95.2,98.8,95.2,98.8,7083000
2025-03-24,96.4,96.4,100.5,96.4,98.0,5775000
2025-03-25,97.0,97.0,98.6,96.8,97.8,4286000
2025-03-26,97.5,97.5,97.7,96.4,97.6,2481000
2025-03-27,96.7,96.7,97.7,95.7,96.6,3659000
2025-03-28,97.3,97.3,97.9,95.7,96.7,5343000
2025-03-31,93.1,93.1,94.8,91.6,93.7,8340000
2025-04-01,98.3,98.3,98.8,95.0,96.2,11610000
2025-04-02,97.0,97.0,98.8,97.0,98.0,3995000
2025-04-07,87.3,87.3,87.3,87.3,87.3,2743000
2025-04-08,83.0,83.0,90.0,79.0,87.0,14831000
2025-04-09,74.7,74.7,83.4,74.7,81.0,12665000
2025-04-10,82.1,82.1,82.1,82.1,82.1,997000
2025-04-11,90.0,90.0,90.0,80.5,82.0,14158000
2025-04-14,92.1,92.1,95.0,91.2,93.0,8268000
2025-04-15,93.0,93.0,94.3,91.8,92.5,4319000
2025-04-16,91.8,91.8,93.7,90.7,92.1,5414000
2025-04-17,90.0,90.0,92.5,89.4,91.7,3958000
2025-04-18,90.7,90.7,91.7,89.1,90.2,4600000
2025-04-21,89.3,89.3,90.2,88.5,90.2,3610000
2025-04-22,88.4,88.4,89.6,87.8,88.3,3762000
2025-04-23,91.3,91.3,91.3,89.3,90.0,5277000
2025-04-24,91.2,91.2,91.8,89.3,91.3,5529000
2025-04-25,91.2,91.2,93.0,91.2,92.4,4061000
2025-04-28,92.3,92.3,92.3,89.8,91.1,4412000
2025-04-29,91.1,91.1,92.1,90.8,92.1,3210000
2025-04-30,89.9,89.9,91.9,89.9,91.2,4939000
2025-05-02,89.8,89.8,91.5,89.5,90.5,5458000
2025-05-05,89.7,89.7,92.2,89.0,90.9,7437000
2025-05-06,88.4,88.4,90.4,87.3,89.8,12646000
2025-05-07,86.0,86.0,87.9,85.1,87.7,13373000
2025-05-08,87.9,87.9,88.5,85.6,85.8,7031000
2025-05-09,88.9,88.9,89.0,86.4,87.5,7124000
2025-05-12,90.0,90.0,90.3,88.7,88.7,5867000
2025-05-13,90.6,90.6,92.4,90.4,91.6,6186000
2025-05-14,93.2,93.2,95.6,91.5,95.1,8368000
2025-05-15,88.3,88.3,93.5,88.3,93.4,16361000
2025-05-16,88.5,88.5,89.9,88.0,89.5,10197000
2025-05-19,87.9,87.9,88.7,87.0,88.5,5182000
2025-05-20,88.0,88.0,88.7,87.5,88.5,6100000
2025-05-21,90.0,90.0,90.0,88.3,88.4,4885000
2025-05-22,86.6,86.6,88.3,86.6,87.7,12832000
2025-05-23,86.9,86.9,87.5,86.4,87.1,6195000
2025-05-26,87.5,87.5,87.6,85.0,87.0,12976000
2025-05-27,85.0,85.0,87.3,85.0,86.5,16818000
2025-05-28,83.3,83.3,85.9,82.3,85.7,17683000
2025-05-29,83.6,83.6,84.8,82.8,84.0,26752000
2025-06-02,80.6,80.6,82.7,79.2,82.5,23003000
2025-06-03,80.4,80.4,81.9,79.3,81.0,26817000
2025-06-04,85.4,85.4,85.4,81.2,81.4,17914000
2025-06-05,86.8,86.8,87.0,84.5,85.4,12908000
2025-06-06,89.0,89.0,89.0,86.0,86.0,14004000
2025-06-09,90.2,90.2,90.2,88.0,89.0,10406000
2025-06-10,92.5,92.5,92.5,89.6,89.6,14476000
2025-06-11,95.1,95.1,95.1,92.5,92.5,13718000
2025-06-12,94.9,94.9,95.0,91.7,94.8,12460000
2025-06-13,93.1,93.1,94.3,92.9,93.4,4958000
2025-06-16,93.1,93.1,93.4,92.2,92.4,4201000
2025-06-17,92.3,92.3,95.3,92.3,94.5,7647000
2025-06-18,94.0,94.0,95.7,91.9,92.3,10347000
2025-06-19,94.0,94.0,94.6,93.1,93.5,7169000
2025-06-20,93.4,93.4,94.4,92.7,93.5,4265000
2025-06-23,94.4,94.4,95.1,91.7,92.0,6587000
2025-06-24,95.5,95.5,95.9,95.2,95.2,5688000
2025-06-25,97.5,97.5,97.8,95.5,95.9,7664000
2025-06-26,98.2,98.2,99.9,96.6,96.8,9372000
2025-06-27,99.3,99.3,100.5,98.5,99.0,9587000
2025-06-30,100.5,100.5,101.0,99.3,100.0,12414000
2025-07-01,99.6,99.6,101.5,99.1,101.0,15146000
2025-07-02,100.5,100.5,100.5,97.4,99.6,15026000
2025-07-03,103.5,103.5,105.0,100.0,101.5,31363000
2025-07-04,94.0,94.0,97.9,93.6,96.0,18696000
2025-07-07,91.0,91.0,94.3,90.8,94.0,8735000
2025-07-08,91.0,91.0,91.6,89.5,90.5,3707000
2025-07-09,91.7,91.7,92.3,90.8,91.2,3290000
2025-07-10,91.7,91.7,92.8,91.2,92.3,3545000
2025-07-11,92.4,92.4,93.4,92.1,92.1,7957000
2025-07-14,94.0,94.0,95.1,93.0,93.7,7064000
2025-07-15,93.7,93.7,94.9,93.0,94.9,3976000
2025-07-16,92.4,92.4,94.5,92.4,94.4,6451000
2025-07-17,94.0,94.0,95.9,92.6,93.2,9483000
2025-07-18,93.5,93.5,95.7,93.5,94.9,6064000
2025-07-21,92.2,92.2,94.8,92.2,94.3,6264000
2025-07-22,91.0,91.0,93.5,90.6,92.7,6709000
2025-07-23,93.9,93.9,94.7,91.9,91.9,7416000
2025-07-24,95.2,95.2,95.2,94.0,94.0,6319000
2025-07-25,95.5,95.5,96.2,94.6,94.8,3786000
2025-07-28,94.8,94.8,95.8,93.5,95.8,5050000
2025-07-29,95.1,95.1,95.6,93.5,95.1,3918000
2025-07-30,94.4,94.4,96.4,94.0,95.9,7813000
2025-07-31,93.4,93.4,95.0,93.3,94.5,6930000
2025-08-01,94.9,94.9,95.3,91.9,92.5,3843000
2025-08-04,95.0,95.0,95.4,93.7,94.2,3180000
2025-08-05,97.4,97.4,97.4,95.4,95.4,8401000
2025-08-06,96.6,96.6,97.1,95.3,97.0,5153000
2025-08-07,95.7,95.7,97.1,95.6,96.5,4225000
2025-08-08,94.3,94.3,96.2,94.2,95.9,3475000
2025-08-11,94.1,94.1,94.8,93.8,94.5,3148000
2025-08-12,93.5,93.5,94.3,93.1,94.0,3356000
2025-08-13,94.5,94.5,95.8,94.1,94.3,3594000
2025-08-14,94.7,94.7,96.0,94.7,95.0,4059000
2025-08-15,93.1,93.1,95.0,92.8,95.0,5186000
2025-08-18,90.3,90.3,92.5,89.5,92.5,8448000
2025-08-19,90.3,90.3,91.3,90.0,90.3,4146000
2025-08-20,89.5,89.5,90.0,88.8,90.0,5422000
2025-08-21,89.9,89.9,90.7,89.4,90.4,3590000
2025-08-22,91.3,91.3,91.6,89.9,90.2,3068000
2025-08-25,92.4,92.4,93.2,92.0,92.0,3641000
2025-08-26,92.0,92.0,93.6,92.0,92.3,8596000
2025-08-27,92.5,92.5,92.9,91.0,92.9,4972000
2025-08-28,93.0,93.0,93.7,92.2,92.5,4899000
2025-08-29,91.5,91.5,93.8,91.5,93.2,2671000
2025-09-01,91.0,91.0,92.5,90.7,91.5,2923000
2025-09-02,91.2,91.2,91.9,90.7,91.5,2441000
2025-09-03,90.8,90.8,92.1,90.7,91.4,1344000
2025-09-04,91.5,91.5,94.0,91.5,91.6,4315000
2025-09-05,91.7,91.7,92.8,91.6,92.8,1966000
2025-09-08,91.9,91.9,92.6,91.5,92.2,2365000
2025-09-09,92.5,92.5,93.3,92.0,92.3,3098000
2025-09-10,90.6,90.6,92.9,90.6,92.9,4813000
2025-09-11,89.4,89.4,91.9,89.4,90.6,4482000
2025-09-12,90.7,90.7,91.7,90.3,90.4,3051000
2025-09-15,89.5,89.5,90.7,89.5,90.4,4073000
2025-09-16,91.7,91.7,92.3,89.9,90.0,4351000
2025-09-17,92.0,92.0,93.2,91.7,92.3,5701000
2025-09-18,94.4,94.4,94.8,92.8,93.2,7274000
2025-09-19,96.0,96.0,96.0,94.5,95.6,8965000
2025-09-22,102.5,102.5,105.5,97.0,97.0,22131000
2025-09-23,104.5,104.5,105.0,102.5,103.0,12989000
2025-09-24,103.5,103.5,104.5,101.5,104.5,6986000
2025-09-25,101.5,101.5,103.5,100.0,103.5,5317000
2025-09-26,101.0,101.0,102.0,98.3,101.0,6291000
2025-09-30,102.0,102.0,104.0,100.0,103.5,6888000
2025-10-01,99.5,99.5,103.5,99.5,103.0,5831000
2025-10-02,101.0,101.0,102.5,99.0,101.0,7822000
2025-10-03,101.5,101.5,103.0,101.0,103.0,4078000
2025-10-07,102.0,102.0,104.0,101.5,102.5,4600000
2025-10-08,103.0,103.0,104.0,101.0,102.0,4331000
2025-10-09,102.0,102.0,106.0,101.5,104.0,8379000
2025-10-13,99.5,99.5,100.5,98.7,99.1,6651000
2025-10-14,97.0,97.0,102.5,97.0,101.0,6036000
2025-10-15,97.8,97.8,98.2,96.6,97.7,3403000
2025-10-16,100.0,100.0,101.5,98.5,98.5,3752000
2025-10-17,99.2,99.2,102.0,99.2,99.4,4831000
2025-10-20,104.0,104.0,106.0,100.0,100.5,8220000
2025-10-21,104.5,104.5,108.0,104.0,104.5,12638000
2025-10-22,103.5,103.5,105.5,102.5,105.0,5722000
2025-10-23,101.5,101.5,104.0,100.5,103.0,5196000
2025-10-27,102.5,102.5,106.5,102.0,103.5,14484000
2025-10-28,99.6,99.6,103.0,99.6,103.0,8094000
2025-10-29,99.0,99.0,101.5,98.4,100.5,7129000
2025-10-30,98.0,98.0,100.0,97.4,100.0,7237000
2025-10-31,96.7,96.7,98.3,96.1,98.0,10717000
2025-11-03,97.2,97.2,99.6,96.8,97.0,5184000
2025-11-04,98.7,98.7,103.0,97.6,97.8,14825000
2025-11-05,96.0,96.0,97.5,93.6,97.0,13594000
2025-11-06,94.2,94.2,96.5,94.0,96.4,11451000
2025-11-07,93.0,93.0,94.2,92.0,93.8,5764000
2025-11-10,92.0,92.0,93.5,91.5,92.9,6138000
2025-11-11,92.2,92.2,94.0,92.1,93.2,5141000
2025-11-12,92.5,92.5,95.3,92.5,94.0,6808000
2025-11-13,92.5,92.5,93.1,91.7,92.3,5353000
2025-11-14,90.6,90.6,92.1,90.4,91.7,6683000
2025-11-17,90.5,90.5,91.5,90.2,90.6,4785000
2025-11-18,89.6,89.6,90.6,89.2,89.9,6484000
2025-11-19,88.0,88.0,89.5,87.6,89.0,6654000
2025-11-20,89.8,89.8,91.4,88.9,89.0,5874000
2025-11-21,88.6,88.6,89.6,87.6,88.8,6204000
2025-11-24,88.0,88.0,89.6,87.8,89.2,6368000
2025-11-25,90.1,90.1,90.3,88.8,89.0,4960000
2025-11-26,90.2,90.2,91.4,89.5,90.9,4409000
2025-11-27,91.1,91.1,91.1,90.2,90.5,3711000
2025-11-28,90.5,90.5,91.3,90.5,91.0,2726000
2025-12-01,91.5,91.5,92.3,90.6,91.0,5163000
2025-12-02,92.5,92.5,93.0,91.1,91.7,5023000
2025-12-03,91.2,91.2,93.1,91.1,93.1,3404000
2025-12-04,91.3,91.3,92.0,91.0,91.4,2330000
2025-12-05,92.3,92.3,92.3,91.1,91.3,1573000
2025-12-08,92.5,92.5,93.4,92.0,92.3,2894000
2025-12-09,92.0,92.0,93.2,92.0,92.5,2846000
2025-12-10,92.6,92.6,92.7,91.9,92.5,1928000
2025-12-11,91.9,91.9,93.4,91.8,93.0,2886000
2025-12-12,90.8,90.8,92.4,90.8,91.9,3499000
2025-12-15,91.3,91.3,91.7,89.5,90.1,3537000
2025-12-16,92.3,92.3,92.6,89.8,90.8,5015000
2025-12-17,95.9,95.9,97.2,92.1,92.3,16028000
2025-12-18,96.9,96.9,97.0,94.7,95.0,7413000
2025-12-19,96.3,96.3,97.9,95.6,97.9,4328000
2025-12-22,97.4,97.4,97.4,95.5,95.7,4695000
2025-12-23,98.6,98.6,98.6,97.5,97.6,6515000
2025-12-24,99.2,99.2,99.6,97.7,99.0,5603000
2025-12-26,98.2,98.2,100.0,97.7,99.5,8742000
2025-12-29,96.0,96.0,98.2,95.6,98.2,9266000
2025-12-30,94.5,94.5,96.9,94.1,95.5,8577000
2025-12-31,92.1,92.1,95.0,91.8,95.0,9659000
2026-01-02,92.3,92.3,93.2,92.0,92.5,8317000
2026-01-05,93.2,93.2,93.7,91.5,92.4,10344000
2026-01-06,99.5,99.5,101.0,93.5,93.6,26893000
2026-01-07,103.5,103.5,105.0,97.3,100.0,37241000
2026-01-08,109.0,109.0,113.5,102.0,104.0,99435000
2026-01-09,108.5,108.5,115.0,108.0,111.0,63255000
2026-01-12,119.0,119.0,119.0,112.0,114.0,68874000
2026-01-13,117.5,117.5,122.0,114.0,118.5,64940000
2026-01-14,124.0,124.0,129.0,122.0,122.5,71425000
2026-01-15,127.0,127.0,127.5,122.0,125.5,34415000
2026-01-16,139.5,139.5,139.5,128.0,130.5,78754000
2026-01-19,139.0,139.0,145.0,137.5,142.5,55628000
2026-01-20,141.5,141.5,143.5,134.5,139.0,51977000
2026-01-21,146.5,146.5,154.5,140.5,141.5,52479000
2026-01-22,145.5,145.5,155.0,144.0,152.0,42545000
2026-01-23,146.5,146.5,150.0,142.0,148.0,34198000
2026-01-26,145.0,145.0,147.5,140.5,145.0,27058000
2026-01-27,159.5,159.5,159.5,148.5,152.0,39838000
2026-01-28,163.0,163.0,171.0,161.0,165.0,62048000
2026-01-29,147.0,147.0,160.0,147.0,158.0,42191000
2026-01-30,143.5,143.5,148.0,135.0,147.0,67603000
2026-02-02,136.5,136.5,142.0,133.0,140.5,35131000
2026-02-03,135.5,135.5,142.5,133.0,142.5,35606000
2026-02-04,122.0,122.0,126.5,122.0,124.5,42519000
2026-02-05,113.5,113.5,121.0,112.0,120.5,42244000
2026-02-06,120.0,120.0,123.0,113.0,115.0,56913000
2026-02-09,126.0,126.0,130.0,122.5,123.5,64212000
2026-02-10,124.5,124.5,131.0,124.5,130.0,42518000
2026-02-11,126.0,126.0,126.5,123.5,125.0,12763000
2026-02-23,125.0,125.0,130.0,125.0,127.0,32659000
2026-02-24,137.5,137.5,137.5,123.5,125.5,44646000
2026-02-25,135.0,135.0,140.5,133.0,139.0,36107000
2026-02-26,133.5,133.5,136.5,132.5,136.5,16026000
2026-03-02,129.5,129.5,132.0,126.5,127.0,22785000
2026-03-03,123.0,123.0,134.0,122.0,130.5,32166000
2026-03-04,116.0,116.0,121.0,114.0,119.0,22890000
2026-03-05,119.5,119.5,123.0,117.0,122.5,14403000
2026-03-06,118.5,118.5,120.5,116.5,118.0,9178000
2026-03-09,110.0,110.0,111.0,107.0,109.0,22462000
2026-03-10,111.5,111.5,114.0,110.0,113.0,18069000
2026-03-11,114.0,114.0,115.0,111.5,112.5,15539000
2026-03-12,107.5,107.5,114.5,107.0,113.5,27013000
2026-03-13,114.0,114.0,114.5,105.0,105.0,21813000
2026-03-16,116.0,116.0,116.5,112.0,115.0,16305000
2026-03-17,118.5,118.5,124.0,117.0,118.5,27713000
2026-03-18,121.0,121.0,123.0,117.0,119.5,17651000
2026-03-19,117.5,117.5,121.5,117.5,119.0,14208000
2026-03-20,116.0,116.0,120.5,113.5,120.0,16680000
2026-03-23,113.0,113.0,115.0,111.0,112.0,10067000
2026-03-24,113.0,113.0,117.5,111.5,115.5,9801000
2026-03-25,124.0,124.0,124.0,116.0,116.5,17273000
2026-03-26,117.0,117.0,128.0,117.0,127.5,25161000
2026-03-27,120.5,120.5,122.0,115.5,118.0,21091000
2026-03-30,117.0,117.0,119.5,113.5,117.5,16712000
2026-03-31,116.0,116.0,119.0,113.0,115.0,15818000
2026-04-01,118.0,118.0,122.5,117.0,122.0,14767000
2026-04-02,110.0,110.0,118.5,110.0,118.5,25809000
2026-04-07,121.0,121.0,121.0,112.5,114.0,23381000
2026-04-08,131.0,131.0,132.5,125.5,125.5,36264000
2026-04-09,131.5,131.5,133.0,128.5,133.0,18897000
2026-04-10,129.0,129.0,133.5,128.0,133.5,19538000
2026-04-13,125.5,125.5,128.0,124.0,128.0,19182000
2026-04-14,124.5,124.5,128.0,124.5,127.5,11892000
2026-04-15,127.5,127.5,130.5,126.0,127.0,19162000
2026-04-16,132.5,132.5,139.5,130.0,133.0,47938000
2026-04-17,132.0,132.0,137.0,129.0,132.5,29094000
2026-04-20,139.0,139.0,145.0,134.0,134.5,68635000
2026-04-21,138.5,138.5,143.0,136.0,138.0,47298000
2026-04-22,145.0,145.0,151.0,141.0,141.0,70910000
2026-04-23,136.0,136.0,147.5,133.5,147.0,45495000
2026-04-24,140.5,140.5,146.0,139.0,140.0,37608000
2026-04-27,138.5,138.5,143.5,133.5,141.0,30722000
2026-04-28,146.0,146.0,149.5,139.0,142.0,48525000
2026-04-29,144.0,144.0,150.0,143.0,147.0,34760000
2026-04-30,145.5,145.5,152.5,144.0,147.5,43314000
2026-05-04,151.0,151.0,157.5,147.5,147.5,41827000
2026-05-05,154.0,154.0,157.5,148.5,150.5,37419000
2026-05-06,169.0,169.0,169.0,165.5,169.0,45565000
2026-05-07,185.5,185.5,185.5,178.0,179.5,33027000
2026-05-08,167.5,167.5,184.5,167.0,178.5,67962000
2026-05-11,174.5,174.5,180.0,163.5,169.0,48265000
2026-05-12,170.0,170.0,175.0,164.5,174.0,48252000
2026-05-13,168.0,168.0,172.0,164.5,167.5,24155000
2026-05-14,175.0,175.0,179.0,166.5,170.0,39011000
2026-05-15,176.5,176.5,183.5,173.0,181.0,47006000
2026-05-18,159.0,159.0,161.0,159.0,159.0,16457000
2026-05-19,157.5,157.5,165.5,152.5,159.5,101760000
2026-05-20,159.0,159.0,162.0,156.0,160.5,44856000
2026-05-21,163.5,163.5,166.0,160.5,162.5,21236000
2026-05-22,162.0,162.0,167.5,158.0,165.0,30144000
2026-05-25,168.5,168.5,172.5,160.0,162.5,42687000
2026-05-26,165.0,165.0,172.5,164.0,170.0,32574000
2026-05-27,166.0,166.0,171.5,165.5,169.5,31956000
2026-05-28,161.5,161.5,170.5,160.0,167.5,30895000
2026-05-29,168.0,168.0,168.0,161.0,164.5,31961000
2026-06-01,179.0,179.0,184.5,174.5,175.0,67156000
2026-06-02,171.5,171.5,183.5,165.0,179.0,52571000
2026-06-03,168.0,168.0,175.0,168.0,172.5,27728000
2026-06-04,163.0,163.0,168.0,160.0,166.0,28181000
2026-06-05,161.5,161.5,163.0,155.5,161.0,25762000
2026-06-08,156.5,156.5,156.5,145.5,145.5,32208000
2026-06-09,161.0,161.0,163.0,153.5,158.5,24008000
2026-06-10,152.5,152.5,161.5,151.5,158.0,24248000
2026-06-11,161.5,161.5,161.5,151.5,153.0,34997000
2026-06-12,169.5,169.5,173.5,168.0,169.0,34093000
2026-06-15,174.5,174.5,176.5,170.5,174.5,27174000
2026-06-16,171.5,171.5,177.0,169.0,177.0,20378000
2026-06-17,166.5,166.5,169.5,164.5,169.5,12060000
2026-06-18,174.5,174.5,174.5,165.0,167.0,16874000
2026-06-22,191.5,191.5,191.5,191.5,191.5,15116000
2026-06-23,186.5,186.5,201.5,183.5,201.5,63729000
2026-06-24,200.0,200.0,200.0,183.5,190.0,67059000
2026-06-25,220.0,220.0,220.0,195.0,202.0,73115000
2026-06-26,202.0,202.0,215.5,200.0,215.0,60513000
2026-06-29,208.5,208.5,215.5,203.5,206.5,37217000
2026-06-30,216.0,216.0,223.0,213.0,216.5,36918000
2026-07-01,204.5,204.5,223.0,202.5,219.5,30364000
2026-07-02,198.0,198.0,201.5,192.5,199.5,25432000
2026-07-03,193.5,193.5,195.5,192.0,195.5,17207000
2026-07-06,185.0,185.0,193.5,182.5,193.0,27184000
2026-07-07,175.0,175.0,186.5,173.0,186.0,27650000
2026-07-08,176.5,176.5,176.5,168.0,176.0,25030000
2026-07-09,173.0,173.0,178.0,170.5,177.5,20279000
2026-07-13,178.5,178.5,187.0,176.0,181.5,28422000
2026-07-14,174.0,174.0,182.0,163.5,178.5,20625000
2026-07-15,186.5,186.5,189.5,174.5,178.0,35879000
2026-07-16,187.5,187.5,192.0,183.0,185.0,41008000
2026-07-17,169.0,169.0,173.0,169.0,170.0,30657000
2026-07-20,152.5,152.5,164.0,152.5,164.0,35366000
2026-07-21,155.5,155.5,158.0,148.5,153.0,24020000
2026-07-22,171.0,171.0,171.0,163.5,163.5,32077000
2026-07-23,168.5,168.5,177.0,165.5,175.0,21188000
2026-07-24,157.0,157.0,165.0,157.0,164.5,17926000
2026-07-27,157.0,157.0,157.5,151.0,157.0,14693000
2026-07-28,147.5,147.5,150.5,145.5,148.0,16178000
2026-07-29,133.0,133.0,150.0,133.0,147.5,28373000
2026-07-30,138.0,138.0,142.5,131.0,133.0,38788000
2026-07-31,151.5,151.5,151.5,145.5,151.5,30537000
2026-08-03,151.0,151.0,156.5,145.5,147.5,26332000
2026-08-04,154.5,154.5,154.5,144.5,149.5,31368000
2026-08-05,157.0,157.0,168.0,155.5,166.5,36839000
2026-08-06,151.5,151.5,160.0,149.5,158.0,36125000
2026-08-07,143.5,143.5,152.5,142.0,152.0,23574000
2026-08-10,157.5,157.5,157.5,146.0,146.5,24587000
2026-08-11,158.0,158.0,159.5,153.0,159.0,26367000
2026-08-12,159.5,159.5,160.5,156.5,160.5,15054000
2026-08-13,163.0,163.0,166.0,162.0,163.0,19067000
2026-08-14,160.5,160.5,168.0,160.0,166.0,22065000
2026-08-17,162.0,162.0,163.0,158.0,160.5,8604000
2026-08-18,155.0,155.0,161.5,155.0,160.5,13706000
2026-08-19,151.5,151.5,152.5,147.5,149.0,20632000
2026-08-20,153.5,153.5,154.5,149.0,153.0,9032000
2026-08-21,151.5,151.5,152.5,149.5,151.5,4112000
2026-08-24,151.0,151.0,157.0,150.5,150.5,12073216
2026-08-25,150.5,150.5,151.5,146.5,151.5,9849746
2026-08-26,152.0,152.0,154.0,150.5,151.0,11389643
2026-08-27,151.0,151.0,154.0,149.0,154.0,10949997
2026-08-28,153.0,153.0,158.0,149.0,149.5,21842138
2026-08-31,151.5,151.5,151.5,148.0,150.5,13462616
2026-09-01,153.5,153.5,156.5,152.0,152.5,9584951
<<<<<<< HEAD
2026-09-02,149.5,149.5,151.5,149.0,151.0,11808377
=======
2026-09-02,149.5,149.5,151.5,149.0,151.0,7536377
>>>>>>> 2675df9c (feat: 全面清洗歷史資料庫(過濾178天休市假檔)與更新DMI/10年重組驗證機制)
2026-09-03,147.0,147.0,151.0,147.0,151.0,11343073
2026-09-04,150.0,150.0,151.0,148.5,150.0,4829835
2026-09-07,156.0,156.0,156.5,151.0,152.5,14058458
2026-09-08,152.0,152.0,156.5,151.5,156.0,12869005
2026-09-09,157.0,157.0,159.5,152.5,154.0,13955300
