Price,Adj Close,Close,High,Low,Open,Volume
Ticker,6141.TW,6141.TW,6141.TW,6141.TW,6141.TW,6141.TW
Date,,,,,,
2020-01-02,21.40923500061035,24.16666603088379,24.55555534362793,24.11111068725586,24.44444465637207,1426499
2020-01-03,20.81863784790039,23.5,24.44444465637207,23.388887405395508,24.27777671813965,1333983
2020-01-06,20.178821563720703,22.77777671813965,23.388887405395508,22.77777671813965,23.388887405395508,967590
2020-01-07,20.76942253112793,23.44444465637207,23.66666603088379,22.66666603088379,22.94444465637207,1566149
2020-01-08,20.375686645507812,23.0,23.388887405395508,22.94444465637207,23.22222137451172,765900
2020-01-09,20.52333641052246,23.16666603088379,23.61111068725586,23.11111068725586,23.11111068725586,617880
2020-01-10,20.47412109375,23.11111068725586,23.333332061767578,23.0,23.333332061767578,381639
2020-01-13,20.76942253112793,23.44444465637207,23.72222137451172,23.0,23.333332061767578,413280
2020-01-14,21.113933563232422,23.833332061767578,24.0,23.44444465637207,23.55555534362793,772081
2020-01-15,20.867855072021484,23.55555534362793,24.0,23.5,24.0,414326
2020-01-16,20.76942253112793,23.44444465637207,23.72222137451172,23.388887405395508,23.55555534362793,301500
2020-01-17,21.06471824645996,23.77777671813965,23.94444465637207,23.388887405395508,23.888887405395508,887402
2020-01-20,20.966285705566406,23.66666603088379,24.11111068725586,23.61111068725586,24.05555534362793,669600
2020-01-30,18.899187088012695,21.333332061767578,22.22222137451172,21.333332061767578,21.66666603088379,1808343
2020-01-31,18.210155487060547,20.55555534362793,21.66666603088379,20.333332061767578,21.16666603088379,1320309
2020-02-03,17.42268943786621,19.66666603088379,19.94444465637207,18.5,19.44444465637207,1178244
2020-02-04,18.25937271118164,20.61111068725586,24.833332061767578,20.61111068725586,24.77777671813965,773685
2020-02-05,18.407020568847656,20.77777671813965,21.11111068725586,20.388887405395508,20.66666603088379,387000
2020-02-06,18.8499698638916,21.27777671813965,21.388887405395508,20.94444465637207,21.16666603088379,426612
2020-02-07,17.964069366455078,20.27777671813965,21.333332061767578,20.22222137451172,21.16666603088379,840606
2020-02-10,17.865638732910156,20.16666603088379,20.333332061767578,19.5,19.55555534362793,386148
2020-02-11,17.816421508789062,20.11111068725586,20.5,20.11111068725586,20.27777671813965,381934
2020-02-12,18.160938262939453,20.5,20.66666603088379,20.333332061767578,20.333332061767578,550351
2020-02-13,17.91485595703125,20.22222137451172,20.77777671813965,20.16666603088379,20.77777671813965,437508
2020-02-14,18.0625057220459,20.388887405395508,20.44444465637207,20.16666603088379,20.333332061767578,222331
2020-02-17,17.717988967895508,20.0,20.388887405395508,19.94444465637207,20.388887405395508,566158
2020-02-18,17.816421508789062,20.11111068725586,20.66666603088379,20.0,20.0,816318
2020-02-19,18.0625057220459,20.388887405395508,20.44444465637207,20.05555534362793,20.22222137451172,291962
2020-02-20,17.865638732910156,20.16666603088379,20.5,20.16666603088379,20.44444465637207,247829
2020-02-21,17.816421508789062,20.11111068725586,20.44444465637207,20.05555534362793,20.333332061767578,269245
2020-02-24,17.521121978759766,19.77777671813965,20.11111068725586,19.66666603088379,20.0,484200
2020-02-25,17.275039672851562,19.5,19.72222137451172,19.11111068725586,19.27777671813965,471156
2020-02-26,17.324256896972656,19.55555534362793,19.888887405395508,19.333332061767578,19.44444465637207,256500
2020-02-27,16.832090377807617,19.0,19.77777671813965,18.833332061767578,19.55555534362793,948609
2020-03-02,16.635221481323242,18.77777671813965,19.11111068725586,17.94444465637207,18.333332061767578,468008
2020-03-03,16.93052101135254,19.11111068725586,19.66666603088379,19.11111068725586,19.16666603088379,353718
2020-03-04,18.60388946533203,21.0,21.0,18.94444465637207,19.11111068725586,4160808
2020-03-05,18.702320098876953,21.11111068725586,21.72222137451172,20.833332061767578,20.94444465637207,6868022
2020-03-06,17.91485595703125,20.22222137451172,20.888887405395508,20.22222137451172,20.72222137451172,1416645
2020-03-09,16.979740142822266,19.16666603088379,20.22222137451172,19.16666603088379,20.11111068725586,1090913
2020-03-10,17.12738800048828,19.333332061767578,19.333332061767578,18.11111068725586,18.11111068725586,1028717
2020-03-11,16.53679084777832,18.66666603088379,19.77777671813965,18.66666603088379,19.55555534362793,705600
2020-03-12,15.207941055297852,17.16666603088379,18.44444465637207,16.833332061767578,18.333332061767578,2829600
2020-03-13,14.764991760253906,16.66666603088379,16.888887405395508,15.55555534362793,15.61111068725586,2225721
2020-03-16,14.223608016967773,16.05555534362793,17.333332061767578,16.05555534362793,16.44444465637207,1313137
2020-03-17,13.68222427368164,15.444443702697754,16.55555534362793,15.0,15.0,1476090
2020-03-18,13.68222427368164,15.444443702697754,16.05555534362793,15.444443702697754,15.944443702697754,936051
2020-03-19,12.353374481201172,13.944443702697754,15.444443702697754,13.944443702697754,15.388888359069824,2462400
2020-03-20,13.288492202758789,15.0,15.333333015441895,14.333333015441895,14.444443702697754,1613097
2020-03-23,12.205724716186523,13.777776718139648,14.222222328186035,13.5,14.222222328186035,1022274
2020-03-24,13.386924743652344,15.11111068725586,15.11111068725586,14.222222328186035,14.388888359069824,924300
2020-03-25,13.780658721923828,15.55555534362793,15.944443702697754,15.333333015441895,15.61111068725586,990180
2020-03-26,14.518906593322754,16.388887405395508,17.05555534362793,15.666666030883789,15.666666030883789,2988900
2020-03-27,14.568124771118164,16.44444465637207,16.94444465637207,16.05555534362793,16.44444465637207,2147416
2020-03-30,15.011075019836426,16.94444465637207,17.55555534362793,16.05555534362793,16.388887405395508,3925524
2020-03-31,14.764991760253906,16.66666603088379,17.333332061767578,16.5,17.0,1342828
2020-04-01,14.863423347473145,16.77777671813965,16.94444465637207,16.55555534362793,16.72222137451172,677748
2020-04-06,15.011075019836426,16.94444465637207,17.0,16.55555534362793,17.0,775800
2020-04-07,15.650890350341797,17.66666603088379,17.94444465637207,17.11111068725586,17.333332061767578,2210400
2020-04-08,15.896973609924316,17.94444465637207,17.94444465637207,17.55555534362793,17.77777671813965,1431940
2020-04-09,15.946191787719727,18.0,18.333332061767578,17.72222137451172,18.0,1359000
2020-04-10,15.847755432128906,17.888887405395508,18.05555534362793,17.833332061767578,18.05555534362793,654328
2020-04-13,15.650890350341797,17.66666603088379,18.11111068725586,17.55555534362793,18.11111068725586,724465
2020-04-14,16.143054962158203,18.22222137451172,18.61111068725586,17.72222137451172,17.72222137451172,1557716
2020-04-15,17.717988967895508,20.0,20.0,18.66666603088379,18.66666603088379,7062835
2020-04-16,17.668771743774414,19.94444465637207,20.44444465637207,19.61111068725586,19.94444465637207,3579480
2020-04-17,17.176605224609375,19.388887405395508,20.5,19.388887405395508,20.16666603088379,2319300
2020-04-20,17.373472213745117,19.61111068725586,20.16666603088379,19.22222137451172,19.55555534362793,1725300
2020-04-21,17.865638732910156,20.16666603088379,20.22222137451172,19.44444465637207,19.55555534362793,3558668
2020-04-22,17.717988967895508,20.0,20.27777671813965,19.833332061767578,20.16666603088379,4517852
2020-04-23,17.42268943786621,19.66666603088379,20.22222137451172,19.66666603088379,20.11111068725586,1318940
2020-04-24,17.91485595703125,20.22222137451172,20.5,19.55555534362793,19.55555534362793,3737701
2020-04-27,17.865638732910156,20.16666603088379,20.44444465637207,20.05555534362793,20.44444465637207,2112494
2020-04-28,17.717988967895508,20.0,20.333332061767578,20.0,20.333332061767578,1171527
2020-04-29,17.91485595703125,20.22222137451172,20.333332061767578,20.05555534362793,20.05555534362793,880200
2020-04-30,18.210155487060547,20.55555534362793,21.05555534362793,20.16666603088379,20.27777671813965,2054286
2020-05-04,19.09605598449707,21.55555534362793,21.55555534362793,20.05555534362793,20.388887405395508,3553929
2020-05-05,19.68665313720703,22.22222137451172,22.72222137451172,21.5,21.72222137451172,7841340
2020-05-06,18.899187088012695,21.333332061767578,22.27777671813965,21.27777671813965,22.05555534362793,2489400
2020-05-07,19.24370574951172,21.72222137451172,22.11111068725586,21.388887405395508,21.55555534362793,2808737
2020-05-08,18.75153923034668,21.16666603088379,21.94444465637207,21.11111068725586,21.77777671813965,2073240
2020-05-11,18.554672241210938,20.94444465637207,21.333332061767578,20.888887405395508,21.333332061767578,1059503
2020-05-12,18.407020568847656,20.77777671813965,21.22222137451172,20.77777671813965,21.11111068725586,899100
2020-05-13,18.702320098876953,21.11111068725586,21.11111068725586,20.66666603088379,20.77777671813965,773118
2020-05-14,17.176605224609375,19.388887405395508,21.05555534362793,19.388887405395508,20.77777671813965,1932217
2020-05-15,17.07817268371582,19.27777671813965,20.11111068725586,19.11111068725586,19.61111068725586,1018315
2020-05-18,16.58600425720215,18.72222137451172,19.44444465637207,18.72222137451172,19.333332061767578,780300
2020-05-19,16.832090377807617,19.0,19.22222137451172,18.833332061767578,19.05555534362793,534606
2020-05-20,16.93052101135254,19.11111068725586,19.27777671813965,19.11111068725586,19.11111068725586,405005
2020-05-21,18.013288497924805,20.333332061767578,20.333332061767578,19.22222137451172,19.22222137451172,1366393
2020-05-22,17.324256896972656,19.55555534362793,20.55555534362793,19.44444465637207,20.5,1514526
2020-05-25,17.471904754638672,19.72222137451172,19.888887405395508,19.44444465637207,19.833332061767578,423900
2020-05-26,17.324256896972656,19.55555534362793,20.05555534362793,19.333332061767578,19.833332061767578,1318500
2020-05-27,17.22582244873047,19.44444465637207,19.72222137451172,19.388887405395508,19.61111068725586,447125
2020-05-28,17.176605224609375,19.388887405395508,19.833332061767578,19.333332061767578,19.55555534362793,622800
2020-05-29,17.176605224609375,19.388887405395508,19.61111068725586,19.333332061767578,19.333332061767578,363483
2020-06-01,17.521121978759766,19.77777671813965,19.94444465637207,19.5,19.5,616644
2020-06-02,18.0625057220459,20.388887405395508,20.44444465637207,19.66666603088379,19.833332061767578,1518260
2020-06-03,18.111722946166992,20.44444465637207,20.833332061767578,20.333332061767578,20.55555534362793,3572714
2020-06-04,17.91485595703125,20.22222137451172,20.61111068725586,20.11111068725586,20.5,896400
2020-06-05,18.160938262939453,20.5,20.72222137451172,20.22222137451172,20.27777671813965,928144
2020-06-08,17.91485595703125,20.22222137451172,20.72222137451172,20.22222137451172,20.55555534362793,632700
2020-06-09,17.865638732910156,20.16666603088379,20.44444465637207,20.16666603088379,20.333332061767578,517770
2020-06-10,17.91485595703125,20.22222137451172,20.333332061767578,19.888887405395508,20.16666603088379,736310
2020-06-11,17.275039672851562,19.5,20.388887405395508,19.44444465637207,20.22222137451172,840249
2020-06-12,17.275039672851562,19.5,19.55555534362793,18.44444465637207,18.44444465637207,531935
2020-06-15,17.22582244873047,19.44444465637207,19.77777671813965,19.388887405395508,19.72222137451172,331200
2020-06-16,17.865638732910156,20.16666603088379,20.27777671813965,19.72222137451172,19.77777671813965,668704
2020-06-17,17.717988967895508,20.0,20.5,20.0,20.333332061767578,567090
2020-06-18,17.816421508789062,20.11111068725586,20.333332061767578,19.888887405395508,19.94444465637207,391500
2020-06-19,18.50545310974121,20.888887405395508,21.0,20.16666603088379,20.333332061767578,2052027
2020-06-22,18.554672241210938,20.94444465637207,21.66666603088379,20.833332061767578,20.94444465637207,6523707
2020-06-23,18.0625057220459,20.388887405395508,20.94444465637207,20.16666603088379,20.77777671813965,1793796
2020-06-24,18.013288497924805,20.333332061767578,20.5,20.11111068725586,20.388887405395508,549000
2020-06-29,17.668771743774414,19.94444465637207,20.22222137451172,19.94444465637207,20.0,362700
2020-06-30,17.91485595703125,20.22222137451172,20.44444465637207,20.0,20.16666603088379,386109
2020-07-01,18.357805252075195,20.72222137451172,21.22222137451172,20.333332061767578,20.44444465637207,1350910
2020-07-02,18.3085880279541,20.66666603088379,21.0,20.66666603088379,20.888887405395508,473191
2020-07-03,18.702320098876953,21.11111068725586,21.55555534362793,20.72222137451172,20.833332061767578,2159442
2020-07-06,18.702320098876953,21.11111068725586,21.5,20.94444465637207,21.27777671813965,1153965
2020-07-07,19.194486618041992,21.66666603088379,21.888887405395508,21.0,21.22222137451172,3116988
2020-07-08,18.99761962890625,21.44444465637207,21.833332061767578,21.333332061767578,21.72222137451172,1548196
2020-07-09,18.702320098876953,21.11111068725586,21.888887405395508,21.11111068725586,21.888887405395508,964800
2020-07-10,18.210155487060547,20.55555534362793,21.11111068725586,20.388887405395508,21.11111068725586,652500
2020-07-13,18.99761962890625,21.44444465637207,21.61111068725586,20.72222137451172,21.0,1316943
2020-07-14,18.45623779296875,20.833332061767578,22.16666603088379,20.55555534362793,21.55555534362793,2349095
2020-07-15,19.14527130126953,21.61111068725586,22.0,21.0,21.16666603088379,2619180
2020-07-16,19.14527130126953,21.61111068725586,21.94444465637207,21.27777671813965,21.94444465637207,1085139
2020-07-17,18.702320098876953,21.11111068725586,21.77777671813965,21.11111068725586,21.66666603088379,1385100
2020-07-20,19.194486618041992,21.66666603088379,22.333332061767578,21.16666603088379,21.22222137451172,3393638
2020-07-21,20.670988082885742,23.333332061767578,23.5,21.77777671813965,21.888887405395508,6511861
2020-07-22,21.360021591186523,24.11111068725586,24.94444465637207,22.94444465637207,23.5,9954870
2020-07-23,20.424903869628906,23.05555534362793,23.888887405395508,22.833332061767578,23.888887405395508,2404749
2020-07-24,19.391353607177734,21.888887405395508,23.0,21.61111068725586,22.833332061767578,1831035
2020-07-27,18.75153923034668,21.16666603088379,22.55555534362793,21.11111068725586,22.22222137451172,1295109
2020-07-28,18.151443481445312,20.05555534362793,21.44444465637207,20.0,21.0,1474425
2020-07-29,18.654251098632812,20.61111068725586,20.72222137451172,20.05555534362793,20.22222137451172,398027
2020-07-30,18.9559383392334,20.94444465637207,21.0,20.61111068725586,20.94444465637207,387109
2020-07-31,19.00621795654297,21.0,21.11111068725586,20.77777671813965,20.94444465637207,368731
2020-08-03,18.855375289916992,20.833332061767578,21.16666603088379,20.77777671813965,21.05555534362793,374227
2020-08-04,19.00621795654297,21.0,21.16666603088379,20.888887405395508,20.94444465637207,455211
2020-08-05,19.408466339111328,21.44444465637207,21.72222137451172,21.11111068725586,21.11111068725586,1055986
2020-08-06,19.71015167236328,21.77777671813965,22.16666603088379,21.333332061767578,21.77777671813965,1072891
2020-08-07,19.91127586364746,22.0,22.55555534362793,21.888887405395508,21.94444465637207,1322191
2020-08-10,19.65987205505371,21.72222137451172,22.55555534362793,21.66666603088379,22.55555534362793,953102
2020-08-11,19.810712814331055,21.888887405395508,22.388887405395508,21.833332061767578,22.05555534362793,942301
2020-08-12,20.766054153442383,22.94444465637207,23.22222137451172,21.66666603088379,22.05555534362793,1954260
2020-08-13,20.363805770874023,22.5,23.22222137451172,22.44444465637207,23.16666603088379,1645210
2020-08-14,21.41970443725586,23.66666603088379,23.888887405395508,22.55555534362793,22.888887405395508,2905328
2020-08-17,21.57054901123047,23.833332061767578,24.22222137451172,23.388887405395508,24.0,2301004
2020-08-18,21.31914520263672,23.55555534362793,24.05555534362793,23.5,24.0,1444572
2020-08-19,21.41970443725586,23.66666603088379,24.66666603088379,23.61111068725586,23.94444465637207,1991345
2020-08-20,20.91689682006836,23.11111068725586,24.05555534362793,21.94444465637207,23.72222137451172,2520045
2020-08-21,21.721391677856445,24.0,24.77777671813965,23.388887405395508,23.66666603088379,2765746
2020-08-24,23.883474349975586,26.388887405395508,26.388887405395508,24.333332061767578,24.55555534362793,10166139
2020-08-25,24.33600425720215,26.888887405395508,27.27777671813965,25.333332061767578,25.94444465637207,7741379
2020-08-26,23.883474349975586,26.388887405395508,26.833332061767578,26.0,26.44444465637207,2966735
2020-08-27,24.637691497802734,27.22222137451172,28.22222137451172,26.11111068725586,26.44444465637207,6695135
2020-08-28,24.889097213745117,27.5,28.22222137451172,26.888887405395508,27.11111068725586,5080129
2020-08-31,24.687971115112305,27.27777671813965,28.77777671813965,27.05555534362793,27.833332061767578,4851761
2020-09-01,25.090219497680664,27.72222137451172,28.333332061767578,27.11111068725586,27.77777671813965,3253275
2020-09-02,27.302583694458008,30.16666603088379,30.44444465637207,28.16666603088379,28.16666603088379,12320335
2020-09-03,28.056800842285156,31.0,32.0,29.66666603088379,30.333332061767578,7987039
2020-09-04,27.75511360168457,30.66666603088379,31.44444465637207,29.77777671813965,29.888887405395508,3930725
2020-09-07,26.6489315032959,29.44444465637207,32.0555534362793,28.94444465637207,31.16666603088379,6421680
2020-09-08,26.799774169921875,29.61111068725586,30.11111068725586,28.55555534362793,29.5,2496423
2020-09-09,26.447805404663086,29.22222137451172,30.11111068725586,28.77777671813965,29.11111068725586,1639800
2020-09-10,25.894716262817383,28.61111068725586,29.888887405395508,27.77777671813965,29.888887405395508,2857050
2020-09-11,24.33600425720215,26.888887405395508,29.05555534362793,26.833332061767578,28.72222137451172,3217979
2020-09-14,26.49808692932129,29.27777671813965,29.5,27.388887405395508,27.72222137451172,4907461
2020-09-15,26.146120071411133,28.888887405395508,29.27777671813965,28.388887405395508,29.27777671813965,2435566
2020-09-16,25.84443473815918,28.55555534362793,29.333332061767578,28.55555534362793,28.888887405395508,1232283
2020-09-17,25.643310546875,28.333332061767578,29.11111068725586,28.16666603088379,28.888887405395508,1155709
2020-09-18,26.146120071411133,28.888887405395508,30.0,28.0,28.388887405395508,2644470
2020-09-21,25.894716262817383,28.61111068725586,31.44444465637207,28.61111068725586,30.388887405395508,6979192
2020-09-22,26.246685028076172,29.0,29.22222137451172,27.388887405395508,28.44444465637207,2996867
2020-09-23,25.34162712097168,28.0,29.44444465637207,27.61111068725586,29.0,2585303
2020-09-24,24.53713035583496,27.11111068725586,28.44444465637207,27.05555534362793,27.77777671813965,2287908
2020-09-25,23.883474349975586,26.388887405395508,27.888887405395508,25.44444465637207,27.888887405395508,2675943
2020-09-28,24.235443115234375,26.77777671813965,27.5,26.55555534362793,26.72222137451172,548100
2020-09-29,23.984037399291992,26.5,27.16666603088379,26.27777671813965,27.16666603088379,450908
2020-09-30,24.53713035583496,27.11111068725586,27.22222137451172,26.388887405395508,26.833332061767578,541800
2020-10-05,24.889097213745117,27.5,27.55555534362793,26.94444465637207,27.11111068725586,488700
2020-10-06,24.939376831054688,27.55555534362793,27.833332061767578,27.388887405395508,27.61111068725586,433945
2020-10-07,25.24106216430664,27.888887405395508,28.11111068725586,27.333332061767578,27.5,696889
2020-10-08,25.492467880249023,28.16666603088379,28.5,27.888887405395508,28.11111068725586,865370
2020-10-12,25.391904830932617,28.05555534362793,28.55555534362793,27.333332061767578,28.27777671813965,873533
2020-10-13,26.347246170043945,29.11111068725586,29.22222137451172,27.833332061767578,28.22222137451172,2559034
2020-10-14,26.6489315032959,29.44444465637207,29.833332061767578,28.22222137451172,29.11111068725586,3735103
2020-10-15,26.29696273803711,29.05555534362793,29.66666603088379,28.888887405395508,29.66666603088379,2938817
2020-10-16,25.894716262817383,28.61111068725586,29.388887405395508,28.5,29.11111068725586,1070234
2020-10-19,26.598648071289062,29.388887405395508,30.11111068725586,28.833332061767578,28.888887405395508,2327837
2020-10-20,27.302583694458008,30.16666603088379,31.11111068725586,29.77777671813965,30.0,4530020
2020-10-21,27.40314483642578,30.27777671813965,30.61111068725586,29.888887405395508,30.55555534362793,1836158
2020-10-22,26.95061683654785,29.77777671813965,30.333332061767578,29.5,30.27777671813965,1390551
2020-10-23,27.302583694458008,30.16666603088379,30.888887405395508,29.22222137451172,29.22222137451172,2400660
2020-10-26,27.000896453857422,29.833332061767578,30.5,29.66666603088379,30.5,602100
2020-10-27,26.900333404541016,29.72222137451172,30.27777671813965,29.5,29.55555534362793,814446
2020-10-28,26.146120071411133,28.888887405395508,30.05555534362793,28.72222137451172,30.0,885735
2020-10-29,26.749492645263672,29.55555534362793,29.77777671813965,27.888887405395508,28.888887405395508,1349197
2020-10-30,26.246685028076172,29.0,30.833332061767578,29.0,29.77777671813965,3131586
2020-11-02,26.95061683654785,29.77777671813965,30.94444465637207,29.55555534362793,29.66666603088379,5897880
2020-11-03,27.905954360961914,30.833332061767578,30.888887405395508,29.16666603088379,29.55555534362793,4158382
2020-11-04,27.051177978515625,29.888887405395508,31.27777671813965,29.55555534362793,30.833332061767578,4004379
2020-11-05,27.000896453857422,29.833332061767578,30.05555534362793,29.55555534362793,29.61111068725586,874045
2020-11-06,26.850055694580078,29.66666603088379,30.66666603088379,29.66666603088379,30.11111068725586,1416150
2020-11-09,28.459047317504883,31.44444465637207,31.44444465637207,29.888887405395508,30.0,4648320
2020-11-10,27.604270935058594,30.5,31.11111068725586,29.72222137451172,31.11111068725586,4001400
2020-11-11,27.151742935180664,30.0,30.72222137451172,30.0,30.72222137451172,1282626
2020-11-12,28.459047317504883,31.44444465637207,32.72222137451172,30.333332061767578,30.5,13030650
2020-11-13,30.017757415771484,33.166664123535156,33.166664123535156,30.77777671813965,31.11111068725586,7974629
2020-11-16,31.878156661987305,35.22222137451172,35.5,32.5,33.0555534362793,12854086
2020-11-17,30.470287322998047,33.666664123535156,35.38888931274414,33.27777862548828,34.94444274902344,6578753
2020-11-18,29.96747589111328,33.11111068725586,34.94444274902344,32.61111068725586,33.666664123535156,5442696
2020-11-19,29.565227508544922,32.666664123535156,33.5555534362793,32.666664123535156,33.11111068725586,2906485
2020-11-20,28.911575317382812,31.94444465637207,33.11111068725586,31.833332061767578,33.11111068725586,3165542
2020-11-23,28.811012268066406,31.833332061767578,32.666664123535156,31.66666603088379,32.166664123535156,2506693
2020-11-24,28.911575317382812,31.94444465637207,32.44444274902344,31.5,32.0,2414894
2020-11-25,28.609888076782227,31.61111068725586,32.33333206176758,31.5,32.33333206176758,2053197
2020-11-26,30.218881607055664,33.38888931274414,33.94444274902344,31.66666603088379,31.66666603088379,8185911
2020-11-27,29.615509033203125,32.72222137451172,33.38888931274414,32.5,33.0555534362793,2970415
2020-11-30,29.313825607299805,32.38888931274414,33.166664123535156,32.22222137451172,33.11111068725586,2091078
2020-12-01,29.46466636657715,32.5555534362793,32.94444274902344,32.33333206176758,32.5,2244794
2020-12-02,29.414384841918945,32.5,32.88888931274414,32.33333206176758,32.77777862548828,1409913
2020-12-03,29.66579246520996,32.77777862548828,33.44444274902344,32.61111068725586,32.77777862548828,2558970
2020-12-04,30.771974563598633,34.0,34.166664123535156,32.83333206176758,33.166664123535156,5220949
2020-12-07,30.068038940429688,33.22222137451172,34.88888931274414,33.11111068725586,34.88888931274414,5589084
2020-12-08,29.96747589111328,33.11111068725586,33.44444274902344,32.88888931274414,33.22222137451172,1703178
2020-12-09,30.470287322998047,33.666664123535156,33.83333206176758,32.83333206176758,33.22222137451172,2198004
2020-12-10,29.917194366455078,33.0555534362793,33.5555534362793,32.88888931274414,33.5,1281663
2020-12-11,28.961856842041016,32.0,33.0,31.388887405395508,32.72222137451172,3260865
2020-12-14,29.06241798400879,32.11111068725586,32.5555534362793,31.888887405395508,32.0,803700
2020-12-15,28.107080459594727,31.05555534362793,32.33333206176758,30.888887405395508,32.22222137451172,1457840
2020-12-16,28.710451126098633,31.72222137451172,32.11111068725586,31.11111068725586,31.55555534362793,697914
2020-12-17,28.609888076782227,31.61111068725586,31.94444465637207,31.44444465637207,31.72222137451172,428690
2020-12-18,28.509328842163086,31.5,32.0,31.44444465637207,31.888887405395508,592354
2020-12-21,28.00651741027832,30.94444465637207,31.55555534362793,30.16666603088379,31.55555534362793,1440900
2020-12-22,27.905954360961914,30.833332061767578,32.0555534362793,30.833332061767578,31.0,987299
2020-12-23,28.660171508789062,31.66666603088379,31.833332061767578,30.833332061767578,30.94444465637207,753284
2020-12-24,28.961856842041016,32.0,32.5555534362793,31.888887405395508,31.888887405395508,772216
2020-12-25,29.012136459350586,32.0555534362793,32.38888931274414,31.77777671813965,32.166664123535156,622142
2020-12-28,29.2132625579834,32.27777862548828,32.61111068725586,32.0555534362793,32.22222137451172,753590
2020-12-29,29.66579246520996,32.77777862548828,33.61111068725586,32.33333206176758,32.33333206176758,2189222
2020-12-30,29.26354217529297,32.33333206176758,34.0555534362793,32.22222137451172,33.33333206176758,4575426
2020-12-31,28.861295700073242,31.888887405395508,32.33333206176758,31.77777671813965,32.33333206176758,844650
2021-01-04,29.66579246520996,32.77777862548828,32.83333206176758,31.77777671813965,31.888887405395508,1282770
2021-01-05,30.72169303894043,33.94444274902344,34.166664123535156,32.5,32.666664123535156,5504479
2021-01-06,33.13517761230469,36.61111068725586,36.88888931274414,34.0,34.38888931274414,19789437
2021-01-07,32.68265151977539,36.11111068725586,38.0555534362793,35.166664123535156,36.77777862548828,8788950
2021-01-08,31.224502563476562,34.5,36.0,34.33333206176758,36.0,3476246
2021-01-11,32.179840087890625,35.5555534362793,35.666664123535156,34.44444274902344,34.83333206176758,2018790
2021-01-12,31.526185989379883,34.83333206176758,36.5555534362793,34.44444274902344,35.5555534362793,4012031
2021-01-13,31.37534523010254,34.666664123535156,35.5555534362793,34.5555534362793,35.0,1436400
2021-01-14,31.72730827331543,35.0555534362793,35.33333206176758,34.5,34.77777862548828,1320304
2021-01-15,30.872533798217773,34.11111068725586,35.44444274902344,34.0555534362793,35.38888931274414,1584363
2021-01-18,30.319442749023438,33.5,33.88888931274414,31.888887405395508,33.77777862548828,1708204
2021-01-19,31.023378372192383,34.27777862548828,35.11111068725586,34.0555534362793,34.33333206176758,1494677
2021-01-20,29.2132625579834,32.27777862548828,34.72222137451172,31.77777671813965,34.27777862548828,2161098
2021-01-21,28.811012268066406,31.833332061767578,32.88888931274414,31.44444465637207,32.77777862548828,1292690
2021-01-22,29.51494598388672,32.61111068725586,32.77777862548828,31.66666603088379,31.66666603088379,860400
2021-01-25,29.414384841918945,32.5,32.77777862548828,31.66666603088379,32.77777862548828,695700
2021-01-26,29.11269760131836,32.166664123535156,33.22222137451172,31.94444465637207,32.5,907200
2021-01-27,29.26354217529297,32.33333206176758,32.61111068725586,32.11111068725586,32.5,465759
2021-01-28,28.55961036682129,31.55555534362793,32.11111068725586,31.388887405395508,31.388887405395508,762318
2021-01-29,27.855674743652344,30.77777671813965,32.0,30.72222137451172,31.94444465637207,954926
2021-02-01,27.905954360961914,30.833332061767578,31.16666603088379,29.61111068725586,30.77777671813965,768843
2021-02-02,28.257923126220703,31.22222137451172,31.388887405395508,30.888887405395508,31.11111068725586,268200
2021-02-03,27.855674743652344,30.77777671813965,31.44444465637207,30.66666603088379,31.333332061767578,468306
2021-02-04,27.905954360961914,30.833332061767578,31.22222137451172,30.66666603088379,30.888887405395508,229501
2021-02-05,27.704830169677734,30.61111068725586,31.05555534362793,30.27777671813965,30.888887405395508,675091
2021-02-17,29.565227508544922,32.666664123535156,32.77777862548828,31.05555534362793,31.55555534362793,1220544
2021-02-18,31.37534523010254,34.666664123535156,34.666664123535156,32.22222137451172,32.666664123535156,1686917
2021-02-19,31.57646942138672,34.88888931274414,34.88888931274414,33.77777862548828,34.44444274902344,1351086
2021-02-22,32.58209228515625,36.0,36.61111068725586,35.11111068725586,35.22222137451172,2865816
2021-02-23,34.995574951171875,38.666664123535156,39.27777862548828,36.44444274902344,36.5555534362793,9172651
2021-02-24,33.8893928527832,37.44444274902344,38.88888931274414,36.88888931274414,38.666664123535156,2724991
2021-02-25,33.487152099609375,37.0,38.11111068725586,36.38888931274414,37.77777862548828,1701956
2021-02-26,33.73855209350586,37.27777862548828,37.94444274902344,36.166664123535156,36.166664123535156,2026172
2021-03-02,32.179840087890625,35.5555534362793,38.11111068725586,35.44444274902344,38.0,2012850
2021-03-03,31.928436279296875,35.27777862548828,35.83333206176758,34.666664123535156,35.5555534362793,747450
2021-03-04,31.37534523010254,34.666664123535156,35.5555534362793,34.61111068725586,35.44444274902344,501707
2021-03-05,31.174219131469727,34.44444274902344,35.166664123535156,34.22222137451172,34.666664123535156,460142
2021-03-08,30.420005798339844,33.61111068725586,34.94444274902344,33.61111068725586,34.77777862548828,1137427
2021-03-09,30.218881607055664,33.38888931274414,33.61111068725586,32.83333206176758,33.33333206176758,927413
2021-03-10,30.570850372314453,33.77777862548828,34.666664123535156,33.5,33.5,955627
2021-03-11,30.922815322875977,34.166664123535156,34.22222137451172,33.72222137451172,34.22222137451172,1030500
2021-03-12,30.97309684753418,34.22222137451172,34.44444274902344,33.77777862548828,34.33333206176758,864072
2021-03-15,31.37534523010254,34.666664123535156,34.88888931274414,34.33333206176758,34.33333206176758,873000
2021-03-16,30.82225227355957,34.0555534362793,34.94444274902344,34.0555534362793,34.88888931274414,868888
2021-03-17,32.934059143066406,36.38888931274414,36.61111068725586,34.22222137451172,34.22222137451172,2950337
2021-03-18,33.3865852355957,36.88888931274414,37.27777862548828,35.666664123535156,36.11111068725586,2642031
2021-03-19,32.78321075439453,36.22222137451172,37.22222137451172,36.0,36.666664123535156,1513260
2021-03-22,32.230125427246094,35.61111068725586,36.33333206176758,35.61111068725586,36.33333206176758,1113323
2021-03-23,32.07927703857422,35.44444274902344,35.94444274902344,35.11111068725586,35.94444274902344,1056690
2021-03-24,32.330684661865234,35.72222137451172,36.44444274902344,35.22222137451172,35.33333206176758,1117800
2021-03-25,32.38096618652344,35.77777862548828,36.666664123535156,35.72222137451172,36.0,1483937
2021-03-26,32.83349609375,36.27777862548828,36.5,36.0555534362793,36.11111068725586,604404
2021-03-29,33.08489990234375,36.5555534362793,37.5,36.5,37.0555534362793,1808111
2021-03-30,33.688270568847656,37.22222137451172,37.94444274902344,36.27777862548828,36.5555534362793,3594237
2021-03-31,33.436866760253906,36.94444274902344,38.22222137451172,36.666664123535156,37.72222137451172,1512914
2021-04-01,32.78321075439453,36.22222137451172,37.166664123535156,36.166664123535156,37.11111068725586,1028286
2021-04-07,34.24135971069336,37.83333206176758,38.11111068725586,37.0,37.5555534362793,1615680
2021-04-08,35.800071716308594,39.5555534362793,40.5,37.61111068725586,38.11111068725586,6397494
2021-04-09,34.492767333984375,38.11111068725586,39.44444274902344,37.77777862548828,39.33333206176758,2403936
2021-04-12,35.49838638305664,39.22222137451172,39.94444274902344,38.38888931274414,38.77777862548828,2829719
2021-04-13,34.895015716552734,38.5555534362793,39.27777862548828,37.83333206176758,38.83333206176758,1413558
2021-04-14,34.74417495727539,38.38888931274414,39.166664123535156,36.11111068725586,38.61111068725586,1788345
2021-04-15,35.19670104980469,38.88888931274414,39.11111068725586,37.61111068725586,38.38888931274414,916751
2021-04-16,35.44810485839844,39.166664123535156,40.27777862548828,38.61111068725586,39.11111068725586,1710642
2021-04-19,35.3978271484375,39.11111068725586,41.0555534362793,38.88888931274414,39.88888931274414,1629642
2021-04-20,36.70513153076172,40.5555534362793,40.77777862548828,38.88888931274414,39.11111068725586,2195306
2021-04-21,35.9509162902832,39.72222137451172,40.94444274902344,39.61111068725586,40.88888931274414,2089083
2021-04-22,34.14080047607422,37.72222137451172,40.0555534362793,37.22222137451172,39.88888931274414,2216949
2021-04-23,33.8893928527832,37.44444274902344,38.0,37.0555534362793,37.94444274902344,715608
2021-04-26,33.63798904418945,37.166664123535156,38.666664123535156,37.0,38.666664123535156,1429933
2021-04-27,33.83911895751953,37.38888931274414,37.72222137451172,37.0555534362793,37.33333206176758,477899
2021-04-28,34.79444885253906,38.44444274902344,38.666664123535156,37.38888931274414,37.38888931274414,1394270
2021-04-29,34.54304504394531,38.166664123535156,39.83333206176758,37.77777862548828,38.72222137451172,3528900
2021-05-03,32.230125427246094,35.61111068725586,37.83333206176758,35.61111068725586,37.77777862548828,2201402
2021-05-04,30.017757415771484,33.166664123535156,36.11111068725586,32.38888931274414,35.61111068725586,1899130
2021-05-05,29.46466636657715,32.5555534362793,33.72222137451172,32.5,33.11111068725586,831849
2021-05-06,29.46466636657715,32.5555534362793,33.11111068725586,32.0555534362793,32.666664123535156,935460
2021-05-07,30.671411514282227,33.88888931274414,33.88888931274414,32.83333206176758,33.666664123535156,541237
2021-05-10,29.414384841918945,32.5,33.88888931274414,32.27777862548828,33.88888931274414,848699
2021-05-11,27.604270935058594,30.5,32.22222137451172,29.94444465637207,32.11111068725586,1410300
2021-05-12,25.34162712097168,28.0,30.94444465637207,27.5,30.11111068725586,1729805
2021-05-13,25.944997787475586,28.66666603088379,29.22222137451172,26.66666603088379,27.27777671813965,981041
2021-05-14,25.944997787475586,28.66666603088379,29.833332061767578,28.0,29.22222137451172,630936
2021-05-17,23.581789016723633,26.05555534362793,28.16666603088379,25.888887405395508,26.66666603088379,1161905
2021-05-18,25.894716262817383,28.61111068725586,28.61111068725586,26.5,26.5,914441
2021-05-19,26.397525787353516,29.16666603088379,29.44444465637207,28.22222137451172,29.11111068725586,606600
2021-05-20,25.743873596191406,28.44444465637207,29.77777671813965,28.333332061767578,29.11111068725586,346505
2021-05-21,26.347246170043945,29.11111068725586,29.55555534362793,28.72222137451172,29.0,242535
2021-05-24,26.850055694580078,29.66666603088379,29.94444465637207,28.66666603088379,28.66666603088379,235800
2021-05-25,27.80539321899414,30.72222137451172,31.11111068725586,29.833332061767578,30.22222137451172,542700
2021-05-26,27.453426361083984,30.333332061767578,31.05555534362793,30.0,31.05555534362793,213745
2021-05-27,27.55398941040039,30.44444465637207,30.94444465637207,29.833332061767578,30.333332061767578,350100
2021-05-28,27.604270935058594,30.5,30.833332061767578,30.22222137451172,30.5,350100
2021-05-31,27.704830169677734,30.61111068725586,30.94444465637207,30.333332061767578,30.66666603088379,409680
2021-06-01,28.308202743530273,31.27777671813965,31.66666603088379,30.77777671813965,30.77777671813965,653400
2021-06-02,27.95623779296875,30.888887405395508,31.44444465637207,30.55555534362793,31.44444465637207,299745
2021-06-03,27.80539321899414,30.72222137451172,31.0,30.61111068725586,30.72222137451172,216900
2021-06-04,27.704830169677734,30.61111068725586,31.333332061767578,30.5,30.77777671813965,477900
2021-06-07,27.453426361083984,30.333332061767578,30.66666603088379,29.72222137451172,30.66666603088379,218700
2021-06-08,28.40876579284668,31.388887405395508,31.5,30.333332061767578,30.66666603088379,423956
2021-06-09,27.905954360961914,30.833332061767578,31.55555534362793,30.77777671813965,31.05555534362793,338340
2021-06-10,27.95623779296875,30.888887405395508,31.27777671813965,30.72222137451172,31.0,161203
2021-06-11,28.056800842285156,31.0,31.27777671813965,30.833332061767578,31.05555534362793,246600
2021-06-15,28.107080459594727,31.05555534362793,31.44444465637207,30.833332061767578,31.333332061767578,217965
2021-06-16,27.654552459716797,30.55555534362793,31.05555534362793,30.388887405395508,31.0,233100
2021-06-17,28.107080459594727,31.05555534362793,31.11111068725586,30.55555534362793,30.55555534362793,192697
2021-06-18,27.95623779296875,30.888887405395508,31.16666603088379,30.833332061767578,31.11111068725586,192600
2021-06-21,27.40314483642578,30.27777671813965,31.16666603088379,30.11111068725586,30.77777671813965,368100
2021-06-22,28.107080459594727,31.05555534362793,31.22222137451172,30.22222137451172,30.388887405395508,593110
2021-06-23,29.06241798400879,32.11111068725586,32.166664123535156,31.11111068725586,31.22222137451172,1053000
2021-06-24,29.06241798400879,32.11111068725586,32.5,31.72222137451172,32.11111068725586,365400
2021-06-25,28.609888076782227,31.61111068725586,32.22222137451172,31.61111068725586,32.11111068725586,453611
2021-06-28,29.2132625579834,32.27777862548828,32.5555534362793,31.66666603088379,31.66666603088379,660609
2021-06-29,28.459047317504883,31.44444465637207,32.44444274902344,31.333332061767578,32.38888931274414,356712
2021-06-30,28.961856842041016,32.0,32.0,31.388887405395508,31.44444465637207,373500
2021-07-01,28.911575317382812,31.94444465637207,33.0555534362793,31.72222137451172,32.166664123535156,811980
2021-07-02,29.06241798400879,32.11111068725586,32.38888931274414,31.94444465637207,32.27777862548828,243004
2021-07-05,29.414384841918945,32.5,32.77777862548828,32.11111068725586,32.22222137451172,585171
2021-07-06,29.162981033325195,32.22222137451172,32.83333206176758,32.22222137451172,32.77777862548828,186589
2021-07-07,28.660171508789062,31.66666603088379,32.44444274902344,31.44444465637207,32.44444274902344,422280
2021-07-08,28.861295700073242,31.888887405395508,32.22222137451172,31.72222137451172,31.77777671813965,400500
2021-07-09,29.7160701751709,32.83333206176758,33.0555534362793,31.833332061767578,32.0555534362793,1009544
2021-07-12,29.364103317260742,32.44444274902344,33.27777862548828,32.11111068725586,33.27777862548828,1066542
2021-07-13,28.961856842041016,32.0,32.61111068725586,31.94444465637207,32.5555534362793,792000
2021-07-14,28.358484268188477,31.333332061767578,32.33333206176758,31.16666603088379,31.94444465637207,553503
2021-07-15,28.660171508789062,31.66666603088379,31.888887405395508,31.333332061767578,31.5,216000
2021-07-16,29.11269760131836,32.166664123535156,32.22222137451172,31.66666603088379,31.66666603088379,271044
2021-07-19,28.609888076782227,31.61111068725586,32.22222137451172,31.61111068725586,32.22222137451172,204303
2021-07-20,27.40314483642578,30.27777671813965,31.61111068725586,30.0,31.61111068725586,960473
2021-07-21,27.000896453857422,29.833332061767578,30.833332061767578,29.72222137451172,30.44444465637207,397822
2021-07-22,27.000896453857422,29.833332061767578,30.5,29.77777671813965,30.0,315000
2021-07-23,27.252304077148438,30.11111068725586,30.888887405395508,29.833332061767578,30.0,496170
2021-07-26,28.2076416015625,31.16666603088379,31.66666603088379,30.16666603088379,30.44444465637207,490500
2021-07-27,27.75511360168457,30.66666603088379,31.55555534362793,30.55555534362793,31.5,193500
2021-07-28,27.151742935180664,30.0,30.72222137451172,29.333332061767578,30.72222137451172,273600
2021-07-29,27.35286521911621,30.22222137451172,30.27777671813965,29.72222137451172,30.11111068725586,208800
2021-07-30,26.95061683654785,29.77777671813965,30.27777671813965,29.55555534362793,30.27777671813965,275400
2021-08-02,26.95061683654785,29.77777671813965,30.0,29.44444465637207,29.77777671813965,146700
2021-08-03,27.101459503173828,29.94444465637207,30.22222137451172,29.833332061767578,30.0,213302
2021-08-04,27.151742935180664,30.0,30.22222137451172,29.833332061767578,30.05555534362793,190833
2021-08-05,27.35286521911621,30.22222137451172,30.388887405395508,30.0,30.11111068725586,248400
2021-08-06,27.35286521911621,30.22222137451172,30.5,30.11111068725586,30.333332061767578,135000
2021-08-09,26.900333404541016,29.72222137451172,30.27777671813965,29.72222137451172,30.22222137451172,228600
2021-08-10,26.447805404663086,29.22222137451172,29.77777671813965,29.05555534362793,29.77777671813965,223202
2021-08-11,25.24106216430664,27.888887405395508,29.11111068725586,27.55555534362793,28.888887405395508,369173
2021-08-12,25.542749404907227,28.22222137451172,28.388887405395508,27.94444465637207,28.05555534362793,108000
2021-08-13,24.637691497802734,27.22222137451172,28.22222137451172,27.22222137451172,28.22222137451172,308898
2021-08-16,24.034318923950195,26.55555534362793,27.27777671813965,26.16666603088379,27.22222137451172,272833
2021-08-17,24.034318923950195,26.55555534362793,26.55555534362793,26.55555534362793,26.55555534362793,0
2021-08-18,24.486846923828125,27.05555534362793,27.22222137451172,25.27777671813965,25.55555534362793,221400
2021-08-19,23.63207244873047,26.11111068725586,27.22222137451172,25.94444465637207,27.22222137451172,193680
2021-08-20,23.63207244873047,26.11111068725586,26.388887405395508,25.66666603088379,26.16666603088379,138600
2021-08-23,24.788532257080078,27.388887405395508,27.44444465637207,26.388887405395508,26.388887405395508,133497
2021-08-24,24.738252639770508,27.333332061767578,27.5,27.05555534362793,27.5,107100
2021-08-25,25.140501022338867,27.77777671813965,28.16666603088379,27.333332061767578,27.333332061767578,145801
2021-08-26,25.995277404785156,28.72222137451172,28.72222137451172,27.833332061767578,28.22222137451172,207018
2021-08-27,25.995277404785156,28.72222137451172,28.72222137451172,28.333332061767578,28.72222137451172,85500
2021-08-30,25.84443473815918,28.55555534362793,28.94444465637207,28.55555534362793,28.94444465637207,55897
2021-08-31,25.643310546875,28.333332061767578,28.61111068725586,28.11111068725586,28.61111068725586,41400
2021-09-01,25.995277404785156,28.72222137451172,28.77777671813965,28.333332061767578,28.333332061767578,60390
2021-09-02,25.894716262817383,28.61111068725586,28.72222137451172,28.333332061767578,28.61111068725586,69300
2021-09-03,26.09583854675293,28.833332061767578,28.833332061767578,28.44444465637207,28.5,99090
2021-09-06,25.84443473815918,28.55555534362793,28.888887405395508,28.44444465637207,28.888887405395508,153090
2021-09-07,25.391904830932617,28.05555534362793,28.61111068725586,28.0,28.55555534362793,189900
2021-09-08,24.93023681640625,27.0,27.888887405395508,27.0,27.888887405395508,165603
2021-09-09,25.03282928466797,27.11111068725586,27.333332061767578,26.77777671813965,26.888887405395508,104401
2021-09-10,24.93023681640625,27.0,27.44444465637207,27.0,27.27777671813965,63900
2021-09-13,25.03282928466797,27.11111068725586,27.333332061767578,27.05555534362793,27.333332061767578,40549
2021-09-14,24.981531143188477,27.05555534362793,27.333332061767578,26.94444465637207,27.333332061767578,85501
2021-09-15,24.878938674926758,26.94444465637207,27.0,26.833332061767578,26.888887405395508,81051
2021-09-16,24.827640533447266,26.888887405395508,27.388887405395508,26.77777671813965,26.833332061767578,82800
2021-09-17,25.084125518798828,27.16666603088379,27.16666603088379,26.66666603088379,26.833332061767578,98550
2021-09-22,24.468563079833984,26.5,27.11111068725586,26.27777671813965,26.61111068725586,128189
2021-09-23,24.622455596923828,26.66666603088379,26.94444465637207,26.5,26.66666603088379,51300
2021-09-24,24.776344299316406,26.833332061767578,26.888887405395508,26.77777671813965,26.833332061767578,59400
2021-09-27,24.622455596923828,26.66666603088379,26.77777671813965,26.5,26.55555534362793,92700
2021-09-28,24.314672470092773,26.333332061767578,26.66666603088379,26.22222137451172,26.66666603088379,183599
2021-09-29,23.904298782348633,25.888887405395508,26.66666603088379,25.833332061767578,26.66666603088379,140545
2021-09-30,23.750408172607422,25.72222137451172,25.888887405395508,25.5,25.77777671813965,116100
2021-10-01,22.673175811767578,24.55555534362793,25.61111068725586,24.44444465637207,25.61111068725586,434825
2021-10-04,22.467987060546875,24.333332061767578,24.55555534362793,22.94444465637207,24.55555534362793,455807
2021-10-05,22.82706642150879,24.72222137451172,25.05555534362793,23.5,23.55555534362793,163800
2021-10-06,22.57058334350586,24.44444465637207,24.72222137451172,24.333332061767578,24.72222137451172,117918
2021-10-07,23.442626953125,25.388887405395508,25.44444465637207,24.44444465637207,24.44444465637207,155700
2021-10-08,23.801706314086914,25.77777671813965,26.11111068725586,25.333332061767578,25.5,166950
2021-10-12,23.647815704345703,25.61111068725586,25.888887405395508,25.44444465637207,25.888887405395508,70483
2021-10-13,23.647815704345703,25.61111068725586,25.66666603088379,25.44444465637207,25.61111068725586,100800
2021-10-14,23.596519470214844,25.55555534362793,25.55555534362793,25.388887405395508,25.44444465637207,77497
2021-10-15,24.058189392089844,26.05555534362793,26.388887405395508,25.833332061767578,25.833332061767578,81290
2021-10-18,23.85300064086914,25.833332061767578,26.05555534362793,25.55555534362793,26.05555534362793,65705
2021-10-19,24.263376235961914,26.27777671813965,26.333332061767578,25.833332061767578,25.833332061767578,106200
2021-10-20,23.904298782348633,25.888887405395508,26.44444465637207,25.888887405395508,26.44444465637207,42302
2021-10-21,24.109487533569336,26.11111068725586,26.11111068725586,25.77777671813965,26.11111068725586,73800
2021-10-22,23.904298782348633,25.888887405395508,26.11111068725586,25.77777671813965,26.0,35100
2021-10-25,24.058189392089844,26.05555534362793,26.05555534362793,25.55555534362793,25.94444465637207,57600
2021-10-26,24.365968704223633,26.388887405395508,26.388887405395508,26.05555534362793,26.11111068725586,66906
2021-10-27,25.186717987060547,27.27777671813965,27.44444465637207,26.16666603088379,26.16666603088379,581481
2021-10-28,25.289310455322266,27.388887405395508,27.833332061767578,27.16666603088379,27.333332061767578,403497
2021-10-29,25.44320297241211,27.55555534362793,27.61111068725586,27.388887405395508,27.61111068725586,108396
2021-11-01,25.49449920654297,27.61111068725586,27.61111068725586,27.5,27.55555534362793,82890
2021-11-02,25.23801612854004,27.333332061767578,27.833332061767578,27.333332061767578,27.61111068725586,99900
2021-11-03,25.186717987060547,27.27777671813965,27.44444465637207,26.888887405395508,27.11111068725586,76500
2021-11-04,25.54579734802246,27.66666603088379,27.72222137451172,27.16666603088379,27.16666603088379,360917
2021-11-05,25.853578567504883,28.0,28.61111068725586,27.833332061767578,27.888887405395508,622800
2021-11-08,25.90487289428711,28.05555534362793,28.333332061767578,27.94444465637207,28.333332061767578,372664
2021-11-09,25.9561710357666,28.11111068725586,28.333332061767578,27.94444465637207,28.11111068725586,148711
2021-11-10,26.00746726989746,28.16666603088379,28.22222137451172,27.888887405395508,28.11111068725586,59400
2021-11-11,25.853578567504883,28.0,28.333332061767578,27.888887405395508,28.27777671813965,115441
2021-11-12,25.90487289428711,28.05555534362793,28.11111068725586,27.94444465637207,28.0,54001
2021-11-15,27.033401489257812,29.27777671813965,29.55555534362793,28.22222137451172,28.22222137451172,457368
2021-11-16,27.13599395751953,29.388887405395508,29.61111068725586,29.0,29.333332061767578,299700
2021-11-17,27.751556396484375,30.05555534362793,30.22222137451172,29.388887405395508,29.44444465637207,424816
2021-11-18,27.70026206970215,30.0,30.16666603088379,29.833332061767578,30.16666603088379,159435
2021-11-19,27.392480850219727,29.66666603088379,30.11111068725586,29.61111068725586,30.0,163000
2021-11-22,27.13599395751953,29.388887405395508,29.55555534362793,28.94444465637207,29.55555534362793,154909
2021-11-23,26.930809020996094,29.16666603088379,29.66666603088379,29.16666603088379,29.44444465637207,191790
2021-11-24,27.033401489257812,29.27777671813965,29.333332061767578,29.16666603088379,29.22222137451172,65700
2021-11-25,27.341182708740234,29.61111068725586,30.22222137451172,29.22222137451172,29.22222137451172,375440
2021-11-26,27.341182708740234,29.61111068725586,29.833332061767578,28.888887405395508,29.77777671813965,207291
2021-11-29,26.982105255126953,29.22222137451172,29.333332061767578,28.61111068725586,29.333332061767578,228020
2021-11-30,27.187294006347656,29.44444465637207,29.77777671813965,29.05555534362793,29.05555534362793,180900
2021-12-01,27.341182708740234,29.61111068725586,29.77777671813965,29.11111068725586,29.44444465637207,189100
2021-12-02,27.341182708740234,29.61111068725586,30.22222137451172,29.5,29.66666603088379,215119
2021-12-03,27.341182708740234,29.61111068725586,29.66666603088379,29.44444465637207,29.66666603088379,125128
2021-12-06,27.289886474609375,29.55555534362793,29.72222137451172,29.388887405395508,29.72222137451172,75760
2021-12-07,27.289886474609375,29.55555534362793,29.61111068725586,29.5,29.55555534362793,69300
2021-12-08,27.289886474609375,29.55555534362793,29.833332061767578,29.333332061767578,29.833332061767578,129771
2021-12-09,27.13599395751953,29.388887405395508,29.72222137451172,29.333332061767578,29.72222137451172,96300
2021-12-10,27.084699630737305,29.333332061767578,29.5,29.22222137451172,29.333332061767578,106200
2021-12-13,27.084699630737305,29.333332061767578,29.61111068725586,29.22222137451172,29.55555534362793,219708
2021-12-14,27.084699630737305,29.333332061767578,29.5,29.0,29.22222137451172,195332
2021-12-15,27.546369552612305,29.833332061767578,29.94444465637207,29.22222137451172,29.388887405395508,283097
2021-12-16,28.501733779907227,29.833330154418945,29.833330154418945,29.833330154418945,29.833330154418945,0
2021-12-17,28.501733779907227,29.833330154418945,29.833330154418945,29.833330154418945,29.833330154418945,0
2021-12-20,28.501733779907227,29.833330154418945,29.833330154418945,29.833330154418945,29.833330154418945,0
2021-12-21,28.501733779907227,29.833330154418945,29.833330154418945,29.833330154418945,29.833330154418945,0
2021-12-22,28.501733779907227,29.833330154418945,29.833330154418945,29.833330154418945,29.833330154418945,0
2021-12-23,28.501733779907227,29.833330154418945,29.833330154418945,29.833330154418945,29.833330154418945,0
2021-12-24,28.501733779907227,29.833330154418945,29.833330154418945,29.833330154418945,29.833330154418945,0
2021-12-27,30.141780853271484,31.549999237060547,31.549999237060547,29.5,29.549999237060547,3318528
2021-12-28,30.76276969909668,32.20000076293945,33.0,30.049999237060547,31.549999237060547,3936128
2021-12-29,30.57169532775879,32.0,32.79999923706055,31.899999618530273,32.20000076293945,865190
2021-12-30,30.3806209564209,31.799999237060547,32.45000076293945,31.700000762939453,32.45000076293945,579258
2022-01-03,29.71186637878418,31.100000381469727,32.099998474121094,31.0,31.899999618530273,513196
2022-01-04,29.425256729125977,30.799999237060547,31.5,30.799999237060547,31.299999237060547,329464
2022-01-05,29.18641471862793,30.549999237060547,30.75,30.25,30.549999237060547,280996
2022-01-06,29.18641471862793,30.549999237060547,31.399999618530273,30.149999618530273,30.149999618530273,318900
2022-01-07,28.660964965820312,30.0,30.600000381469727,29.850000381469727,30.549999237060547,334450
2022-01-10,28.70873260498047,30.049999237060547,30.399999618530273,30.0,30.0,106900
2022-01-11,28.565427780151367,29.899999618530273,30.149999618530273,29.899999618530273,30.100000381469727,177200
2022-01-12,28.135513305664062,29.450000762939453,30.0,29.450000762939453,30.0,221346
2022-01-13,28.231048583984375,29.549999237060547,29.75,29.350000381469727,29.450000762939453,118594
2022-01-14,27.275684356689453,28.549999237060547,29.700000762939453,28.100000381469727,29.700000762939453,259500
2022-01-17,27.84890365600586,29.149999618530273,29.350000381469727,28.549999237060547,28.549999237060547,98470
2022-01-18,28.18328094482422,29.5,29.950000762939453,29.5,29.5,133922
2022-01-19,27.944440841674805,29.25,29.5,29.149999618530273,29.5,64850
2022-01-20,27.801136016845703,29.100000381469727,29.25,28.799999237060547,29.25,58030
2022-01-21,27.084611892700195,28.350000381469727,28.899999618530273,28.299999237060547,28.899999618530273,214508
2022-01-24,27.323453903198242,28.600000381469727,28.649999618530273,27.5,27.950000762939453,93948
2022-01-25,26.893537521362305,28.149999618530273,28.600000381469727,28.0,28.600000381469727,81300
2022-01-26,26.65469741821289,27.899999618530273,28.200000762939453,27.850000381469727,28.0,119700
2022-02-07,26.463624954223633,27.700000762939453,28.399999618530273,27.5,27.899999618530273,86500
2022-02-08,26.98907470703125,28.25,28.600000381469727,27.799999237060547,27.899999618530273,68300
2022-02-09,27.227916717529297,28.5,28.600000381469727,27.899999618530273,28.25,101400
2022-02-10,26.79800033569336,28.049999237060547,28.399999618530273,28.049999237060547,28.399999618530273,68701
2022-02-11,26.415855407714844,27.649999618530273,28.600000381469727,27.5,28.049999237060547,186901
2022-02-14,26.368087768554688,27.600000381469727,27.799999237060547,27.399999618530273,27.799999237060547,51300
2022-02-15,26.606929779052734,27.850000381469727,28.049999237060547,27.600000381469727,27.649999618530273,105873
2022-02-16,26.65469741821289,27.899999618530273,28.200000762939453,27.850000381469727,28.0,74301
2022-02-17,26.702465057373047,27.950000762939453,28.200000762939453,27.899999618530273,28.0,62998
2022-02-18,26.702465057373047,27.950000762939453,28.200000762939453,27.700000762939453,27.700000762939453,39529
2022-02-21,26.65469741821289,27.899999618530273,28.0,27.850000381469727,27.950000762939453,32000
2022-02-22,26.368087768554688,27.600000381469727,27.75,27.399999618530273,27.75,123154
2022-02-23,26.65469741821289,27.899999618530273,28.0,27.799999237060547,27.899999618530273,71900
2022-02-24,26.177013397216797,27.399999618530273,27.799999237060547,27.399999618530273,27.649999618530273,111700
2022-02-25,26.559160232543945,27.799999237060547,27.899999618530273,27.299999237060547,27.399999618530273,50700
2022-03-01,26.65469741821289,27.899999618530273,28.0,27.799999237060547,27.799999237060547,81100
2022-03-02,26.606929779052734,27.850000381469727,27.899999618530273,27.600000381469727,27.899999618530273,40188
2022-03-03,26.415855407714844,27.649999618530273,27.950000762939453,27.649999618530273,27.850000381469727,72000
2022-03-04,26.559160232543945,27.799999237060547,28.200000762939453,27.5,27.549999237060547,146377
2022-03-07,25.938173294067383,27.149999618530273,27.850000381469727,26.899999618530273,27.799999237060547,118000
2022-03-08,25.747100830078125,26.950000762939453,27.600000381469727,26.950000762939453,27.600000381469727,48000
2022-03-09,26.08147621154785,27.299999237060547,27.450000762939453,26.899999618530273,26.899999618530273,80000
2022-03-10,26.559160232543945,27.799999237060547,27.799999237060547,27.600000381469727,27.600000381469727,80100
2022-03-11,26.51139259338379,27.75,27.950000762939453,27.75,27.899999618530273,41200
2022-03-14,26.559160232543945,27.799999237060547,27.950000762939453,27.600000381469727,27.700000762939453,26000
2022-03-15,26.3203182220459,27.549999237060547,27.850000381469727,27.450000762939453,27.600000381469727,62179
2022-03-16,26.51139259338379,27.75,27.75,27.450000762939453,27.5,108721
2022-03-17,26.84576988220215,28.100000381469727,28.299999237060547,27.799999237060547,27.799999237060547,199500
2022-03-18,26.84576988220215,28.100000381469727,28.5,28.049999237060547,28.25,78009
2022-03-21,26.893537521362305,28.149999618530273,28.149999618530273,28.0,28.0,42900
2022-03-22,26.84576988220215,28.100000381469727,28.299999237060547,28.0,28.299999237060547,74350
2022-03-23,26.941307067871094,28.200000762939453,28.299999237060547,28.049999237060547,28.200000762939453,32599
2022-03-24,26.750232696533203,28.0,28.149999618530273,27.950000762939453,28.0,45389
2022-03-25,26.65469741821289,27.899999618530273,28.100000381469727,27.899999618530273,28.100000381469727,37400
2022-03-28,26.463624954223633,27.700000762939453,27.899999618530273,27.649999618530273,27.899999618530273,28000
2022-03-29,26.51139259338379,27.75,27.950000762939453,27.700000762939453,27.950000762939453,83200
2022-03-30,25.98594093322754,27.200000762939453,27.950000762939453,27.200000762939453,27.899999618530273,108401
2022-03-31,26.12924575805664,27.350000381469727,27.600000381469727,27.350000381469727,27.5,45100
2022-04-01,26.272550582885742,27.5,27.899999618530273,27.200000762939453,27.450000762939453,66000
2022-04-06,26.08147621154785,27.299999237060547,27.450000762939453,27.100000381469727,27.350000381469727,33900
2022-04-07,25.890405654907227,27.100000381469727,27.5,27.049999237060547,27.5,54999
2022-04-08,26.12924575805664,27.350000381469727,27.399999618530273,27.0,27.049999237060547,79552
2022-04-11,26.12924575805664,27.350000381469727,27.450000762939453,27.100000381469727,27.399999618530273,52000
2022-04-12,26.08147621154785,27.299999237060547,27.549999237060547,27.299999237060547,27.549999237060547,101001
2022-04-13,26.3203182220459,27.549999237060547,27.549999237060547,27.149999618530273,27.450000762939453,92448
2022-04-14,26.368087768554688,27.600000381469727,27.649999618530273,27.450000762939453,27.5,26150
2022-04-15,26.272550582885742,27.5,27.600000381469727,27.25,27.299999237060547,28180
2022-04-18,26.559160232543945,27.799999237060547,28.0,27.5,27.5,120030
2022-04-19,26.415855407714844,27.649999618530273,28.0,27.649999618530273,27.950000762939453,61300
2022-04-20,26.368087768554688,27.600000381469727,27.75,27.5,27.75,38600
2022-04-21,26.033708572387695,27.25,27.75,27.200000762939453,27.5,82200
2022-04-22,25.98594093322754,27.200000762939453,27.5,27.100000381469727,27.100000381469727,25229
2022-04-25,25.412721633911133,26.600000381469727,27.100000381469727,26.299999237060547,26.899999618530273,179000
2022-04-26,25.221649169921875,26.399999618530273,27.0,26.350000381469727,26.5,48381
2022-04-27,24.648427963256836,25.799999237060547,26.049999237060547,25.100000381469727,26.049999237060547,140500
2022-04-28,24.648427963256836,25.799999237060547,25.899999618530273,25.450000762939453,25.899999618530273,27000
2022-04-29,24.74396514892578,25.899999618530273,26.149999618530273,25.600000381469727,25.600000381469727,36000
2022-05-03,24.45735740661621,25.600000381469727,25.899999618530273,25.450000762939453,25.899999618530273,28285
2022-05-04,24.409587860107422,25.549999237060547,25.700000762939453,25.399999618530273,25.649999618530273,45583
2022-05-05,24.361820220947266,25.5,25.649999618530273,24.799999237060547,25.549999237060547,91000
2022-05-06,23.884136199951172,25.0,25.149999618530273,24.850000381469727,25.149999618530273,44100
2022-05-09,23.549758911132812,24.649999618530273,25.0,24.5,25.0,59185
2022-05-10,23.26314926147461,24.350000381469727,24.350000381469727,24.0,24.350000381469727,37100
2022-05-11,22.976539611816406,24.049999237060547,24.399999618530273,24.049999237060547,24.399999618530273,54000
2022-05-12,22.642162322998047,23.700000762939453,23.75,22.100000381469727,23.299999237060547,530516
2022-05-13,22.164480209350586,23.200000762939453,24.200000762939453,23.0,23.850000381469727,292371
2022-05-16,22.212247848510742,23.25,23.450000762939453,22.899999618530273,23.450000762939453,152464
2022-05-17,22.164480209350586,23.200000762939453,23.350000381469727,23.0,23.350000381469727,118500
2022-05-18,22.307785034179688,23.350000381469727,23.450000762939453,23.0,23.200000762939453,214100
2022-05-19,22.02117347717285,23.049999237060547,23.350000381469727,22.5,22.850000381469727,480600
2022-05-20,21.87786865234375,22.899999618530273,23.149999618530273,22.399999618530273,23.149999618530273,853500
2022-05-23,21.782331466674805,22.799999237060547,22.950000762939453,22.75,22.950000762939453,57999
2022-05-24,21.73456382751465,22.75,22.899999618530273,22.700000762939453,22.899999618530273,40999
2022-05-25,22.164480209350586,23.200000762939453,23.200000762939453,22.700000762939453,22.700000762939453,112300
2022-05-26,22.164480209350586,23.200000762939453,23.299999237060547,23.0,23.100000381469727,103100
2022-05-27,22.498855590820312,23.549999237060547,23.75,23.049999237060547,23.200000762939453,388000
2022-05-30,22.5466251373291,23.600000381469727,23.799999237060547,23.399999618530273,23.549999237060547,276900
2022-05-31,22.833234786987305,23.899999618530273,23.899999618530273,23.549999237060547,23.600000381469727,176000
2022-06-01,23.024309158325195,24.100000381469727,24.100000381469727,23.5,23.850000381469727,136100
2022-06-02,22.78546714782715,23.850000381469727,24.299999237060547,23.850000381469727,24.299999237060547,162000
2022-06-06,22.92877197265625,24.0,24.25,23.799999237060547,23.899999618530273,70000
2022-06-07,22.78546714782715,23.850000381469727,24.149999618530273,23.700000762939453,23.850000381469727,85000
2022-06-08,22.78546714782715,23.850000381469727,24.049999237060547,23.799999237060547,23.799999237060547,54400
2022-06-09,22.833234786987305,23.899999618530273,24.049999237060547,23.850000381469727,23.850000381469727,55100
2022-06-10,22.833234786987305,23.899999618530273,24.0,23.700000762939453,23.700000762939453,67800
2022-06-13,22.689929962158203,23.75,23.850000381469727,23.5,23.5,49999
2022-06-14,22.594392776489258,23.649999618530273,23.799999237060547,23.399999618530273,23.75,154999
2022-06-15,22.642162322998047,23.700000762939453,23.850000381469727,23.549999237060547,23.75,70741
2022-06-16,22.5466251373291,23.600000381469727,23.850000381469727,23.5,23.850000381469727,90700
2022-06-17,22.4033203125,23.450000762939453,23.549999237060547,23.0,23.549999237060547,252000
2022-06-20,21.830101013183594,22.850000381469727,23.649999618530273,22.799999237060547,23.149999618530273,155800
2022-06-21,22.116710662841797,23.149999618530273,23.350000381469727,22.899999618530273,23.350000381469727,61000
2022-06-22,21.973405838012695,23.0,23.25,22.899999618530273,23.25,37330
2022-06-23,21.92563819885254,22.950000762939453,23.0,22.799999237060547,22.950000762939453,154400
2022-06-24,22.212247848510742,23.25,23.350000381469727,23.0,23.350000381469727,51002
2022-06-27,22.307785034179688,23.350000381469727,23.5,23.299999237060547,23.5,32000
2022-06-28,22.02117347717285,23.049999237060547,23.5,22.950000762939453,23.049999237060547,56199
2022-06-29,21.973405838012695,23.0,23.25,22.899999618530273,22.899999618530273,27501
2022-06-30,21.782331466674805,22.799999237060547,23.0,22.299999237060547,23.0,97300
2022-07-01,21.782331466674805,22.799999237060547,22.799999237060547,21.899999618530273,22.549999237060547,144000
2022-07-04,21.782331466674805,22.799999237060547,22.799999237060547,22.399999618530273,22.549999237060547,65001
2022-07-05,21.92563819885254,22.950000762939453,23.100000381469727,22.700000762939453,22.850000381469727,34000
2022-07-06,21.87786865234375,22.899999618530273,23.0,22.649999618530273,22.75,12000
2022-07-07,21.782331466674805,22.799999237060547,22.950000762939453,22.600000381469727,22.899999618530273,50000
2022-07-08,21.73456382751465,22.75,22.899999618530273,22.600000381469727,22.850000381469727,346000
2022-07-11,21.73456382751465,22.75,22.75,22.549999237060547,22.700000762939453,43200
2022-07-12,21.686796188354492,22.700000762939453,22.75,22.25,22.549999237060547,110402
2022-07-13,22.799999237060547,22.799999237060547,22.799999237060547,21.899999618530273,22.200000762939453,82900
2022-07-14,22.899999618530273,22.899999618530273,23.0,22.5,22.5,45590
2022-07-15,22.850000381469727,22.850000381469727,23.0,22.649999618530273,23.0,29616
2022-07-18,22.950000762939453,22.950000762939453,23.0,22.549999237060547,22.549999237060547,119900
2022-07-19,23.299999237060547,23.299999237060547,23.950000762939453,22.75,22.75,100900
2022-07-20,23.200000762939453,23.200000762939453,23.5,23.0,23.450000762939453,70100
2022-07-21,23.149999618530273,23.149999618530273,23.25,23.049999237060547,23.25,13900
2022-07-22,23.299999237060547,23.299999237060547,23.450000762939453,23.149999618530273,23.25,34745
2022-07-25,23.149999618530273,23.149999618530273,23.299999237060547,23.100000381469727,23.25,21000
2022-07-26,23.649999618530273,23.649999618530273,23.649999618530273,22.899999618530273,23.149999618530273,86000
2022-07-27,23.149999618530273,23.149999618530273,23.600000381469727,23.0,23.600000381469727,67000
2022-07-28,23.200000762939453,23.200000762939453,23.350000381469727,22.950000762939453,23.350000381469727,72100
2022-07-29,23.200000762939453,23.200000762939453,23.350000381469727,23.200000762939453,23.350000381469727,5000
2022-08-01,23.049999237060547,23.049999237060547,23.200000762939453,23.0,23.200000762939453,53800
2022-08-02,22.950000762939453,22.950000762939453,23.100000381469727,22.899999618530273,22.899999618530273,28000
2022-08-03,22.950000762939453,22.950000762939453,22.950000762939453,22.950000762939453,22.950000762939453,5101
2022-08-04,22.75,22.75,22.75,22.299999237060547,22.549999237060547,68000
2022-08-05,22.899999618530273,22.899999618530273,23.0,22.350000381469727,22.350000381469727,49000
2022-08-08,22.850000381469727,22.850000381469727,22.899999618530273,22.450000762939453,22.700000762939453,35000
2022-08-09,22.850000381469727,22.850000381469727,23.0,22.799999237060547,22.899999618530273,57000
2022-08-10,23.100000381469727,23.100000381469727,23.100000381469727,22.549999237060547,22.549999237060547,73500
2022-08-11,23.649999618530273,23.649999618530273,23.899999618530273,22.799999237060547,23.0,371000
2022-08-12,24.100000381469727,24.100000381469727,24.399999618530273,23.75,23.899999618530273,802500
2022-08-15,24.200000762939453,24.200000762939453,25.0,24.200000762939453,24.350000381469727,956404
2022-08-16,24.100000381469727,24.100000381469727,24.549999237060547,24.049999237060547,24.200000762939453,358406
2022-08-17,23.899999618530273,23.899999618530273,24.350000381469727,23.899999618530273,24.100000381469727,210370
2022-08-18,23.600000381469727,23.600000381469727,24.0,23.549999237060547,23.850000381469727,218372
2022-08-19,23.700000762939453,23.700000762939453,23.950000762939453,23.5,23.649999618530273,221010
2022-08-22,23.75,23.75,23.950000762939453,23.600000381469727,23.700000762939453,52000
2022-08-23,23.100000381469727,23.100000381469727,23.399999618530273,23.0,23.399999618530273,109100
2022-08-24,23.100000381469727,23.100000381469727,23.25,23.0,23.25,93200
2022-08-25,23.200000762939453,23.200000762939453,23.299999237060547,23.049999237060547,23.049999237060547,107900
2022-08-26,23.25,23.25,23.600000381469727,23.100000381469727,23.25,156673
2022-08-29,23.0,23.0,23.25,22.399999618530273,22.5,74673
2022-08-30,22.950000762939453,22.950000762939453,23.100000381469727,22.899999618530273,22.899999618530273,56400
2022-08-31,23.600000381469727,23.600000381469727,23.799999237060547,22.899999618530273,22.899999618530273,345948
2022-09-01,23.350000381469727,23.350000381469727,23.899999618530273,23.350000381469727,23.600000381469727,261301
2022-09-02,23.100000381469727,23.100000381469727,23.649999618530273,23.100000381469727,23.649999618530273,147800
2022-09-05,23.200000762939453,23.200000762939453,23.700000762939453,23.0,23.0,374757
2022-09-06,23.0,23.0,24.350000381469727,23.0,24.350000381469727,415093
2022-09-07,22.850000381469727,22.850000381469727,23.350000381469727,22.600000381469727,23.0,194000
2022-09-08,22.899999618530273,22.899999618530273,23.299999237060547,22.799999237060547,23.0,141449
2022-09-12,22.799999237060547,22.799999237060547,23.299999237060547,22.700000762939453,22.899999618530273,148900
2022-09-13,22.799999237060547,22.799999237060547,23.0,22.649999618530273,23.0,63500
2022-09-14,22.799999237060547,22.799999237060547,22.850000381469727,22.399999618530273,22.5,138000
2022-09-15,22.75,22.75,22.75,22.549999237060547,22.600000381469727,66317
2022-09-16,22.25,22.25,22.899999618530273,22.25,22.5,157500
2022-09-19,21.649999618530273,21.649999618530273,22.25,21.5,22.25,113000
2022-09-20,21.700000762939453,21.700000762939453,21.700000762939453,21.5,21.700000762939453,57673
2022-09-21,21.700000762939453,21.700000762939453,22.350000381469727,21.700000762939453,21.799999237060547,129300
2022-09-22,21.649999618530273,21.649999618530273,22.200000762939453,21.399999618530273,21.549999237060547,80227
2022-09-23,21.649999618530273,21.649999618530273,21.799999237060547,21.5,21.75,47000
2022-09-26,21.549999237060547,21.549999237060547,21.649999618530273,21.049999237060547,21.649999618530273,135000
2022-09-27,21.799999237060547,21.799999237060547,21.950000762939453,21.450000762939453,21.5,71100
2022-09-28,21.399999618530273,21.399999618530273,21.950000762939453,21.200000762939453,21.950000762939453,82003
2022-09-29,21.200000762939453,21.200000762939453,21.450000762939453,21.200000762939453,21.399999618530273,81000
2022-09-30,20.75,20.75,21.200000762939453,20.350000381469727,21.200000762939453,146004
2022-10-03,20.399999618530273,20.399999618530273,20.700000762939453,20.200000762939453,20.700000762939453,93030
2022-10-04,20.25,20.25,20.5,20.149999618530273,20.5,84200
2022-10-05,20.200000762939453,20.200000762939453,20.399999618530273,20.100000381469727,20.25,223670
2022-10-06,20.200000762939453,20.200000762939453,20.399999618530273,20.100000381469727,20.399999618530273,81200
2022-10-07,20.0,20.0,20.200000762939453,19.600000381469727,19.600000381469727,53000
2022-10-11,18.0,18.0,19.850000381469727,18.0,19.850000381469727,532001
2022-10-12,17.399999618530273,17.399999618530273,17.450000762939453,16.5,17.350000381469727,754205
2022-10-13,17.149999618530273,17.149999618530273,17.649999618530273,16.700000762939453,17.399999618530273,208295
2022-10-14,17.549999237060547,17.549999237060547,17.700000762939453,17.149999618530273,17.149999618530273,144596
2022-10-17,17.399999618530273,17.399999618530273,17.450000762939453,16.899999618530273,17.350000381469727,92000
2022-10-18,17.950000762939453,17.950000762939453,17.950000762939453,17.399999618530273,17.5,69000
2022-10-19,18.399999618530273,18.399999618530273,19.200000762939453,18.049999237060547,19.200000762939453,239000
2022-10-20,18.399999618530273,18.399999618530273,18.600000381469727,17.950000762939453,18.600000381469727,72000
2022-10-21,18.399999618530273,18.399999618530273,18.399999618530273,18.0,18.399999618530273,89735
2022-10-24,18.899999618530273,18.899999618530273,18.899999618530273,18.399999618530273,18.600000381469727,111700
2022-10-25,19.0,19.0,19.149999618530273,18.600000381469727,18.899999618530273,58200
2022-10-26,19.0,19.0,19.149999618530273,18.700000762939453,19.149999618530273,82000
2022-10-27,19.549999237060547,19.549999237060547,19.549999237060547,19.149999618530273,19.149999618530273,109800
2022-10-28,19.5,19.5,19.549999237060547,19.350000381469727,19.549999237060547,75496
2022-10-31,19.649999618530273,19.649999618530273,19.799999237060547,19.5,19.600000381469727,100169
2022-11-01,19.799999237060547,19.799999237060547,19.799999237060547,19.549999237060547,19.549999237060547,109000
2022-11-02,19.799999237060547,19.799999237060547,19.850000381469727,19.549999237060547,19.549999237060547,27000
2022-11-03,19.600000381469727,19.600000381469727,19.799999237060547,19.100000381469727,19.799999237060547,65700
2022-11-04,19.600000381469727,19.600000381469727,19.600000381469727,19.299999237060547,19.350000381469727,20100
2022-11-07,19.600000381469727,19.600000381469727,19.799999237060547,19.450000762939453,19.600000381469727,30477
2022-11-08,19.600000381469727,19.600000381469727,19.799999237060547,19.450000762939453,19.5,49000
2022-11-09,19.25,19.25,19.649999618530273,19.149999618530273,19.649999618530273,60200
2022-11-10,19.299999237060547,19.299999237060547,19.399999618530273,19.149999618530273,19.25,18003
2022-11-11,19.299999237060547,19.299999237060547,19.350000381469727,19.049999237060547,19.200000762939453,48000
2022-11-14,19.399999618530273,19.399999618530273,19.399999618530273,19.100000381469727,19.100000381469727,53000
2022-11-15,19.399999618530273,19.399999618530273,19.399999618530273,19.149999618530273,19.149999618530273,65900
2022-11-16,19.25,19.25,19.5,19.149999618530273,19.200000762939453,91135
2022-11-17,19.149999618530273,19.149999618530273,19.25,18.950000762939453,19.149999618530273,68100
2022-11-18,18.950000762939453,18.950000762939453,19.200000762939453,18.899999618530273,19.049999237060547,30006
2022-11-21,19.0,19.0,19.0,18.950000762939453,19.0,7400
2022-11-22,19.100000381469727,19.100000381469727,19.200000762939453,18.799999237060547,19.200000762939453,22200
2022-11-23,19.5,19.5,19.5,18.75,19.100000381469727,88000
2022-11-24,19.200000762939453,19.200000762939453,19.450000762939453,19.100000381469727,19.450000762939453,23040
2022-11-25,19.149999618530273,19.149999618530273,19.299999237060547,19.149999618530273,19.299999237060547,2000
2022-11-28,19.149999618530273,19.149999618530273,19.200000762939453,18.799999237060547,18.799999237060547,23001
2022-11-29,19.5,19.5,19.5,18.600000381469727,19.149999618530273,183400
2022-11-30,19.299999237060547,19.299999237060547,19.299999237060547,19.200000762939453,19.25,42627
2022-12-01,19.450000762939453,19.450000762939453,19.5,19.200000762939453,19.450000762939453,26900
2022-12-02,19.049999237060547,19.049999237060547,19.450000762939453,19.0,19.450000762939453,67700
2022-12-05,19.399999618530273,19.399999618530273,19.5,19.200000762939453,19.200000762939453,53000
2022-12-06,19.399999618530273,19.399999618530273,19.5,19.200000762939453,19.5,29000
2022-12-07,19.299999237060547,19.299999237060547,19.399999618530273,19.200000762939453,19.350000381469727,21008
2022-12-08,19.399999618530273,19.399999618530273,19.450000762939453,19.299999237060547,19.299999237060547,24034
2022-12-09,19.299999237060547,19.299999237060547,19.450000762939453,19.299999237060547,19.450000762939453,47000
2022-12-12,20.25,20.25,20.549999237060547,19.100000381469727,19.100000381469727,897201
2022-12-13,21.149999618530273,21.149999618530273,21.799999237060547,19.899999618530273,20.200000762939453,1581800
2022-12-14,20.950000762939453,20.950000762939453,20.950000762939453,20.25,20.899999618530273,183403
2022-12-15,20.649999618530273,20.649999618530273,21.25,20.350000381469727,21.25,2038846
2022-12-16,20.0,20.0,20.450000762939453,19.799999237060547,20.350000381469727,93304
2022-12-19,19.75,19.75,20.200000762939453,19.5,19.850000381469727,33900
2022-12-20,19.649999618530273,19.649999618530273,20.350000381469727,19.200000762939453,20.350000381469727,69000
2022-12-21,19.5,19.5,19.899999618530273,19.25,19.5,31400
2022-12-22,19.399999618530273,19.399999618530273,19.600000381469727,18.950000762939453,19.399999618530273,53596
2022-12-23,19.200000762939453,19.200000762939453,19.299999237060547,19.0,19.049999237060547,130000
2022-12-26,19.5,19.5,19.5,19.049999237060547,19.049999237060547,72000
2022-12-27,19.25,19.25,19.549999237060547,19.25,19.350000381469727,42000
2022-12-28,19.350000381469727,19.350000381469727,19.450000762939453,19.149999618530273,19.25,59000
2022-12-29,19.049999237060547,19.049999237060547,19.75,18.950000762939453,19.75,84200
2022-12-30,19.0,19.0,19.0,18.700000762939453,18.850000381469727,78079
2023-01-03,19.100000381469727,19.100000381469727,19.100000381469727,18.799999237060547,19.049999237060547,55855
2023-01-04,19.149999618530273,19.149999618530273,19.149999618530273,18.899999618530273,19.100000381469727,14100
2023-01-05,19.149999618530273,19.149999618530273,19.149999618530273,18.899999618530273,19.100000381469727,26000
2023-01-06,19.0,19.0,19.049999237060547,18.899999618530273,19.0,16000
2023-01-09,19.0,19.0,19.0,19.0,19.0,18193
2023-01-10,19.0,19.0,19.0,18.899999618530273,19.0,28500
2023-01-11,19.0,19.0,19.0,18.850000381469727,18.950000762939453,13000
2023-01-12,19.0,19.0,19.0,18.799999237060547,18.950000762939453,16000
2023-01-13,18.899999618530273,18.899999618530273,18.950000762939453,18.799999237060547,18.799999237060547,8000
2023-01-16,18.950000762939453,18.950000762939453,18.950000762939453,18.649999618530273,18.850000381469727,33192
2023-01-17,19.399999618530273,19.399999618530273,19.399999618530273,18.899999618530273,18.899999618530273,46066
2023-01-30,19.200000762939453,19.200000762939453,19.299999237060547,19.149999618530273,19.299999237060547,25843
2023-01-31,19.200000762939453,19.200000762939453,19.25,19.149999618530273,19.200000762939453,46200
2023-02-01,19.299999237060547,19.299999237060547,19.299999237060547,19.200000762939453,19.200000762939453,39900
2023-02-02,19.399999618530273,19.399999618530273,19.399999618530273,19.350000381469727,19.350000381469727,21800
2023-02-03,19.299999237060547,19.299999237060547,19.299999237060547,19.149999618530273,19.299999237060547,16700
2023-02-06,19.200000762939453,19.200000762939453,19.200000762939453,19.049999237060547,19.049999237060547,10000
2023-02-07,19.25,19.25,19.25,19.049999237060547,19.049999237060547,19390
2023-02-08,19.299999237060547,19.299999237060547,19.5,19.299999237060547,19.299999237060547,11220
2023-02-09,19.399999618530273,19.399999618530273,19.399999618530273,19.299999237060547,19.399999618530273,10500
2023-02-10,19.200000762939453,19.200000762939453,19.399999618530273,19.200000762939453,19.399999618530273,17000
2023-02-13,19.200000762939453,19.200000762939453,19.200000762939453,19.149999618530273,19.149999618530273,13111
2023-02-14,19.299999237060547,19.299999237060547,19.450000762939453,19.100000381469727,19.100000381469727,17000
2023-02-15,19.299999237060547,19.299999237060547,19.399999618530273,19.200000762939453,19.25,22255
2023-02-16,19.399999618530273,19.399999618530273,19.399999618530273,19.299999237060547,19.299999237060547,15848
2023-02-17,19.399999618530273,19.399999618530273,19.399999618530273,19.100000381469727,19.200000762939453,24500
2023-02-20,19.75,19.75,20.649999618530273,19.299999237060547,19.450000762939453,164416
2023-02-21,19.75,19.75,19.799999237060547,19.700000762939453,19.75,25000
2023-02-22,19.649999618530273,19.649999618530273,19.799999237060547,19.450000762939453,19.450000762939453,13020
2023-02-23,19.549999237060547,19.549999237060547,19.649999618530273,19.549999237060547,19.649999618530273,14101
2023-02-24,19.700000762939453,19.700000762939453,19.799999237060547,19.649999618530273,19.649999618530273,51000
2023-03-01,19.899999618530273,19.899999618530273,19.899999618530273,19.700000762939453,19.75,51800
2023-03-02,19.799999237060547,19.799999237060547,19.950000762939453,19.799999237060547,19.950000762939453,19000
2023-03-03,19.700000762939453,19.700000762939453,19.899999618530273,19.700000762939453,19.899999618530273,17999
2023-03-06,19.75,19.75,19.75,19.649999618530273,19.75,33400
2023-03-07,19.799999237060547,19.799999237060547,19.799999237060547,19.75,19.75,29200
2023-03-08,19.700000762939453,19.700000762939453,19.799999237060547,19.600000381469727,19.799999237060547,48800
2023-03-09,19.649999618530273,19.649999618530273,20.350000381469727,19.600000381469727,20.350000381469727,86993
2023-03-10,19.25,19.25,19.75,19.100000381469727,19.75,57000
2023-03-13,19.200000762939453,19.200000762939453,19.350000381469727,19.0,19.149999618530273,26007
2023-03-14,19.200000762939453,19.200000762939453,19.350000381469727,19.200000762939453,19.350000381469727,5000
2023-03-15,19.100000381469727,19.100000381469727,19.25,19.0,19.25,28258
2023-03-16,18.799999237060547,18.799999237060547,19.0,18.700000762939453,18.799999237060547,34003
2023-03-17,19.0,19.0,19.450000762939453,18.700000762939453,19.149999618530273,31000
2023-03-20,19.0,19.0,19.0,18.649999618530273,18.700000762939453,20000
2023-03-21,19.0,19.0,19.299999237060547,18.850000381469727,19.299999237060547,72000
2023-03-22,19.0,19.0,19.149999618530273,18.850000381469727,18.850000381469727,17010
2023-03-23,19.0,19.0,19.100000381469727,18.899999618530273,18.899999618530273,39000
2023-03-24,19.049999237060547,19.049999237060547,19.100000381469727,18.950000762939453,19.049999237060547,22112
2023-03-27,19.0,19.0,19.049999237060547,18.899999618530273,19.049999237060547,13844
2023-03-28,19.049999237060547,19.049999237060547,19.100000381469727,19.0,19.100000381469727,37000
2023-03-29,19.0,19.0,19.049999237060547,18.850000381469727,18.850000381469727,27100
2023-03-30,18.899999618530273,18.899999618530273,19.0,18.700000762939453,18.899999618530273,66044
2023-03-31,18.950000762939453,18.950000762939453,19.149999618530273,18.950000762939453,19.149999618530273,24189
2023-04-06,18.950000762939453,18.950000762939453,19.0,18.950000762939453,19.0,3000
2023-04-07,18.950000762939453,18.950000762939453,19.100000381469727,18.899999618530273,19.049999237060547,80097
2023-04-10,18.950000762939453,18.950000762939453,19.049999237060547,18.950000762939453,18.950000762939453,22000
2023-04-11,19.0,19.0,19.100000381469727,18.799999237060547,19.100000381469727,58800
2023-04-12,18.950000762939453,18.950000762939453,19.049999237060547,18.899999618530273,19.049999237060547,51900
2023-04-13,18.899999618530273,18.899999618530273,19.0,18.799999237060547,19.0,32100
2023-04-14,18.850000381469727,18.850000381469727,18.899999618530273,18.799999237060547,18.899999618530273,16800
2023-04-17,18.899999618530273,18.899999618530273,18.950000762939453,18.799999237060547,18.850000381469727,59410
2023-04-18,18.799999237060547,18.799999237060547,18.950000762939453,18.799999237060547,18.799999237060547,52806
2023-04-19,18.799999237060547,18.799999237060547,18.899999618530273,18.799999237060547,18.799999237060547,26000
2023-04-20,18.75,18.75,18.899999618530273,18.700000762939453,18.799999237060547,33100
2023-04-21,18.75,18.75,18.850000381469727,18.600000381469727,18.799999237060547,90100
2023-04-24,18.5,18.5,18.700000762939453,18.25,18.700000762939453,123600
2023-04-25,18.5,18.5,18.5,18.0,18.299999237060547,125000
2023-04-26,18.350000381469727,18.350000381469727,18.5,18.25,18.5,15146
2023-04-27,18.399999618530273,18.399999618530273,18.399999618530273,18.200000762939453,18.299999237060547,27500
2023-04-28,18.399999618530273,18.399999618530273,18.450000762939453,18.25,18.25,19000
2023-05-02,18.399999618530273,18.399999618530273,18.399999618530273,18.100000381469727,18.25,109486
2023-05-03,18.200000762939453,18.200000762939453,18.350000381469727,18.149999618530273,18.149999618530273,21000
2023-05-04,18.149999618530273,18.149999618530273,18.200000762939453,18.049999237060547,18.200000762939453,30000
2023-05-05,18.200000762939453,18.200000762939453,18.25,18.049999237060547,18.100000381469727,34100
2023-05-08,18.200000762939453,18.200000762939453,18.200000762939453,18.049999237060547,18.200000762939453,31100
2023-05-09,18.200000762939453,18.200000762939453,18.200000762939453,18.049999237060547,18.049999237060547,16232
2023-05-10,18.100000381469727,18.100000381469727,18.200000762939453,18.100000381469727,18.200000762939453,7000
2023-05-11,18.0,18.0,18.149999618530273,18.0,18.0,38000
2023-05-12,18.0,18.0,18.100000381469727,18.0,18.100000381469727,10400
2023-05-15,17.600000381469727,17.600000381469727,17.899999618530273,17.299999237060547,17.899999618530273,132800
2023-05-16,17.799999237060547,17.799999237060547,17.899999618530273,17.5,17.5,21004
2023-05-17,17.649999618530273,17.649999618530273,17.850000381469727,17.600000381469727,17.850000381469727,88000
2023-05-18,17.700000762939453,17.700000762939453,17.799999237060547,17.600000381469727,17.649999618530273,53400
2023-05-19,17.600000381469727,17.600000381469727,17.75,17.549999237060547,17.600000381469727,33097
2023-05-22,17.600000381469727,17.600000381469727,18.299999237060547,17.600000381469727,17.700000762939453,62121
2023-05-23,17.649999618530273,17.649999618530273,17.799999237060547,17.600000381469727,17.600000381469727,23000
2023-05-24,17.649999618530273,17.649999618530273,17.700000762939453,17.549999237060547,17.649999618530273,46201
2023-05-25,17.5,17.5,17.600000381469727,17.149999618530273,17.600000381469727,117700
2023-05-26,17.5,17.5,17.799999237060547,17.450000762939453,17.5,70000
2023-05-29,17.649999618530273,17.649999618530273,17.75,17.350000381469727,17.75,77600
2023-05-30,17.549999237060547,17.549999237060547,17.799999237060547,17.5,17.649999618530273,30999
2023-05-31,17.600000381469727,17.600000381469727,17.700000762939453,17.549999237060547,17.700000762939453,21200
2023-06-01,17.649999618530273,17.649999618530273,17.799999237060547,17.600000381469727,17.649999618530273,58000
2023-06-02,17.649999618530273,17.649999618530273,17.700000762939453,17.600000381469727,17.649999618530273,21241
2023-06-05,17.600000381469727,17.600000381469727,17.649999618530273,17.5,17.649999618530273,39660
2023-06-06,17.5,17.5,17.549999237060547,17.5,17.549999237060547,29700
2023-06-07,17.549999237060547,17.549999237060547,17.600000381469727,17.549999237060547,17.600000381469727,13100
2023-06-08,17.5,17.5,17.600000381469727,17.5,17.5,20600
2023-06-09,17.549999237060547,17.549999237060547,17.600000381469727,17.450000762939453,17.450000762939453,50000
2023-06-12,17.450000762939453,17.450000762939453,17.5,17.350000381469727,17.350000381469727,53000
2023-06-13,17.5,17.5,17.5,17.200000762939453,17.399999618530273,77100
2023-06-14,17.450000762939453,17.450000762939453,17.5,17.299999237060547,17.5,32993
2023-06-15,17.549999237060547,17.549999237060547,17.549999237060547,17.399999618530273,17.5,31280
2023-06-16,17.5,17.5,17.549999237060547,17.450000762939453,17.450000762939453,28397
2023-06-19,17.399999618530273,17.399999618530273,17.549999237060547,17.399999618530273,17.399999618530273,35400
2023-06-20,17.5,17.5,17.5,17.350000381469727,17.399999618530273,27117
2023-06-21,17.549999237060547,17.549999237060547,17.549999237060547,17.350000381469727,17.5,57224
2023-06-26,18.0,18.0,18.200000762939453,17.549999237060547,17.549999237060547,252183
2023-06-27,17.899999618530273,17.899999618530273,18.049999237060547,17.700000762939453,17.950000762939453,112000
2023-06-28,17.799999237060547,17.799999237060547,17.899999618530273,17.649999618530273,17.899999618530273,46000
2023-06-29,17.75,17.75,17.850000381469727,17.75,17.799999237060547,45000
2023-06-30,17.700000762939453,17.700000762939453,17.950000762939453,17.649999618530273,17.950000762939453,18072
2023-07-03,17.649999618530273,17.649999618530273,17.75,17.600000381469727,17.649999618530273,58000
2023-07-04,17.549999237060547,17.549999237060547,17.649999618530273,17.549999237060547,17.649999618530273,57000
2023-07-05,17.549999237060547,17.549999237060547,17.799999237060547,17.549999237060547,17.549999237060547,50000
2023-07-06,17.549999237060547,17.549999237060547,17.600000381469727,17.5,17.549999237060547,18000
2023-07-07,17.549999237060547,17.549999237060547,17.549999237060547,17.399999618530273,17.549999237060547,32800
2023-07-10,17.549999237060547,17.549999237060547,17.649999618530273,17.549999237060547,17.549999237060547,32000
2023-07-11,17.5,17.5,17.649999618530273,17.5,17.649999618530273,40005
2023-07-12,17.5,17.5,17.5,17.399999618530273,17.5,52000
2023-07-13,17.549999237060547,17.549999237060547,17.600000381469727,17.5,17.600000381469727,39226
2023-07-14,17.399999618530273,17.399999618530273,17.600000381469727,17.299999237060547,17.399999618530273,34000
2023-07-17,17.549999237060547,17.549999237060547,17.549999237060547,17.350000381469727,17.350000381469727,16800
2023-07-18,17.5,17.5,17.5,17.350000381469727,17.5,73400
2023-07-19,17.5,17.5,17.5,17.350000381469727,17.5,21000
2023-07-20,17.5,17.5,17.5,17.299999237060547,17.299999237060547,24000
2023-07-21,17.5,17.5,17.5,17.299999237060547,17.5,41000
2023-07-24,17.5,17.5,17.5,17.200000762939453,17.350000381469727,100000
2023-07-25,17.5,17.5,17.5,17.200000762939453,17.5,67400
2023-07-26,17.450000762939453,17.450000762939453,17.5,17.299999237060547,17.350000381469727,106032
2023-07-27,17.399999618530273,17.399999618530273,17.450000762939453,17.299999237060547,17.450000762939453,84500
2023-07-28,17.399999618530273,17.399999618530273,17.450000762939453,17.399999618530273,17.450000762939453,71100
2023-07-31,17.350000381469727,17.350000381469727,17.399999618530273,17.299999237060547,17.299999237060547,21016
2023-08-01,17.399999618530273,17.399999618530273,17.450000762939453,17.350000381469727,17.399999618530273,69873
2023-08-02,17.299999237060547,17.299999237060547,17.399999618530273,17.299999237060547,17.399999618530273,25127
2023-08-04,17.25,17.25,17.450000762939453,17.049999237060547,17.299999237060547,163000
2023-08-07,17.25,17.25,17.299999237060547,17.149999618530273,17.200000762939453,60000
2023-08-08,17.100000381469727,17.100000381469727,17.149999618530273,17.049999237060547,17.149999618530273,47900
2023-08-09,17.100000381469727,17.100000381469727,17.200000762939453,17.100000381469727,17.100000381469727,16900
2023-08-10,17.100000381469727,17.100000381469727,17.200000762939453,17.0,17.100000381469727,81000
2023-08-11,17.100000381469727,17.100000381469727,17.399999618530273,17.100000381469727,17.399999618530273,13000
2023-08-14,17.100000381469727,17.100000381469727,17.149999618530273,17.0,17.100000381469727,40000
2023-08-15,17.049999237060547,17.049999237060547,17.100000381469727,17.0,17.0,19288
2023-08-16,17.049999237060547,17.049999237060547,17.100000381469727,17.0,17.100000381469727,9001
2023-08-17,17.0,17.0,17.0,16.549999237060547,16.899999618530273,39700
2023-08-18,17.0,17.0,17.049999237060547,16.700000762939453,17.049999237060547,66999
2023-08-21,16.950000762939453,16.950000762939453,16.950000762939453,16.399999618530273,16.799999237060547,279000
2023-08-22,17.0,17.0,17.100000381469727,16.75,17.0,130000
2023-08-23,16.850000381469727,16.850000381469727,17.149999618530273,16.700000762939453,17.149999618530273,179000
2023-08-24,16.700000762939453,16.700000762939453,17.049999237060547,16.549999237060547,16.899999618530273,156243
2023-08-25,17.350000381469727,17.350000381469727,17.350000381469727,16.649999618530273,16.649999618530273,113025
2023-08-28,17.0,17.0,17.350000381469727,16.799999237060547,17.350000381469727,140486
2023-08-29,17.049999237060547,17.049999237060547,17.200000762939453,16.799999237060547,17.200000762939453,10900
2023-08-30,16.799999237060547,16.799999237060547,17.0,16.799999237060547,17.0,55893
2023-08-31,16.850000381469727,16.850000381469727,16.850000381469727,16.799999237060547,16.799999237060547,28000
2023-09-01,16.75,16.75,16.950000762939453,16.649999618530273,16.649999618530273,62000
2023-09-04,17.0,17.0,17.0,16.649999618530273,16.700000762939453,73000
2023-09-05,16.850000381469727,16.850000381469727,17.0,16.799999237060547,16.950000762939453,36897
2023-09-06,16.850000381469727,16.850000381469727,17.0,16.75,17.0,71060
2023-09-07,16.950000762939453,16.950000762939453,16.950000762939453,16.75,16.799999237060547,26000
2023-09-08,16.950000762939453,16.950000762939453,17.049999237060547,16.850000381469727,17.0,14000
2023-09-11,17.100000381469727,17.100000381469727,17.399999618530273,16.950000762939453,17.049999237060547,116327
2023-09-12,17.049999237060547,17.049999237060547,17.100000381469727,16.950000762939453,17.0,112000
2023-09-13,16.950000762939453,16.950000762939453,17.100000381469727,16.899999618530273,17.049999237060547,48433
2023-09-14,17.0,17.0,17.100000381469727,16.950000762939453,17.0,43845
2023-09-15,17.0,17.0,17.100000381469727,16.950000762939453,17.100000381469727,74289
2023-09-18,17.049999237060547,17.049999237060547,17.100000381469727,16.850000381469727,16.850000381469727,96065
2023-09-19,17.100000381469727,17.100000381469727,17.149999618530273,16.899999618530273,17.049999237060547,204689
2023-09-20,17.100000381469727,17.100000381469727,17.200000762939453,17.049999237060547,17.149999618530273,96000
2023-09-21,17.0,17.0,17.0,16.899999618530273,17.0,68900
2023-09-22,17.0,17.0,17.049999237060547,17.0,17.049999237060547,39000
2023-09-25,17.049999237060547,17.049999237060547,17.049999237060547,16.950000762939453,16.950000762939453,52718
2023-09-26,17.0,17.0,17.049999237060547,16.950000762939453,16.950000762939453,12000
2023-09-27,17.049999237060547,17.049999237060547,17.049999237060547,16.899999618530273,17.049999237060547,25500
2023-09-28,17.100000381469727,17.100000381469727,17.25,17.0,17.0,19000
2023-10-02,17.0,17.0,17.049999237060547,17.0,17.049999237060547,32900
2023-10-03,17.0,17.0,17.0,17.0,17.0,2000
2023-10-04,16.899999618530273,16.899999618530273,17.100000381469727,16.799999237060547,17.0,23000
2023-10-05,16.899999618530273,16.899999618530273,17.0,16.850000381469727,17.0,29210
2023-10-06,16.75,16.75,17.049999237060547,16.75,17.0,40400
2023-10-11,16.799999237060547,16.799999237060547,16.950000762939453,16.700000762939453,16.75,30000
2023-10-12,17.0,17.0,17.0,16.899999618530273,16.950000762939453,31700
2023-10-13,17.0,17.0,17.100000381469727,16.850000381469727,17.100000381469727,30000
2023-10-16,17.0,17.0,17.049999237060547,16.899999618530273,17.049999237060547,28289
2023-10-17,16.799999237060547,16.799999237060547,16.899999618530273,16.75,16.899999618530273,19004
2023-10-18,16.899999618530273,16.899999618530273,16.899999618530273,16.649999618530273,16.700000762939453,55000
2023-10-19,16.799999237060547,16.799999237060547,16.850000381469727,16.700000762939453,16.700000762939453,10580
2023-10-20,16.799999237060547,16.799999237060547,17.299999237060547,16.649999618530273,16.700000762939453,44091
2023-10-23,16.799999237060547,16.799999237060547,16.950000762939453,16.75,16.799999237060547,24000
2023-10-24,16.75,16.75,16.899999618530273,16.700000762939453,16.700000762939453,22628
2023-10-25,16.799999237060547,16.799999237060547,16.850000381469727,16.700000762939453,16.75,35700
2023-10-26,16.700000762939453,16.700000762939453,17.149999618530273,16.700000762939453,16.700000762939453,52000
2023-10-27,16.75,16.75,16.850000381469727,16.75,16.850000381469727,4000
2023-10-30,16.700000762939453,16.700000762939453,16.799999237060547,16.649999618530273,16.799999237060547,49000
2023-10-31,16.799999237060547,16.799999237060547,16.799999237060547,16.600000381469727,16.75,23000
2023-11-01,16.799999237060547,16.799999237060547,16.850000381469727,16.799999237060547,16.850000381469727,8100
2023-11-02,16.799999237060547,16.799999237060547,16.799999237060547,16.649999618530273,16.799999237060547,18150
2023-11-03,16.700000762939453,16.700000762939453,16.850000381469727,16.549999237060547,16.850000381469727,55152
2023-11-06,16.700000762939453,16.700000762939453,16.799999237060547,16.700000762939453,16.799999237060547,22100
2023-11-07,16.649999618530273,16.649999618530273,16.700000762939453,16.649999618530273,16.700000762939453,33100
2023-11-08,16.600000381469727,16.600000381469727,16.75,16.600000381469727,16.75,21061
2023-11-09,16.549999237060547,16.549999237060547,16.700000762939453,16.299999237060547,16.600000381469727,169000
2023-11-10,16.450000762939453,16.450000762939453,16.549999237060547,16.450000762939453,16.549999237060547,6600
2023-11-13,16.350000381469727,16.350000381469727,16.450000762939453,16.049999237060547,16.299999237060547,172205
2023-11-14,16.200000762939453,16.200000762939453,16.200000762939453,16.0,16.200000762939453,115486
2023-11-15,16.0,16.0,16.200000762939453,16.0,16.149999618530273,250100
2023-11-16,15.949999809265137,15.949999809265137,16.100000381469727,15.5,16.100000381469727,411100
2023-11-17,15.899999618530273,15.899999618530273,15.899999618530273,15.75,15.850000381469727,28267
2023-11-20,16.0,16.0,16.0,15.800000190734863,15.899999618530273,108004
2023-11-21,16.200000762939453,16.200000762939453,16.399999618530273,15.949999809265137,16.0,260000
2023-11-22,16.299999237060547,16.299999237060547,16.299999237060547,16.100000381469727,16.100000381469727,125000
2023-11-23,16.299999237060547,16.299999237060547,16.5,16.25,16.299999237060547,152000
2023-11-24,16.299999237060547,16.299999237060547,16.299999237060547,16.200000762939453,16.299999237060547,35400
2023-11-27,16.149999618530273,16.149999618530273,16.299999237060547,16.149999618530273,16.299999237060547,32000
2023-11-28,16.200000762939453,16.200000762939453,16.200000762939453,16.0,16.0,27296
2023-11-29,16.100000381469727,16.100000381469727,16.25,16.0,16.200000762939453,15000
2023-11-30,16.0,16.0,16.200000762939453,16.0,16.200000762939453,29067
2023-12-01,16.049999237060547,16.049999237060547,16.200000762939453,15.949999809265137,16.049999237060547,84000
2023-12-04,16.049999237060547,16.049999237060547,16.149999618530273,15.899999618530273,16.149999618530273,39300
2023-12-05,16.0,16.0,16.0,15.899999618530273,15.899999618530273,40000
2023-12-06,16.149999618530273,16.149999618530273,16.25,16.0,16.049999237060547,118371
2023-12-07,16.149999618530273,16.149999618530273,16.25,16.149999618530273,16.149999618530273,99000
2023-12-08,16.149999618530273,16.149999618530273,16.200000762939453,16.100000381469727,16.200000762939453,40500
2023-12-11,16.0,16.0,16.299999237060547,16.0,16.200000762939453,228307
2023-12-12,16.200000762939453,16.200000762939453,16.200000762939453,16.100000381469727,16.200000762939453,56800
2023-12-13,16.25,16.25,16.299999237060547,16.100000381469727,16.299999237060547,76193
2023-12-14,16.299999237060547,16.299999237060547,16.299999237060547,16.200000762939453,16.25,40800
2023-12-15,16.100000381469727,16.100000381469727,16.350000381469727,16.100000381469727,16.299999237060547,60408
2023-12-18,16.200000762939453,16.200000762939453,16.200000762939453,16.100000381469727,16.200000762939453,56599
2023-12-19,16.149999618530273,16.149999618530273,16.25,16.0,16.200000762939453,51000
2023-12-20,16.149999618530273,16.149999618530273,16.149999618530273,16.049999237060547,16.049999237060547,11600
2023-12-21,16.049999237060547,16.049999237060547,16.25,16.0,16.0,59000
2023-12-22,16.100000381469727,16.100000381469727,16.149999618530273,16.100000381469727,16.100000381469727,46800
2023-12-25,16.100000381469727,16.100000381469727,16.25,16.100000381469727,16.100000381469727,63900
2023-12-26,16.200000762939453,16.200000762939453,16.25,16.0,16.100000381469727,120500
2023-12-27,16.450000762939453,16.450000762939453,16.950000762939453,16.149999618530273,16.149999618530273,668000
2023-12-28,16.350000381469727,16.350000381469727,16.549999237060547,16.25,16.450000762939453,223100
2023-12-29,16.450000762939453,16.450000762939453,16.5,16.299999237060547,16.299999237060547,243000
2024-01-02,16.350000381469727,16.350000381469727,16.5,16.299999237060547,16.450000762939453,258000
2024-01-03,16.399999618530273,16.399999618530273,16.399999618530273,16.200000762939453,16.350000381469727,92000
2024-01-04,16.450000762939453,16.450000762939453,16.549999237060547,16.299999237060547,16.299999237060547,114000
2024-01-05,17.049999237060547,17.049999237060547,17.600000381469727,16.450000762939453,16.549999237060547,401697
2024-01-08,17.149999618530273,17.149999618530273,17.25,17.049999237060547,17.100000381469727,166000
2024-01-09,17.149999618530273,17.149999618530273,17.799999237060547,17.0,17.149999618530273,409100
2024-01-10,17.149999618530273,17.149999618530273,17.149999618530273,17.0,17.0,83900
2024-01-11,17.100000381469727,17.100000381469727,17.5,17.100000381469727,17.200000762939453,393106
2024-01-12,17.200000762939453,17.200000762939453,17.350000381469727,17.100000381469727,17.350000381469727,96007
2024-01-15,17.149999618530273,17.149999618530273,17.399999618530273,17.100000381469727,17.399999618530273,150100
2024-01-16,16.799999237060547,16.799999237060547,17.200000762939453,16.75,17.200000762939453,161000
2024-01-17,16.549999237060547,16.549999237060547,16.700000762939453,16.399999618530273,16.700000762939453,187256
2024-01-18,16.450000762939453,16.450000762939453,16.75,16.399999618530273,16.549999237060547,69100
2024-01-19,16.600000381469727,16.600000381469727,16.799999237060547,16.450000762939453,16.450000762939453,41150
2024-01-22,16.700000762939453,16.700000762939453,16.75,16.549999237060547,16.75,42891
2024-01-23,16.549999237060547,16.549999237060547,16.700000762939453,16.5,16.700000762939453,21100
2024-01-24,16.5,16.5,16.75,16.450000762939453,16.75,83395
2024-01-25,16.649999618530273,16.649999618530273,16.700000762939453,16.5,16.5,79000
2024-01-26,16.649999618530273,16.649999618530273,16.75,16.549999237060547,16.549999237060547,51200
2024-01-29,16.600000381469727,16.600000381469727,16.649999618530273,16.450000762939453,16.649999618530273,95130
2024-01-30,16.5,16.5,16.649999618530273,16.5,16.649999618530273,43000
2024-01-31,16.450000762939453,16.450000762939453,16.600000381469727,16.450000762939453,16.600000381469727,48000
2024-02-01,16.549999237060547,16.549999237060547,16.600000381469727,16.450000762939453,16.5,36900
2024-02-02,16.450000762939453,16.450000762939453,16.600000381469727,16.399999618530273,16.549999237060547,61000
2024-02-05,16.5,16.5,16.549999237060547,16.350000381469727,16.399999618530273,52000
2024-02-15,16.399999618530273,16.399999618530273,16.600000381469727,16.350000381469727,16.450000762939453,114900
2024-02-16,16.799999237060547,16.799999237060547,16.850000381469727,16.5,16.5,160160
2024-02-19,18.450000762939453,18.450000762939453,18.450000762939453,16.950000762939453,16.950000762939453,1860447
2024-02-20,17.850000381469727,17.850000381469727,19.100000381469727,17.850000381469727,19.0,2769201
2024-02-21,17.950000762939453,17.950000762939453,18.200000762939453,17.75,18.0,1394518
2024-02-22,18.200000762939453,18.200000762939453,18.299999237060547,17.850000381469727,18.0,3367731
2024-02-23,19.350000381469727,19.350000381469727,19.450000762939453,18.100000381469727,18.299999237060547,8910679
2024-02-26,19.25,19.25,19.700000762939453,19.049999237060547,19.600000381469727,3437100
2024-02-27,20.0,20.0,20.450000762939453,18.899999618530273,19.25,5003310
2024-02-29,22.0,22.0,22.0,20.200000762939453,20.200000762939453,5402383
2024-03-01,21.25,21.25,22.100000381469727,21.049999237060547,22.0,5872919
2024-03-04,21.200000762939453,21.200000762939453,21.700000762939453,21.100000381469727,21.100000381469727,1731264
2024-03-05,21.799999237060547,21.799999237060547,21.799999237060547,21.200000762939453,21.200000762939453,1965010
2024-03-06,21.450000762939453,21.450000762939453,22.600000381469727,21.399999618530273,22.399999618530273,3303899
2024-03-07,20.100000381469727,20.100000381469727,21.5,20.100000381469727,21.5,2496397
2024-03-08,19.700000762939453,19.700000762939453,20.350000381469727,19.350000381469727,20.25,1382833
2024-03-11,20.100000381469727,20.100000381469727,20.299999237060547,19.700000762939453,19.700000762939453,553498
2024-03-12,20.149999618530273,20.149999618530273,20.299999237060547,20.049999237060547,20.100000381469727,356743
2024-03-13,19.600000381469727,19.600000381469727,20.100000381469727,19.299999237060547,20.100000381469727,843700
2024-03-14,19.649999618530273,19.649999618530273,19.850000381469727,19.350000381469727,19.700000762939453,376000
2024-03-15,19.549999237060547,19.549999237060547,19.899999618530273,19.350000381469727,19.350000381469727,357247
2024-03-18,19.600000381469727,19.600000381469727,19.75,19.549999237060547,19.75,258050
2024-03-19,19.600000381469727,19.600000381469727,19.700000762939453,19.549999237060547,19.600000381469727,357524
2024-03-20,18.700000762939453,18.700000762939453,19.549999237060547,18.700000762939453,19.549999237060547,907486
2024-03-21,18.600000381469727,18.600000381469727,18.950000762939453,18.549999237060547,18.799999237060547,381115
2024-03-22,18.5,18.5,19.0,18.5,18.549999237060547,393839
2024-03-25,18.700000762939453,18.700000762939453,18.799999237060547,18.5,18.600000381469727,461720
2024-03-26,18.149999618530273,18.149999618530273,18.700000762939453,18.100000381469727,18.700000762939453,586170
2024-03-27,18.25,18.25,18.350000381469727,18.149999618530273,18.200000762939453,286000
2024-03-28,18.200000762939453,18.200000762939453,18.399999618530273,18.149999618530273,18.350000381469727,180187
2024-03-29,17.850000381469727,17.850000381469727,18.299999237060547,17.850000381469727,18.299999237060547,365000
2024-04-01,18.25,18.25,18.299999237060547,18.0,18.299999237060547,342336
2024-04-02,18.25,18.25,18.600000381469727,18.200000762939453,18.200000762939453,338800
2024-04-03,18.0,18.0,18.149999618530273,17.799999237060547,18.100000381469727,248000
2024-04-08,17.850000381469727,17.850000381469727,18.100000381469727,17.700000762939453,18.0,186310
2024-04-09,17.799999237060547,17.799999237060547,17.950000762939453,17.75,17.850000381469727,193350
2024-04-10,18.100000381469727,18.100000381469727,18.299999237060547,17.850000381469727,18.0,216000
2024-04-11,18.899999618530273,18.899999618530273,19.25,18.600000381469727,19.0,1471500
2024-04-12,18.700000762939453,18.700000762939453,18.700000762939453,18.399999618530273,18.649999618530273,360064
2024-04-15,18.399999618530273,18.399999618530273,18.700000762939453,18.350000381469727,18.700000762939453,313000
2024-04-16,17.950000762939453,17.950000762939453,18.299999237060547,17.850000381469727,18.299999237060547,501208
2024-04-17,18.100000381469727,18.100000381469727,18.350000381469727,18.0,18.0,369130
2024-04-18,18.100000381469727,18.100000381469727,18.25,17.799999237060547,18.200000762939453,440400
2024-04-19,17.950000762939453,17.950000762939453,18.100000381469727,17.5,18.100000381469727,443160
2024-04-22,17.850000381469727,17.850000381469727,18.5,17.850000381469727,18.049999237060547,600000
2024-04-23,17.700000762939453,17.700000762939453,17.950000762939453,17.600000381469727,17.899999618530273,252012
2024-04-24,17.649999618530273,17.649999618530273,17.75,17.549999237060547,17.75,191791
2024-04-25,17.100000381469727,17.100000381469727,17.700000762939453,17.049999237060547,17.700000762939453,364000
2024-04-26,17.100000381469727,17.100000381469727,17.350000381469727,17.0,17.149999618530273,425000
2024-04-29,17.100000381469727,17.100000381469727,17.299999237060547,17.0,17.100000381469727,473210
2024-04-30,17.100000381469727,17.100000381469727,17.25,17.049999237060547,17.100000381469727,954400
2024-05-02,17.049999237060547,17.049999237060547,17.149999618530273,16.649999618530273,17.100000381469727,473000
2024-05-03,16.950000762939453,16.950000762939453,17.200000762939453,16.899999618530273,17.0,236010
2024-05-06,16.950000762939453,16.950000762939453,17.049999237060547,16.950000762939453,17.0,302000
2024-05-07,18.600000381469727,18.600000381469727,18.600000381469727,17.049999237060547,17.149999618530273,2393932
2024-05-08,18.399999618530273,18.399999618530273,19.200000762939453,18.0,18.350000381469727,1546389
2024-05-09,18.399999618530273,18.399999618530273,18.899999618530273,18.149999618530273,18.399999618530273,536050
2024-05-10,18.200000762939453,18.200000762939453,18.5,18.149999618530273,18.5,313900
2024-05-13,17.100000381469727,17.100000381469727,17.700000762939453,16.850000381469727,17.700000762939453,954300
2024-05-14,17.0,17.0,17.299999237060547,16.899999618530273,17.149999618530273,490120
2024-05-15,16.450000762939453,16.450000762939453,17.0,16.399999618530273,17.0,1100038
2024-05-16,16.649999618530273,16.649999618530273,16.649999618530273,16.350000381469727,16.5,518151
2024-05-17,16.649999618530273,16.649999618530273,16.75,16.399999618530273,16.649999618530273,297145
2024-05-20,16.5,16.5,16.649999618530273,16.399999618530273,16.600000381469727,287500
2024-05-21,16.600000381469727,16.600000381469727,16.600000381469727,16.450000762939453,16.5,186181
2024-05-22,16.899999618530273,16.899999618530273,17.049999237060547,16.5,16.700000762939453,327000
2024-05-23,16.649999618530273,16.649999618530273,16.799999237060547,16.450000762939453,16.799999237060547,280868
2024-05-24,16.850000381469727,16.850000381469727,16.899999618530273,16.450000762939453,16.5,260000
2024-05-27,16.850000381469727,16.850000381469727,16.950000762939453,16.649999618530273,16.799999237060547,209000
2024-05-28,17.399999618530273,17.399999618530273,17.399999618530273,16.950000762939453,16.950000762939453,511376
2024-05-29,17.049999237060547,17.049999237060547,17.399999618530273,17.0,17.399999618530273,316000
2024-05-30,17.0,17.0,17.25,17.0,17.25,123082
2024-05-31,16.850000381469727,16.850000381469727,17.049999237060547,16.850000381469727,17.0,208500
2024-06-03,16.850000381469727,16.850000381469727,16.950000762939453,16.600000381469727,16.950000762939453,281002
2024-06-04,16.75,16.75,16.950000762939453,16.700000762939453,16.799999237060547,99000
2024-06-05,16.799999237060547,16.799999237060547,17.100000381469727,16.700000762939453,16.75,175044
2024-06-06,16.600000381469727,16.600000381469727,16.799999237060547,16.5,16.75,274486
2024-06-07,16.799999237060547,16.799999237060547,16.799999237060547,16.5,16.5,191000
2024-06-11,16.549999237060547,16.549999237060547,16.75,16.450000762939453,16.649999618530273,188185
2024-06-12,16.200000762939453,16.200000762939453,16.75,16.200000762939453,16.75,293000
2024-06-13,16.200000762939453,16.200000762939453,16.299999237060547,15.899999618530273,16.299999237060547,178100
2024-06-14,16.25,16.25,16.5,16.0,16.200000762939453,244000
2024-06-17,16.399999618530273,16.399999618530273,16.700000762939453,16.25,16.25,215586
2024-06-18,16.299999237060547,16.299999237060547,16.549999237060547,16.200000762939453,16.549999237060547,115100
2024-06-19,16.100000381469727,16.100000381469727,16.5,16.049999237060547,16.5,273009
2024-06-20,16.549999237060547,16.549999237060547,16.75,16.049999237060547,16.100000381469727,388000
2024-06-21,16.399999618530273,16.399999618530273,16.600000381469727,16.399999618530273,16.600000381469727,143010
2024-06-24,16.600000381469727,16.600000381469727,16.799999237060547,16.25,16.25,240535
2024-06-25,16.450000762939453,16.450000762939453,16.799999237060547,16.299999237060547,16.799999237060547,128610
2024-06-26,16.350000381469727,16.350000381469727,16.5,16.200000762939453,16.450000762939453,202125
2024-06-27,16.25,16.25,16.399999618530273,16.149999618530273,16.200000762939453,139261
2024-06-28,16.450000762939453,16.450000762939453,16.450000762939453,16.25,16.25,135000
2024-07-01,16.600000381469727,16.600000381469727,16.649999618530273,16.299999237060547,16.450000762939453,181000
2024-07-02,16.399999618530273,16.399999618530273,16.700000762939453,16.399999618530273,16.700000762939453,181089
2024-07-03,17.049999237060547,17.049999237060547,17.200000762939453,16.600000381469727,16.600000381469727,427500
2024-07-04,17.399999618530273,17.399999618530273,17.700000762939453,17.049999237060547,17.049999237060547,580029
2024-07-05,17.899999618530273,17.899999618530273,18.299999237060547,17.5,17.700000762939453,845948
2024-07-08,18.049999237060547,18.049999237060547,18.350000381469727,17.600000381469727,18.299999237060547,332216
2024-07-09,17.600000381469727,17.600000381469727,18.049999237060547,17.149999618530273,18.049999237060547,314080
2024-07-10,17.600000381469727,17.600000381469727,17.899999618530273,17.100000381469727,17.100000381469727,141800
2024-07-11,17.350000381469727,17.350000381469727,17.75,17.149999618530273,17.399999618530273,231112
2024-07-12,17.350000381469727,17.350000381469727,17.399999618530273,17.200000762939453,17.399999618530273,141101
2024-07-15,17.100000381469727,17.100000381469727,17.399999618530273,17.049999237060547,17.200000762939453,165290
2024-07-16,17.200000762939453,17.200000762939453,17.399999618530273,17.200000762939453,17.200000762939453,70000
2024-07-17,17.399999618530273,17.399999618530273,17.899999618530273,17.25,17.350000381469727,277079
2024-07-18,17.200000762939453,17.200000762939453,17.399999618530273,17.149999618530273,17.399999618530273,90131
2024-07-19,16.950000762939453,16.950000762939453,17.399999618530273,16.899999618530273,17.399999618530273,226500
2024-07-22,16.600000381469727,16.600000381469727,16.899999618530273,16.299999237060547,16.850000381469727,217100
2024-07-23,16.649999618530273,16.649999618530273,16.950000762939453,16.600000381469727,16.700000762939453,138016
2024-07-26,16.700000762939453,16.700000762939453,17.0,16.299999237060547,16.600000381469727,154500
2024-07-29,16.450000762939453,16.450000762939453,16.75,16.299999237060547,16.549999237060547,162200
2024-07-30,16.450000762939453,16.450000762939453,16.5,16.200000762939453,16.450000762939453,54000
2024-07-31,16.450000762939453,16.450000762939453,16.700000762939453,16.25,16.5,176100
2024-08-01,16.799999237060547,16.799999237060547,16.799999237060547,16.299999237060547,16.5,136500
2024-08-02,16.25,16.25,16.700000762939453,16.25,16.700000762939453,174272
2024-08-05,14.649999618530273,14.649999618530273,16.049999237060547,14.649999618530273,16.049999237060547,654072
2024-08-06,14.350000381469727,14.350000381469727,14.399999618530273,13.300000190734863,14.0,500020
2024-08-07,14.699999809265137,14.699999809265137,15.300000190734863,14.350000381469727,14.350000381469727,362000
2024-08-08,14.600000381469727,14.600000381469727,15.149999618530273,14.350000381469727,14.649999618530273,235307
2024-08-09,14.550000190734863,14.550000190734863,14.800000190734863,14.550000190734863,14.75,197700
2024-08-12,14.550000190734863,14.550000190734863,14.800000190734863,14.5,14.550000190734863,132337
2024-08-13,14.75,14.75,14.850000381469727,14.399999618530273,14.550000190734863,113005
2024-08-14,14.600000381469727,14.600000381469727,14.899999618530273,14.550000190734863,14.800000190734863,153150
2024-08-15,14.850000381469727,14.850000381469727,14.949999809265137,14.600000381469727,14.699999809265137,112750
2024-08-16,14.75,14.75,15.100000381469727,14.75,15.0,225800
2024-08-19,14.100000381469727,14.100000381469727,14.800000190734863,14.100000381469727,14.649999618530273,560458
2024-08-20,14.550000190734863,14.550000190734863,14.600000381469727,14.149999618530273,14.149999618530273,252225
2024-08-21,14.550000190734863,14.550000190734863,14.75,14.350000381469727,14.550000190734863,159948
2024-08-22,14.550000190734863,14.550000190734863,14.649999618530273,14.399999618530273,14.550000190734863,101900
2024-08-23,14.350000381469727,14.350000381469727,14.649999618530273,14.25,14.399999618530273,98031
2024-08-26,14.399999618530273,14.399999618530273,14.5,14.25,14.350000381469727,125600
2024-08-27,14.399999618530273,14.399999618530273,14.550000190734863,14.25,14.300000190734863,66500
2024-08-28,14.449999809265137,14.449999809265137,14.550000190734863,14.300000190734863,14.399999618530273,116900
2024-08-29,14.25,14.25,14.5,14.100000381469727,14.449999809265137,243897
2024-08-30,14.25,14.25,14.350000381469727,14.149999618530273,14.25,98800
2024-09-02,14.149999618530273,14.149999618530273,14.350000381469727,14.100000381469727,14.300000190734863,131060
2024-09-03,14.149999618530273,14.149999618530273,14.199999809265137,14.0,14.149999618530273,110700
2024-09-04,13.300000190734863,13.300000190734863,14.050000190734863,13.300000190734863,13.800000190734863,426102
2024-09-05,13.449999809265137,13.449999809265137,13.649999618530273,13.149999618530273,13.300000190734863,228000
2024-09-06,13.300000190734863,13.300000190734863,13.399999618530273,13.050000190734863,13.25,213000
2024-09-09,13.25,13.25,13.300000190734863,13.0,13.0,81200
2024-09-10,13.149999618530273,13.149999618530273,13.399999618530273,13.0,13.25,229373
2024-09-11,13.149999618530273,13.149999618530273,13.25,13.050000190734863,13.050000190734863,106310
2024-09-12,13.149999618530273,13.149999618530273,13.300000190734863,13.149999618530273,13.149999618530273,86700
2024-09-13,13.300000190734863,13.300000190734863,13.300000190734863,13.149999618530273,13.149999618530273,59800
2024-09-16,14.100000381469727,14.100000381469727,14.25,13.25,13.350000381469727,422901
2024-09-18,14.100000381469727,14.100000381469727,14.300000190734863,14.050000190734863,14.100000381469727,191000
2024-09-19,14.149999618530273,14.149999618530273,14.199999809265137,14.0,14.149999618530273,70030
2024-09-20,14.100000381469727,14.100000381469727,14.300000190734863,14.100000381469727,14.199999809265137,118369
2024-09-23,14.050000190734863,14.050000190734863,14.25,14.050000190734863,14.199999809265137,53000
2024-09-24,14.050000190734863,14.050000190734863,14.300000190734863,14.050000190734863,14.149999618530273,117000
2024-09-25,14.25,14.25,14.5,14.050000190734863,14.25,221000
2024-09-26,14.100000381469727,14.100000381469727,14.399999618530273,14.100000381469727,14.350000381469727,134200
2024-09-27,14.100000381469727,14.100000381469727,14.399999618530273,14.0,14.199999809265137,205937
2024-09-30,13.850000381469727,13.850000381469727,14.149999618530273,13.850000381469727,14.0,138122
2024-10-01,13.949999809265137,13.949999809265137,14.0,13.850000381469727,13.949999809265137,61100
2024-10-04,13.949999809265137,13.949999809265137,13.949999809265137,13.699999809265137,13.850000381469727,97120
2024-10-07,13.850000381469727,13.850000381469727,14.0,13.850000381469727,14.0,75001
2024-10-08,13.699999809265137,13.699999809265137,13.899999618530273,13.699999809265137,13.899999618530273,93100
2024-10-09,13.5,13.5,13.800000190734863,13.449999809265137,13.699999809265137,252500
2024-10-11,13.449999809265137,13.449999809265137,13.550000190734863,13.350000381469727,13.550000190734863,86464
2024-10-14,13.199999809265137,13.199999809265137,13.449999809265137,13.0,13.449999809265137,275106
2024-10-15,13.199999809265137,13.199999809265137,13.25,13.100000381469727,13.25,89000
2024-10-16,13.199999809265137,13.199999809265137,13.199999809265137,12.850000381469727,13.199999809265137,588000
2024-10-17,13.199999809265137,13.199999809265137,13.25,13.149999618530273,13.199999809265137,57251
2024-10-18,13.149999618530273,13.149999618530273,13.149999618530273,12.899999618530273,13.149999618530273,185000
2024-10-21,13.199999809265137,13.199999809265137,13.300000190734863,13.0,13.050000190734863,81000
2024-10-22,13.350000381469727,13.350000381469727,13.350000381469727,13.149999618530273,13.199999809265137,114000
2024-10-23,13.300000190734863,13.300000190734863,13.399999618530273,13.25,13.350000381469727,70048
2024-10-24,13.300000190734863,13.300000190734863,13.399999618530273,13.25,13.399999618530273,34100
2024-10-25,13.350000381469727,13.350000381469727,13.350000381469727,13.25,13.25,63822
2024-10-28,13.149999618530273,13.149999618530273,13.300000190734863,13.050000190734863,13.300000190734863,94000
2024-10-29,13.0,13.0,13.199999809265137,12.949999809265137,13.149999618530273,79010
2024-10-30,13.050000190734863,13.050000190734863,13.25,13.0,13.0,69100
2024-11-01,13.100000381469727,13.100000381469727,13.100000381469727,12.600000381469727,13.050000190734863,95000
2024-11-04,13.050000190734863,13.050000190734863,13.199999809265137,13.050000190734863,13.100000381469727,63700
2024-11-05,13.300000190734863,13.300000190734863,13.300000190734863,13.050000190734863,13.050000190734863,102900
2024-11-06,13.25,13.25,13.449999809265137,13.25,13.300000190734863,224000
2024-11-07,13.25,13.25,13.300000190734863,13.100000381469727,13.100000381469727,87700
2024-11-08,13.050000190734863,13.050000190734863,13.199999809265137,13.0,13.149999618530273,69241
2024-11-11,13.0,13.0,13.050000190734863,12.899999618530273,13.050000190734863,90290
2024-11-12,13.0,13.0,13.0,12.649999618530273,12.649999618530273,111800
2024-11-13,13.0,13.0,13.0,12.800000190734863,12.800000190734863,94080
2024-11-14,12.850000381469727,12.850000381469727,12.949999809265137,12.699999809265137,12.899999618530273,93001
2024-11-15,12.850000381469727,12.850000381469727,12.899999618530273,12.699999809265137,12.850000381469727,136900
2024-11-18,12.75,12.75,12.850000381469727,12.600000381469727,12.850000381469727,149300
2024-11-19,12.649999618530273,12.649999618530273,12.75,12.649999618530273,12.649999618530273,114010
2024-11-20,12.600000381469727,12.600000381469727,12.600000381469727,12.600000381469727,12.600000381469727,218683
2024-11-21,12.449999809265137,12.449999809265137,12.5,12.25,12.5,277748
2024-11-22,12.5,12.5,12.5,12.100000381469727,12.399999618530273,356900
2024-11-25,12.550000190734863,12.550000190734863,12.550000190734863,12.25,12.5,242100
2024-11-26,12.550000190734863,12.550000190734863,12.550000190734863,12.300000190734863,12.399999618530273,199900
2024-11-27,12.399999618530273,12.399999618530273,12.399999618530273,12.149999618530273,12.399999618530273,263035
2024-11-28,12.300000190734863,12.300000190734863,12.399999618530273,12.100000381469727,12.399999618530273,167004
2024-11-29,12.300000190734863,12.300000190734863,12.300000190734863,12.100000381469727,12.149999618530273,169000
2024-12-02,12.5,12.5,12.600000381469727,12.25,12.449999809265137,304067
2024-12-03,12.5,12.5,12.5,12.25,12.350000381469727,241000
2024-12-04,12.550000190734863,12.550000190734863,12.550000190734863,12.350000381469727,12.399999618530273,260100
2024-12-05,13.800000190734863,13.800000190734863,13.800000190734863,12.5,12.5,1105500
2024-12-06,15.149999618530273,15.149999618530273,15.149999618530273,13.800000190734863,13.899999618530273,3132900
2024-12-09,15.199999809265137,15.199999809265137,16.5,15.149999618530273,15.449999809265137,6409176
2024-12-10,15.100000381469727,15.100000381469727,15.600000381469727,14.399999618530273,15.600000381469727,1731120
2024-12-11,14.649999618530273,14.649999618530273,15.0,14.449999809265137,15.0,756000
2024-12-12,14.050000190734863,14.050000190734863,14.649999618530273,13.699999809265137,14.649999618530273,886900
2024-12-13,14.050000190734863,14.050000190734863,14.050000190734863,13.649999618530273,14.050000190734863,707001
2024-12-16,14.050000190734863,14.050000190734863,14.149999618530273,13.649999618530273,14.149999618530273,427351
2024-12-17,14.25,14.25,14.600000381469727,13.649999618530273,14.149999618530273,626100
2024-12-18,14.25,14.25,14.25,13.949999809265137,14.25,284035
2024-12-19,14.100000381469727,14.100000381469727,14.350000381469727,13.899999618530273,14.300000190734863,367014
2024-12-20,14.050000190734863,14.050000190734863,14.100000381469727,13.850000381469727,14.0,186002
2024-12-23,14.300000190734863,14.300000190734863,14.449999809265137,14.050000190734863,14.199999809265137,412039
2024-12-24,14.300000190734863,14.300000190734863,14.449999809265137,14.050000190734863,14.300000190734863,334008
2024-12-25,14.199999809265137,14.199999809265137,14.25,14.050000190734863,14.149999618530273,262030
2024-12-26,15.0,15.0,15.300000190734863,14.149999618530273,14.25,1167002
2024-12-27,16.5,16.5,16.5,16.5,16.5,1439600
2024-12-30,16.850000381469727,16.850000381469727,18.149999618530273,16.75,16.850000381469727,11519357
2024-12-31,15.800000190734863,15.800000190734863,17.25,15.75,16.700000762939453,4171150
2025-01-02,17.350000381469727,17.350000381469727,17.350000381469727,15.899999618530273,16.0,4788006
2025-01-03,16.399999618530273,16.399999618530273,18.700000762939453,16.399999618530273,17.600000381469727,12438110
2025-01-06,16.149999618530273,16.149999618530273,16.450000762939453,15.899999618530273,16.399999618530273,2249414
2025-01-07,16.799999237060547,16.799999237060547,17.75,16.200000762939453,16.299999237060547,7466089
2025-01-08,16.899999618530273,16.899999618530273,17.25,16.399999618530273,16.5,3274723
2025-01-09,16.950000762939453,16.950000762939453,17.450000762939453,16.450000762939453,16.850000381469727,2338200
2025-01-10,16.399999618530273,16.399999618530273,17.049999237060547,16.399999618530273,16.799999237060547,1527100
2025-01-13,14.800000190734863,14.800000190734863,16.25,14.800000190734863,16.25,2130343
2025-01-14,15.050000190734863,15.050000190734863,15.399999618530273,14.699999809265137,15.0,1199501
2025-01-15,14.649999618530273,14.649999618530273,15.149999618530273,14.399999618530273,14.949999809265137,932160
2025-01-16,14.649999618530273,14.649999618530273,15.199999809265137,14.649999618530273,15.0,798120
2025-01-17,14.649999618530273,14.649999618530273,15.25,14.649999618530273,14.899999618530273,777000
2025-01-20,14.300000190734863,14.300000190734863,14.699999809265137,14.300000190734863,14.699999809265137,605110
2025-01-21,13.949999809265137,13.949999809265137,14.350000381469727,13.949999809265137,14.300000190734863,814160
2025-01-22,14.100000381469727,14.100000381469727,14.25,13.850000381469727,14.199999809265137,641700
2025-02-03,14.050000190734863,14.050000190734863,14.25,13.5,13.899999618530273,396000
2025-02-04,14.149999618530273,14.149999618530273,14.25,13.949999809265137,14.100000381469727,253000
2025-02-05,15.199999809265137,15.199999809265137,15.550000190734863,14.25,14.300000190734863,1605867
2025-02-06,15.800000190734863,15.800000190734863,16.700000762939453,15.800000190734863,15.899999618530273,4896300
2025-02-07,16.700000762939453,16.700000762939453,17.299999237060547,15.649999618530273,15.649999618530273,4872920
2025-02-10,16.549999237060547,16.549999237060547,17.049999237060547,16.399999618530273,16.850000381469727,2261431
2025-02-11,16.149999618530273,16.149999618530273,16.5,16.0,16.450000762939453,1507100
2025-02-12,15.899999618530273,15.899999618530273,16.350000381469727,15.75,16.25,1129000
2025-02-13,15.800000190734863,15.800000190734863,16.049999237060547,15.399999618530273,15.899999618530273,1957040
2025-02-14,15.25,15.25,16.0,15.199999809265137,15.800000190734863,1080145
2025-02-17,15.25,15.25,15.449999809265137,15.050000190734863,15.149999618530273,576000
2025-02-18,15.100000381469727,15.100000381469727,15.399999618530273,15.050000190734863,15.300000190734863,490000
2025-02-19,15.0,15.0,15.300000190734863,15.0,15.100000381469727,702800
2025-02-20,15.100000381469727,15.100000381469727,15.199999809265137,14.699999809265137,15.050000190734863,1057000
2025-02-21,16.600000381469727,16.600000381469727,16.600000381469727,15.050000190734863,15.25,5498510
2025-02-24,16.5,16.5,17.0,16.0,16.149999618530273,4839500
2025-02-25,16.25,16.25,16.649999618530273,16.100000381469727,16.299999237060547,1517020
2025-02-26,16.600000381469727,16.600000381469727,17.350000381469727,16.200000762939453,16.200000762939453,3967362
2025-02-27,15.699999809265137,15.699999809265137,17.100000381469727,15.699999809265137,16.899999618530273,3717227
2025-03-03,15.5,15.5,15.600000381469727,15.25,15.350000381469727,902000
2025-03-04,15.75,15.75,15.949999809265137,15.100000381469727,15.449999809265137,634150
2025-03-05,16.200000762939453,16.200000762939453,16.5,15.5,15.899999618530273,1037163
2025-03-06,15.649999618530273,15.649999618530273,16.450000762939453,15.649999618530273,16.450000762939453,1048000
2025-03-07,15.300000190734863,15.300000190734863,15.699999809265137,15.25,15.600000381469727,499018
2025-03-10,15.149999618530273,15.149999618530273,15.600000381469727,15.100000381469727,15.199999809265137,377010
2025-03-11,15.25,15.25,15.399999618530273,14.199999809265137,14.800000190734863,1081100
2025-03-12,15.100000381469727,15.100000381469727,15.600000381469727,15.050000190734863,15.300000190734863,427000
2025-03-13,14.600000381469727,14.600000381469727,15.300000190734863,14.5,15.100000381469727,779030
2025-03-14,14.449999809265137,14.449999809265137,14.75,14.449999809265137,14.699999809265137,444080
2025-03-17,14.449999809265137,14.449999809265137,14.75,14.399999618530273,14.550000190734863,315000
2025-03-18,14.600000381469727,14.600000381469727,14.800000190734863,14.5,14.649999618530273,344000
2025-03-19,14.449999809265137,14.449999809265137,14.850000381469727,14.399999618530273,14.699999809265137,355000
2025-03-20,14.699999809265137,14.699999809265137,15.0,14.600000381469727,15.0,383000
2025-03-21,14.5,14.5,14.850000381469727,14.5,14.75,330000
2025-03-24,14.199999809265137,14.199999809265137,15.0,14.100000381469727,14.649999618530273,709545
2025-03-25,14.149999618530273,14.149999618530273,14.300000190734863,14.0,14.25,231000
2025-03-26,14.149999618530273,14.149999618530273,14.399999618530273,14.100000381469727,14.300000190734863,231000
2025-03-27,13.949999809265137,13.949999809265137,14.149999618530273,13.899999618530273,14.149999618530273,228000
2025-03-28,13.149999618530273,13.149999618530273,13.949999809265137,13.0,13.949999809265137,1061000
2025-03-31,12.350000381469727,12.350000381469727,12.850000381469727,12.25,12.449999809265137,883010
2025-04-01,12.550000190734863,12.550000190734863,12.699999809265137,12.300000190734863,12.5,315800
2025-04-02,12.449999809265137,12.449999809265137,12.899999618530273,12.300000190734863,12.899999618530273,299836
2025-04-07,11.25,11.25,11.25,11.25,11.25,43003
2025-04-08,10.149999618530273,10.149999618530273,10.149999618530273,10.149999618530273,10.149999618530273,412022
2025-04-09,9.140000343322754,9.140000343322754,9.399999618530273,9.140000343322754,9.170000076293945,656014
2025-04-10,9.930000305175781,9.930000305175781,10.050000190734863,9.3100004196167,9.3100004196167,1426000
2025-04-11,9.279999732971191,9.279999732971191,9.449999809265137,8.9399995803833,9.449999809265137,1045900
2025-04-14,9.520000457763672,9.520000457763672,9.989999771118164,9.319999694824219,9.319999694824219,604146
2025-04-15,9.8100004196167,9.8100004196167,9.930000305175781,9.65999984741211,9.880000114440918,538201
2025-04-16,9.449999809265137,9.449999809265137,9.899999618530273,9.350000381469727,9.869999885559082,430068
2025-04-17,9.399999618530273,9.399999618530273,9.399999618530273,9.010000228881836,9.199999809265137,518010
2025-04-18,9.359999656677246,9.359999656677246,9.399999618530273,9.069999694824219,9.3100004196167,307030
2025-04-21,9.0,9.0,9.100000381469727,8.430000305175781,9.100000381469727,1010051
2025-04-22,8.850000381469727,8.850000381469727,9.0,8.239999771118164,9.0,740845
2025-04-23,8.850000381469727,8.850000381469727,8.850000381469727,8.3100004196167,8.800000190734863,952030
2025-04-24,8.829999923706055,8.829999923706055,8.829999923706055,8.420000076293945,8.8100004196167,782786
2025-04-25,9.0,9.0,9.1899995803833,8.699999809265137,8.84000015258789,599038
2025-04-28,9.380000114440918,9.380000114440918,9.699999809265137,9.0,9.15999984741211,437510
2025-04-29,9.430000305175781,9.430000305175781,9.5,9.149999618530273,9.210000038146973,256000
2025-04-30,9.270000457763672,9.270000457763672,9.449999809265137,9.170000076293945,9.430000305175781,266012
2025-05-02,9.270000457763672,9.270000457763672,9.350000381469727,9.130000114440918,9.300000190734863,324000
2025-05-05,9.1899995803833,9.1899995803833,9.359999656677246,8.800000190734863,9.34000015258789,321000
2025-05-06,9.199999809265137,9.199999809265137,9.279999732971191,9.109999656677246,9.149999618530273,98001
2025-05-07,9.199999809265137,9.199999809265137,9.25,9.010000228881836,9.25,71000
2025-05-08,9.569999694824219,9.569999694824219,10.100000381469727,9.199999809265137,9.199999809265137,818000
2025-05-09,9.449999809265137,9.449999809265137,9.479999542236328,9.170000076293945,9.399999618530273,512000
2025-05-12,9.720000267028809,9.720000267028809,9.739999771118164,9.130000114440918,9.460000038146973,177000
2025-05-13,9.760000228881836,9.760000228881836,9.960000038146973,9.699999809265137,9.880000114440918,303900
2025-05-14,9.600000381469727,9.600000381469727,9.979999542236328,9.569999694824219,9.979999542236328,296000
2025-05-15,10.25,10.25,10.5,9.59000015258789,9.600000381469727,898614
2025-05-16,10.199999809265137,10.199999809265137,10.75,10.199999809265137,10.75,579050
2025-05-19,10.600000381469727,10.600000381469727,11.100000381469727,10.199999809265137,10.25,747174
2025-05-20,11.199999809265137,11.199999809265137,11.5,10.5,10.75,1212043
2025-05-21,11.449999809265137,11.449999809265137,11.75,11.050000190734863,11.350000381469727,1127207
2025-05-22,11.800000190734863,11.800000190734863,12.0,11.199999809265137,11.350000381469727,905000
2025-05-23,11.699999809265137,11.699999809265137,11.949999809265137,11.399999618530273,11.899999618530273,1099010
2025-05-26,11.949999809265137,11.949999809265137,12.399999618530273,11.600000381469727,11.899999618530273,1596002
2025-05-27,11.300000190734863,11.300000190734863,12.0,11.25,12.0,719052
2025-05-28,11.350000381469727,11.350000381469727,11.699999809265137,11.300000190734863,11.399999618530273,504000
2025-05-29,11.649999618530273,11.649999618530273,11.899999618530273,11.5,11.550000190734863,770000
2025-06-02,11.350000381469727,11.350000381469727,11.899999618530273,11.149999618530273,11.899999618530273,486000
2025-06-03,11.649999618530273,11.649999618530273,11.850000381469727,11.25,11.399999618530273,711400
2025-06-04,11.649999618530273,11.649999618530273,11.899999618530273,11.5,11.649999618530273,270100
2025-06-05,11.5,11.5,11.649999618530273,11.25,11.649999618530273,490100
2025-06-06,11.300000190734863,11.300000190734863,11.5,11.25,11.5,318192
2025-06-09,11.399999618530273,11.399999618530273,11.699999809265137,11.149999618530273,11.399999618530273,632010
2025-06-10,11.600000381469727,11.600000381469727,11.75,11.449999809265137,11.550000190734863,548100
2025-06-11,11.600000381469727,11.600000381469727,11.75,11.100000381469727,11.5,777800
2025-06-12,11.5,11.5,11.75,11.350000381469727,11.5,340001
2025-06-13,11.050000190734863,11.050000190734863,11.550000190734863,10.850000381469727,11.449999809265137,645050
2025-06-16,12.149999618530273,12.149999618530273,12.149999618530273,10.800000190734863,10.899999618530273,1897992
2025-06-17,13.350000381469727,13.350000381469727,13.350000381469727,13.350000381469727,13.350000381469727,1198003
2025-06-18,14.649999618530273,14.649999618530273,14.649999618530273,14.649999618530273,14.649999618530273,1020972
2025-06-19,13.600000381469727,13.600000381469727,16.100000381469727,13.550000190734863,16.100000381469727,8836257
2025-06-20,13.300000190734863,13.300000190734863,13.850000381469727,12.800000190734863,13.5,3121000
2025-06-23,13.100000381469727,13.100000381469727,13.699999809265137,12.699999809265137,12.699999809265137,2388471
2025-06-24,12.850000381469727,12.850000381469727,13.300000190734863,12.699999809265137,13.300000190734863,1578486
2025-06-25,13.050000190734863,13.050000190734863,13.100000381469727,12.649999618530273,13.0,1326250
2025-06-26,12.449999809265137,12.449999809265137,13.199999809265137,12.399999618530273,13.100000381469727,1273101
2025-06-27,12.449999809265137,12.449999809265137,12.899999618530273,12.449999809265137,12.699999809265137,1108000
2025-06-30,12.100000381469727,12.100000381469727,12.550000190734863,12.050000190734863,12.5,618300
2025-07-01,12.100000381469727,12.100000381469727,12.600000381469727,12.100000381469727,12.300000190734863,1086200
2025-07-02,12.199999809265137,12.199999809265137,12.550000190734863,11.949999809265137,12.199999809265137,947044
2025-07-03,12.050000190734863,12.050000190734863,12.449999809265137,12.050000190734863,12.350000381469727,865306
2025-07-04,12.600000381469727,12.600000381469727,13.25,12.050000190734863,12.050000190734863,9071347
2025-07-07,12.25,12.25,12.699999809265137,12.050000190734863,12.699999809265137,2314098
2025-07-08,11.25,11.25,12.100000381469727,11.050000190734863,12.100000381469727,3354412
2025-07-09,11.5,11.5,11.550000190734863,11.149999618530273,11.300000190734863,695800
2025-07-10,11.649999618530273,11.649999618530273,11.949999809265137,11.300000190734863,11.300000190734863,1268200
2025-07-11,12.399999618530273,12.399999618530273,12.399999618530273,11.5,11.75,1944940
2025-07-14,11.949999809265137,11.949999809265137,12.449999809265137,11.899999618530273,12.399999618530273,928200
2025-07-15,12.300000190734863,12.300000190734863,12.800000190734863,11.899999618530273,11.949999809265137,2076100
2025-07-16,12.449999809265137,12.449999809265137,13.350000381469727,12.199999809265137,12.399999618530273,2937347
2025-07-17,12.800000190734863,12.800000190734863,13.149999618530273,12.5,12.649999618530273,2900015
2025-07-18,12.550000190734863,12.550000190734863,13.0,12.399999618530273,13.0,1305000
2025-07-21,12.25,12.25,12.550000190734863,12.199999809265137,12.550000190734863,725445
2025-07-22,11.850000381469727,11.850000381469727,12.449999809265137,11.75,12.300000190734863,1191129
2025-07-23,12.800000190734863,12.800000190734863,12.850000381469727,11.949999809265137,11.949999809265137,2077010
2025-07-24,12.800000190734863,12.800000190734863,13.050000190734863,12.5,12.899999618530273,1428001
2025-07-25,12.600000381469727,12.600000381469727,12.850000381469727,12.5,12.850000381469727,475500
2025-07-28,13.100000381469727,13.100000381469727,13.300000190734863,12.399999618530273,12.600000381469727,1890090
2025-07-29,13.600000381469727,13.600000381469727,13.850000381469727,12.899999618530273,13.199999809265137,3637700
2025-07-30,13.600000381469727,13.600000381469727,13.800000190734863,13.399999618530273,13.800000190734863,2390000
2025-07-31,14.550000190734863,14.550000190734863,14.649999618530273,13.550000190734863,13.699999809265137,7390111
2025-08-04,14.100000381469727,14.100000381469727,14.649999618530273,14.050000190734863,14.649999618530273,3304356
2025-08-05,13.899999618530273,13.899999618530273,14.399999618530273,13.75,14.399999618530273,2472531
2025-08-06,13.800000190734863,13.800000190734863,14.25,13.699999809265137,14.0,2141003
2025-08-07,13.5,13.5,13.949999809265137,13.5,13.949999809265137,1819002
2025-08-08,14.149999618530273,14.149999618530273,14.699999809265137,13.399999618530273,13.649999618530273,4727313
2025-08-11,14.0,14.0,14.350000381469727,13.850000381469727,14.199999809265137,1591001
2025-08-12,12.850000381469727,12.850000381469727,13.600000381469727,12.649999618530273,13.449999809265137,4282020
2025-08-13,13.0,13.0,13.199999809265137,12.600000381469727,12.899999618530273,1901100
2025-08-14,14.300000190734863,14.300000190734863,14.300000190734863,13.149999618530273,13.300000190734863,5761095
2025-08-15,14.800000190734863,14.800000190734863,15.399999618530273,14.5,15.0,12045219
2025-08-18,14.600000381469727,14.600000381469727,15.149999618530273,14.449999809265137,14.899999618530273,4020000
2025-08-19,13.949999809265137,13.949999809265137,14.699999809265137,13.850000381469727,14.600000381469727,2546999
2025-08-20,13.399999618530273,13.399999618530273,14.0,13.300000190734863,14.0,1337403
2025-08-21,13.5,13.5,13.899999618530273,13.449999809265137,13.600000381469727,925069
2025-08-22,13.100000381469727,13.100000381469727,13.350000381469727,13.050000190734863,13.300000190734863,917002
2025-08-25,12.899999618530273,12.899999618530273,13.300000190734863,12.850000381469727,13.199999809265137,1154801
2025-08-26,12.850000381469727,12.850000381469727,13.0,12.75,12.75,487900
2025-08-27,13.100000381469727,13.100000381469727,13.149999618530273,12.899999618530273,13.0,781369
2025-08-28,13.149999618530273,13.149999618530273,13.25,13.050000190734863,13.100000381469727,634000
2025-08-29,13.550000190734863,13.550000190734863,13.850000381469727,13.199999809265137,13.199999809265137,882179
2025-09-01,13.100000381469727,13.100000381469727,13.600000381469727,12.899999618530273,13.600000381469727,840000
2025-09-02,12.850000381469727,12.850000381469727,13.149999618530273,12.800000190734863,13.100000381469727,441000
2025-09-03,12.850000381469727,12.850000381469727,12.899999618530273,12.75,12.850000381469727,362237
2025-09-04,12.649999618530273,12.649999618530273,12.899999618530273,12.649999618530273,12.899999618530273,377100
2025-09-05,12.550000190734863,12.550000190734863,12.649999618530273,12.5,12.649999618530273,366800
2025-09-08,12.75,12.75,12.75,12.399999618530273,12.550000190734863,408000
2025-09-09,12.600000381469727,12.600000381469727,12.75,12.399999618530273,12.75,278000
2025-09-10,12.850000381469727,12.850000381469727,12.899999618530273,12.449999809265137,12.600000381469727,489800
2025-09-11,12.399999618530273,12.399999618530273,12.850000381469727,12.399999618530273,12.850000381469727,442000
2025-09-12,12.449999809265137,12.449999809265137,12.550000190734863,12.399999618530273,12.399999618530273,283900
2025-09-15,12.25,12.25,12.399999618530273,12.199999809265137,12.399999618530273,241252
2025-09-16,12.600000381469727,12.600000381469727,12.699999809265137,12.100000381469727,12.199999809265137,286000
2025-09-17,12.5,12.5,12.850000381469727,12.449999809265137,12.449999809265137,178001
2025-09-18,12.699999809265137,12.699999809265137,12.75,12.5,12.5,284779
2025-09-19,12.550000190734863,12.550000190734863,12.800000190734863,12.5,12.75,211000
2025-09-22,12.399999618530273,12.399999618530273,12.550000190734863,12.350000381469727,12.550000190734863,248350
2025-09-23,12.149999618530273,12.149999618530273,12.449999809265137,12.100000381469727,12.449999809265137,357500
2025-09-24,12.0,12.0,12.149999618530273,12.0,12.149999618530273,283000
2025-09-25,12.199999809265137,12.199999809265137,12.350000381469727,12.050000190734863,12.050000190734863,227301
2025-09-26,12.199999809265137,12.199999809265137,12.199999809265137,11.800000190734863,12.149999618530273,306110
2025-09-30,12.0,12.0,12.25,11.850000381469727,12.25,103000
2025-10-01,11.949999809265137,11.949999809265137,12.100000381469727,11.899999618530273,12.0,181000
2025-10-02,11.899999618530273,11.899999618530273,11.949999809265137,11.75,11.850000381469727,227800
2025-10-03,11.899999618530273,11.899999618530273,11.949999809265137,11.449999809265137,11.899999618530273,281000
2025-10-07,12.100000381469727,12.100000381469727,12.199999809265137,11.850000381469727,11.949999809265137,267301
2025-10-08,12.149999618530273,12.149999618530273,12.199999809265137,12.0,12.0,147000
2025-10-09,12.149999618530273,12.149999618530273,12.350000381469727,12.050000190734863,12.149999618530273,179200
2025-10-13,12.0,12.0,12.050000190734863,11.5,11.5,137000
2025-10-14,11.649999618530273,11.649999618530273,12.100000381469727,11.649999618530273,12.050000190734863,301002
2025-10-15,11.300000190734863,11.300000190734863,11.75,11.149999618530273,11.75,359000
2025-10-16,11.550000190734863,11.550000190734863,11.600000381469727,11.25,11.300000190734863,255000
2025-10-17,11.399999618530273,11.399999618530273,11.649999618530273,11.399999618530273,11.649999618530273,127001
2025-10-20,11.25,11.25,11.399999618530273,11.100000381469727,11.399999618530273,176000
2025-10-21,12.199999809265137,12.199999809265137,12.25,11.350000381469727,11.399999618530273,503000
2025-10-22,12.100000381469727,12.100000381469727,12.199999809265137,11.75,12.100000381469727,422000
2025-10-23,11.899999618530273,11.899999618530273,12.0,11.899999618530273,12.0,111045
2025-10-27,11.649999618530273,11.649999618530273,11.850000381469727,11.5,11.850000381469727,175900
2025-10-28,11.449999809265137,11.449999809265137,11.649999618530273,11.449999809265137,11.649999618530273,118000
2025-10-29,11.600000381469727,11.600000381469727,11.699999809265137,11.300000190734863,11.449999809265137,224000
2025-10-30,11.399999618530273,11.399999618530273,11.699999809265137,11.350000381469727,11.600000381469727,203900
2025-10-31,12.0,12.0,12.399999618530273,11.449999809265137,11.5,334601
2025-11-03,11.699999809265137,11.699999809265137,11.949999809265137,11.649999618530273,11.899999618530273,135538
2025-11-04,11.350000381469727,11.350000381469727,11.75,11.350000381469727,11.699999809265137,135800
2025-11-05,11.399999618530273,11.399999618530273,11.449999809265137,11.100000381469727,11.300000190734863,152048
2025-11-06,11.399999618530273,11.399999618530273,11.449999809265137,11.25,11.449999809265137,60700
2025-11-07,11.199999809265137,11.199999809265137,11.300000190734863,11.100000381469727,11.300000190734863,141250
2025-11-10,11.25,11.25,11.5,11.0,11.149999618530273,96268
2025-11-11,11.149999618530273,11.149999618530273,11.350000381469727,11.100000381469727,11.149999618530273,76292
2025-11-12,11.5,11.5,11.550000190734863,11.149999618530273,11.149999618530273,157163
2025-11-13,11.699999809265137,11.699999809265137,11.949999809265137,11.5,11.949999809265137,196000
2025-11-14,11.550000190734863,11.550000190734863,11.850000381469727,11.5,11.5,129198
2025-11-17,11.550000190734863,11.550000190734863,11.600000381469727,11.199999809265137,11.600000381469727,120000
2025-11-18,11.050000190734863,11.050000190734863,11.5,11.0,11.5,222023
2025-11-19,10.399999618530273,10.399999618530273,11.050000190734863,10.399999618530273,11.050000190734863,327000
2025-11-20,10.399999618530273,10.399999618530273,10.649999618530273,10.350000381469727,10.649999618530273,159000
2025-11-21,10.449999809265137,10.449999809265137,10.5,10.149999618530273,10.149999618530273,90000
2025-11-24,10.25,10.25,10.550000190734863,10.25,10.5,52450
2025-11-25,10.600000381469727,10.600000381469727,10.800000190734863,10.350000381469727,10.350000381469727,145100
2025-11-26,10.75,10.75,11.0,10.600000381469727,10.600000381469727,106001
2025-11-27,11.25,11.25,11.399999618530273,10.649999618530273,10.75,210063
2025-11-28,11.25,11.25,11.300000190734863,11.100000381469727,11.300000190734863,141000
2025-12-01,10.949999809265137,10.949999809265137,11.300000190734863,10.800000190734863,11.300000190734863,107000
2025-12-02,10.949999809265137,10.949999809265137,11.0,10.75,11.0,97000
2025-12-03,10.949999809265137,10.949999809265137,11.199999809265137,10.899999618530273,11.0,136050
2025-12-04,11.300000190734863,11.300000190734863,11.350000381469727,11.0,11.0,265000
2025-12-05,11.050000190734863,11.050000190734863,11.199999809265137,10.949999809265137,11.149999618530273,187005
2025-12-08,10.850000381469727,10.850000381469727,10.949999809265137,10.75,10.949999809265137,95000
2025-12-09,10.850000381469727,10.850000381469727,10.899999618530273,10.699999809265137,10.850000381469727,131000
2025-12-10,10.800000190734863,10.800000190734863,11.050000190734863,10.800000190734863,10.850000381469727,103000
2025-12-11,10.800000190734863,10.800000190734863,11.0,10.75,10.850000381469727,182000
2025-12-12,10.899999618530273,10.899999618530273,11.100000381469727,10.75,10.75,124000
2025-12-15,11.600000381469727,11.600000381469727,11.600000381469727,10.399999618530273,10.800000190734863,465200
2025-12-16,11.199999809265137,11.199999809265137,11.600000381469727,11.100000381469727,11.600000381469727,283033
2025-12-17,11.100000381469727,11.100000381469727,11.25,11.0,11.199999809265137,114000
2025-12-18,11.050000190734863,11.050000190734863,11.100000381469727,11.0,11.100000381469727,30000
2025-12-19,11.25,11.25,11.300000190734863,11.0,11.0,214000
2025-12-22,11.25,11.25,11.5,11.199999809265137,11.199999809265137,187150
2025-12-23,11.149999618530273,11.149999618530273,11.199999809265137,11.050000190734863,11.199999809265137,86400
2025-12-24,11.0,11.0,11.149999618530273,11.0,11.149999618530273,125104
2025-12-26,10.850000381469727,10.850000381469727,11.0,10.850000381469727,10.949999809265137,245000
2025-12-29,10.949999809265137,10.949999809265137,11.050000190734863,10.75,10.899999618530273,232435
2025-12-30,10.850000381469727,10.850000381469727,10.949999809265137,10.600000381469727,10.949999809265137,68001
2025-12-31,10.600000381469727,10.600000381469727,10.800000190734863,10.5,10.75,259000
2026-01-02,10.5,10.5,10.5,10.350000381469727,10.5,314700
2026-01-05,10.350000381469727,10.350000381469727,10.5,10.199999809265137,10.300000190734863,191398
2026-01-06,10.449999809265137,10.449999809265137,10.5,10.199999809265137,10.199999809265137,153350
2026-01-07,10.699999809265137,10.699999809265137,10.699999809265137,10.449999809265137,10.449999809265137,181000
2026-01-08,11.75,11.75,11.75,10.75,10.899999618530273,1108900
2026-01-09,12.100000381469727,12.100000381469727,12.25,11.5,11.75,1743359
2026-01-12,12.100000381469727,12.100000381469727,12.350000381469727,11.949999809265137,12.199999809265137,497800
2026-01-13,11.699999809265137,11.699999809265137,12.0,11.5,11.949999809265137,291801
2026-01-14,11.550000190734863,11.550000190734863,11.699999809265137,11.5,11.699999809265137,371083
2026-01-15,11.699999809265137,11.699999809265137,11.899999618530273,11.5,11.550000190734863,227000
2026-01-16,11.649999618530273,11.649999618530273,11.949999809265137,11.550000190734863,11.899999618530273,281002
2026-01-19,11.850000381469727,11.850000381469727,11.949999809265137,11.699999809265137,11.75,363900
2026-01-20,11.600000381469727,11.600000381469727,11.949999809265137,11.550000190734863,11.949999809265137,286400
2026-01-21,11.649999618530273,11.649999618530273,11.649999618530273,11.350000381469727,11.5,214000
2026-01-22,12.0,12.0,12.100000381469727,11.75,11.800000190734863,656200
2026-01-23,11.699999809265137,11.699999809265137,12.0,11.550000190734863,12.0,287594
2026-01-26,11.899999618530273,11.899999618530273,12.0,11.699999809265137,11.800000190734863,398014
2026-01-27,11.699999809265137,11.699999809265137,11.949999809265137,11.699999809265137,11.899999618530273,222020
2026-01-28,11.850000381469727,11.850000381469727,11.949999809265137,11.600000381469727,11.699999809265137,261000
2026-01-29,11.449999809265137,11.449999809265137,12.0,11.449999809265137,12.0,238000
2026-01-30,11.199999809265137,11.199999809265137,11.449999809265137,11.149999618530273,11.449999809265137,276010
2026-02-02,10.899999618530273,10.899999618530273,11.199999809265137,10.899999618530273,11.199999809265137,236200
2026-02-03,10.949999809265137,10.949999809265137,11.050000190734863,10.800000190734863,10.949999809265137,175000
2026-02-04,11.149999618530273,11.149999618530273,11.199999809265137,10.850000381469727,10.850000381469727,253925
2026-02-05,11.100000381469727,11.100000381469727,11.300000190734863,10.949999809265137,11.100000381469727,77000
2026-02-06,10.699999809265137,10.699999809265137,10.899999618530273,10.699999809265137,10.899999618530273,224000
2026-02-09,10.600000381469727,10.600000381469727,11.0,10.600000381469727,11.0,195300
2026-02-10,10.649999618530273,10.649999618530273,10.75,10.550000190734863,10.600000381469727,82321
2026-02-11,10.699999809265137,10.699999809265137,10.899999618530273,10.5,10.899999618530273,211900
2026-02-23,11.149999618530273,11.149999618530273,11.25,10.699999809265137,10.699999809265137,290500
2026-02-24,11.25,11.25,11.300000190734863,11.100000381469727,11.149999618530273,305900
2026-02-25,11.300000190734863,11.300000190734863,11.350000381469727,11.149999618530273,11.350000381469727,387098
2026-02-26,12.399999618530273,12.399999618530273,12.399999618530273,11.199999809265137,11.199999809265137,1506000
2026-03-02,13.600000381469727,13.600000381469727,13.600000381469727,13.0,13.0,2341002
2026-03-03,14.949999809265137,14.949999809265137,14.949999809265137,14.949999809265137,14.949999809265137,1779600
2026-03-04,16.399999618530273,16.399999618530273,16.399999618530273,16.399999618530273,16.399999618530273,4051900
2026-03-05,18.0,18.0,18.0,18.0,18.0,2319345
2026-03-06,17.950000762939453,17.950000762939453,18.5,16.600000381469727,18.5,12036658
2026-03-09,16.799999237060547,16.799999237060547,16.899999618530273,16.700000762939453,16.899999618530273,2714791
2026-03-10,17.799999237060547,17.799999237060547,18.149999618530273,17.450000762939453,17.549999237060547,2050303
2026-03-11,18.100000381469727,18.100000381469727,18.299999237060547,17.5,17.5,1793377
2026-03-12,18.200000762939453,18.200000762939453,18.200000762939453,17.700000762939453,18.0,1845700
2026-03-13,20.0,20.0,20.0,18.0,18.049999237060547,4021533
2026-03-16,22.0,22.0,22.0,21.899999618530273,21.899999618530273,2660920
2026-03-17,24.200000762939453,24.200000762939453,24.200000762939453,24.200000762939453,24.200000762939453,1304537
2026-03-18,26.0,26.0,26.600000381469727,24.200000762939453,26.600000381469727,7840007
2026-03-19,28.299999237060547,28.299999237060547,28.549999237060547,25.0,25.25,4142745
2026-03-20,25.950000762939453,25.950000762939453,27.0,25.5,27.0,1974700
2026-03-23,23.399999618530273,23.399999618530273,23.399999618530273,23.399999618530273,23.399999618530273,1145172
2026-03-24,21.100000381469727,21.100000381469727,23.0,21.100000381469727,23.0,1215025
2026-03-25,23.0,23.0,23.0,19.799999237060547,21.100000381469727,2856412
2026-03-26,21.399999618530273,21.399999618530273,22.399999618530273,21.25,21.75,1434905
2026-03-27,22.100000381469727,22.100000381469727,22.299999237060547,20.0,20.0,757000
2026-03-30,21.799999237060547,21.799999237060547,22.100000381469727,20.899999618530273,20.899999618530273,625834
2026-03-31,19.799999237060547,19.799999237060547,21.200000762939453,19.649999618530273,21.200000762939453,928151
2026-04-01,20.899999618530273,20.899999618530273,21.25,20.200000762939453,20.5,819075
2026-04-02,20.950000762939453,20.950000762939453,21.299999237060547,20.5,21.299999237060547,563215
2026-04-07,19.950000762939453,19.950000762939453,21.700000762939453,19.5,19.5,2374655
2026-04-08,21.899999618530273,21.899999618530273,21.899999618530273,19.100000381469727,19.75,2201910
2026-04-09,24.049999237060547,24.049999237060547,24.049999237060547,22.5,23.350000381469727,3411100
2026-04-10,24.100000381469727,24.100000381469727,25.450000762939453,23.100000381469727,25.299999237060547,3761302
2026-04-13,23.549999237060547,23.549999237060547,25.350000381469727,23.450000762939453,24.100000381469727,2780002
2026-04-14,23.5,23.5,24.5,23.399999618530273,23.549999237060547,2004085
2026-04-15,25.850000381469727,25.850000381469727,25.850000381469727,23.25,23.5,2716826
2026-04-16,28.399999618530273,28.399999618530273,28.399999618530273,28.399999618530273,28.399999618530273,1862734
2026-04-17,31.200000762939453,31.200000762939453,31.200000762939453,31.200000762939453,31.200000762939453,6673573
2026-04-20,34.29999923706055,34.29999923706055,34.29999923706055,31.399999618530273,34.29999923706055,10650344
2026-04-21,34.95000076293945,34.95000076293945,37.400001525878906,34.5,36.349998474121094,6830940
2026-04-22,33.04999923706055,33.04999923706055,33.900001525878906,31.899999618530273,32.29999923706055,1483249
2026-04-23,30.350000381469727,30.350000381469727,32.900001525878906,29.75,32.900001525878906,1854540
2026-04-24,30.899999618530273,30.899999618530273,32.95000076293945,30.350000381469727,32.95000076293945,654984
2026-04-27,30.75,30.75,30.850000381469727,29.799999237060547,30.850000381469727,613670
2026-04-28,31.549999237060547,31.549999237060547,31.600000381469727,29.350000381469727,29.350000381469727,454300
2026-04-29,32.0,32.0,33.25,30.399999618530273,33.25,333368
2026-04-30,32.5,32.5,33.20000076293945,32.349998474121094,33.20000076293945,536787
2026-05-04,35.0,35.0,35.0,33.5,33.5,1096295
2026-05-05,36.70000076293945,36.70000076293945,37.0,35.79999923706055,36.79999923706055,1161600
2026-05-06,35.70000076293945,35.70000076293945,38.0,34.0,37.0,916800
2026-05-07,36.5,36.5,39.0,36.099998474121094,36.5,3688023
2026-05-08,33.099998474121094,33.099998474121094,36.0,32.849998474121094,33.29999923706055,2760515
2026-05-11,33.25,33.25,34.5,31.450000762939453,33.099998474121094,1377599
2026-05-12,31.700000762939453,31.700000762939453,34.20000076293945,31.600000381469727,34.0,1728505
2026-05-13,28.549999237060547,28.549999237060547,28.549999237060547,28.549999237060547,28.549999237060547,1572009
2026-05-14,25.700000762939453,25.700000762939453,25.700000762939453,25.700000762939453,25.700000762939453,987900
2026-05-15,28.25,28.25,28.25,23.149999618530273,23.149999618530273,7282615
2026-05-18,31.049999237060547,31.049999237060547,31.049999237060547,31.049999237060547,31.049999237060547,1446133
2026-05-19,34.150001525878906,34.150001525878906,34.150001525878906,34.150001525878906,34.150001525878906,4091997
2026-05-20,34.5,34.5,37.29999923706055,33.099998474121094,34.900001525878906,6614116
2026-05-21,34.0,34.0,34.5,31.5,33.0,3391841
2026-05-22,34.0,34.0,36.5,33.29999923706055,33.79999923706055,2531301
2026-05-25,32.5,32.5,34.0,31.600000381469727,34.0,3433058
2026-05-26,35.75,35.75,35.75,32.5,32.95000076293945,5080277
2026-05-27,39.29999923706055,39.29999923706055,39.29999923706055,37.54999923706055,39.25,6848850
2026-05-28,43.20000076293945,43.20000076293945,43.20000076293945,41.900001525878906,41.95000076293945,4139822
2026-05-29,46.0,46.0,47.45000076293945,42.20000076293945,44.20000076293945,9845253
2026-06-01,44.400001525878906,44.400001525878906,46.04999923706055,41.400001525878906,46.04999923706055,7172034
2026-06-02,40.349998474121094,40.349998474121094,42.45000076293945,40.04999923706055,42.099998474121094,3710550
2026-06-03,40.0,40.0,41.70000076293945,39.75,40.349998474121094,2549020
2026-06-04,39.400001525878906,39.400001525878906,40.20000076293945,39.20000076293945,40.0,1450962
2026-06-05,38.5,38.5,40.5,37.79999923706055,38.099998474121094,2179000
2026-06-08,35.5,35.5,36.54999923706055,34.650001525878906,34.650001525878906,1498626
2026-06-09,35.099998474121094,35.099998474121094,36.099998474121094,34.099998474121094,35.5,1261802
2026-06-10,32.5,32.5,36.0,32.0,35.0,1660500
2026-06-11,31.600000381469727,31.600000381469727,32.599998474121094,30.0,32.599998474121094,1865356
2026-06-12,32.04999923706055,32.04999923706055,33.0,31.5,32.5,1262012
2026-06-15,35.25,35.25,35.25,35.25,35.25,356602
2026-06-16,35.599998474121094,35.599998474121094,38.75,35.5,38.75,2965202
2026-06-17,35.099998474121094,35.099998474121094,36.400001525878906,33.54999923706055,34.25,1631505
2026-06-18,34.849998474121094,34.849998474121094,35.5,34.20000076293945,35.099998474121094,1167510
2026-06-22,35.599998474121094,35.599998474121094,37.150001525878906,35.349998474121094,36.20000076293945,1345100
2026-06-23,35.25,35.25,37.29999923706055,34.70000076293945,37.29999923706055,1211000
2026-06-24,38.75,38.75,38.75,35.0,35.0,2677991
2026-06-25,42.29999923706055,42.29999923706055,42.599998474121094,39.29999923706055,41.45000076293945,7189932
2026-06-26,39.0,39.0,42.95000076293945,39.0,42.95000076293945,1835497
2026-06-29,38.25,38.25,40.0,38.0,38.349998474121094,768730
2026-06-30,38.599998474121094,38.599998474121094,38.599998474121094,38.0,38.0,516100
2026-07-01,39.29999923706055,39.29999923706055,39.599998474121094,38.5,39.599998474121094,588687
2026-07-02,38.849998474121094,38.849998474121094,39.79999923706055,38.54999923706055,39.79999923706055,308103
2026-07-03,37.75,37.75,38.20000076293945,37.70000076293945,37.70000076293945,420200
2026-07-06,37.5,37.5,38.650001525878906,37.29999923706055,37.95000076293945,389000
2026-07-07,35.0,35.0,38.599998474121094,35.0,37.5,660167
2026-07-08,35.5,35.5,35.650001525878906,34.400001525878906,34.900001525878906,421500
2026-07-09,39.04999923706055,39.04999923706055,39.04999923706055,35.599998474121094,35.599998474121094,1676226
2026-07-10,39.04999923706055,39.04999923706055,39.04999923706055,39.04999923706055,39.04999923706055,0
2026-07-13,38.04999923706055,38.04999923706055,40.5,37.0,39.20000076293945,1789189
2026-07-14,36.20000076293945,36.20000076293945,38.54999923706055,34.25,38.20000076293945,1790077
2026-07-15,39.79999923706055,39.79999923706055,39.79999923706055,36.150001525878906,36.5,1559410
2026-07-16,43.75,43.75,43.75,38.5,39.599998474121094,7216255
2026-07-17,40.70000076293945,40.70000076293945,44.0,40.599998474121094,42.0,4359566
2026-07-20,37.70000076293945,37.70000076293945,40.5,37.04999923706055,40.0,1710559
2026-07-21,38.54999923706055,38.54999923706055,38.95000076293945,37.349998474121094,38.5,814030
2026-07-22,42.0,42.0,42.400001525878906,37.5,39.849998474121094,1744716
2026-07-23,42.900001525878906,42.900001525878906,46.20000076293945,39.29999923706055,43.849998474121094,8504271
2026-07-24,38.650001525878906,38.650001525878906,41.0,38.650001525878906,41.0,2499104
2026-07-27,34.95000076293945,34.95000076293945,37.599998474121094,34.79999923706055,36.04999923706055,4674204
2026-07-28,32.5,32.5,33.650001525878906,31.799999237060547,32.70000076293945,1655000
2026-07-29,30.700000762939453,30.700000762939453,32.70000076293945,29.25,32.45000076293945,2214100
2026-07-30,29.25,29.25,31.049999237060547,27.700000762939453,27.700000762939453,1388000
2026-07-31,30.100000381469727,30.100000381469727,31.0,29.049999237060547,31.0,2035100
2026-08-03,30.399999618530273,30.399999618530273,31.299999237060547,29.049999237060547,30.100000381469727,851000
2026-08-04,33.400001525878906,33.400001525878906,33.400001525878906,30.149999618530273,30.399999618530273,1185005
2026-08-05,35.45000076293945,35.45000076293945,36.70000076293945,34.45000076293945,34.79999923706055,1961800
2026-08-06,34.400001525878906,34.400001525878906,35.099998474121094,34.0,34.0,926101
2026-08-07,34.099998474121094,34.099998474121094,35.54999923706055,33.650001525878906,34.400001525878906,854300
2026-08-10,34.70000076293945,34.70000076293945,35.400001525878906,34.099998474121094,34.099998474121094,624754
2026-08-11,34.650001525878906,34.650001525878906,35.29999923706055,33.900001525878906,35.29999923706055,528000
2026-08-12,36.900001525878906,36.900001525878906,37.099998474121094,35.0,35.349998474121094,1264910
2026-08-13,36.599998474121094,36.599998474121094,37.599998474121094,34.900001525878906,36.0,1148301
2026-08-14,35.0,35.0,36.900001525878906,34.54999923706055,36.150001525878906,953257
2026-08-17,38.5,38.5,38.5,34.900001525878906,35.29999923706055,2040307
2026-08-18,41.25,41.25,42.349998474121094,39.20000076293945,39.20000076293945,7730635
2026-08-19,44.5,44.5,45.349998474121094,39.0,39.0,7746524
2026-08-20,43.95000076293945,43.95000076293945,45.79999923706055,41.900001525878906,44.04999923706055,5482155
2026-08-21,45.400001525878906,45.400001525878906,46.79999923706055,42.29999923706055,43.25,5174456
