Price,Adj Close,Close,High,Low,Open,Volume
Ticker,6265.TWO,6265.TWO,6265.TWO,6265.TWO,6265.TWO,6265.TWO
Date,,,,,,
2020-01-02,7.050000190734863,7.050000190734863,7.059999942779541,6.989999771118164,6.989999771118164,72000
2020-01-03,7.019999980926514,7.019999980926514,7.079999923706055,6.96999979019165,7.050000190734863,263002
2020-01-06,6.96999979019165,6.96999979019165,7.03000020980835,6.900000095367432,7.03000020980835,81000
2020-01-07,6.900000095367432,6.900000095367432,7.050000190734863,6.900000095367432,6.940000057220459,117000
2020-01-08,6.820000171661377,6.820000171661377,6.900000095367432,6.820000171661377,6.900000095367432,118000
2020-01-09,6.840000152587891,6.840000152587891,6.949999809265137,6.820000171661377,6.820000171661377,113000
2020-01-10,6.900000095367432,6.900000095367432,6.96999979019165,6.840000152587891,6.840000152587891,80000
2020-01-13,6.900000095367432,6.900000095367432,7.03000020980835,6.809999942779541,6.809999942779541,102000
2020-01-14,6.900000095367432,6.900000095367432,6.96999979019165,6.900000095367432,6.96999979019165,5000
2020-01-15,6.920000076293945,6.920000076293945,6.980000019073486,6.900000095367432,6.900000095367432,5000
2020-01-16,6.929999828338623,6.929999828338623,7.059999942779541,6.900000095367432,6.920000076293945,51000
2020-01-17,6.880000114440918,6.880000114440918,6.940000057220459,6.880000114440918,6.920000076293945,86332
2020-01-20,6.829999923706055,6.829999923706055,6.869999885559082,6.809999942779541,6.860000133514404,181228
2020-01-30,6.320000171661377,6.320000171661377,6.710000038146973,6.320000171661377,6.570000171661377,317000
2020-01-31,6.489999771118164,6.489999771118164,6.570000171661377,6.320000171661377,6.320000171661377,136697
2020-02-03,6.199999809265137,6.199999809265137,6.360000133514404,6.139999866485596,6.320000171661377,231000
2020-02-04,6.340000152587891,6.340000152587891,6.440000057220459,6.210000038146973,6.210000038146973,35000
2020-02-05,6.360000133514404,6.360000133514404,6.429999828338623,6.340000152587891,6.380000114440918,18000
2020-02-06,6.380000114440918,6.380000114440918,6.46999979019165,6.349999904632568,6.349999904632568,107000
2020-02-07,6.28000020980835,6.28000020980835,6.380000114440918,6.25,6.380000114440918,38000
2020-02-10,6.690000057220459,6.690000057220459,6.769999980926514,6.510000228881836,6.599999904632568,493615
2020-02-11,6.909999847412109,6.909999847412109,7.03000020980835,6.809999942779541,6.900000095367432,529000
2020-02-12,6.900000095367432,6.900000095367432,6.929999828338623,6.840000152587891,6.920000076293945,161000
2020-02-13,6.909999847412109,6.909999847412109,6.980000019073486,6.840000152587891,6.980000019073486,136000
2020-02-14,7.0,7.0,7.130000114440918,6.900000095367432,6.900000095367432,266002
2020-02-17,7.019999980926514,7.019999980926514,7.050000190734863,6.989999771118164,7.019999980926514,117000
2020-02-18,7.010000228881836,7.010000228881836,7.070000171661377,6.980000019073486,7.019999980926514,132000
2020-02-19,6.980000019073486,6.980000019073486,7.059999942779541,6.96999979019165,6.989999771118164,108000
2020-02-20,7.010000228881836,7.010000228881836,7.059999942779541,6.960000038146973,6.980000019073486,150000
2020-02-21,7.019999980926514,7.019999980926514,7.019999980926514,6.960000038146973,6.96999979019165,86001
2020-02-24,6.980000019073486,6.980000019073486,7.0,6.920000076293945,6.96999979019165,53000
2020-02-25,6.900000095367432,6.900000095367432,6.989999771118164,6.789999961853027,6.909999847412109,296000
2020-02-26,6.880000114440918,6.880000114440918,6.949999809265137,6.849999904632568,6.869999885559082,34000
2020-02-27,6.789999961853027,6.789999961853027,6.909999847412109,6.75,6.880000114440918,48000
2020-03-02,6.659999847412109,6.659999847412109,6.739999771118164,6.590000152587891,6.699999809265137,97000
2020-03-03,6.690000057220459,6.690000057220459,6.840000152587891,6.639999866485596,6.670000076293945,100000
2020-03-04,6.639999866485596,6.639999866485596,6.690000057220459,6.599999904632568,6.690000057220459,139000
2020-03-05,6.840000152587891,6.840000152587891,6.869999885559082,6.650000095367432,6.650000095367432,143000
2020-03-06,6.840000152587891,6.840000152587891,6.840000152587891,6.769999980926514,6.809999942779541,48000
2020-03-09,6.840000152587891,6.840000152587891,6.840000152587891,6.840000152587891,6.840000152587891,0
2020-03-10,6.800000190734863,6.800000190734863,6.96999979019165,6.510000228881836,6.539999961853027,413000
2020-03-11,6.800000190734863,6.800000190734863,6.949999809265137,6.75,6.820000171661377,291000
2020-03-12,6.349999904632568,6.349999904632568,6.800000190734863,6.349999904632568,6.800000190734863,409000
2020-03-13,6.349999904632568,6.349999904632568,6.349999904632568,6.349999904632568,6.349999904632568,0
2020-03-16,5.679999828338623,5.679999828338623,5.889999866485596,5.349999904632568,5.889999866485596,169000
2020-03-17,5.369999885559082,5.369999885559082,5.590000152587891,5.349999904632568,5.5,190000
2020-03-18,5.369999885559082,5.369999885559082,5.369999885559082,5.369999885559082,5.369999885559082,0
2020-03-19,4.78000020980835,4.78000020980835,5.28000020980835,4.78000020980835,5.119999885559082,645000
2020-03-20,5.130000114440918,5.130000114440918,5.139999866485596,4.880000114440918,4.980000019073486,255000
2020-03-23,4.889999866485596,4.889999866485596,4.900000095367432,4.630000114440918,4.900000095367432,384000
2020-03-24,5.099999904632568,5.099999904632568,5.099999904632568,4.889999866485596,4.889999866485596,462000
2020-03-25,5.230000019073486,5.230000019073486,5.550000190734863,5.170000076293945,5.550000190734863,366000
2020-03-26,5.139999866485596,5.139999866485596,5.25,5.139999866485596,5.25,191000
2020-03-27,5.059999942779541,5.059999942779541,5.289999961853027,5.050000190734863,5.28000020980835,234000
2020-03-30,5.0,5.0,5.139999866485596,4.960000038146973,5.010000228881836,129000
2020-03-31,5.03000020980835,5.03000020980835,5.25,5.010000228881836,5.059999942779541,182000
2020-04-01,5.059999942779541,5.059999942779541,5.190000057220459,4.960000038146973,4.960000038146973,153000
2020-04-06,5.010000228881836,5.010000228881836,5.090000152587891,4.960000038146973,5.059999942779541,87000
2020-04-07,5.150000095367432,5.150000095367432,5.090000152587891,5.050000190734863,5.059999942779541,234000
2020-04-08,5.179999828338623,5.179999828338623,5.190000057220459,5.050000190734863,5.070000171661377,254000
2020-04-09,5.21999979019165,5.21999979019165,5.289999961853027,5.179999828338623,5.260000228881836,146000
2020-04-10,5.369999885559082,5.369999885559082,5.409999847412109,5.150000095367432,5.150000095367432,216000
2020-04-13,5.360000133514404,5.360000133514404,5.400000095367432,5.230000019073486,5.300000190734863,142000
2020-04-14,5.46999979019165,5.46999979019165,5.5,5.360000133514404,5.360000133514404,169000
2020-04-15,5.5,5.5,5.539999961853027,5.429999828338623,5.5,150000
2020-04-16,5.5,5.5,5.579999923706055,5.429999828338623,5.46999979019165,116000
2020-04-17,5.460000038146973,5.460000038146973,5.650000095367432,5.420000076293945,5.650000095367432,128000
2020-04-20,5.400000095367432,5.400000095367432,5.5,5.300000190734863,5.5,162000
2020-04-21,5.289999961853027,5.289999961853027,5.489999771118164,5.269999980926514,5.349999904632568,134000
2020-04-22,5.340000152587891,5.340000152587891,5.380000114440918,5.190000057220459,5.190000057220459,27000
2020-04-23,5.360000133514404,5.360000133514404,5.449999809265137,5.300000190734863,5.340000152587891,17000
2020-04-24,5.400000095367432,5.400000095367432,5.400000095367432,5.320000171661377,5.320000171661377,68000
2020-04-27,5.519999980926514,5.519999980926514,5.519999980926514,5.400000095367432,5.449999809265137,179000
2020-04-28,5.590000152587891,5.590000152587891,5.610000133514404,5.510000228881836,5.570000171661377,135000
2020-04-29,5.570000171661377,5.570000171661377,5.619999885559082,5.539999961853027,5.539999961853027,83000
2020-04-30,5.619999885559082,5.619999885559082,5.630000114440918,5.570000171661377,5.610000133514404,139000
2020-05-04,5.550000190734863,5.550000190734863,5.550000190734863,5.46999979019165,5.510000228881836,77000
2020-05-05,5.619999885559082,5.619999885559082,5.739999771118164,5.579999923706055,5.579999923706055,18000
2020-05-06,5.599999904632568,5.599999904632568,5.699999809265137,5.510000228881836,5.659999847412109,108000
2020-05-07,5.679999828338623,5.679999828338623,5.710000038146973,5.570000171661377,5.710000038146973,131000
2020-05-08,5.75,5.75,5.78000020980835,5.690000057220459,5.699999809265137,91000
2020-05-11,5.829999923706055,5.829999923706055,6.050000190734863,5.800000190734863,6.050000190734863,154000
2020-05-12,5.949999809265137,5.949999809265137,5.960000038146973,5.730000019073486,5.869999885559082,170000
2020-05-13,5.949999809265137,5.949999809265137,5.960000038146973,5.800000190734863,5.800000190734863,196000
2020-05-14,5.829999923706055,5.829999923706055,5.900000095367432,5.800000190734863,5.889999866485596,152000
2020-05-15,5.769999980926514,5.769999980926514,5.869999885559082,5.699999809265137,5.849999904632568,130000
2020-05-18,5.920000076293945,5.920000076293945,5.949999809265137,5.769999980926514,5.800000190734863,201000
2020-05-19,5.920000076293945,5.920000076293945,5.989999771118164,5.860000133514404,5.989999771118164,136000
2020-05-20,5.940000057220459,5.940000057220459,5.940000057220459,5.840000152587891,5.920000076293945,82000
2020-05-21,5.949999809265137,5.949999809265137,5.980000019073486,5.889999866485596,5.889999866485596,47000
2020-05-22,5.75,5.75,5.989999771118164,5.71999979019165,5.949999809265137,209000
2020-05-25,5.730000019073486,5.730000019073486,5.789999961853027,5.650000095367432,5.78000020980835,60000
2020-05-26,5.840000152587891,5.840000152587891,5.869999885559082,5.75,5.75,73000
2020-05-27,5.809999942779541,5.809999942779541,5.929999828338623,5.769999980926514,5.849999904632568,101000
2020-05-28,5.800000190734863,5.800000190734863,5.889999866485596,5.75,5.840000152587891,122000
2020-05-29,5.760000228881836,5.760000228881836,5.809999942779541,5.760000228881836,5.800000190734863,48000
2020-06-01,5.800000190734863,5.800000190734863,5.849999904632568,5.800000190734863,5.840000152587891,114000
2020-06-02,5.840000152587891,5.840000152587891,5.860000133514404,5.789999961853027,5.809999942779541,41000
2020-06-03,5.880000114440918,5.880000114440918,5.900000095367432,5.829999923706055,5.849999904632568,230000
2020-06-04,5.869999885559082,5.869999885559082,5.949999809265137,5.869999885559082,5.949999809265137,115000
2020-06-05,6.039999961853027,6.039999961853027,6.139999866485596,5.820000171661377,5.820000171661377,240000
2020-06-08,6.139999866485596,6.139999866485596,6.150000095367432,6.03000020980835,6.079999923706055,202000
2020-06-09,6.150000095367432,6.150000095367432,6.179999828338623,6.090000152587891,6.110000133514404,147000
2020-06-10,6.139999866485596,6.139999866485596,6.260000228881836,6.099999904632568,6.119999885559082,123000
2020-06-11,6.050000190734863,6.050000190734863,6.130000114440918,5.96999979019165,6.099999904632568,328000
2020-06-12,5.929999828338623,5.929999828338623,5.940000057220459,5.789999961853027,5.900000095367432,173000
2020-06-15,5.940000057220459,5.940000057220459,5.960000038146973,5.909999847412109,5.960000038146973,85000
2020-06-16,6.010000228881836,6.010000228881836,6.010000228881836,5.949999809265137,6.0,187000
2020-06-17,6.099999904632568,6.099999904632568,6.099999904632568,6.0,6.010000228881836,126000
2020-06-18,6.03000020980835,6.03000020980835,6.110000133514404,6.019999980926514,6.110000133514404,231000
2020-06-19,6.039999961853027,6.039999961853027,6.099999904632568,6.03000020980835,6.03000020980835,109000
2020-06-22,6.039999961853027,6.039999961853027,6.139999866485596,5.96999979019165,6.099999904632568,125000
2020-06-23,6.019999980926514,6.019999980926514,6.070000171661377,5.96999979019165,6.050000190734863,73000
2020-06-24,6.050000190734863,6.050000190734863,6.050000190734863,5.960000038146973,6.010000228881836,82000
2020-06-29,6.059999942779541,6.059999942779541,6.059999942779541,5.940000057220459,6.039999961853027,224000
2020-06-30,6.019999980926514,6.019999980926514,6.079999923706055,6.019999980926514,6.059999942779541,116000
2020-07-01,6.03000020980835,6.03000020980835,6.21999979019165,6.03000020980835,6.21999979019165,54000
2020-07-02,6.110000133514404,6.110000133514404,6.130000114440918,6.039999961853027,6.050000190734863,163000
2020-07-03,6.199999809265137,6.199999809265137,6.199999809265137,6.039999961853027,6.119999885559082,242000
2020-07-06,6.210000038146973,6.210000038146973,6.329999923706055,6.179999828338623,6.179999828338623,133000
2020-07-07,6.289999961853027,6.289999961853027,6.309999942779541,6.099999904632568,6.300000190734863,274000
2020-07-08,6.349999904632568,6.349999904632568,6.369999885559082,6.199999809265137,6.28000020980835,235000
2020-07-09,6.420000076293945,6.420000076293945,6.449999809265137,6.300000190734863,6.349999904632568,643000
2020-07-10,6.369999885559082,6.369999885559082,6.489999771118164,6.320000171661377,6.420000076293945,139000
2020-07-13,6.28000020980835,6.28000020980835,6.369999885559082,6.28000020980835,6.369999885559082,225000
2020-07-14,6.199999809265137,6.199999809265137,6.329999923706055,6.119999885559082,6.329999923706055,227000
2020-07-15,6.199999809265137,6.199999809265137,6.25,6.199999809265137,6.210000038146973,91000
2020-07-16,6.239999771118164,6.239999771118164,6.300000190734863,6.199999809265137,6.230000019073486,178000
2020-07-17,6.119999885559082,6.119999885559082,6.289999961853027,6.090000152587891,6.25,190000
2020-07-20,6.119999885559082,6.119999885559082,6.139999866485596,6.03000020980835,6.099999904632568,102000
2020-07-21,6.090000152587891,6.090000152587891,6.239999771118164,6.079999923706055,6.110000133514404,60000
2020-07-22,6.139999866485596,6.139999866485596,6.269999980926514,6.119999885559082,6.119999885559082,37000
2020-07-23,6.170000076293945,6.170000076293945,6.190000057220459,6.119999885559082,6.150000095367432,36000
2020-07-24,6.679999828338623,6.679999828338623,6.78000020980835,6.139999866485596,6.179999828338623,2587000
2020-07-27,7.199999809265137,7.199999809265137,7.340000152587891,6.849999904632568,6.849999904632568,11044000
2020-07-28,6.480000019073486,6.480000019073486,7.150000095367432,6.480000019073486,7.090000152587891,2952000
2020-07-29,6.429999828338623,6.429999828338623,6.480000019073486,6.309999942779541,6.480000019073486,619000
2020-07-30,6.480000019073486,6.480000019073486,6.670000076293945,6.460000038146973,6.460000038146973,404000
2020-07-31,6.599999904632568,6.599999904632568,6.619999885559082,6.519999980926514,6.550000190734863,350000
2020-08-03,6.78000020980835,6.78000020980835,7.019999980926514,6.639999866485596,6.650000095367432,1042000
2020-08-04,6.610000133514404,6.610000133514404,6.980000019073486,6.300000190734863,6.789999961853027,649000
2020-08-05,6.550000190734863,6.550000190734863,6.78000020980835,6.519999980926514,6.610000133514404,624000
2020-08-06,6.510000228881836,6.510000228881836,6.630000114440918,6.510000228881836,6.590000152587891,269000
2020-08-07,6.480000019073486,6.480000019073486,6.550000190734863,6.460000038146973,6.510000228881836,249000
2020-08-10,6.519999980926514,6.519999980926514,6.650000095367432,6.449999809265137,6.5,403000
2020-08-11,6.360000133514404,6.360000133514404,6.489999771118164,6.349999904632568,6.489999771118164,500000
2020-08-12,6.320000171661377,6.320000171661377,6.429999828338623,6.300000190734863,6.429999828338623,232000
2020-08-13,6.380000114440918,6.380000114440918,6.5,6.329999923706055,6.329999923706055,358000
2020-08-14,6.300000190734863,6.300000190734863,6.460000038146973,6.289999961853027,6.380000114440918,316000
2020-08-17,6.28000020980835,6.28000020980835,6.420000076293945,6.239999771118164,6.300000190734863,479000
2020-08-18,6.329999923706055,6.329999923706055,6.380000114440918,6.28000020980835,6.309999942779541,189000
2020-08-19,6.340000152587891,6.340000152587891,6.400000095367432,6.340000152587891,6.349999904632568,356000
2020-08-20,6.050000190734863,6.050000190734863,6.389999866485596,6.050000190734863,6.349999904632568,417000
2020-08-21,6.090000152587891,6.090000152587891,6.179999828338623,6.070000171661377,6.070000171661377,129000
2020-08-24,6.130000114440918,6.130000114440918,6.170000076293945,6.090000152587891,6.170000076293945,126000
2020-08-25,6.170000076293945,6.170000076293945,6.210000038146973,6.099999904632568,6.130000114440918,211000
2020-08-26,6.199999809265137,6.199999809265137,6.260000228881836,6.159999847412109,6.170000076293945,149000
2020-08-27,6.25,6.25,6.260000228881836,6.119999885559082,6.21999979019165,169000
2020-08-28,6.289999961853027,6.289999961853027,6.320000171661377,6.21999979019165,6.260000228881836,136000
2020-08-31,6.269999980926514,6.269999980926514,6.300000190734863,6.25,6.260000228881836,134000
2020-09-01,6.230000019073486,6.230000019073486,6.269999980926514,6.199999809265137,6.269999980926514,148000
2020-09-02,6.230000019073486,6.230000019073486,6.329999923706055,6.230000019073486,6.25,61000
2020-09-03,6.349999904632568,6.349999904632568,6.380000114440918,6.239999771118164,6.239999771118164,462000
2020-09-04,6.360000133514404,6.360000133514404,6.380000114440918,6.260000228881836,6.380000114440918,171000
2020-09-07,6.329999923706055,6.329999923706055,6.400000095367432,6.300000190734863,6.400000095367432,209000
2020-09-08,6.289999961853027,6.289999961853027,6.329999923706055,6.25,6.329999923706055,301000
2020-09-09,6.380000114440918,6.380000114440918,6.400000095367432,6.25,6.269999980926514,169000
2020-09-10,6.510000228881836,6.510000228881836,6.789999961853027,6.380000114440918,6.429999828338623,612000
2020-09-11,6.409999847412109,6.409999847412109,6.579999923706055,6.409999847412109,6.519999980926514,242000
2020-09-14,6.389999866485596,6.389999866485596,6.5,6.360000133514404,6.429999828338623,289000
2020-09-15,6.409999847412109,6.409999847412109,6.46999979019165,6.400000095367432,6.440000057220459,148000
2020-09-16,6.429999828338623,6.429999828338623,6.519999980926514,6.420000076293945,6.510000228881836,285000
2020-09-17,6.590000152587891,6.590000152587891,6.650000095367432,6.449999809265137,6.449999809265137,464000
2020-09-18,6.820000171661377,6.820000171661377,7.199999809265137,6.639999866485596,6.699999809265137,2284000
2020-09-21,6.75,6.75,7.03000020980835,6.71999979019165,6.900000095367432,661000
2020-09-22,6.699999809265137,6.699999809265137,6.920000076293945,6.619999885559082,6.760000228881836,303000
2020-09-23,6.889999866485596,6.889999866485596,7.070000171661377,6.710000038146973,6.880000114440918,802000
2020-09-24,6.699999809265137,6.699999809265137,7.28000020980835,6.699999809265137,6.889999866485596,2242000
2020-09-25,6.349999904632568,6.349999904632568,6.960000038146973,6.289999961853027,6.920000076293945,608000
2020-09-28,6.380000114440918,6.380000114440918,6.480000019073486,6.360000133514404,6.360000133514404,207000
2020-09-29,6.420000076293945,6.420000076293945,6.550000190734863,6.400000095367432,6.449999809265137,141000
2020-09-30,6.53000020980835,6.53000020980835,6.650000095367432,6.420000076293945,6.420000076293945,143000
2020-10-05,6.480000019073486,6.480000019073486,6.579999923706055,6.449999809265137,6.53000020980835,93000
2020-10-06,6.559999942779541,6.559999942779541,6.579999923706055,6.519999980926514,6.559999942779541,82000
2020-10-07,6.599999904632568,6.599999904632568,6.710000038146973,6.550000190734863,6.599999904632568,96000
2020-10-08,6.840000152587891,6.840000152587891,6.989999771118164,6.610000133514404,6.619999885559082,665000
2020-10-12,7.019999980926514,7.019999980926514,7.070000171661377,6.900000095367432,6.900000095367432,1417000
2020-10-13,6.900000095367432,6.900000095367432,7.119999885559082,6.800000190734863,7.090000152587891,400000
2020-10-14,6.920000076293945,6.920000076293945,6.96999979019165,6.869999885559082,6.880000114440918,221000
2020-10-15,6.840000152587891,6.840000152587891,6.949999809265137,6.840000152587891,6.949999809265137,203000
2020-10-16,6.789999961853027,6.789999961853027,6.960000038146973,6.789999961853027,6.869999885559082,164000
2020-10-19,6.860000133514404,6.860000133514404,6.940000057220459,6.789999961853027,6.789999961853027,94000
2020-10-20,6.840000152587891,6.840000152587891,6.920000076293945,6.829999923706055,6.849999904632568,75000
2020-10-21,6.849999904632568,6.849999904632568,6.929999828338623,6.789999961853027,6.860000133514404,175000
2020-10-22,6.829999923706055,6.829999923706055,6.889999866485596,6.75,6.849999904632568,83000
2020-10-23,6.840000152587891,6.840000152587891,6.849999904632568,6.769999980926514,6.849999904632568,38000
2020-10-26,6.769999980926514,6.769999980926514,6.929999828338623,6.75,6.929999828338623,2337000
2020-10-27,6.760000228881836,6.760000228881836,6.789999961853027,6.699999809265137,6.699999809265137,3050000
2020-10-28,6.690000057220459,6.690000057220459,6.849999904632568,6.690000057220459,6.760000228881836,2833000
2020-10-29,6.659999847412109,6.659999847412109,6.739999771118164,6.559999942779541,6.650000095367432,3844000
2020-10-30,6.559999942779541,6.559999942779541,6.710000038146973,6.460000038146973,6.659999847412109,2386000
2020-11-02,6.599999904632568,6.599999904632568,6.630000114440918,6.510000228881836,6.559999942779541,2023000
2020-11-03,6.630000114440918,6.630000114440918,6.679999828338623,6.550000190734863,6.550000190734863,2251000
2020-11-04,6.679999828338623,6.679999828338623,6.769999980926514,6.579999923706055,6.650000095367432,2091000
2020-11-05,6.619999885559082,6.619999885559082,6.730000019073486,6.570000171661377,6.599999904632568,3954000
2020-11-06,6.679999828338623,6.679999828338623,6.690000057220459,6.599999904632568,6.610000133514404,1892000
2020-11-09,6.690000057220459,6.690000057220459,6.730000019073486,6.639999866485596,6.699999809265137,40000
2020-11-10,6.639999866485596,6.639999866485596,6.730000019073486,6.639999866485596,6.670000076293945,34000
2020-11-11,6.619999885559082,6.619999885559082,6.690000057220459,6.599999904632568,6.639999866485596,176000
2020-11-12,6.599999904632568,6.599999904632568,6.699999809265137,6.570000171661377,6.590000152587891,69000
2020-11-13,6.53000020980835,6.53000020980835,6.639999866485596,6.5,6.639999866485596,137000
2020-11-16,6.559999942779541,6.559999942779541,6.670000076293945,6.5,6.53000020980835,123000
2020-11-17,6.53000020980835,6.53000020980835,6.699999809265137,6.480000019073486,6.489999771118164,57000
2020-11-18,6.679999828338623,6.679999828338623,6.800000190734863,6.480000019073486,6.480000019073486,989000
2020-11-19,6.599999904632568,6.599999904632568,6.730000019073486,6.599999904632568,6.730000019073486,462000
2020-11-20,6.539999961853027,6.539999961853027,6.639999866485596,6.539999961853027,6.599999904632568,232000
2020-11-23,6.539999961853027,6.539999961853027,6.570000171661377,6.489999771118164,6.519999980926514,343000
2020-11-24,6.579999923706055,6.579999923706055,6.599999904632568,6.519999980926514,6.519999980926514,114000
2020-11-25,6.619999885559082,6.619999885559082,6.679999828338623,6.590000152587891,6.590000152587891,230000
2020-11-26,6.659999847412109,6.659999847412109,6.789999961853027,6.559999942779541,6.559999942779541,408000
2020-11-27,6.760000228881836,6.760000228881836,6.739999771118164,6.650000095367432,6.659999847412109,87000
2020-11-30,6.690000057220459,6.690000057220459,6.820000171661377,6.690000057220459,6.820000171661377,190000
2020-12-01,6.769999980926514,6.769999980926514,6.849999904632568,6.690000057220459,6.690000057220459,364000
2020-12-02,6.800000190734863,6.800000190734863,6.880000114440918,6.769999980926514,6.840000152587891,355000
2020-12-03,6.75,6.75,6.860000133514404,6.75,6.860000133514404,153000
2020-12-04,6.789999961853027,6.789999961853027,6.809999942779541,6.71999979019165,6.75,168000
2020-12-07,6.849999904632568,6.849999904632568,6.829999923706055,6.71999979019165,6.75,234000
2020-12-08,6.800000190734863,6.800000190734863,6.849999904632568,6.75,6.849999904632568,81000
2020-12-09,6.789999961853027,6.789999961853027,6.800000190734863,6.71999979019165,6.800000190734863,147000
2020-12-10,6.880000114440918,6.880000114440918,6.920000076293945,6.739999771118164,6.789999961853027,453000
2020-12-11,6.900000095367432,6.900000095367432,7.269999980926514,6.840000152587891,7.119999885559082,831000
2020-12-14,6.949999809265137,6.949999809265137,7.050000190734863,6.880000114440918,6.940000057220459,292000
2020-12-15,6.809999942779541,6.809999942779541,7.079999923706055,6.809999942779541,6.920000076293945,207000
2020-12-16,6.960000038146973,6.960000038146973,6.96999979019165,6.840000152587891,6.840000152587891,173000
2020-12-17,6.96999979019165,6.96999979019165,7.019999980926514,6.889999866485596,7.0,199000
2020-12-18,6.96999979019165,6.96999979019165,7.03000020980835,6.889999866485596,6.980000019073486,316000
2020-12-21,7.099999904632568,7.099999904632568,7.130000114440918,6.949999809265137,6.980000019073486,797000
2020-12-22,7.130000114440918,7.130000114440918,7.289999961853027,7.059999942779541,7.130000114440918,936000
2020-12-23,7.789999961853027,7.789999961853027,7.840000152587891,7.119999885559082,7.130000114440918,5950000
2020-12-24,8.0,8.0,8.25,7.800000190734863,7.900000095367432,4714000
2020-12-25,8.069999694824219,8.069999694824219,8.079999923706055,7.900000095367432,8.0,1831000
2020-12-28,8.369999885559082,8.369999885559082,8.5,8.199999809265137,8.199999809265137,1756000
2020-12-29,8.210000038146973,8.210000038146973,8.550000190734863,8.199999809265137,8.5,1058000
2020-12-30,8.09000015258789,8.09000015258789,8.319999694824219,8.0,8.289999961853027,1172000
2020-12-31,8.010000228881836,8.010000228881836,8.180000305175781,8.0,8.09000015258789,391000
2021-01-04,8.180000305175781,8.180000305175781,8.25,8.039999961853027,8.149999618530273,1149000
2021-01-05,7.960000038146973,7.960000038146973,8.140000343322754,7.949999809265137,8.140000343322754,1116000
2021-01-06,7.860000133514404,7.860000133514404,8.100000381469727,7.559999942779541,8.09000015258789,807000
2021-01-07,7.860000133514404,7.860000133514404,8.100000381469727,7.699999809265137,7.860000133514404,3896000
2021-01-08,7.920000076293945,7.920000076293945,8.029999732971191,7.840000152587891,7.840000152587891,303000
2021-01-11,8.479999542236328,8.479999542236328,8.710000038146973,8.050000190734863,8.050000190734863,3849000
2021-01-12,7.900000095367432,7.900000095367432,8.800000190734863,7.849999904632568,8.640000343322754,2076000
2021-01-13,8.069999694824219,8.069999694824219,8.229999542236328,8.0,8.0,777000
2021-01-14,8.180000305175781,8.180000305175781,8.399999618530273,7.960000038146973,8.100000381469727,12963000
2021-01-15,8.130000114440918,8.130000114440918,8.239999771118164,7.900000095367432,8.1899995803833,1058000
2021-01-18,8.0,8.0,8.149999618530273,7.849999904632568,8.149999618530273,615000
2021-01-19,8.199999809265137,8.199999809265137,8.34000015258789,7.980000019073486,7.980000019073486,1236000
2021-01-20,7.960000038146973,7.960000038146973,8.25,7.960000038146973,8.25,688000
2021-01-21,7.96999979019165,7.96999979019165,8.039999961853027,7.889999866485596,7.960000038146973,401000
2021-01-22,7.940000057220459,7.940000057220459,8.09000015258789,7.900000095367432,8.09000015258789,197000
2021-01-25,7.889999866485596,7.889999866485596,7.949999809265137,7.789999961853027,7.889999866485596,354000
2021-01-26,7.679999828338623,7.679999828338623,7.940000057220459,7.679999828338623,7.829999923706055,195000
2021-01-27,7.730000019073486,7.730000019073486,7.980000019073486,7.679999828338623,7.699999809265137,298000
2021-01-28,7.440000057220459,7.440000057220459,7.78000020980835,7.429999828338623,7.619999885559082,290000
2021-01-29,7.190000057220459,7.190000057220459,7.5,7.010000228881836,7.5,485000
2021-02-01,7.199999809265137,7.199999809265137,7.320000171661377,7.159999847412109,7.320000171661377,108000
2021-02-02,7.28000020980835,7.28000020980835,7.340000152587891,7.090000152587891,7.199999809265137,96000
2021-02-03,7.28000020980835,7.28000020980835,7.360000133514404,7.269999980926514,7.360000133514404,75000
2021-02-04,7.289999961853027,7.289999961853027,7.380000114440918,7.21999979019165,7.28000020980835,115000
2021-02-05,7.440000057220459,7.440000057220459,7.440000057220459,7.28000020980835,7.300000190734863,390000
2021-02-17,7.510000228881836,7.510000228881836,7.590000152587891,7.440000057220459,7.440000057220459,135000
2021-02-18,7.610000133514404,7.610000133514404,7.690000057220459,7.53000020980835,7.679999828338623,262000
2021-02-19,7.599999904632568,7.599999904632568,7.670000076293945,7.550000190734863,7.550000190734863,165000
2021-02-22,7.699999809265137,7.699999809265137,7.769999980926514,7.559999942779541,7.570000171661377,340000
2021-02-23,7.679999828338623,7.679999828338623,7.739999771118164,7.579999923706055,7.699999809265137,123000
2021-02-24,7.559999942779541,7.559999942779541,7.820000171661377,7.489999771118164,7.71999979019165,375000
2021-02-25,7.619999885559082,7.619999885559082,7.690000057220459,7.599999904632568,7.690000057220459,107000
2021-02-26,7.510000228881836,7.510000228881836,7.610000133514404,7.480000019073486,7.5,151000
2021-03-02,7.519999980926514,7.519999980926514,7.690000057220459,7.510000228881836,7.519999980926514,386000
2021-03-03,7.539999961853027,7.539999961853027,7.599999904632568,7.489999771118164,7.519999980926514,91000
2021-03-04,7.460000038146973,7.460000038146973,7.579999923706055,7.460000038146973,7.550000190734863,153000
2021-03-05,7.46999979019165,7.46999979019165,7.550000190734863,7.400000095367432,7.429999828338623,165000
2021-03-08,7.429999828338623,7.429999828338623,7.550000190734863,7.389999866485596,7.480000019073486,157000
2021-03-09,7.360000133514404,7.360000133514404,7.460000038146973,7.349999904632568,7.460000038146973,190000
2021-03-10,7.449999809265137,7.449999809265137,7.570000171661377,7.389999866485596,7.460000038146973,398000
2021-03-11,7.519999980926514,7.519999980926514,7.559999942779541,7.489999771118164,7.559999942779541,217000
2021-03-12,7.510000228881836,7.510000228881836,7.579999923706055,7.489999771118164,7.510000228881836,247000
2021-03-15,7.75,7.75,7.75,7.53000020980835,7.53000020980835,562000
2021-03-16,7.800000190734863,7.800000190734863,8.180000305175781,7.78000020980835,7.940000057220459,985000
2021-03-17,7.789999961853027,7.789999961853027,7.940000057220459,7.75,7.940000057220459,383000
2021-03-18,7.900000095367432,7.900000095367432,7.980000019073486,7.849999904632568,7.880000114440918,267000
2021-03-19,7.929999828338623,7.929999828338623,8.0,7.860000133514404,7.900000095367432,530000
2021-03-22,8.300000190734863,8.300000190734863,8.399999618530273,7.980000019073486,8.09000015258789,1315000
2021-03-23,8.140000343322754,8.140000343322754,8.600000381469727,8.069999694824219,8.399999618530273,782000
2021-03-24,8.170000076293945,8.170000076293945,8.289999961853027,8.020000457763672,8.199999809265137,453000
2021-03-25,8.100000381469727,8.100000381469727,8.239999771118164,8.100000381469727,8.170000076293945,420000
2021-03-26,8.140000343322754,8.140000343322754,8.210000038146973,8.119999885559082,8.119999885559082,292000
2021-03-29,8.029999732971191,8.029999732971191,8.149999618530273,8.029999732971191,8.149999618530273,377000
2021-03-30,8.050000190734863,8.050000190734863,8.119999885559082,8.029999732971191,8.039999961853027,116000
2021-03-31,8.0600004196167,8.0600004196167,8.170000076293945,8.020000457763672,8.050000190734863,201000
2021-04-01,8.09000015258789,8.09000015258789,8.109999656677246,8.050000190734863,8.100000381469727,190000
2021-04-07,8.899999618530273,8.899999618530273,8.979999542236328,8.5,8.5,3835000
2021-04-08,9.329999923706055,9.329999923706055,9.520000457763672,9.100000381469727,9.199999809265137,2729000
2021-04-09,9.350000381469727,9.350000381469727,9.600000381469727,9.170000076293945,9.569999694824219,1247000
2021-04-12,9.0,9.0,9.34000015258789,8.800000190734863,9.140000343322754,1315000
2021-04-13,8.90999984741211,8.90999984741211,9.180000305175781,8.90999984741211,9.029999732971191,760000
2021-04-14,8.84000015258789,8.84000015258789,9.0,8.550000190734863,8.989999771118164,951000
2021-04-15,8.970000267028809,8.970000267028809,9.020000457763672,8.850000381469727,8.960000038146973,634000
2021-04-16,9.1899995803833,9.1899995803833,9.199999809265137,9.0,9.079999923706055,1072000
2021-04-19,10.0,10.0,10.100000381469727,9.199999809265137,9.319999694824219,3697000
2021-04-20,10.050000190734863,10.050000190734863,10.350000381469727,9.600000381469727,10.050000190734863,2552000
2021-04-21,10.300000190734863,10.300000190734863,10.399999618530273,9.960000038146973,10.050000190734863,2841000
2021-04-22,9.899999618530273,9.899999618530273,11.0,9.699999809265137,11.0,2155000
2021-04-23,10.149999618530273,10.149999618530273,10.399999618530273,9.899999618530273,9.899999618530273,1199000
2021-04-26,10.300000190734863,10.300000190734863,10.699999809265137,10.149999618530273,10.25,1038000
2021-04-27,10.25,10.25,10.649999618530273,10.100000381469727,10.300000190734863,1024000
2021-04-28,10.550000190734863,10.550000190734863,11.25,10.149999618530273,10.399999618530273,32833000
2021-04-29,11.600000381469727,11.600000381469727,11.600000381469727,10.199999809265137,10.550000190734863,12379000
2021-05-03,11.300000190734863,11.300000190734863,12.350000381469727,11.199999809265137,11.800000190734863,8577000
2021-05-04,10.199999809265137,10.199999809265137,11.949999809265137,10.199999809265137,11.300000190734863,4271000
2021-05-05,10.100000381469727,10.100000381469727,10.699999809265137,9.5,10.149999618530273,1856000
2021-05-06,9.84000015258789,9.84000015258789,10.350000381469727,9.550000190734863,9.859999656677246,1696000
2021-05-07,10.050000190734863,10.050000190734863,10.149999618530273,9.850000381469727,10.149999618530273,934000
2021-05-10,9.850000381469727,9.850000381469727,10.25,9.850000381469727,10.25,1096000
2021-05-11,8.880000114440918,8.880000114440918,9.699999809265137,8.869999885559082,9.600000381469727,2283000
2021-05-12,8.020000457763672,8.020000457763672,9.010000228881836,8.0,9.010000228881836,2480000
2021-05-13,8.029999732971191,8.029999732971191,8.369999885559082,7.420000076293945,8.020000457763672,1560000
2021-05-14,7.849999904632568,7.849999904632568,8.40999984741211,7.800000190734863,8.319999694824219,940000
2021-05-17,7.090000152587891,7.090000152587891,7.630000114440918,7.070000171661377,7.079999923706055,1543000
2021-05-18,7.789999961853027,7.789999961853027,7.789999961853027,7.150000095367432,7.260000228881836,849000
2021-05-19,7.800000190734863,7.800000190734863,8.100000381469727,7.630000114440918,8.100000381469727,574000
2021-05-20,7.690000057220459,7.690000057220459,7.949999809265137,7.650000095367432,7.860000133514404,494000
2021-05-21,7.949999809265137,7.949999809265137,8.079999923706055,7.820000171661377,7.829999923706055,471000
2021-05-24,8.100000381469727,8.100000381469727,8.199999809265137,7.840000152587891,7.880000114440918,334000
2021-05-25,8.199999809265137,8.199999809265137,8.380000114440918,8.180000305175781,8.199999809265137,470000
2021-05-26,8.220000267028809,8.220000267028809,8.350000381469727,8.079999923706055,8.34000015258789,435000
2021-05-27,8.220000267028809,8.220000267028809,8.350000381469727,8.119999885559082,8.220000267028809,872000
2021-05-28,8.34000015258789,8.34000015258789,8.369999885559082,8.1899995803833,8.289999961853027,279000
2021-05-31,8.300000190734863,8.300000190734863,8.489999771118164,8.289999961853027,8.289999961853027,465000
2021-06-01,8.470000267028809,8.470000267028809,8.5,8.34000015258789,8.350000381469727,472000
2021-06-02,8.449999809265137,8.449999809265137,8.699999809265137,8.350000381469727,8.600000381469727,399000
2021-06-03,8.479999542236328,8.479999542236328,8.510000228881836,8.40999984741211,8.510000228881836,242000
2021-06-04,8.329999923706055,8.329999923706055,8.609999656677246,8.3100004196167,8.609999656677246,186000
2021-06-07,8.289999961853027,8.289999961853027,8.34000015258789,8.0,8.34000015258789,206000
2021-06-08,8.1899995803833,8.1899995803833,8.260000228881836,8.1899995803833,8.260000228881836,149000
2021-06-09,8.199999809265137,8.199999809265137,8.220000267028809,8.100000381469727,8.199999809265137,144000
2021-06-10,9.020000457763672,9.020000457763672,9.020000457763672,8.100000381469727,8.199999809265137,2634000
2021-06-11,9.630000114440918,9.630000114440918,9.90999984741211,9.100000381469727,9.100000381469727,3431000
2021-06-15,9.359999656677246,9.359999656677246,9.979999542236328,9.359999656677246,9.720000267028809,1904000
2021-06-16,9.109999656677246,9.109999656677246,9.390000343322754,9.100000381469727,9.359999656677246,726000
2021-06-17,9.1899995803833,9.1899995803833,9.25,9.069999694824219,9.199999809265137,411000
2021-06-18,9.220000267028809,9.220000267028809,9.369999885559082,9.15999984741211,9.229999542236328,503000
2021-06-21,8.869999885559082,8.869999885559082,9.1899995803833,8.829999923706055,9.130000114440918,572000
2021-06-22,8.90999984741211,8.90999984741211,9.119999885559082,8.899999618530273,9.119999885559082,239000
2021-06-23,9.329999923706055,9.329999923706055,9.4399995803833,8.949999809265137,9.119999885559082,490000
2021-06-24,9.5,9.5,9.75,9.300000190734863,9.329999923706055,936000
2021-06-25,9.350000381469727,9.350000381469727,9.789999961853027,9.34000015258789,9.5600004196167,632000
2021-06-28,9.319999694824219,9.319999694824219,9.350000381469727,9.109999656677246,9.350000381469727,455000
2021-06-29,9.050000190734863,9.050000190734863,9.380000114440918,8.989999771118164,9.350000381469727,803000
2021-06-30,9.180000305175781,9.180000305175781,9.399999618530273,9.050000190734863,9.100000381469727,434000
2021-07-01,9.130000114440918,9.130000114440918,9.399999618530273,9.079999923706055,9.229999542236328,599000
2021-07-02,9.229999542236328,9.229999542236328,9.270000457763672,9.130000114440918,9.130000114440918,380000
2021-07-05,10.149999618530273,10.149999618530273,10.149999618530273,9.399999618530273,9.5,2369000
2021-07-06,9.869999885559082,9.869999885559082,10.850000381469727,9.829999923706055,10.699999809265137,3571000
2021-07-07,9.850000381469727,9.850000381469727,10.100000381469727,9.619999885559082,9.90999984741211,1178000
2021-07-08,10.25,10.25,10.5,9.850000381469727,9.899999618530273,1880000
2021-07-09,10.0,10.0,10.5,9.859999656677246,10.300000190734863,2791000
2021-07-12,9.770000457763672,9.770000457763672,10.25,9.739999771118164,9.90999984741211,1292000
2021-07-13,9.5,9.5,10.0,9.5,10.0,923000
2021-07-14,9.5,9.5,9.649999618530273,9.40999984741211,9.550000190734863,1504000
2021-07-15,9.819999694824219,9.819999694824219,9.880000114440918,9.5,9.5,565000
2021-07-16,9.760000228881836,9.760000228881836,10.050000190734863,9.710000038146973,9.819999694824219,710000
2021-07-19,10.25,10.25,10.25,9.6899995803833,9.770000457763672,1233000
2021-07-20,9.930000305175781,9.930000305175781,10.5,9.899999618530273,10.199999809265137,2291000
2021-07-21,10.0,10.0,10.149999618530273,9.649999618530273,10.100000381469727,1162000
2021-07-22,10.25,10.25,10.899999618530273,9.920000076293945,10.100000381469727,7927000
2021-07-23,10.149999618530273,10.149999618530273,10.449999809265137,9.979999542236328,10.300000190734863,1574000
2021-07-26,10.100000381469727,10.100000381469727,10.350000381469727,10.0,10.149999618530273,2742000
2021-07-27,10.050000190734863,10.050000190734863,10.5,10.0,10.300000190734863,3751000
2021-07-28,9.880000114440918,9.880000114440918,10.199999809265137,9.699999809265137,10.199999809265137,2402000
2021-07-29,10.300000190734863,10.300000190734863,10.449999809265137,9.90999984741211,9.920000076293945,5110000
2021-07-30,10.399999618530273,10.399999618530273,10.5,10.050000190734863,10.5,5161000
2021-08-02,10.649999618530273,10.649999618530273,10.800000190734863,10.399999618530273,10.5,3205000
2021-08-03,10.600000381469727,10.600000381469727,10.899999618530273,10.449999809265137,10.800000190734863,2001000
2021-08-04,10.300000190734863,10.300000190734863,10.699999809265137,10.149999618530273,10.699999809265137,4752000
2021-08-05,10.149999618530273,10.149999618530273,10.449999809265137,10.050000190734863,10.300000190734863,822000
2021-08-06,10.0,10.0,10.149999618530273,10.0,10.100000381469727,736000
2021-08-09,9.90999984741211,9.90999984741211,10.199999809265137,9.859999656677246,10.199999809265137,547000
2021-08-10,9.890000343322754,9.890000343322754,10.050000190734863,9.829999923706055,10.050000190734863,1216000
2021-08-11,9.989999771118164,9.989999771118164,10.350000381469727,9.90999984741211,10.25,3264000
2021-08-12,10.100000381469727,10.100000381469727,10.25,9.989999771118164,10.050000190734863,1877000
2021-08-13,10.149999618530273,10.149999618530273,10.25,10.050000190734863,10.100000381469727,2963000
2021-08-16,10.25,10.25,10.300000190734863,9.800000190734863,10.300000190734863,5925000
2021-08-17,10.25,10.25,10.449999809265137,10.149999618530273,10.350000381469727,2421000
2021-08-18,10.25,10.25,10.25,9.850000381469727,10.050000190734863,838000
2021-08-19,9.979999542236328,9.979999542236328,10.25,9.970000267028809,10.149999618530273,634000
2021-08-20,9.789999961853027,9.789999961853027,10.0,9.699999809265137,10.0,874000
2021-08-23,10.050000190734863,10.050000190734863,10.100000381469727,9.829999923706055,9.850000381469727,1584000
2021-08-24,10.149999618530273,10.149999618530273,10.199999809265137,9.960000038146973,10.050000190734863,1648000
2021-08-25,10.100000381469727,10.100000381469727,10.25,10.050000190734863,10.149999618530273,2280000
2021-08-26,10.0,10.0,10.199999809265137,10.0,10.149999618530273,3825000
2021-08-27,10.149999618530273,10.149999618530273,10.350000381469727,9.979999542236328,10.0,4716000
2021-08-30,10.199999809265137,10.199999809265137,10.350000381469727,10.100000381469727,10.25,853000
2021-08-31,10.199999809265137,10.199999809265137,10.300000190734863,10.100000381469727,10.300000190734863,520000
2021-09-01,11.199999809265137,11.199999809265137,11.199999809265137,10.300000190734863,10.300000190734863,5999000
2021-09-02,12.149999618530273,12.149999618530273,12.300000190734863,11.300000190734863,11.449999809265137,13310000
2021-09-03,11.25,11.25,12.050000190734863,11.050000190734863,12.050000190734863,6890000
2021-09-06,10.5,10.5,11.550000190734863,10.399999618530273,11.5,3951000
2021-09-07,10.550000190734863,10.550000190734863,10.600000381469727,10.100000381469727,10.5,2178000
2021-09-08,10.550000190734863,10.550000190734863,11.050000190734863,10.300000190734863,10.649999618530273,3471000
2021-09-09,10.699999809265137,10.699999809265137,11.100000381469727,10.649999618530273,10.800000190734863,3115000
2021-09-10,11.050000190734863,11.050000190734863,11.149999618530273,10.550000190734863,10.800000190734863,1592000
2021-09-13,11.050000190734863,11.050000190734863,11.649999618530273,11.050000190734863,11.199999809265137,3141000
2021-09-14,11.050000190734863,11.050000190734863,11.199999809265137,10.75,11.050000190734863,1563000
2021-09-15,10.699999809265137,10.699999809265137,11.100000381469727,10.699999809265137,11.100000381469727,809000
2021-09-16,10.449999809265137,10.449999809265137,10.800000190734863,10.449999809265137,10.699999809265137,1001000
2021-09-17,10.449999809265137,10.449999809265137,10.649999618530273,10.25,10.449999809265137,868000
2021-09-22,10.25,10.25,10.449999809265137,10.050000190734863,10.100000381469727,2444000
2021-09-23,10.5,10.5,10.949999809265137,10.350000381469727,10.5,4320000
2021-09-24,10.649999618530273,10.649999618530273,10.800000190734863,10.5,10.649999618530273,2890000
2021-09-27,10.550000190734863,10.550000190734863,10.75,10.550000190734863,10.75,635000
2021-09-28,11.600000381469727,11.600000381469727,11.600000381469727,10.550000190734863,10.649999618530273,20414000
2021-09-29,10.600000381469727,10.600000381469727,11.5,10.449999809265137,11.199999809265137,12061000
2021-09-30,10.550000190734863,10.550000190734863,10.949999809265137,10.550000190734863,10.699999809265137,4527000
2021-10-01,10.350000381469727,10.350000381469727,10.649999618530273,10.199999809265137,10.5,5190000
2021-10-04,9.880000114440918,9.880000114440918,10.5,9.880000114440918,10.449999809265137,2064000
2021-10-05,9.979999542236328,9.979999542236328,10.100000381469727,9.640000343322754,9.850000381469727,1112000
2021-10-06,9.880000114440918,9.880000114440918,10.149999618530273,9.880000114440918,10.100000381469727,879000
2021-10-07,10.600000381469727,10.600000381469727,10.699999809265137,10.0,10.050000190734863,4610000
2021-10-08,10.449999809265137,10.449999809265137,11.050000190734863,10.300000190734863,10.649999618530273,5292000
2021-10-12,10.300000190734863,10.300000190734863,10.699999809265137,10.300000190734863,10.5,1080000
2021-10-13,10.399999618530273,10.399999618530273,10.699999809265137,10.300000190734863,10.350000381469727,767000
2021-10-14,10.550000190734863,10.550000190734863,10.699999809265137,10.5,10.5,984000
2021-10-15,10.550000190734863,10.550000190734863,10.699999809265137,10.5,10.649999618530273,577000
2021-10-18,10.600000381469727,10.600000381469727,10.699999809265137,10.5,10.550000190734863,611000
2021-10-19,10.699999809265137,10.699999809265137,10.899999618530273,10.649999618530273,10.699999809265137,1023000
2021-10-20,10.649999618530273,10.649999618530273,10.850000381469727,10.600000381469727,10.800000190734863,729000
2021-10-21,10.649999618530273,10.649999618530273,10.75,10.600000381469727,10.75,619000
2021-10-22,10.5,10.5,10.649999618530273,10.449999809265137,10.550000190734863,612000
2021-10-25,10.300000190734863,10.300000190734863,10.449999809265137,10.149999618530273,10.399999618530273,853000
2021-10-26,10.399999618530273,10.399999618530273,10.550000190734863,10.350000381469727,10.399999618530273,555000
2021-10-27,10.699999809265137,10.699999809265137,10.800000190734863,10.350000381469727,10.5,5063000
2021-10-28,10.649999618530273,10.649999618530273,10.899999618530273,10.550000190734863,10.75,1629000
2021-10-29,10.699999809265137,10.699999809265137,10.800000190734863,10.600000381469727,10.699999809265137,913000
2021-11-01,10.949999809265137,10.949999809265137,11.100000381469727,10.699999809265137,10.800000190734863,1545000
2021-11-02,10.75,10.75,11.300000190734863,10.699999809265137,11.100000381469727,1290000
2021-11-03,10.949999809265137,10.949999809265137,11.149999618530273,10.850000381469727,10.899999618530273,1049000
2021-11-04,11.25,11.25,11.5,11.100000381469727,11.199999809265137,2169000
2021-11-05,11.25,11.25,11.550000190734863,11.25,11.5,966000
2021-11-08,11.399999618530273,11.399999618530273,11.600000381469727,11.199999809265137,11.300000190734863,1375000
2021-11-09,11.399999618530273,11.399999618530273,11.850000381469727,11.399999618530273,11.550000190734863,1568000
2021-11-10,10.949999809265137,10.949999809265137,11.350000381469727,10.800000190734863,11.350000381469727,2201000
2021-11-11,11.149999618530273,11.149999618530273,11.350000381469727,10.949999809265137,11.050000190734863,1388000
2021-11-12,11.699999809265137,11.699999809265137,11.800000190734863,11.25,11.25,2550000
2021-11-15,11.25,11.25,12.850000381469727,11.199999809265137,11.75,14052000
2021-11-16,12.300000190734863,12.300000190734863,12.350000381469727,11.100000381469727,11.199999809265137,26883000
2021-11-17,11.800000190734863,11.800000190734863,12.149999618530273,11.5,12.100000381469727,7876000
2021-11-18,12.949999809265137,12.949999809265137,12.949999809265137,11.600000381469727,11.800000190734863,12045000
2021-11-19,14.199999809265137,14.199999809265137,14.199999809265137,12.75,13.5,29793000
2021-11-22,15.600000381469727,15.600000381469727,15.600000381469727,15.199999809265137,15.600000381469727,3530000
2021-11-23,15.399999618530273,15.399999618530273,17.149999618530273,14.699999809265137,17.149999618530273,29923000
2021-11-24,15.350000381469727,15.350000381469727,16.0,14.800000190734863,15.649999618530273,11650000
2021-11-25,16.850000381469727,16.850000381469727,16.850000381469727,15.199999809265137,15.550000190734863,12978000
2021-11-26,16.700000762939453,16.700000762939453,17.899999618530273,16.350000381469727,16.5,37581000
2021-11-29,15.449999809265137,15.449999809265137,16.5,15.100000381469727,16.100000381469727,12075000
2021-11-30,15.699999809265137,15.699999809265137,16.600000381469727,15.699999809265137,16.200000762939453,7318000
2021-12-01,15.850000381469727,15.850000381469727,16.399999618530273,15.699999809265137,16.0,5384000
2021-12-02,17.399999618530273,17.399999618530273,17.399999618530273,15.899999618530273,15.899999618530273,8971000
2021-12-03,19.100000381469727,19.100000381469727,19.100000381469727,17.0,18.399999618530273,40076000
2021-12-06,19.450000762939453,19.450000762939453,20.549999237060547,18.850000381469727,19.399999618530273,41696000
2021-12-07,19.149999618530273,19.149999618530273,20.950000762939453,19.0,19.100000381469727,23447000
2021-12-08,19.75,19.75,20.25,19.299999237060547,19.5,15023000
2021-12-09,19.25,19.25,20.950000762939453,19.25,20.149999618530273,14570000
2021-12-10,18.5,18.5,19.5,18.299999237060547,19.25,9848000
2021-12-13,18.700000762939453,18.700000762939453,19.200000762939453,18.299999237060547,18.299999237060547,10563000
2021-12-14,17.200000762939453,17.200000762939453,19.350000381469727,17.100000381469727,18.350000381469727,24949000
2021-12-15,17.75,17.75,18.149999618530273,17.299999237060547,17.299999237060547,5303000
2021-12-16,17.549999237060547,17.549999237060547,18.350000381469727,17.549999237060547,18.100000381469727,3610000
2021-12-17,17.100000381469727,17.100000381469727,17.649999618530273,16.700000762939453,17.549999237060547,5817000
2021-12-20,16.950000762939453,16.950000762939453,17.649999618530273,16.950000762939453,17.299999237060547,2944000
2021-12-21,18.600000381469727,18.600000381469727,18.600000381469727,16.799999237060547,16.950000762939453,28728000
2021-12-22,18.049999237060547,18.049999237060547,19.100000381469727,17.850000381469727,18.799999237060547,17754000
2021-12-23,17.899999618530273,17.899999618530273,18.600000381469727,17.799999237060547,18.299999237060547,4137000
2021-12-24,17.799999237060547,17.799999237060547,18.299999237060547,17.700000762939453,18.200000762939453,2326000
2021-12-27,17.700000762939453,17.700000762939453,18.299999237060547,17.549999237060547,17.899999618530273,4032000
2021-12-28,18.100000381469727,18.100000381469727,18.950000762939453,17.649999618530273,17.950000762939453,20007000
2021-12-29,17.850000381469727,17.850000381469727,18.299999237060547,17.850000381469727,18.100000381469727,3489000
2021-12-30,17.600000381469727,17.600000381469727,18.399999618530273,17.600000381469727,18.0,3237000
2022-01-03,17.100000381469727,17.100000381469727,17.75,17.100000381469727,17.600000381469727,2559000
2022-01-04,17.100000381469727,17.100000381469727,17.5,17.049999237060547,17.399999618530273,1332000
2022-01-05,17.0,17.0,17.549999237060547,16.950000762939453,17.399999618530273,2145000
2022-01-06,17.100000381469727,17.100000381469727,17.399999618530273,16.899999618530273,17.049999237060547,2479000
2022-01-07,17.549999237060547,17.549999237060547,18.399999618530273,16.100000381469727,17.25,44570000
2022-01-10,17.25,17.25,17.950000762939453,17.100000381469727,17.100000381469727,3249000
2022-01-11,16.5,16.5,17.399999618530273,16.299999237060547,17.25,2929000
2022-01-12,16.0,16.0,16.899999618530273,15.850000381469727,16.799999237060547,1871000
2022-01-13,15.550000190734863,15.550000190734863,16.299999237060547,15.5,16.200000762939453,2050000
2022-01-14,14.949999809265137,14.949999809265137,15.850000381469727,14.850000381469727,15.850000381469727,2588000
2022-01-17,15.75,15.75,15.850000381469727,15.100000381469727,15.149999618530273,1636000
2022-01-18,16.0,16.0,16.100000381469727,15.600000381469727,15.699999809265137,1129000
2022-01-19,15.899999618530273,15.899999618530273,16.049999237060547,15.649999618530273,15.800000190734863,812000
2022-01-20,15.649999618530273,15.649999618530273,16.100000381469727,15.600000381469727,15.850000381469727,833000
2022-01-21,14.850000381469727,14.850000381469727,15.449999809265137,14.850000381469727,15.399999618530273,1346000
2022-01-24,15.050000190734863,15.050000190734863,15.149999618530273,14.050000190734863,14.75,1368000
2022-01-25,14.300000190734863,14.300000190734863,15.100000381469727,14.25,14.850000381469727,985000
2022-01-26,14.350000381469727,14.350000381469727,14.649999618530273,14.199999809265137,14.399999618530273,847000
2022-02-07,15.25,15.25,15.449999809265137,14.399999618530273,14.5,990000
2022-02-08,15.25,15.25,15.699999809265137,15.25,15.25,752000
2022-02-09,15.75,15.75,15.899999618530273,15.399999618530273,15.399999618530273,875000
2022-02-10,15.300000190734863,15.300000190734863,15.800000190734863,15.25,15.800000190734863,779000
2022-02-11,15.149999618530273,15.149999618530273,15.449999809265137,15.050000190734863,15.149999618530273,441000
2022-02-14,14.399999618530273,14.399999618530273,14.899999618530273,14.350000381469727,14.899999618530273,620000
2022-02-15,14.800000190734863,14.800000190734863,15.350000381469727,14.699999809265137,14.800000190734863,1175000
2022-02-16,15.25,15.25,15.5,15.050000190734863,15.25,695000
2022-02-17,15.0,15.0,15.449999809265137,14.899999618530273,15.25,765000
2022-02-18,14.899999618530273,14.899999618530273,15.149999618530273,14.75,14.800000190734863,486000
2022-02-21,15.050000190734863,15.050000190734863,15.149999618530273,14.800000190734863,14.949999809265137,287000
2022-02-22,14.399999618530273,14.399999618530273,15.149999618530273,14.100000381469727,15.149999618530273,982000
2022-02-23,14.649999618530273,14.649999618530273,14.699999809265137,14.449999809265137,14.600000381469727,508000
2022-02-24,13.699999809265137,13.699999809265137,14.699999809265137,13.699999809265137,14.699999809265137,1358000
2022-02-25,13.75,13.75,14.100000381469727,13.600000381469727,13.850000381469727,540000
2022-03-01,14.0,14.0,14.350000381469727,13.800000190734863,13.800000190734863,745000
2022-03-02,14.350000381469727,14.350000381469727,14.399999618530273,14.050000190734863,14.100000381469727,610000
2022-03-03,14.350000381469727,14.350000381469727,14.850000381469727,14.350000381469727,14.550000190734863,833000
2022-03-04,14.25,14.25,14.5,14.149999618530273,14.350000381469727,503000
2022-03-07,13.300000190734863,13.300000190734863,14.100000381469727,13.25,14.100000381469727,959000
2022-03-08,12.800000190734863,12.800000190734863,13.600000381469727,12.649999618530273,13.050000190734863,1039000
2022-03-09,13.199999809265137,13.199999809265137,13.350000381469727,12.949999809265137,13.050000190734863,781000
2022-03-10,13.800000190734863,13.800000190734863,14.0,13.649999618530273,13.699999809265137,531000
2022-03-11,13.300000190734863,13.300000190734863,13.800000190734863,13.25,13.800000190734863,407000
2022-03-14,13.25,13.25,13.699999809265137,13.149999618530273,13.550000190734863,372000
2022-03-15,12.699999809265137,12.699999809265137,13.25,12.699999809265137,13.199999809265137,994000
2022-03-16,12.800000190734863,12.800000190734863,13.199999809265137,12.699999809265137,12.949999809265137,704000
2022-03-17,13.25,13.25,13.399999618530273,13.100000381469727,13.199999809265137,630000
2022-03-18,13.600000381469727,13.600000381469727,13.699999809265137,13.300000190734863,13.300000190734863,579000
2022-03-21,13.449999809265137,13.449999809265137,13.949999809265137,13.449999809265137,13.800000190734863,501000
2022-03-22,13.800000190734863,13.800000190734863,14.149999618530273,13.5,13.5,640000
2022-03-23,14.550000190734863,14.550000190734863,14.699999809265137,14.0,14.0,1292000
2022-03-24,14.0,14.0,14.600000381469727,13.899999618530273,14.550000190734863,1249000
2022-03-25,14.100000381469727,14.100000381469727,14.25,14.0,14.199999809265137,558000
2022-03-28,13.5,13.5,13.800000190734863,13.149999618530273,13.800000190734863,745000
2022-03-29,13.300000190734863,13.300000190734863,13.850000381469727,13.300000190734863,13.800000190734863,515000
2022-03-30,13.649999618530273,13.649999618530273,13.850000381469727,13.399999618530273,13.399999618530273,536000
2022-03-31,13.300000190734863,13.300000190734863,13.75,13.300000190734863,13.699999809265137,292000
2022-04-01,13.149999618530273,13.149999618530273,13.300000190734863,13.100000381469727,13.100000381469727,298000
2022-04-06,12.949999809265137,12.949999809265137,13.149999618530273,12.850000381469727,13.149999618530273,545000
2022-04-07,12.550000190734863,12.550000190734863,13.050000190734863,12.449999809265137,12.949999809265137,822000
2022-04-08,12.649999618530273,12.649999618530273,12.75,12.550000190734863,12.600000381469727,239000
2022-04-11,12.0,12.0,12.75,11.850000381469727,12.75,718000
2022-04-12,12.100000381469727,12.100000381469727,12.399999618530273,11.800000190734863,11.949999809265137,439000
2022-04-13,12.5,12.5,12.800000190734863,12.300000190734863,12.300000190734863,449000
2022-04-14,12.100000381469727,12.100000381469727,12.75,12.100000381469727,12.699999809265137,526000
2022-04-15,11.800000190734863,11.800000190734863,12.050000190734863,11.800000190734863,11.800000190734863,546000
2022-04-18,11.350000381469727,11.350000381469727,11.800000190734863,11.350000381469727,11.800000190734863,644000
2022-04-19,11.850000381469727,11.850000381469727,12.199999809265137,11.600000381469727,11.600000381469727,880000
2022-04-20,11.75,11.75,12.199999809265137,11.699999809265137,12.199999809265137,359000
2022-04-21,11.75,11.75,12.0,11.75,11.899999618530273,315000
2022-04-22,11.550000190734863,11.550000190734863,11.75,11.5,11.75,398000
2022-04-25,10.899999618530273,10.899999618530273,11.399999618530273,10.800000190734863,11.350000381469727,799000
2022-04-26,10.800000190734863,10.800000190734863,11.199999809265137,10.699999809265137,11.100000381469727,400000
2022-04-27,10.550000190734863,10.550000190734863,10.699999809265137,10.100000381469727,10.699999809265137,874000
2022-04-28,10.699999809265137,10.699999809265137,10.899999618530273,10.449999809265137,10.699999809265137,259000
2022-04-29,10.850000381469727,10.850000381469727,11.050000190734863,10.800000190734863,10.949999809265137,285000
2022-05-03,10.75,10.75,10.850000381469727,10.699999809265137,10.850000381469727,152000
2022-05-04,10.800000190734863,10.800000190734863,11.100000381469727,10.800000190734863,10.800000190734863,219000
2022-05-05,11.350000381469727,11.350000381469727,11.75,11.050000190734863,11.050000190734863,825000
2022-05-06,11.100000381469727,11.100000381469727,11.100000381469727,10.850000381469727,11.0,347000
2022-05-09,10.5,10.5,10.899999618530273,10.5,10.899999618530273,382000
2022-05-10,10.550000190734863,10.550000190734863,10.699999809265137,10.0,10.300000190734863,342000
2022-05-11,10.350000381469727,10.350000381469727,10.550000190734863,10.149999618530273,10.449999809265137,364000
2022-05-12,9.960000038146973,9.960000038146973,10.449999809265137,9.949999809265137,10.449999809265137,841000
2022-05-13,10.199999809265137,10.199999809265137,10.399999618530273,10.050000190734863,10.149999618530273,821000
2022-05-16,10.300000190734863,10.300000190734863,10.5,10.199999809265137,10.399999618530273,235000
2022-05-17,11.300000190734863,11.300000190734863,11.300000190734863,10.25,10.300000190734863,2569000
2022-05-18,11.399999618530273,11.399999618530273,11.75,11.050000190734863,11.75,3010000
2022-05-19,12.5,12.5,12.5,11.199999809265137,11.199999809265137,8396000
2022-05-20,13.0,13.0,13.75,12.850000381469727,13.699999809265137,14668000
2022-05-23,14.300000190734863,14.300000190734863,14.300000190734863,13.0,13.0,18542000
2022-05-24,13.699999809265137,13.699999809265137,15.199999809265137,13.25,14.800000190734863,51361000
2022-05-25,13.800000190734863,13.800000190734863,14.300000190734863,13.399999618530273,13.699999809265137,14235000
2022-05-26,13.800000190734863,13.800000190734863,14.300000190734863,13.350000381469727,13.649999618530273,7283000
2022-05-27,14.25,14.25,14.25,13.699999809265137,13.850000381469727,5162000
2022-05-30,14.050000190734863,14.050000190734863,14.75,14.050000190734863,14.300000190734863,6397000
2022-05-31,14.399999618530273,14.399999618530273,14.949999809265137,14.0,14.0,35138000
2022-06-01,14.300000190734863,14.300000190734863,14.800000190734863,14.149999618530273,14.149999618530273,7489000
2022-06-02,13.149999618530273,13.149999618530273,14.300000190734863,13.149999618530273,14.149999618530273,5610000
2022-06-06,13.050000190734863,13.050000190734863,13.550000190734863,13.050000190734863,13.149999618530273,5137000
2022-06-07,12.949999809265137,12.949999809265137,13.300000190734863,12.949999809265137,13.300000190734863,1822000
2022-06-08,12.850000381469727,12.850000381469727,13.300000190734863,12.850000381469727,13.100000381469727,1355000
2022-06-09,13.199999809265137,13.199999809265137,13.25,12.75,13.050000190734863,1511000
2022-06-10,12.899999618530273,12.899999618530273,13.149999618530273,12.899999618530273,13.050000190734863,964000
2022-06-13,12.850000381469727,12.850000381469727,13.100000381469727,12.699999809265137,12.699999809265137,2668000
2022-06-14,13.100000381469727,13.100000381469727,13.399999618530273,12.25,12.949999809265137,20129000
2022-06-15,13.100000381469727,13.100000381469727,13.449999809265137,12.949999809265137,13.050000190734863,2367000
2022-06-16,12.800000190734863,12.800000190734863,13.399999618530273,12.800000190734863,13.399999618530273,1466000
2022-06-17,12.25,12.25,12.75,12.25,12.649999618530273,1558000
2022-06-20,11.199999809265137,11.199999809265137,12.449999809265137,11.199999809265137,12.399999618530273,2064000
2022-06-21,11.800000190734863,11.800000190734863,11.899999618530273,11.350000381469727,11.350000381469727,1080000
2022-06-22,11.5,11.5,11.800000190734863,11.25,11.800000190734863,846000
2022-06-23,11.449999809265137,11.449999809265137,11.75,11.300000190734863,11.550000190734863,574000
2022-06-24,11.600000381469727,11.600000381469727,11.850000381469727,11.5,11.5,669000
2022-06-27,12.050000190734863,12.050000190734863,12.100000381469727,11.850000381469727,11.899999618530273,537000
2022-06-28,11.75,11.75,12.199999809265137,11.75,12.199999809265137,450000
2022-06-29,11.699999809265137,11.699999809265137,12.0,11.600000381469727,11.649999618530273,410000
2022-06-30,11.050000190734863,11.050000190734863,11.800000190734863,11.0,11.800000190734863,877000
2022-07-01,10.350000381469727,10.350000381469727,11.25,10.300000190734863,11.25,1387000
2022-07-04,10.550000190734863,10.550000190734863,10.699999809265137,10.300000190734863,10.350000381469727,933000
2022-07-05,10.75,10.75,10.899999618530273,10.449999809265137,10.699999809265137,564000
2022-07-06,10.149999618530273,10.149999618530273,10.800000190734863,10.149999618530273,10.75,602000
2022-07-07,10.449999809265137,10.449999809265137,10.550000190734863,10.149999618530273,10.350000381469727,623000
2022-07-08,10.75,10.75,11.0,10.550000190734863,10.600000381469727,820000
2022-07-11,10.550000190734863,10.550000190734863,10.949999809265137,10.550000190734863,10.949999809265137,310000
2022-07-12,10.050000190734863,10.050000190734863,10.5,10.0,10.5,612000
2022-07-13,10.399999618530273,10.399999618530273,10.550000190734863,10.300000190734863,10.399999618530273,414000
2022-07-14,10.600000381469727,10.600000381469727,10.600000381469727,10.300000190734863,10.399999618530273,350000
2022-07-15,10.5,10.5,10.699999809265137,10.5,10.699999809265137,341000
2022-07-18,10.949999809265137,10.949999809265137,11.100000381469727,10.649999618530273,10.649999618530273,604000
2022-07-19,11.199999809265137,11.199999809265137,11.399999618530273,10.850000381469727,10.899999618530273,524000
2022-07-20,10.899999618530273,10.899999618530273,11.449999809265137,10.899999618530273,11.449999809265137,542000
2022-07-21,11.149999618530273,11.149999618530273,11.199999809265137,10.949999809265137,11.0,389000
2022-07-22,12.25,12.25,12.25,11.25,11.350000381469727,1393000
2022-07-25,11.949999809265137,11.949999809265137,12.899999618530273,11.899999618530273,12.5,4334000
2022-07-26,11.449999809265137,11.449999809265137,12.050000190734863,11.399999618530273,12.0,1313000
2022-07-27,11.550000190734863,11.550000190734863,11.800000190734863,11.300000190734863,11.399999618530273,786000
2022-07-28,11.399999618530273,11.399999618530273,11.899999618530273,11.300000190734863,11.899999618530273,940000
2022-07-29,11.649999618530273,11.649999618530273,11.800000190734863,11.399999618530273,11.600000381469727,777000
2022-08-01,11.649999618530273,11.649999618530273,11.850000381469727,11.550000190734863,11.600000381469727,633000
2022-08-02,11.149999618530273,11.149999618530273,11.649999618530273,11.149999618530273,11.649999618530273,725000
2022-08-03,12.25,12.25,12.25,11.199999809265137,11.199999809265137,4900000
2022-08-04,11.300000190734863,11.300000190734863,12.350000381469727,11.149999618530273,12.149999618530273,5186000
2022-08-05,12.0,12.0,12.399999618530273,11.550000190734863,11.600000381469727,6486000
2022-08-08,12.0,12.0,12.449999809265137,11.800000190734863,11.949999809265137,2876000
2022-08-09,12.0,12.0,12.25,11.949999809265137,12.149999618530273,1363000
2022-08-10,13.199999809265137,13.199999809265137,13.199999809265137,12.050000190734863,12.149999618530273,5633000
2022-08-11,12.850000381469727,12.850000381469727,13.300000190734863,12.800000190734863,13.0,7249000
2022-08-12,12.899999618530273,12.899999618530273,13.25,12.350000381469727,12.850000381469727,5597000
2022-08-15,12.800000190734863,12.800000190734863,13.100000381469727,12.75,13.100000381469727,2494000
2022-08-16,12.449999809265137,12.449999809265137,12.949999809265137,12.399999618530273,12.75,2711000
2022-08-17,12.449999809265137,12.449999809265137,12.899999618530273,12.050000190734863,12.699999809265137,5547000
2022-08-18,12.399999618530273,12.399999618530273,12.600000381469727,12.300000190734863,12.449999809265137,1219000
2022-08-19,12.550000190734863,12.550000190734863,12.800000190734863,12.399999618530273,12.5,1719000
2022-08-22,12.5,12.5,12.649999618530273,12.399999618530273,12.449999809265137,468000
2022-08-23,12.199999809265137,12.199999809265137,12.399999618530273,12.199999809265137,12.300000190734863,749000
2022-08-24,12.449999809265137,12.449999809265137,12.600000381469727,12.300000190734863,12.350000381469727,1116000
2022-08-25,12.550000190734863,12.550000190734863,12.699999809265137,12.5,12.550000190734863,868000
2022-08-26,12.5,12.5,12.850000381469727,12.449999809265137,12.600000381469727,1472000
2022-08-29,11.899999618530273,11.899999618530273,12.149999618530273,11.800000190734863,12.050000190734863,1072000
2022-08-30,12.300000190734863,12.300000190734863,12.600000381469727,12.149999618530273,12.399999618530273,1376000
2022-08-31,12.5,12.5,12.550000190734863,12.199999809265137,12.300000190734863,801000
2022-09-01,12.350000381469727,12.350000381469727,12.649999618530273,12.350000381469727,12.5,823000
2022-09-02,12.100000381469727,12.100000381469727,12.399999618530273,12.100000381469727,12.399999618530273,590000
2022-09-05,11.75,11.75,12.25,11.75,12.199999809265137,1030000
2022-09-06,11.300000190734863,11.300000190734863,11.949999809265137,11.25,11.949999809265137,611000
2022-09-07,11.199999809265137,11.199999809265137,11.300000190734863,11.050000190734863,11.149999618530273,397000
2022-09-08,11.399999618530273,11.399999618530273,11.5,11.25,11.25,336000
2022-09-12,11.600000381469727,11.600000381469727,11.699999809265137,11.550000190734863,11.649999618530273,321000
2022-09-13,11.699999809265137,11.699999809265137,11.949999809265137,11.600000381469727,11.949999809265137,490000
2022-09-14,11.850000381469727,11.850000381469727,11.850000381469727,11.199999809265137,11.199999809265137,522000
2022-09-15,11.899999618530273,11.899999618530273,12.050000190734863,11.75,11.850000381469727,517000
2022-09-16,11.75,11.75,11.949999809265137,11.600000381469727,11.949999809265137,193000
2022-09-19,11.399999618530273,11.399999618530273,11.800000190734863,11.350000381469727,11.800000190734863,277000
2022-09-20,11.350000381469727,11.350000381469727,11.550000190734863,11.25,11.449999809265137,447000
2022-09-21,11.149999618530273,11.149999618530273,11.5,11.149999618530273,11.5,322000
2022-09-22,11.25,11.25,11.25,11.050000190734863,11.100000381469727,256000
2022-09-23,11.100000381469727,11.100000381469727,11.399999618530273,11.0,11.300000190734863,451000
2022-09-26,10.149999618530273,10.149999618530273,10.949999809265137,10.149999618530273,10.899999618530273,1021000
2022-09-27,10.5,10.5,10.550000190734863,10.100000381469727,10.199999809265137,400000
2022-09-28,9.850000381469727,9.850000381469727,10.600000381469727,9.800000190734863,10.600000381469727,881000
2022-09-29,10.149999618530273,10.149999618530273,10.25,10.050000190734863,10.25,530000
2022-09-30,10.300000190734863,10.300000190734863,10.350000381469727,9.850000381469727,10.050000190734863,534000
2022-10-03,10.550000190734863,10.550000190734863,10.649999618530273,10.149999618530273,10.149999618530273,331000
2022-10-04,10.800000190734863,10.800000190734863,10.899999618530273,10.649999618530273,10.75,407000
2022-10-05,10.800000190734863,10.800000190734863,11.25,10.800000190734863,11.25,567000
2022-10-06,10.75,10.75,10.899999618530273,10.649999618530273,10.899999618530273,206000
2022-10-07,10.699999809265137,10.699999809265137,10.949999809265137,10.649999618530273,10.649999618530273,202000
2022-10-11,10.050000190734863,10.050000190734863,10.449999809265137,10.0,10.399999618530273,408000
2022-10-12,10.050000190734863,10.050000190734863,10.199999809265137,9.920000076293945,10.100000381469727,352000
2022-10-13,9.300000190734863,9.300000190734863,10.149999618530273,9.25,10.149999618530273,965000
2022-10-14,9.800000190734863,9.800000190734863,9.859999656677246,9.539999961853027,9.539999961853027,349000
2022-10-17,9.760000228881836,9.760000228881836,9.800000190734863,9.399999618530273,9.760000228881836,325000
2022-10-18,9.84000015258789,9.84000015258789,10.100000381469727,9.8100004196167,9.930000305175781,292000
2022-10-19,9.8100004196167,9.8100004196167,10.0,9.8100004196167,10.0,314000
2022-10-20,9.520000457763672,9.520000457763672,9.800000190734863,9.449999809265137,9.800000190734863,347000
2022-10-21,9.460000038146973,9.460000038146973,9.5600004196167,9.420000076293945,9.539999961853027,239000
2022-10-24,9.5600004196167,9.5600004196167,9.699999809265137,9.510000228881836,9.569999694824219,159000
2022-10-25,9.34000015258789,9.34000015258789,9.65999984741211,9.34000015258789,9.65999984741211,252000
2022-10-26,9.220000267028809,9.220000267028809,9.449999809265137,9.109999656677246,9.449999809265137,299000
2022-10-27,9.520000457763672,9.520000457763672,9.529999732971191,9.319999694824219,9.319999694824219,259000
2022-10-28,9.289999961853027,9.289999961853027,9.520000457763672,9.289999961853027,9.520000457763672,341000
2022-10-31,9.430000305175781,9.430000305175781,9.649999618530273,9.34000015258789,9.34000015258789,288000
2022-11-01,9.739999771118164,9.739999771118164,9.770000457763672,9.529999732971191,9.59000015258789,200000
2022-11-02,10.199999809265137,10.199999809265137,10.699999809265137,9.729999542236328,9.8100004196167,4114000
2022-11-03,10.149999618530273,10.149999618530273,10.300000190734863,9.960000038146973,9.960000038146973,612000
2022-11-04,10.350000381469727,10.350000381469727,10.350000381469727,10.149999618530273,10.149999618530273,397000
2022-11-07,10.300000190734863,10.300000190734863,10.449999809265137,10.300000190734863,10.449999809265137,271000
2022-11-08,10.300000190734863,10.300000190734863,10.5,10.300000190734863,10.5,257000
2022-11-09,10.5,10.5,10.550000190734863,10.399999618530273,10.399999618530273,339000
2022-11-10,10.149999618530273,10.149999618530273,10.350000381469727,10.149999618530273,10.25,374000
2022-11-11,10.149999618530273,10.149999618530273,10.5,10.100000381469727,10.399999618530273,291000
2022-11-14,10.25,10.25,10.350000381469727,10.149999618530273,10.300000190734863,209000
2022-11-15,10.399999618530273,10.399999618530273,10.5,10.199999809265137,10.300000190734863,602000
2022-11-16,10.300000190734863,10.300000190734863,10.550000190734863,10.25,10.550000190734863,351000
2022-11-17,10.399999618530273,10.399999618530273,10.449999809265137,10.25,10.350000381469727,335000
2022-11-18,10.449999809265137,10.449999809265137,10.550000190734863,10.399999618530273,10.399999618530273,493000
2022-11-21,10.449999809265137,10.449999809265137,10.550000190734863,10.350000381469727,10.550000190734863,164000
2022-11-22,10.350000381469727,10.350000381469727,10.449999809265137,10.300000190734863,10.449999809265137,126000
2022-11-23,10.149999618530273,10.149999618530273,10.5,10.100000381469727,10.5,432000
2022-11-24,10.25,10.25,10.350000381469727,10.149999618530273,10.300000190734863,229000
2022-11-25,10.100000381469727,10.100000381469727,10.300000190734863,10.100000381469727,10.25,216000
2022-11-28,10.149999618530273,10.149999618530273,10.25,9.960000038146973,10.100000381469727,234000
2022-11-29,10.199999809265137,10.199999809265137,10.25,10.100000381469727,10.149999618530273,127000
2022-11-30,10.5,10.5,10.649999618530273,10.199999809265137,10.25,526000
2022-12-01,10.5,10.5,10.800000190734863,10.449999809265137,10.75,424000
2022-12-02,10.550000190734863,10.550000190734863,10.649999618530273,10.5,10.550000190734863,539000
2022-12-05,10.699999809265137,10.699999809265137,10.75,10.600000381469727,10.699999809265137,363000
2022-12-06,10.5,10.5,10.800000190734863,10.399999618530273,10.75,279000
2022-12-07,10.100000381469727,10.100000381469727,10.5,10.100000381469727,10.5,384000
2022-12-08,10.199999809265137,10.199999809265137,10.25,10.149999618530273,10.199999809265137,189000
2022-12-09,10.100000381469727,10.100000381469727,10.25,10.050000190734863,10.199999809265137,171000
2022-12-12,10.149999618530273,10.149999618530273,10.350000381469727,10.0,10.149999618530273,381000
2022-12-13,10.100000381469727,10.100000381469727,10.25,10.100000381469727,10.149999618530273,235000
2022-12-14,10.199999809265137,10.199999809265137,10.199999809265137,10.100000381469727,10.149999618530273,129000
2022-12-15,10.25,10.25,10.25,10.100000381469727,10.149999618530273,196000
2022-12-16,10.100000381469727,10.100000381469727,10.449999809265137,10.050000190734863,10.449999809265137,282000
2022-12-19,10.0,10.0,10.100000381469727,10.0,10.100000381469727,109000
2022-12-20,9.890000343322754,9.890000343322754,10.050000190734863,9.800000190734863,10.050000190734863,245000
2022-12-21,10.0,10.0,10.0,9.920000076293945,10.0,156000
2022-12-22,9.970000267028809,9.970000267028809,10.050000190734863,9.960000038146973,10.0,93000
2022-12-23,9.84000015258789,9.84000015258789,9.960000038146973,9.800000190734863,9.960000038146973,260000
2022-12-26,9.84000015258789,9.84000015258789,9.979999542236328,9.800000190734863,9.850000381469727,126000
2022-12-27,9.8100004196167,9.8100004196167,9.859999656677246,9.800000190734863,9.850000381469727,135000
2022-12-28,9.510000228881836,9.510000228881836,9.90999984741211,9.510000228881836,9.90999984741211,306000
2022-12-29,9.470000267028809,9.470000267028809,9.5600004196167,9.420000076293945,9.550000190734863,108000
2022-12-30,9.430000305175781,9.430000305175781,9.539999961853027,9.430000305175781,9.510000228881836,118000
2023-01-03,9.390000343322754,9.390000343322754,9.460000038146973,9.359999656677246,9.430000305175781,160000
2023-01-04,9.460000038146973,9.460000038146973,9.529999732971191,9.359999656677246,9.359999656677246,175000
2023-01-05,9.619999885559082,9.619999885559082,9.829999923706055,9.5,9.5,280000
2023-01-06,9.550000190734863,9.550000190734863,9.670000076293945,9.550000190734863,9.670000076293945,115000
2023-01-09,9.539999961853027,9.539999961853027,9.729999542236328,9.539999961853027,9.729999542236328,91000
2023-01-10,9.600000381469727,9.600000381469727,9.619999885559082,9.5,9.550000190734863,136000
2023-01-11,9.539999961853027,9.539999961853027,9.699999809265137,9.539999961853027,9.699999809265137,90000
2023-01-12,9.399999618530273,9.399999618530273,9.550000190734863,9.399999618530273,9.539999961853027,153000
2023-01-13,9.329999923706055,9.329999923706055,9.489999771118164,9.329999923706055,9.449999809265137,135000
2023-01-16,9.260000228881836,9.260000228881836,9.34000015258789,9.260000228881836,9.34000015258789,116000
2023-01-17,9.270000457763672,9.270000457763672,9.460000038146973,9.239999771118164,9.260000228881836,113000
2023-01-30,9.390000343322754,9.390000343322754,9.430000305175781,9.319999694824219,9.319999694824219,74000
2023-01-31,9.479999542236328,9.479999542236328,9.569999694824219,9.4399995803833,9.569999694824219,78000
2023-02-01,9.829999923706055,9.829999923706055,9.859999656677246,9.579999923706055,9.579999923706055,491000
2023-02-02,9.859999656677246,9.859999656677246,9.899999618530273,9.779999732971191,9.890000343322754,310000
2023-02-03,9.859999656677246,9.859999656677246,9.920000076293945,9.819999694824219,9.890000343322754,166000
2023-02-06,9.819999694824219,9.819999694824219,9.859999656677246,9.680000305175781,9.84000015258789,158000
2023-02-07,9.8100004196167,9.8100004196167,9.859999656677246,9.800000190734863,9.859999656677246,137000
2023-02-08,9.829999923706055,9.829999923706055,9.899999618530273,9.829999923706055,9.850000381469727,103000
2023-02-09,9.84000015258789,9.84000015258789,9.899999618530273,9.800000190734863,9.8100004196167,97000
2023-02-10,10.050000190734863,10.050000190734863,10.149999618530273,9.739999771118164,9.819999694824219,602000
2023-02-13,10.050000190734863,10.050000190734863,10.300000190734863,9.930000305175781,10.0,768000
2023-02-14,10.100000381469727,10.100000381469727,10.25,10.050000190734863,10.100000381469727,190000
2023-02-15,10.100000381469727,10.100000381469727,10.25,10.050000190734863,10.100000381469727,139000
2023-02-16,10.100000381469727,10.100000381469727,10.199999809265137,10.100000381469727,10.149999618530273,95000
2023-02-17,10.149999618530273,10.149999618530273,10.25,10.050000190734863,10.100000381469727,291000
2023-02-20,10.25,10.25,10.25,10.149999618530273,10.199999809265137,198000
2023-02-21,10.25,10.25,10.300000190734863,10.199999809265137,10.300000190734863,131000
2023-02-22,10.100000381469727,10.100000381469727,10.199999809265137,10.100000381469727,10.199999809265137,119000
2023-02-23,10.199999809265137,10.199999809265137,10.25,10.149999618530273,10.199999809265137,125000
2023-02-24,10.199999809265137,10.199999809265137,10.300000190734863,10.100000381469727,10.300000190734863,344000
2023-03-01,10.149999618530273,10.149999618530273,10.25,10.100000381469727,10.199999809265137,115000
2023-03-02,10.100000381469727,10.100000381469727,10.149999618530273,10.050000190734863,10.149999618530273,164000
2023-03-03,10.100000381469727,10.100000381469727,10.25,10.100000381469727,10.199999809265137,279000
2023-03-06,10.199999809265137,10.199999809265137,10.25,10.149999618530273,10.149999618530273,295000
2023-03-07,10.300000190734863,10.300000190734863,10.300000190734863,10.199999809265137,10.300000190734863,196000
2023-03-08,10.350000381469727,10.350000381469727,10.350000381469727,10.199999809265137,10.300000190734863,285000
2023-03-09,10.399999618530273,10.399999618530273,10.649999618530273,10.399999618530273,10.449999809265137,552000
2023-03-10,10.149999618530273,10.149999618530273,10.399999618530273,10.100000381469727,10.399999618530273,223000
2023-03-13,10.199999809265137,10.199999809265137,10.300000190734863,10.0,10.100000381469727,201000
2023-03-14,10.149999618530273,10.149999618530273,10.350000381469727,10.050000190734863,10.199999809265137,188000
2023-03-15,10.100000381469727,10.100000381469727,10.399999618530273,10.100000381469727,10.149999618530273,189000
2023-03-16,9.989999771118164,9.989999771118164,10.100000381469727,9.949999809265137,10.050000190734863,250000
2023-03-17,10.0,10.0,10.199999809265137,9.989999771118164,10.100000381469727,156000
2023-03-20,10.0,10.0,10.050000190734863,9.979999542236328,10.0,116000
2023-03-21,10.050000190734863,10.050000190734863,10.149999618530273,10.0,10.100000381469727,95000
2023-03-22,10.100000381469727,10.100000381469727,10.149999618530273,10.050000190734863,10.100000381469727,169000
2023-03-23,10.050000190734863,10.050000190734863,10.149999618530273,10.050000190734863,10.149999618530273,131000
2023-03-24,10.199999809265137,10.199999809265137,10.149999618530273,10.050000190734863,10.149999618530273,156000
2023-03-27,10.0,10.0,10.149999618530273,10.0,10.050000190734863,182000
2023-03-28,10.0,10.0,10.149999618530273,9.979999542236328,10.149999618530273,157000
2023-03-29,9.989999771118164,9.989999771118164,10.149999618530273,9.989999771118164,10.050000190734863,202000
2023-03-30,10.149999618530273,10.149999618530273,10.300000190734863,10.0,10.050000190734863,356000
2023-03-31,10.600000381469727,10.600000381469727,11.100000381469727,10.25,10.25,3071000
2023-04-06,10.699999809265137,10.699999809265137,10.850000381469727,10.300000190734863,10.5,538000
2023-04-07,10.550000190734863,10.550000190734863,10.850000381469727,10.5,10.850000381469727,267000
2023-04-10,10.449999809265137,10.449999809265137,10.550000190734863,10.449999809265137,10.550000190734863,250000
2023-04-11,10.399999618530273,10.399999618530273,10.550000190734863,10.399999618530273,10.5,184000
2023-04-12,10.699999809265137,10.699999809265137,11.100000381469727,10.5,10.649999618530273,1317000
2023-04-13,10.800000190734863,10.800000190734863,10.949999809265137,10.550000190734863,10.699999809265137,781000
2023-04-14,10.649999618530273,10.649999618530273,10.949999809265137,10.649999618530273,10.949999809265137,261000
2023-04-17,10.649999618530273,10.649999618530273,10.800000190734863,10.600000381469727,10.600000381469727,283000
2023-04-18,10.600000381469727,10.600000381469727,10.75,10.5,10.699999809265137,411000
2023-04-19,10.5,10.5,10.699999809265137,10.5,10.699999809265137,158000
2023-04-20,10.199999809265137,10.199999809265137,10.600000381469727,10.199999809265137,10.600000381469727,382000
2023-04-21,10.100000381469727,10.100000381469727,10.350000381469727,10.100000381469727,10.25,211000
2023-04-24,10.75,10.75,10.75,10.25,10.300000190734863,282000
2023-04-25,10.399999618530273,10.399999618530273,10.850000381469727,10.350000381469727,10.800000190734863,254000
2023-04-26,10.350000381469727,10.350000381469727,10.5,10.25,10.399999618530273,122000
2023-04-27,10.25,10.25,10.399999618530273,10.25,10.350000381469727,86000
2023-04-28,10.25,10.25,10.449999809265137,10.25,10.350000381469727,151000
2023-05-02,10.350000381469727,10.350000381469727,10.399999618530273,10.25,10.25,63000
2023-05-03,10.449999809265137,10.449999809265137,10.5,10.300000190734863,10.399999618530273,164000
2023-05-04,10.399999618530273,10.399999618530273,10.5,10.350000381469727,10.449999809265137,112000
2023-05-05,10.449999809265137,10.449999809265137,10.5,10.25,10.350000381469727,218000
2023-05-08,10.350000381469727,10.350000381469727,10.550000190734863,10.300000190734863,10.399999618530273,135000
2023-05-09,10.25,10.25,10.399999618530273,10.199999809265137,10.399999618530273,126000
2023-05-10,10.199999809265137,10.199999809265137,10.25,10.149999618530273,10.149999618530273,92000
2023-05-11,10.050000190734863,10.050000190734863,10.300000190734863,10.050000190734863,10.300000190734863,137000
2023-05-12,10.350000381469727,10.350000381469727,10.350000381469727,10.100000381469727,10.100000381469727,158000
2023-05-15,10.199999809265137,10.199999809265137,10.350000381469727,10.149999618530273,10.350000381469727,61000
2023-05-16,10.350000381469727,10.350000381469727,10.449999809265137,10.25,10.25,117000
2023-05-17,10.449999809265137,10.449999809265137,10.5,10.399999618530273,10.449999809265137,214000
2023-05-18,10.350000381469727,10.350000381469727,10.550000190734863,10.300000190734863,10.5,105000
2023-05-19,10.5,10.5,10.699999809265137,10.300000190734863,10.350000381469727,454000
2023-05-22,10.449999809265137,10.449999809265137,10.5,10.399999618530273,10.5,151000
2023-05-23,10.550000190734863,10.550000190734863,10.550000190734863,10.399999618530273,10.5,296000
2023-05-24,10.550000190734863,10.550000190734863,10.550000190734863,10.449999809265137,10.550000190734863,173000
2023-05-25,10.5,10.5,10.600000381469727,10.5,10.550000190734863,117000
2023-05-26,10.399999618530273,10.399999618530273,10.600000381469727,10.399999618530273,10.600000381469727,214000
2023-05-29,10.399999618530273,10.399999618530273,10.5,10.350000381469727,10.399999618530273,152000
2023-05-30,10.399999618530273,10.399999618530273,10.550000190734863,10.300000190734863,10.449999809265137,292000
2023-05-31,10.399999618530273,10.399999618530273,10.5,10.399999618530273,10.399999618530273,68000
2023-06-01,10.399999618530273,10.399999618530273,10.550000190734863,10.350000381469727,10.550000190734863,103000
2023-06-02,10.5,10.5,10.5,10.399999618530273,10.399999618530273,121000
2023-06-05,10.550000190734863,10.550000190734863,10.649999618530273,10.5,10.5,230000
2023-06-06,10.449999809265137,10.449999809265137,10.550000190734863,10.399999618530273,10.550000190734863,168000
2023-06-07,10.5,10.5,10.649999618530273,10.5,10.5,299000
2023-06-08,10.550000190734863,10.550000190734863,10.649999618530273,10.5,10.600000381469727,348000
2023-06-09,10.5,10.5,10.5,10.350000381469727,10.5,235000
2023-06-12,10.399999618530273,10.399999618530273,10.550000190734863,10.300000190734863,10.5,198000
2023-06-13,10.449999809265137,10.449999809265137,10.550000190734863,10.199999809265137,10.5,229000
2023-06-14,10.449999809265137,10.449999809265137,10.600000381469727,10.25,10.550000190734863,395000
2023-06-15,10.399999618530273,10.399999618530273,10.5,10.300000190734863,10.5,268000
2023-06-16,11.399999618530273,11.399999618530273,11.399999618530273,10.399999618530273,10.5,3479000
2023-06-19,11.199999809265137,11.199999809265137,11.899999618530273,11.0,11.699999809265137,3306000
2023-06-20,11.199999809265137,11.199999809265137,11.449999809265137,11.149999618530273,11.399999618530273,971000
2023-06-21,11.399999618530273,11.399999618530273,11.699999809265137,11.149999618530273,11.199999809265137,1009000
2023-06-26,11.600000381469727,11.600000381469727,12.399999618530273,11.300000190734863,11.300000190734863,2627000
2023-06-27,11.25,11.25,11.699999809265137,11.149999618530273,11.699999809265137,743000
2023-06-28,11.199999809265137,11.199999809265137,11.399999618530273,11.149999618530273,11.25,369000
2023-06-29,11.199999809265137,11.199999809265137,11.399999618530273,11.050000190734863,11.25,428000
2023-06-30,11.25,11.25,11.300000190734863,11.0,11.300000190734863,437000
2023-07-03,11.149999618530273,11.149999618530273,11.399999618530273,11.149999618530273,11.399999618530273,190000
2023-07-04,11.199999809265137,11.199999809265137,11.300000190734863,11.149999618530273,11.300000190734863,238000
2023-07-05,11.149999618530273,11.149999618530273,11.350000381469727,11.149999618530273,11.300000190734863,176000
2023-07-06,11.199999809265137,11.199999809265137,11.550000190734863,11.100000381469727,11.100000381469727,449000
2023-07-07,11.149999618530273,11.149999618530273,11.25,11.100000381469727,11.199999809265137,184000
2023-07-10,11.149999618530273,11.149999618530273,11.399999618530273,11.149999618530273,11.199999809265137,324000
2023-07-11,10.899999618530273,10.899999618530273,11.350000381469727,10.899999618530273,11.199999809265137,408000
2023-07-12,11.0,11.0,11.199999809265137,10.75,10.899999618530273,429000
2023-07-13,10.949999809265137,10.949999809265137,11.300000190734863,10.949999809265137,11.050000190734863,411000
2023-07-14,11.050000190734863,11.050000190734863,11.199999809265137,10.949999809265137,11.149999618530273,260000
2023-07-17,10.899999618530273,10.899999618530273,11.100000381469727,10.800000190734863,11.0,306000
2023-07-18,10.699999809265137,10.699999809265137,11.050000190734863,10.649999618530273,11.050000190734863,649000
2023-07-19,10.949999809265137,10.949999809265137,11.300000190734863,10.699999809265137,10.850000381469727,507000
2023-07-20,11.100000381469727,11.100000381469727,11.199999809265137,10.949999809265137,11.149999618530273,163000
2023-07-21,11.050000190734863,11.050000190734863,11.199999809265137,10.899999618530273,11.149999618530273,145000
2023-07-24,10.75,10.75,11.100000381469727,10.600000381469727,11.100000381469727,266000
2023-07-25,10.649999618530273,10.649999618530273,10.75,10.550000190734863,10.699999809265137,324000
2023-07-26,10.449999809265137,10.449999809265137,10.649999618530273,10.449999809265137,10.649999618530273,172000
2023-07-27,10.850000381469727,10.850000381469727,10.850000381469727,10.449999809265137,10.449999809265137,182000
2023-07-28,10.600000381469727,10.600000381469727,10.850000381469727,10.5,10.850000381469727,257000
2023-07-31,10.600000381469727,10.600000381469727,10.699999809265137,10.449999809265137,10.649999618530273,324000
2023-08-01,10.600000381469727,10.600000381469727,10.649999618530273,10.399999618530273,10.649999618530273,144000
2023-08-02,10.300000190734863,10.300000190734863,10.600000381469727,10.25,10.5,251000
2023-08-04,10.300000190734863,10.300000190734863,10.300000190734863,9.960000038146973,10.300000190734863,255000
2023-08-07,10.300000190734863,10.300000190734863,10.350000381469727,10.199999809265137,10.350000381469727,42000
2023-08-08,10.25,10.25,10.399999618530273,10.149999618530273,10.399999618530273,89000
2023-08-09,10.449999809265137,10.449999809265137,10.649999618530273,10.25,10.25,205000
2023-08-10,10.199999809265137,10.199999809265137,10.399999618530273,10.199999809265137,10.399999618530273,101000
2023-08-11,10.149999618530273,10.149999618530273,10.300000190734863,10.149999618530273,10.149999618530273,102000
2023-08-14,9.970000267028809,9.970000267028809,10.100000381469727,9.949999809265137,10.100000381469727,262000
2023-08-15,9.989999771118164,9.989999771118164,10.050000190734863,9.899999618530273,10.0,245000
2023-08-16,10.050000190734863,10.050000190734863,10.050000190734863,9.9399995803833,9.989999771118164,143000
2023-08-17,10.050000190734863,10.050000190734863,10.050000190734863,9.979999542236328,9.979999542236328,142000
2023-08-18,10.149999618530273,10.149999618530273,10.149999618530273,10.0,10.050000190734863,125000
2023-08-21,10.149999618530273,10.149999618530273,10.199999809265137,10.050000190734863,10.199999809265137,74000
2023-08-22,10.050000190734863,10.050000190734863,10.25,10.050000190734863,10.199999809265137,92000
2023-08-23,10.5,10.5,10.600000381469727,10.100000381469727,10.149999618530273,306000
2023-08-24,10.300000190734863,10.300000190734863,10.699999809265137,10.300000190734863,10.5,194000
2023-08-25,10.300000190734863,10.300000190734863,10.449999809265137,10.25,10.300000190734863,82000
2023-08-28,10.100000381469727,10.100000381469727,10.399999618530273,10.100000381469727,10.25,88000
2023-08-29,10.050000190734863,10.050000190734863,10.149999618530273,10.050000190734863,10.100000381469727,84000
2023-08-30,10.100000381469727,10.100000381469727,10.199999809265137,10.100000381469727,10.100000381469727,66000
2023-08-31,10.100000381469727,10.100000381469727,10.199999809265137,10.100000381469727,10.100000381469727,112000
2023-09-01,10.25,10.25,10.300000190734863,10.100000381469727,10.149999618530273,87000
2023-09-04,10.199999809265137,10.199999809265137,10.350000381469727,10.149999618530273,10.350000381469727,71000
2023-09-05,10.550000190734863,10.550000190734863,10.550000190734863,10.25,10.300000190734863,726000
2023-09-06,10.5,10.5,10.75,10.5,10.75,304000
2023-09-07,10.5,10.5,10.550000190734863,10.399999618530273,10.449999809265137,97000
2023-09-08,10.399999618530273,10.399999618530273,10.600000381469727,10.399999618530273,10.550000190734863,122000
2023-09-11,10.300000190734863,10.300000190734863,10.449999809265137,10.199999809265137,10.399999618530273,86000
2023-09-12,10.25,10.25,10.300000190734863,10.199999809265137,10.25,112000
2023-09-13,10.199999809265137,10.199999809265137,10.300000190734863,10.199999809265137,10.300000190734863,90000
2023-09-14,10.300000190734863,10.300000190734863,10.350000381469727,10.25,10.300000190734863,81000
2023-09-15,10.300000190734863,10.300000190734863,10.5,10.300000190734863,10.5,79000
2023-09-18,10.199999809265137,10.199999809265137,10.300000190734863,10.199999809265137,10.25,23000
2023-09-19,10.149999618530273,10.149999618530273,10.300000190734863,10.149999618530273,10.300000190734863,74000
2023-09-20,10.100000381469727,10.100000381469727,10.149999618530273,10.100000381469727,10.149999618530273,72000
2023-09-21,10.100000381469727,10.100000381469727,10.100000381469727,10.0,10.100000381469727,100000
2023-09-22,10.050000190734863,10.050000190734863,10.100000381469727,10.0,10.100000381469727,73000
2023-09-25,10.050000190734863,10.050000190734863,10.100000381469727,10.050000190734863,10.100000381469727,46000
2023-09-26,10.050000190734863,10.050000190734863,10.050000190734863,10.0,10.050000190734863,69000
2023-09-27,10.100000381469727,10.100000381469727,10.149999618530273,10.050000190734863,10.050000190734863,62000
2023-09-28,10.100000381469727,10.100000381469727,10.199999809265137,10.100000381469727,10.199999809265137,62000
2023-10-02,10.050000190734863,10.050000190734863,10.199999809265137,10.050000190734863,10.100000381469727,76000
2023-10-03,10.050000190734863,10.050000190734863,10.100000381469727,10.0,10.100000381469727,99000
2023-10-04,10.0,10.0,10.050000190734863,10.0,10.050000190734863,50000
2023-10-05,10.0,10.0,10.199999809265137,9.920000076293945,10.0,83000
2023-10-06,10.050000190734863,10.050000190734863,10.100000381469727,10.0,10.050000190734863,40000
2023-10-11,9.979999542236328,9.979999542236328,10.050000190734863,9.979999542236328,10.0,72000
2023-10-12,10.050000190734863,10.050000190734863,10.050000190734863,9.979999542236328,10.050000190734863,46000
2023-10-13,10.0,10.0,10.100000381469727,9.989999771118164,10.0,70000
2023-10-16,9.989999771118164,9.989999771118164,10.050000190734863,9.960000038146973,10.0,53000
2023-10-17,9.920000076293945,9.920000076293945,10.050000190734863,9.880000114440918,9.989999771118164,117000
2023-10-18,9.850000381469727,9.850000381469727,9.930000305175781,9.779999732971191,9.899999618530273,71000
2023-10-19,9.899999618530273,9.899999618530273,9.9399995803833,9.850000381469727,9.850000381469727,57000
2023-10-20,9.979999542236328,9.979999542236328,9.979999542236328,9.84000015258789,9.859999656677246,52000
2023-10-23,9.989999771118164,9.989999771118164,10.050000190734863,9.920000076293945,9.979999542236328,46000
2023-10-24,10.0,10.0,10.100000381469727,9.979999542236328,9.989999771118164,105000
2023-10-25,10.0,10.0,10.100000381469727,10.0,10.0,66000
2023-10-26,9.960000038146973,9.960000038146973,10.100000381469727,9.949999809265137,10.0,98000
2023-10-27,9.930000305175781,9.930000305175781,10.050000190734863,9.930000305175781,9.960000038146973,67000
2023-10-30,9.899999618530273,9.899999618530273,9.949999809265137,9.850000381469727,9.899999618530273,65000
2023-10-31,9.779999732971191,9.779999732971191,9.899999618530273,9.609999656677246,9.869999885559082,152000
2023-11-01,9.789999961853027,9.789999961853027,9.880000114440918,9.770000457763672,9.779999732971191,38000
2023-11-02,9.899999618530273,9.899999618530273,9.989999771118164,9.880000114440918,9.960000038146973,50000
2023-11-03,9.920000076293945,9.920000076293945,10.050000190734863,9.829999923706055,9.890000343322754,76000
2023-11-06,9.979999542236328,9.979999542236328,10.050000190734863,9.979999542236328,10.050000190734863,30000
2023-11-07,9.9399995803833,9.9399995803833,10.0,9.9399995803833,9.960000038146973,31000
2023-11-08,9.899999618530273,9.899999618530273,9.970000267028809,9.899999618530273,9.970000267028809,28000
2023-11-09,9.90999984741211,9.90999984741211,9.979999542236328,9.899999618530273,9.970000267028809,28000
2023-11-10,9.949999809265137,9.949999809265137,9.979999542236328,9.90999984741211,9.90999984741211,30000
2023-11-13,9.9399995803833,9.9399995803833,9.970000267028809,9.899999618530273,9.949999809265137,32000
2023-11-14,9.899999618530273,9.899999618530273,9.949999809265137,9.899999618530273,9.9399995803833,80000
2023-11-15,9.920000076293945,9.920000076293945,10.050000190734863,9.899999618530273,9.949999809265137,79000
2023-11-16,9.949999809265137,9.949999809265137,10.100000381469727,9.949999809265137,10.100000381469727,142000
2023-11-17,9.890000343322754,9.890000343322754,10.0,9.869999885559082,10.0,136000
2023-11-20,9.930000305175781,9.930000305175781,10.0,9.859999656677246,9.859999656677246,92000
2023-11-21,10.0,10.0,10.100000381469727,9.979999542236328,10.100000381469727,117000
2023-11-22,10.0,10.0,10.100000381469727,9.989999771118164,10.100000381469727,91000
2023-11-23,10.050000190734863,10.050000190734863,10.149999618530273,10.050000190734863,10.100000381469727,172000
2023-11-24,10.050000190734863,10.050000190734863,10.199999809265137,10.050000190734863,10.199999809265137,110000
2023-11-27,9.989999771118164,9.989999771118164,10.149999618530273,9.989999771118164,10.149999618530273,76000
2023-11-28,9.989999771118164,9.989999771118164,10.050000190734863,9.989999771118164,9.989999771118164,51000
2023-11-29,10.050000190734863,10.050000190734863,10.100000381469727,9.989999771118164,10.100000381469727,61000
2023-11-30,10.0,10.0,10.199999809265137,10.0,10.0,159000
2023-12-01,10.050000190734863,10.050000190734863,10.100000381469727,10.050000190734863,10.100000381469727,111000
2023-12-04,10.399999618530273,10.399999618530273,10.699999809265137,10.100000381469727,10.100000381469727,746000
2023-12-05,10.300000190734863,10.300000190734863,10.550000190734863,10.300000190734863,10.5,227000
2023-12-06,10.25,10.25,10.399999618530273,10.25,10.399999618530273,154000
2023-12-07,10.149999618530273,10.149999618530273,10.350000381469727,10.149999618530273,10.350000381469727,90000
2023-12-08,10.300000190734863,10.300000190734863,10.449999809265137,10.199999809265137,10.350000381469727,227000
2023-12-11,11.300000190734863,11.300000190734863,11.300000190734863,10.449999809265137,10.449999809265137,8744000
2023-12-12,11.050000190734863,11.050000190734863,11.399999618530273,10.850000381469727,11.300000190734863,2673000
2023-12-13,11.149999618530273,11.149999618530273,11.899999618530273,11.0,11.350000381469727,3576000
2023-12-14,10.649999618530273,10.649999618530273,11.300000190734863,10.649999618530273,11.25,1855000
2023-12-15,10.5,10.5,10.850000381469727,10.5,10.850000381469727,983000
2023-12-18,10.399999618530273,10.399999618530273,10.600000381469727,10.350000381469727,10.550000190734863,472000
2023-12-19,10.5,10.5,10.5,10.25,10.449999809265137,296000
2023-12-20,10.550000190734863,10.550000190734863,10.75,10.5,10.600000381469727,366000
2023-12-21,10.449999809265137,10.449999809265137,10.550000190734863,10.300000190734863,10.5,246000
2023-12-22,10.449999809265137,10.449999809265137,10.75,10.449999809265137,10.550000190734863,273000
2023-12-25,10.300000190734863,10.300000190734863,10.600000381469727,10.300000190734863,10.600000381469727,250000
2023-12-26,10.300000190734863,10.300000190734863,10.399999618530273,10.300000190734863,10.399999618530273,305000
2023-12-27,10.300000190734863,10.300000190734863,10.449999809265137,10.300000190734863,10.449999809265137,334000
2023-12-28,10.350000381469727,10.350000381469727,10.449999809265137,10.300000190734863,10.399999618530273,285000
2023-12-29,10.399999618530273,10.399999618530273,10.449999809265137,10.350000381469727,10.399999618530273,183000
2024-01-02,10.449999809265137,10.449999809265137,10.5,10.399999618530273,10.5,78000
2024-01-03,10.399999618530273,10.399999618530273,10.5,10.300000190734863,10.5,276000
2024-01-04,10.850000381469727,10.850000381469727,11.100000381469727,10.350000381469727,10.350000381469727,1191000
2024-01-05,11.25,11.25,11.75,11.100000381469727,11.100000381469727,3626000
2024-01-08,10.949999809265137,10.949999809265137,11.350000381469727,10.850000381469727,11.149999618530273,926000
2024-01-09,10.850000381469727,10.850000381469727,11.25,10.850000381469727,11.100000381469727,474000
2024-01-10,10.399999618530273,10.399999618530273,10.850000381469727,10.399999618530273,10.850000381469727,852000
2024-01-11,10.649999618530273,10.649999618530273,10.75,10.5,10.550000190734863,482000
2024-01-12,10.800000190734863,10.800000190734863,11.199999809265137,10.600000381469727,10.649999618530273,611000
2024-01-15,10.800000190734863,10.800000190734863,11.25,10.800000190734863,11.25,315855
2024-01-16,10.800000190734863,10.800000190734863,11.0,10.649999618530273,10.899999618530273,227000
2024-01-17,10.699999809265137,10.699999809265137,11.050000190734863,10.699999809265137,11.050000190734863,311000
2024-01-18,10.699999809265137,10.699999809265137,10.899999618530273,10.699999809265137,10.899999618530273,104000
2024-01-19,10.699999809265137,10.699999809265137,10.949999809265137,10.5,10.949999809265137,218000
2024-01-22,10.75,10.75,10.850000381469727,10.699999809265137,10.850000381469727,142000
2024-01-23,10.949999809265137,10.949999809265137,11.199999809265137,10.75,10.75,486000
2024-01-24,11.550000190734863,11.550000190734863,12.0,11.0,11.100000381469727,8327000
2024-01-25,12.699999809265137,12.699999809265137,12.699999809265137,11.300000190734863,11.449999809265137,10381000
2024-01-26,12.5,12.5,13.5,11.949999809265137,13.0,17393000
2024-01-29,12.350000381469727,12.350000381469727,13.25,12.25,12.300000190734863,4903000
2024-01-30,13.550000190734863,13.550000190734863,13.550000190734863,12.300000190734863,12.300000190734863,7577000
2024-01-31,14.899999618530273,14.899999618530273,14.899999618530273,14.5,14.850000381469727,4534000
2024-02-01,15.800000190734863,15.800000190734863,16.350000381469727,15.300000190734863,15.600000381469727,32405000
2024-02-02,15.699999809265137,15.699999809265137,16.649999618530273,15.600000381469727,16.149999618530273,15160000
2024-02-05,14.25,14.25,16.399999618530273,14.149999618530273,15.350000381469727,10181000
2024-02-15,14.899999618530273,14.899999618530273,15.300000190734863,14.399999618530273,14.399999618530273,7471000
2024-02-16,15.649999618530273,15.649999618530273,15.800000190734863,14.699999809265137,15.0,7441000
2024-02-19,14.800000190734863,14.800000190734863,16.0,14.800000190734863,15.800000190734863,5751000
2024-02-20,15.050000190734863,15.050000190734863,15.300000190734863,14.699999809265137,14.850000381469727,4860000
2024-02-21,14.449999809265137,14.449999809265137,15.300000190734863,14.449999809265137,15.199999809265137,4125000
2024-02-22,14.399999618530273,14.399999618530273,14.75,14.199999809265137,14.550000190734863,2286000
2024-02-23,14.550000190734863,14.550000190734863,15.550000190734863,14.399999618530273,14.5,6650000
2024-02-26,14.899999618530273,14.899999618530273,15.800000190734863,14.25,14.550000190734863,5344000
2024-02-27,14.300000190734863,14.300000190734863,15.399999618530273,14.050000190734863,15.399999618530273,4455000
2024-02-29,14.550000190734863,14.550000190734863,14.949999809265137,14.399999618530273,14.399999618530273,2197000
2024-03-01,14.5,14.5,15.25,14.350000381469727,14.600000381469727,3127000
2024-03-04,15.050000190734863,15.050000190734863,15.350000381469727,14.449999809265137,14.699999809265137,3449000
2024-03-05,14.649999618530273,14.649999618530273,15.350000381469727,14.649999618530273,15.25,2646000
2024-03-06,14.649999618530273,14.649999618530273,14.949999809265137,14.5,14.649999618530273,1698000
2024-03-07,13.550000190734863,13.550000190734863,14.800000190734863,13.550000190734863,14.75,3755000
2024-03-08,13.0,13.0,13.850000381469727,12.800000190734863,13.649999618530273,2485000
2024-03-11,13.050000190734863,13.050000190734863,13.300000190734863,12.850000381469727,12.949999809265137,1499000
2024-03-12,13.199999809265137,13.199999809265137,13.600000381469727,13.100000381469727,13.100000381469727,1061000
2024-03-13,12.949999809265137,12.949999809265137,13.350000381469727,12.550000190734863,13.350000381469727,1676000
2024-03-14,12.399999618530273,12.399999618530273,12.899999618530273,12.25,12.899999618530273,1378000
2024-03-15,12.0,12.0,12.649999618530273,12.0,12.449999809265137,1174000
2024-03-18,12.0,12.0,12.0,12.0,12.0,0
2024-03-19,11.800000190734863,11.800000190734863,12.050000190734863,11.800000190734863,12.050000190734863,704000
2024-03-20,11.800000190734863,11.800000190734863,11.800000190734863,11.800000190734863,11.800000190734863,0
2024-03-21,11.899999618530273,11.899999618530273,12.149999618530273,11.800000190734863,12.050000190734863,636000
2024-03-22,11.949999809265137,11.949999809265137,12.0,11.800000190734863,12.0,402000
2024-03-25,11.949999809265137,11.949999809265137,11.949999809265137,11.949999809265137,11.949999809265137,0
2024-03-26,11.899999618530273,11.899999618530273,12.300000190734863,11.800000190734863,12.199999809265137,939000
2024-03-27,11.899999618530273,11.899999618530273,12.199999809265137,11.850000381469727,12.0,823000
2024-03-28,11.75,11.75,12.0,11.649999618530273,11.899999618530273,605000
2024-03-29,11.600000381469727,11.600000381469727,11.850000381469727,11.5,11.800000190734863,398000
2024-04-01,11.800000190734863,11.800000190734863,11.949999809265137,11.699999809265137,11.800000190734863,406000
2024-04-02,11.600000381469727,11.600000381469727,11.899999618530273,11.5,11.899999618530273,510000
2024-04-03,11.5,11.5,11.649999618530273,11.399999618530273,11.550000190734863,327000
2024-04-08,11.949999809265137,11.949999809265137,12.350000381469727,11.5,11.5,1593000
2024-04-09,11.899999618530273,11.899999618530273,12.25,11.850000381469727,12.199999809265137,585000
2024-04-10,11.949999809265137,11.949999809265137,12.100000381469727,11.800000190734863,12.050000190734863,742000
2024-04-11,11.649999618530273,11.649999618530273,11.949999809265137,11.600000381469727,11.949999809265137,425000
2024-04-12,11.800000190734863,11.800000190734863,11.800000190734863,11.600000381469727,11.699999809265137,662000
2024-04-15,11.899999618530273,11.899999618530273,12.350000381469727,11.75,11.800000190734863,996000
2024-04-16,11.050000190734863,11.050000190734863,11.850000381469727,11.050000190734863,11.850000381469727,1166000
2024-04-17,11.350000381469727,11.350000381469727,11.350000381469727,11.199999809265137,11.199999809265137,327000
2024-04-18,11.25,11.25,11.399999618530273,11.199999809265137,11.399999618530273,365000
2024-04-19,10.850000381469727,10.850000381469727,11.25,10.649999618530273,11.25,722000
2024-04-22,10.699999809265137,10.699999809265137,11.0,10.5,10.850000381469727,506000
2024-04-23,10.800000190734863,10.800000190734863,11.0,10.699999809265137,10.850000381469727,523000
2024-04-24,11.100000381469727,11.100000381469727,11.350000381469727,10.800000190734863,10.949999809265137,825000
2024-04-25,11.100000381469727,11.100000381469727,11.350000381469727,10.949999809265137,11.199999809265137,334000
2024-04-26,11.100000381469727,11.100000381469727,11.25,11.0,11.199999809265137,290000
2024-04-29,11.199999809265137,11.199999809265137,11.300000190734863,11.100000381469727,11.199999809265137,251000
2024-04-30,11.100000381469727,11.100000381469727,11.300000190734863,11.100000381469727,11.300000190734863,153000
2024-05-02,11.350000381469727,11.350000381469727,11.399999618530273,10.949999809265137,11.100000381469727,347000
2024-05-03,12.449999809265137,12.449999809265137,12.449999809265137,12.350000381469727,12.449999809265137,1056000
2024-05-06,11.949999809265137,11.949999809265137,13.649999618530273,11.800000190734863,13.25,7847000
2024-05-07,12.0,12.0,12.350000381469727,11.899999618530273,12.0,1257000
2024-05-08,12.149999618530273,12.149999618530273,12.399999618530273,12.100000381469727,12.100000381469727,1022000
2024-05-09,11.899999618530273,11.899999618530273,12.25,11.899999618530273,12.199999809265137,594000
2024-05-10,11.899999618530273,11.899999618530273,12.050000190734863,11.75,11.949999809265137,346000
2024-05-13,12.100000381469727,12.100000381469727,12.149999618530273,11.850000381469727,12.0,444000
2024-05-14,12.149999618530273,12.149999618530273,12.300000190734863,12.050000190734863,12.25,534000
2024-05-15,12.5,12.5,12.75,12.25,12.300000190734863,1829000
2024-05-16,12.649999618530273,12.649999618530273,13.0,12.550000190734863,12.699999809265137,1460000
2024-05-17,13.899999618530273,13.899999618530273,13.899999618530273,12.699999809265137,12.75,3870000
2024-05-20,13.300000190734863,13.300000190734863,14.350000381469727,13.300000190734863,14.350000381469727,6855000
2024-05-21,13.550000190734863,13.550000190734863,13.800000190734863,13.350000381469727,13.449999809265137,1819000
2024-05-22,13.25,13.25,13.800000190734863,13.199999809265137,13.649999618530273,2019000
2024-05-23,13.0,13.0,13.350000381469727,12.899999618530273,13.350000381469727,1135000
2024-05-24,13.300000190734863,13.300000190734863,13.350000381469727,12.850000381469727,13.0,924000
2024-05-27,14.600000381469727,14.600000381469727,14.600000381469727,13.350000381469727,13.5,8372000
2024-05-28,14.550000190734863,14.550000190734863,14.850000381469727,14.149999618530273,14.300000190734863,5076000
2024-05-29,14.399999618530273,14.399999618530273,15.100000381469727,14.350000381469727,14.600000381469727,2831000
2024-05-30,14.050000190734863,14.050000190734863,14.449999809265137,13.899999618530273,14.300000190734863,2022000
2024-05-31,14.199999809265137,14.199999809265137,15.0,14.199999809265137,14.399999618530273,3068000
2024-06-03,14.399999618530273,14.399999618530273,14.550000190734863,14.100000381469727,14.5,1525000
2024-06-04,14.149999618530273,14.149999618530273,14.949999809265137,14.149999618530273,14.5,2203000
2024-06-05,14.100000381469727,14.100000381469727,14.399999618530273,14.100000381469727,14.300000190734863,760000
2024-06-06,13.75,13.75,14.449999809265137,13.699999809265137,14.300000190734863,1296000
2024-06-07,14.149999618530273,14.149999618530273,14.350000381469727,13.800000190734863,14.050000190734863,816000
2024-06-11,13.899999618530273,13.899999618530273,14.300000190734863,13.699999809265137,14.25,788000
2024-06-12,14.050000190734863,14.050000190734863,14.149999618530273,13.850000381469727,13.949999809265137,454000
2024-06-13,14.550000190734863,14.550000190734863,15.300000190734863,14.199999809265137,14.25,6355000
2024-06-14,14.149999618530273,14.149999618530273,15.050000190734863,14.149999618530273,14.600000381469727,2380000
2024-06-17,14.449999809265137,14.449999809265137,14.75,13.949999809265137,14.149999618530273,1704000
2024-06-18,14.550000190734863,14.550000190734863,14.800000190734863,14.399999618530273,14.699999809265137,1252000
2024-06-19,14.100000381469727,14.100000381469727,14.75,14.100000381469727,14.699999809265137,1214000
2024-06-20,14.399999618530273,14.399999618530273,14.550000190734863,14.199999809265137,14.25,1009000
2024-06-21,14.399999618530273,14.399999618530273,14.699999809265137,14.350000381469727,14.550000190734863,779000
2024-06-24,14.0,14.0,14.449999809265137,14.0,14.399999618530273,713000
2024-06-25,13.600000381469727,13.600000381469727,14.199999809265137,13.5,14.199999809265137,1013000
2024-06-26,13.699999809265137,13.699999809265137,14.050000190734863,13.649999618530273,13.800000190734863,878000
2024-06-27,13.600000381469727,13.600000381469727,13.800000190734863,13.5,13.75,582000
2024-06-28,13.949999809265137,13.949999809265137,14.0,13.649999618530273,13.699999809265137,576000
2024-07-01,14.0,14.0,14.050000190734863,13.850000381469727,14.050000190734863,451000
2024-07-02,13.699999809265137,13.699999809265137,14.149999618530273,13.5,14.0,666000
2024-07-03,14.25,14.25,14.550000190734863,13.800000190734863,13.800000190734863,1912000
2024-07-04,14.199999809265137,14.199999809265137,14.5,14.199999809265137,14.449999809265137,1407000
2024-07-05,14.75,14.75,15.199999809265137,14.350000381469727,14.449999809265137,3041000
2024-07-08,15.0,15.0,15.449999809265137,14.800000190734863,14.850000381469727,2620000
2024-07-09,14.5,14.5,15.199999809265137,14.199999809265137,15.199999809265137,1581000
2024-07-10,15.350000381469727,15.350000381469727,15.600000381469727,14.550000190734863,14.600000381469727,2873000
2024-07-11,13.850000381469727,13.850000381469727,14.850000381469727,13.850000381469727,14.550000190734863,5482000
2024-07-12,13.850000381469727,13.850000381469727,13.899999618530273,13.5,13.850000381469727,1025000
2024-07-15,13.699999809265137,13.699999809265137,14.0,13.649999618530273,14.0,576000
2024-07-16,13.550000190734863,13.550000190734863,13.899999618530273,13.550000190734863,13.800000190734863,474000
2024-07-17,13.899999618530273,13.899999618530273,13.899999618530273,13.600000381469727,13.75,501000
2024-07-18,13.600000381469727,13.600000381469727,13.899999618530273,13.550000190734863,13.899999618530273,710000
2024-07-19,13.050000190734863,13.050000190734863,13.699999809265137,13.0,13.699999809265137,1250000
2024-07-22,12.75,12.75,13.050000190734863,12.449999809265137,13.050000190734863,982000
2024-07-23,12.800000190734863,12.800000190734863,13.050000190734863,12.699999809265137,13.050000190734863,372000
2024-07-26,12.600000381469727,12.600000381469727,12.649999618530273,12.350000381469727,12.600000381469727,277000
2024-07-29,12.199999809265137,12.199999809265137,12.800000190734863,12.199999809265137,12.800000190734863,363000
2024-07-30,12.5,12.5,12.600000381469727,12.100000381469727,12.199999809265137,230000
2024-07-31,12.600000381469727,12.600000381469727,12.75,12.5,12.550000190734863,261000
2024-08-01,12.949999809265137,12.949999809265137,13.0,12.75,12.800000190734863,275000
2024-08-02,12.550000190734863,12.550000190734863,12.899999618530273,12.449999809265137,12.75,310000
2024-08-05,11.300000190734863,11.300000190734863,12.300000190734863,11.300000190734863,12.300000190734863,745000
2024-08-06,11.199999809265137,11.199999809265137,11.449999809265137,10.350000381469727,11.399999618530273,840000
2024-08-07,11.850000381469727,11.850000381469727,11.949999809265137,11.199999809265137,11.199999809265137,452000
2024-08-08,11.850000381469727,11.850000381469727,11.949999809265137,11.550000190734863,11.75,210000
2024-08-09,11.949999809265137,11.949999809265137,12.199999809265137,11.899999618530273,11.949999809265137,290000
2024-08-12,12.600000381469727,12.600000381469727,13.050000190734863,12.399999618530273,12.399999618530273,960000
2024-08-13,13.0,13.0,13.699999809265137,12.449999809265137,12.600000381469727,1854000
2024-08-14,13.399999618530273,13.399999618530273,13.449999809265137,13.199999809265137,13.25,710000
2024-08-15,13.550000190734863,13.550000190734863,13.899999618530273,13.399999618530273,13.600000381469727,1151000
2024-08-16,13.649999618530273,13.649999618530273,13.899999618530273,13.550000190734863,13.899999618530273,907000
2024-08-19,13.699999809265137,13.699999809265137,13.75,13.5,13.75,408000
2024-08-20,13.600000381469727,13.600000381469727,13.850000381469727,13.600000381469727,13.850000381469727,602000
2024-08-21,13.5,13.5,13.800000190734863,13.399999618530273,13.550000190734863,274000
2024-08-22,13.399999618530273,13.399999618530273,13.600000381469727,13.300000190734863,13.5,432000
2024-08-23,13.350000381469727,13.350000381469727,13.350000381469727,13.100000381469727,13.199999809265137,202000
2024-08-26,13.399999618530273,13.399999618530273,13.699999809265137,13.350000381469727,13.5,447000
2024-08-27,13.449999809265137,13.449999809265137,13.550000190734863,13.300000190734863,13.300000190734863,201000
2024-08-28,13.600000381469727,13.600000381469727,13.850000381469727,13.550000190734863,13.649999618530273,778000
2024-08-29,13.75,13.75,13.850000381469727,13.5,13.5,440000
2024-08-30,13.649999618530273,13.649999618530273,14.0,13.649999618530273,13.850000381469727,818000
2024-09-02,13.5,13.5,13.800000190734863,13.5,13.800000190734863,303000
2024-09-03,13.399999618530273,13.399999618530273,13.699999809265137,13.399999618530273,13.550000190734863,135000
2024-09-04,12.699999809265137,12.699999809265137,13.0,12.449999809265137,13.0,375000
2024-09-05,12.649999618530273,12.649999618530273,13.0,12.649999618530273,13.0,211000
2024-09-06,12.649999618530273,12.649999618530273,12.800000190734863,12.649999618530273,12.699999809265137,94000
2024-09-09,12.199999809265137,12.199999809265137,12.350000381469727,12.0,12.0,527000
2024-09-10,11.699999809265137,11.699999809265137,12.300000190734863,11.600000381469727,12.199999809265137,1013000
2024-09-11,11.899999618530273,11.899999618530273,11.949999809265137,11.75,11.850000381469727,191000
2024-09-12,12.050000190734863,12.050000190734863,12.100000381469727,11.899999618530273,12.0,220000
2024-09-13,12.199999809265137,12.199999809265137,12.25,12.0,12.100000381469727,261000
2024-09-16,12.5,12.5,12.550000190734863,12.300000190734863,12.300000190734863,160000
2024-09-18,12.399999618530273,12.399999618530273,12.600000381469727,12.350000381469727,12.5,232000
2024-09-19,12.5,12.5,12.5,12.350000381469727,12.399999618530273,162000
2024-09-20,12.600000381469727,12.600000381469727,12.699999809265137,12.399999618530273,12.649999618530273,258000
2024-09-23,12.350000381469727,12.350000381469727,12.550000190734863,12.300000190734863,12.449999809265137,244000
2024-09-24,12.25,12.25,12.449999809265137,12.149999618530273,12.300000190734863,244000
2024-09-25,12.399999618530273,12.399999618530273,12.449999809265137,12.300000190734863,12.300000190734863,375000
2024-09-26,12.399999618530273,12.399999618530273,12.699999809265137,12.399999618530273,12.449999809265137,317000
2024-09-27,12.5,12.5,12.5,12.399999618530273,12.5,179000
2024-09-30,12.449999809265137,12.449999809265137,12.550000190734863,12.399999618530273,12.550000190734863,116000
2024-10-01,12.449999809265137,12.449999809265137,12.5,12.350000381469727,12.5,123000
2024-10-04,12.25,12.25,12.449999809265137,12.199999809265137,12.399999618530273,202000
2024-10-07,12.5,12.5,12.550000190734863,12.300000190734863,12.350000381469727,221000
2024-10-08,12.300000190734863,12.300000190734863,12.5,12.25,12.5,187000
2024-10-09,12.199999809265137,12.199999809265137,12.350000381469727,12.0,12.350000381469727,259000
2024-10-11,11.899999618530273,11.899999618530273,12.149999618530273,11.899999618530273,12.149999618530273,211000
2024-10-14,12.050000190734863,12.050000190734863,12.100000381469727,11.899999618530273,11.899999618530273,123000
2024-10-15,12.100000381469727,12.100000381469727,12.350000381469727,12.050000190734863,12.149999618530273,253000
2024-10-16,12.149999618530273,12.149999618530273,12.25,11.949999809265137,12.050000190734863,254000
2024-10-17,12.25,12.25,12.399999618530273,12.25,12.300000190734863,226000
2024-10-18,12.350000381469727,12.350000381469727,12.449999809265137,12.25,12.449999809265137,250000
2024-10-21,12.350000381469727,12.350000381469727,12.449999809265137,12.25,12.449999809265137,100000
2024-10-22,12.399999618530273,12.399999618530273,12.399999618530273,12.25,12.350000381469727,269000
2024-10-23,12.600000381469727,12.600000381469727,12.75,12.5,12.5,519000
2024-10-24,12.800000190734863,12.800000190734863,12.800000190734863,12.300000190734863,12.5,504000
2024-10-25,12.699999809265137,12.699999809265137,12.899999618530273,12.649999618530273,12.800000190734863,163000
2024-10-28,12.550000190734863,12.550000190734863,12.800000190734863,12.5,12.649999618530273,266000
2024-10-29,12.5,12.5,12.699999809265137,12.350000381469727,12.699999809265137,212000
2024-10-30,12.300000190734863,12.300000190734863,12.649999618530273,12.300000190734863,12.649999618530273,226000
2024-11-01,12.149999618530273,12.149999618530273,12.300000190734863,12.0,12.300000190734863,140000
2024-11-04,12.300000190734863,12.300000190734863,12.5,12.100000381469727,12.25,467000
2024-11-05,12.300000190734863,12.300000190734863,12.699999809265137,12.149999618530273,12.699999809265137,269000
2024-11-06,12.300000190734863,12.300000190734863,12.350000381469727,12.149999618530273,12.350000381469727,166000
2024-11-07,12.25,12.25,12.399999618530273,12.199999809265137,12.300000190734863,214000
2024-11-08,12.199999809265137,12.199999809265137,12.350000381469727,12.100000381469727,12.350000381469727,129000
2024-11-11,12.0,12.0,12.25,11.949999809265137,12.25,164000
2024-11-12,11.699999809265137,11.699999809265137,12.100000381469727,11.600000381469727,12.100000381469727,296000
2024-11-13,11.550000190734863,11.550000190734863,11.800000190734863,11.5,11.800000190734863,211000
2024-11-14,11.300000190734863,11.300000190734863,11.75,11.300000190734863,11.75,256000
2024-11-15,11.449999809265137,11.449999809265137,11.449999809265137,11.300000190734863,11.300000190734863,109000
2024-11-18,11.350000381469727,11.350000381469727,11.449999809265137,11.25,11.449999809265137,157000
2024-11-19,11.399999618530273,11.399999618530273,11.5,11.350000381469727,11.350000381469727,80000
2024-11-20,11.25,11.25,11.5,11.25,11.399999618530273,180537
2024-11-21,11.300000190734863,11.300000190734863,11.350000381469727,11.25,11.25,72000
2024-11-22,11.350000381469727,11.350000381469727,11.5,11.350000381469727,11.449999809265137,91000
2024-11-25,11.449999809265137,11.449999809265137,11.5,11.350000381469727,11.350000381469727,130000
2024-11-26,11.350000381469727,11.350000381469727,11.5,11.300000190734863,11.5,140000
2024-11-27,11.100000381469727,11.100000381469727,11.449999809265137,11.100000381469727,11.350000381469727,295000
2024-11-28,11.25,11.25,11.25,10.949999809265137,11.149999618530273,228000
2024-11-29,11.25,11.25,11.350000381469727,11.199999809265137,11.25,60000
2024-12-02,11.149999618530273,11.149999618530273,11.350000381469727,11.149999618530273,11.25,76000
2024-12-03,11.149999618530273,11.149999618530273,11.25,11.050000190734863,11.25,105000
2024-12-04,11.149999618530273,11.149999618530273,11.25,11.149999618530273,11.199999809265137,126000
2024-12-05,11.199999809265137,11.199999809265137,11.399999618530273,11.149999618530273,11.149999618530273,169000
2024-12-06,11.199999809265137,11.199999809265137,11.350000381469727,11.199999809265137,11.199999809265137,62000
2024-12-09,11.25,11.25,11.25,11.149999618530273,11.149999618530273,164000
2024-12-10,11.350000381469727,11.350000381469727,11.449999809265137,11.300000190734863,11.300000190734863,137000
2024-12-11,11.350000381469727,11.350000381469727,11.550000190734863,11.25,11.25,105000
2024-12-12,11.199999809265137,11.199999809265137,11.449999809265137,11.149999618530273,11.350000381469727,188000
2024-12-13,11.149999618530273,11.149999618530273,11.149999618530273,11.050000190734863,11.149999618530273,92000
2024-12-16,10.649999618530273,10.649999618530273,11.149999618530273,10.550000190734863,11.149999618530273,290000
2024-12-17,10.649999618530273,10.649999618530273,10.800000190734863,10.600000381469727,10.649999618530273,126000
2024-12-18,10.649999618530273,10.649999618530273,10.649999618530273,10.5,10.649999618530273,66000
2024-12-19,10.699999809265137,10.699999809265137,10.75,10.550000190734863,10.600000381469727,92000
2024-12-20,10.699999809265137,10.699999809265137,10.699999809265137,10.550000190734863,10.649999618530273,113000
2024-12-23,10.699999809265137,10.699999809265137,10.800000190734863,10.5,10.75,142000
2024-12-24,10.699999809265137,10.699999809265137,10.800000190734863,10.699999809265137,10.75,68000
2024-12-25,10.800000190734863,10.800000190734863,10.899999618530273,10.699999809265137,10.75,75000
2024-12-26,10.800000190734863,10.800000190734863,10.899999618530273,10.800000190734863,10.899999618530273,108000
2024-12-27,10.75,10.75,10.850000381469727,10.699999809265137,10.800000190734863,76000
2024-12-30,10.550000190734863,10.550000190734863,10.600000381469727,10.100000381469727,10.600000381469727,301000
2024-12-31,10.5,10.5,10.550000190734863,10.399999618530273,10.5,45000
2025-01-02,10.5,10.5,10.550000190734863,10.399999618530273,10.550000190734863,93000
2025-01-03,10.350000381469727,10.350000381469727,10.5,10.350000381469727,10.5,99000
2025-01-06,10.399999618530273,10.399999618530273,10.449999809265137,10.199999809265137,10.350000381469727,120000
2025-01-07,10.25,10.25,10.449999809265137,10.199999809265137,10.449999809265137,115000
2025-01-08,10.25,10.25,10.300000190734863,10.149999618530273,10.300000190734863,81000
2025-01-09,9.979999542236328,9.979999542236328,10.25,9.949999809265137,10.25,174000
2025-01-10,9.930000305175781,9.930000305175781,10.050000190734863,9.90999984741211,9.989999771118164,145000
2025-01-13,9.460000038146973,9.460000038146973,9.930000305175781,9.399999618530273,9.930000305175781,221000
2025-01-14,9.600000381469727,9.600000381469727,9.640000343322754,9.479999542236328,9.640000343322754,111000
2025-01-15,9.579999923706055,9.579999923706055,9.680000305175781,9.5600004196167,9.680000305175781,119000
2025-01-16,9.649999618530273,9.649999618530273,9.6899995803833,9.609999656677246,9.630000114440918,122000
2025-01-17,9.640000343322754,9.640000343322754,9.65999984741211,9.600000381469727,9.649999618530273,56000
2025-01-20,9.640000343322754,9.640000343322754,9.640000343322754,9.579999923706055,9.640000343322754,98000
2025-01-21,9.699999809265137,9.699999809265137,9.699999809265137,9.640000343322754,9.670000076293945,85000
2025-01-22,9.739999771118164,9.739999771118164,9.779999732971191,9.670000076293945,9.699999809265137,59000
2025-02-03,9.569999694824219,9.569999694824219,9.6899995803833,9.5,9.6899995803833,114001
2025-02-04,9.579999923706055,9.579999923706055,9.630000114440918,9.569999694824219,9.630000114440918,75100
2025-02-05,9.75,9.75,9.800000190734863,9.670000076293945,9.699999809265137,116008
2025-02-06,9.770000457763672,9.770000457763672,9.819999694824219,9.710000038146973,9.75,64002
2025-02-07,10.699999809265137,10.699999809265137,10.699999809265137,9.770000457763672,9.779999732971191,515849
2025-02-10,10.5,10.5,11.199999809265137,10.5,10.699999809265137,804315
2025-02-11,10.300000190734863,10.300000190734863,10.600000381469727,10.300000190734863,10.550000190734863,162389
2025-02-12,10.300000190734863,10.300000190734863,10.449999809265137,10.25,10.399999618530273,87332
2025-02-13,10.5,10.5,10.550000190734863,10.300000190734863,10.300000190734863,145323
2025-02-14,10.449999809265137,10.449999809265137,10.649999618530273,10.449999809265137,10.5,183261
2025-02-17,10.399999618530273,10.399999618530273,10.550000190734863,10.399999618530273,10.449999809265137,91386
2025-02-18,10.399999618530273,10.399999618530273,10.600000381469727,10.399999618530273,10.550000190734863,114003
2025-02-19,10.600000381469727,10.600000381469727,10.800000190734863,10.5,10.5,245166
2025-02-20,10.550000190734863,10.550000190734863,10.800000190734863,10.449999809265137,10.800000190734863,115099
2025-02-21,10.550000190734863,10.550000190734863,10.600000381469727,10.5,10.5,105354
2025-02-24,10.5,10.5,10.550000190734863,10.449999809265137,10.5,96008
2025-02-25,10.550000190734863,10.550000190734863,10.550000190734863,10.399999618530273,10.449999809265137,101003
2025-02-26,10.5,10.5,10.550000190734863,10.350000381469727,10.5,115493
2025-02-27,10.399999618530273,10.399999618530273,10.550000190734863,10.350000381469727,10.550000190734863,92088
2025-03-03,10.350000381469727,10.350000381469727,10.350000381469727,10.149999618530273,10.300000190734863,112211
2025-03-04,10.300000190734863,10.300000190734863,10.350000381469727,10.100000381469727,10.350000381469727,154008
2025-03-05,10.300000190734863,10.300000190734863,10.300000190734863,10.199999809265137,10.300000190734863,104001
2025-03-06,10.149999618530273,10.149999618530273,10.350000381469727,10.149999618530273,10.350000381469727,96400
2025-03-07,10.100000381469727,10.100000381469727,10.350000381469727,10.0,10.100000381469727,226003
2025-03-10,10.100000381469727,10.100000381469727,10.199999809265137,10.050000190734863,10.149999618530273,82070
2025-03-11,10.050000190734863,10.050000190734863,10.149999618530273,9.90999984741211,10.0,110298
2025-03-12,10.800000190734863,10.800000190734863,11.050000190734863,10.149999618530273,10.199999809265137,1397191
2025-03-13,10.449999809265137,10.449999809265137,10.899999618530273,10.399999618530273,10.75,339030
2025-03-14,10.399999618530273,10.399999618530273,10.5,10.300000190734863,10.449999809265137,169101
2025-03-17,10.649999618530273,10.649999618530273,10.800000190734863,10.449999809265137,10.449999809265137,193034
2025-03-18,10.550000190734863,10.550000190734863,10.75,10.550000190734863,10.699999809265137,92106
2025-03-19,10.899999618530273,10.899999618530273,11.600000381469727,10.600000381469727,10.600000381469727,4998362
2025-03-20,11.0,11.0,11.25,10.899999618530273,11.0,1365120
2025-03-21,10.850000381469727,10.850000381469727,11.149999618530273,10.850000381469727,11.149999618530273,318001
2025-03-24,10.649999618530273,10.649999618530273,10.949999809265137,10.600000381469727,10.850000381469727,336007
2025-03-25,10.5,10.5,10.800000190734863,10.449999809265137,10.800000190734863,232021
2025-03-26,10.649999618530273,10.649999618530273,10.699999809265137,10.5,10.550000190734863,101004
2025-03-27,10.550000190734863,10.550000190734863,10.649999618530273,10.5,10.649999618530273,65002
2025-03-28,10.149999618530273,10.149999618530273,10.5,10.050000190734863,10.399999618530273,417054
2025-03-31,9.630000114440918,9.630000114440918,10.050000190734863,9.579999923706055,10.050000190734863,455050
2025-04-01,9.949999809265137,9.949999809265137,10.0,9.600000381469727,9.600000381469727,191000
2025-04-02,10.199999809265137,10.199999809265137,10.399999618530273,9.899999618530273,9.899999618530273,280002
2025-04-07,9.180000305175781,9.180000305175781,9.180000305175781,9.180000305175781,9.180000305175781,128030
2025-04-08,8.270000457763672,8.270000457763672,8.680000305175781,8.270000457763672,8.619999885559082,793134
2025-04-09,7.449999809265137,7.449999809265137,8.380000114440918,7.449999809265137,8.100000381469727,1152380
2025-04-10,8.1899995803833,8.1899995803833,8.1899995803833,8.1899995803833,8.1899995803833,124000
2025-04-11,8.279999732971191,8.279999732971191,8.359999656677246,7.809999942779541,8.149999618530273,318004
2025-04-14,8.569999694824219,8.569999694824219,8.979999542236328,8.300000190734863,8.300000190734863,371007
2025-04-15,9.390000343322754,9.390000343322754,9.390000343322754,8.569999694824219,8.569999694824219,413001
2025-04-16,9.800000190734863,9.800000190734863,10.100000381469727,9.199999809265137,9.390000343322754,691034
2025-04-17,9.65999984741211,9.65999984741211,10.050000190734863,9.65999984741211,9.770000457763672,418001
2025-04-18,9.569999694824219,9.569999694824219,9.899999618530273,9.569999694824219,9.670000076293945,310001
2025-04-21,9.430000305175781,9.430000305175781,9.619999885559082,9.390000343322754,9.569999694824219,79003
2025-04-22,9.479999542236328,9.479999542236328,10.0,9.260000228881836,9.260000228881836,230001
2025-04-23,9.65999984741211,9.65999984741211,9.9399995803833,9.609999656677246,9.9399995803833,155882
2025-04-24,9.640000343322754,9.640000343322754,9.880000114440918,9.640000343322754,9.880000114440918,95095
2025-04-25,9.819999694824219,9.819999694824219,10.0,9.770000457763672,9.850000381469727,443102
2025-04-28,9.970000267028809,9.970000267028809,10.149999618530273,9.859999656677246,9.90999984741211,373020
2025-04-29,10.050000190734863,10.050000190734863,10.149999618530273,9.9399995803833,10.050000190734863,298368
2025-04-30,9.970000267028809,9.970000267028809,10.100000381469727,9.930000305175781,10.050000190734863,126002
2025-05-02,9.989999771118164,9.989999771118164,10.100000381469727,9.949999809265137,10.100000381469727,315518
2025-05-05,9.630000114440918,9.630000114440918,10.050000190734863,9.600000381469727,10.050000190734863,288026
2025-05-06,9.619999885559082,9.619999885559082,9.760000228881836,9.520000457763672,9.59000015258789,177001
2025-05-07,9.529999732971191,9.529999732971191,9.670000076293945,9.529999732971191,9.539999961853027,78251
2025-05-08,9.65999984741211,9.65999984741211,9.65999984741211,9.529999732971191,9.569999694824219,90001
2025-05-09,9.890000343322754,9.890000343322754,10.100000381469727,9.680000305175781,9.699999809265137,239036
2025-05-12,9.84000015258789,9.84000015258789,9.890000343322754,9.75,9.890000343322754,437602
2025-05-13,9.65999984741211,9.65999984741211,10.100000381469727,9.65999984741211,10.100000381469727,448102
2025-05-14,9.739999771118164,9.739999771118164,9.84000015258789,9.6899995803833,9.6899995803833,139007
2025-05-15,9.760000228881836,9.760000228881836,9.789999961853027,9.739999771118164,9.739999771118164,88002
2025-05-16,9.8100004196167,9.8100004196167,9.90999984741211,9.760000228881836,9.84000015258789,119200
2025-05-19,9.609999656677246,9.609999656677246,9.899999618530273,9.609999656677246,9.75,147999
2025-05-20,9.579999923706055,9.579999923706055,9.699999809265137,9.550000190734863,9.6899995803833,57288
2025-05-21,9.649999618530273,9.649999618530273,9.649999618530273,9.5,9.5,128000
2025-05-22,9.59000015258789,9.59000015258789,9.75,9.520000457763672,9.550000190734863,76000
2025-05-23,9.579999923706055,9.579999923706055,9.699999809265137,9.529999732971191,9.699999809265137,18000
2025-05-26,9.539999961853027,9.539999961853027,9.729999542236328,9.5,9.729999542236328,58001
2025-05-27,9.4399995803833,9.4399995803833,9.640000343322754,9.050000190734863,9.640000343322754,360150
2025-05-28,9.350000381469727,9.350000381469727,9.579999923706055,9.329999923706055,9.5,100100
2025-05-29,9.369999885559082,9.369999885559082,9.369999885559082,9.319999694824219,9.369999885559082,21000
2025-06-02,9.199999809265137,9.199999809265137,9.260000228881836,9.1899995803833,9.239999771118164,49002
2025-06-03,9.130000114440918,9.130000114440918,9.220000267028809,9.069999694824219,9.220000267028809,75004
2025-06-04,9.130000114440918,9.130000114440918,9.239999771118164,9.130000114440918,9.15999984741211,62001
2025-06-05,9.300000190734863,9.300000190734863,9.970000267028809,9.09000015258789,9.140000343322754,762145
2025-06-06,9.300000190734863,9.300000190734863,9.40999984741211,9.300000190734863,9.40999984741211,133887
2025-06-09,9.369999885559082,9.369999885559082,9.390000343322754,9.25,9.369999885559082,58267
2025-06-10,9.350000381469727,9.350000381469727,9.369999885559082,9.300000190734863,9.369999885559082,71390
2025-06-11,9.199999809265137,9.199999809265137,9.420000076293945,9.109999656677246,9.350000381469727,163001
2025-06-12,9.239999771118164,9.239999771118164,9.369999885559082,9.180000305175781,9.369999885559082,83001
2025-06-13,9.109999656677246,9.109999656677246,9.239999771118164,9.079999923706055,9.239999771118164,106001
2025-06-16,9.069999694824219,9.069999694824219,9.100000381469727,9.029999732971191,9.029999732971191,97010
2025-06-17,9.09000015258789,9.09000015258789,9.149999618530273,9.069999694824219,9.119999885559082,33000
2025-06-18,9.210000038146973,9.210000038146973,9.350000381469727,8.819999694824219,9.029999732971191,157475
2025-06-19,9.100000381469727,9.100000381469727,9.25,9.09000015258789,9.210000038146973,70001
2025-06-20,9.09000015258789,9.09000015258789,9.239999771118164,9.029999732971191,9.239999771118164,59001
2025-06-23,8.989999771118164,8.989999771118164,9.0,8.829999923706055,9.0,34000
2025-06-24,9.119999885559082,9.119999885559082,9.239999771118164,9.09000015258789,9.09000015258789,71000
2025-06-25,9.119999885559082,9.119999885559082,9.170000076293945,9.100000381469727,9.170000076293945,22174
2025-06-26,9.140000343322754,9.140000343322754,9.210000038146973,9.119999885559082,9.119999885559082,21002
2025-06-27,9.210000038146973,9.210000038146973,9.239999771118164,9.140000343322754,9.239999771118164,73001
2025-06-30,9.079999923706055,9.079999923706055,9.130000114440918,9.079999923706055,9.130000114440918,15000
2025-07-01,9.0600004196167,9.0600004196167,9.260000228881836,9.0600004196167,9.260000228881836,61000
2025-07-02,9.149999618530273,9.149999618530273,9.199999809265137,9.050000190734863,9.050000190734863,120059
2025-07-03,9.079999923706055,9.079999923706055,9.199999809265137,9.079999923706055,9.109999656677246,120999
2025-07-04,9.100000381469727,9.100000381469727,9.229999542236328,9.039999961853027,9.130000114440918,49270
2025-07-07,9.020000457763672,9.020000457763672,9.09000015258789,8.979999542236328,9.050000190734863,47002
2025-07-08,8.949999809265137,8.949999809265137,9.020000457763672,8.920000076293945,9.020000457763672,66204
2025-07-09,9.0,9.0,9.039999961853027,8.920000076293945,8.949999809265137,35000
2025-07-10,8.960000038146973,8.960000038146973,8.960000038146973,8.9399995803833,8.949999809265137,22000
2025-07-11,9.0,9.0,9.0600004196167,8.979999542236328,9.010000228881836,54000
2025-07-14,8.880000114440918,8.880000114440918,9.0,8.829999923706055,9.0,116000
2025-07-15,8.880000114440918,8.880000114440918,8.90999984741211,8.829999923706055,8.880000114440918,57000
2025-07-16,8.9399995803833,8.9399995803833,9.0,8.869999885559082,8.869999885559082,32002
2025-07-17,8.960000038146973,8.960000038146973,8.989999771118164,8.869999885559082,8.880000114440918,77001
2025-07-18,8.930000305175781,8.930000305175781,9.010000228881836,8.880000114440918,9.0,90000
2025-07-21,9.029999732971191,9.029999732971191,9.039999961853027,8.9399995803833,9.020000457763672,93000
2025-07-22,8.84000015258789,8.84000015258789,9.029999732971191,8.84000015258789,9.029999732971191,78000
2025-07-23,8.90999984741211,8.90999984741211,8.9399995803833,8.850000381469727,8.850000381469727,39000
2025-07-24,9.0600004196167,9.0600004196167,9.130000114440918,8.930000305175781,8.9399995803833,162006
2025-07-25,9.010000228881836,9.010000228881836,9.0600004196167,9.0,9.0600004196167,28000
2025-07-28,9.149999618530273,9.149999618530273,9.210000038146973,9.0,9.0,74001
2025-07-29,9.079999923706055,9.079999923706055,9.260000228881836,9.0,9.260000228881836,36000
2025-07-30,9.100000381469727,9.100000381469727,9.100000381469727,9.039999961853027,9.050000190734863,48000
2025-07-31,9.0600004196167,9.0600004196167,9.119999885559082,9.050000190734863,9.100000381469727,37000
2025-08-04,9.25,9.25,9.25,9.079999923706055,9.079999923706055,82000
2025-08-05,9.210000038146973,9.210000038146973,9.25,9.119999885559082,9.180000305175781,143621
2025-08-06,9.15999984741211,9.15999984741211,9.34000015258789,9.109999656677246,9.34000015258789,150074
2025-08-07,9.210000038146973,9.210000038146973,9.220000267028809,9.109999656677246,9.109999656677246,82002
2025-08-08,9.210000038146973,9.210000038146973,9.210000038146973,9.050000190734863,9.170000076293945,122135
2025-08-11,9.449999809265137,9.449999809265137,9.739999771118164,9.270000457763672,9.350000381469727,737000
2025-08-12,10.350000381469727,10.350000381469727,10.350000381469727,9.520000457763672,9.6899995803833,748369
2025-08-13,11.350000381469727,11.350000381469727,11.350000381469727,10.350000381469727,10.350000381469727,2755101
2025-08-14,11.0,11.0,11.5,11.0,11.449999809265137,2774033
2025-08-15,10.899999618530273,10.899999618530273,11.399999618530273,10.850000381469727,11.350000381469727,974301
2025-08-18,10.850000381469727,10.850000381469727,11.25,10.600000381469727,11.25,574253
2025-08-19,10.899999618530273,10.899999618530273,11.649999618530273,10.850000381469727,10.850000381469727,1010006
2025-08-20,10.5,10.5,10.800000190734863,10.199999809265137,10.75,596498
2025-08-21,10.699999809265137,10.699999809265137,11.0,10.300000190734863,10.300000190734863,705144
2025-08-22,10.449999809265137,10.449999809265137,10.800000190734863,10.449999809265137,10.75,290230
2025-08-25,10.699999809265137,10.699999809265137,10.949999809265137,10.649999618530273,10.75,443080
2025-08-26,11.0,11.0,11.300000190734863,10.75,10.75,774200
2025-08-27,11.0,11.0,12.0,11.0,11.050000190734863,2622608
2025-08-28,10.5,10.5,10.949999809265137,10.5,10.949999809265137,807326
2025-08-29,10.149999618530273,10.149999618530273,10.649999618530273,9.960000038146973,10.550000190734863,914200
2025-09-01,10.050000190734863,10.050000190734863,10.25,9.899999618530273,10.149999618530273,428000
2025-09-02,9.949999809265137,9.949999809265137,10.100000381469727,9.90999984741211,10.100000381469727,367000
2025-09-03,10.050000190734863,10.050000190734863,10.25,9.949999809265137,10.050000190734863,478000
2025-09-04,10.300000190734863,10.300000190734863,10.5,10.100000381469727,10.100000381469727,539000
2025-09-05,10.199999809265137,10.199999809265137,10.550000190734863,10.050000190734863,10.300000190734863,352050
2025-09-08,10.300000190734863,10.300000190734863,10.449999809265137,10.199999809265137,10.300000190734863,151012
2025-09-09,10.399999618530273,10.399999618530273,10.649999618530273,10.300000190734863,10.449999809265137,232100
2025-09-10,10.100000381469727,10.100000381469727,10.5,10.050000190734863,10.5,294001
2025-09-11,11.100000381469727,11.100000381469727,11.100000381469727,10.699999809265137,10.800000190734863,3150000
2025-09-12,10.75,10.75,11.600000381469727,10.75,10.850000381469727,3863090
2025-09-15,10.550000190734863,10.550000190734863,10.699999809265137,10.25,10.600000381469727,1377001
2025-09-16,11.600000381469727,11.600000381469727,11.600000381469727,10.5,10.550000190734863,2979206
2025-09-17,11.850000381469727,11.850000381469727,12.350000381469727,11.550000190734863,11.800000190734863,5812000
2025-09-18,13.0,13.0,13.0,12.300000190734863,12.5,7482506
2025-09-19,12.899999618530273,12.899999618530273,14.199999809265137,12.850000381469727,13.600000381469727,8623450
2025-09-22,13.0,13.0,13.899999618530273,13.0,13.050000190734863,2702392
2025-09-23,12.199999809265137,12.199999809265137,13.0,12.149999618530273,13.0,2215360
2025-09-24,12.25,12.25,12.449999809265137,11.899999618530273,12.449999809265137,1282000
2025-09-25,11.899999618530273,11.899999618530273,12.5,11.899999618530273,12.100000381469727,1025000
2025-09-26,12.800000190734863,12.800000190734863,13.0,11.699999809265137,12.100000381469727,3665591
2025-09-30,12.949999809265137,12.949999809265137,13.75,12.850000381469727,13.550000190734863,3724055
2025-10-01,12.25,12.25,13.399999618530273,12.25,13.149999618530273,2639434
2025-10-02,12.350000381469727,12.350000381469727,13.199999809265137,12.350000381469727,12.600000381469727,3302866
2025-10-03,12.149999618530273,12.149999618530273,12.850000381469727,12.100000381469727,12.399999618530273,1789410
2025-10-07,12.550000190734863,12.550000190734863,12.75,12.149999618530273,12.25,1405202
2025-10-08,12.699999809265137,12.699999809265137,12.800000190734863,12.300000190734863,12.449999809265137,1110042
2025-10-09,12.899999618530273,12.899999618530273,12.949999809265137,12.5,12.850000381469727,1839000
2025-10-13,12.649999618530273,12.649999618530273,12.649999618530273,12.050000190734863,12.399999618530273,1265001
2025-10-14,12.399999618530273,12.399999618530273,13.300000190734863,12.25,12.899999618530273,1660000
2025-10-15,13.149999618530273,13.149999618530273,13.600000381469727,12.350000381469727,12.399999618530273,7353600
2025-10-16,13.649999618530273,13.649999618530273,14.300000190734863,13.550000190734863,13.649999618530273,7425873
2025-10-17,13.550000190734863,13.550000190734863,14.449999809265137,13.300000190734863,13.699999809265137,5098551
2025-10-20,13.199999809265137,13.199999809265137,13.949999809265137,12.949999809265137,13.800000190734863,3463101
2025-10-21,12.949999809265137,12.949999809265137,13.449999809265137,12.899999618530273,13.449999809265137,1760208
2025-10-22,12.75,12.75,13.0,12.600000381469727,13.0,2243396
2025-10-23,12.75,12.75,12.949999809265137,12.550000190734863,12.75,1323417
2025-10-27,13.5,13.5,14.0,13.0,13.100000381469727,5867631
2025-10-28,13.600000381469727,13.600000381469727,14.800000190734863,13.300000190734863,13.699999809265137,5902408
2025-10-29,13.25,13.25,14.100000381469727,13.050000190734863,13.850000381469727,2968873
2025-10-30,12.649999618530273,12.649999618530273,13.399999618530273,12.600000381469727,13.399999618530273,1793542
2025-10-31,12.449999809265137,12.449999809265137,13.0,12.449999809265137,12.649999618530273,1028249
2025-11-03,12.550000190734863,12.550000190734863,12.949999809265137,12.100000381469727,12.5,1188190
2025-11-04,12.050000190734863,12.050000190734863,12.550000190734863,11.899999618530273,12.550000190734863,1457080
2025-11-05,12.5,12.5,12.600000381469727,11.800000190734863,11.850000381469727,1775050
2025-11-06,12.899999618530273,12.899999618530273,13.25,12.649999618530273,12.800000190734863,2153285
2025-11-07,13.350000381469727,13.350000381469727,13.899999618530273,12.75,12.75,3813344
2025-11-10,14.649999618530273,14.649999618530273,14.649999618530273,14.649999618530273,14.649999618530273,2603305
2025-11-11,16.100000381469727,16.100000381469727,16.100000381469727,15.899999618530273,16.100000381469727,5896200
2025-11-12,17.700000762939453,17.700000762939453,17.700000762939453,16.950000762939453,17.0,12517294
2025-11-13,19.450000762939453,19.450000762939453,19.450000762939453,19.25,19.450000762939453,5589143
2025-11-14,20.899999618530273,20.899999618530273,21.350000381469727,20.200000762939453,20.25,24179809
2025-11-17,19.950000762939453,19.950000762939453,21.5,19.549999237060547,21.5,6104629
2025-11-18,18.5,18.5,19.850000381469727,18.25,19.5,3596976
2025-11-19,18.600000381469727,18.600000381469727,18.600000381469727,17.600000381469727,18.600000381469727,3042186
2025-11-20,18.049999237060547,18.049999237060547,19.399999618530273,16.799999237060547,19.399999618530273,3959633
2025-11-21,16.25,16.25,16.75,16.25,16.5,3106508
2025-11-24,17.100000381469727,17.100000381469727,17.25,16.25,16.5,1944267
2025-11-25,17.649999618530273,17.649999618530273,18.049999237060547,17.600000381469727,17.799999237060547,2108389
2025-11-26,17.200000762939453,17.200000762939453,17.950000762939453,16.850000381469727,17.549999237060547,1130141
2025-11-27,18.899999618530273,18.899999618530273,18.899999618530273,17.350000381469727,17.350000381469727,2780190
2025-11-28,18.600000381469727,18.600000381469727,19.549999237060547,18.299999237060547,18.299999237060547,3125300
2025-12-01,17.549999237060547,17.549999237060547,19.100000381469727,17.450000762939453,17.850000381469727,6812978
2025-12-02,19.299999237060547,19.299999237060547,19.299999237060547,17.149999618530273,17.549999237060547,11931498
2025-12-03,18.600000381469727,18.600000381469727,21.049999237060547,18.600000381469727,20.25,17273320
2025-12-04,18.450000762939453,18.450000762939453,19.649999618530273,18.25,18.600000381469727,7412643
2025-12-05,19.700000762939453,19.700000762939453,20.0,18.200000762939453,18.200000762939453,9386989
2025-12-08,19.399999618530273,19.399999618530273,20.850000381469727,18.850000381469727,20.700000762939453,15869350
2025-12-09,20.899999618530273,20.899999618530273,21.299999237060547,19.549999237060547,19.600000381469727,18551077
2025-12-10,20.049999237060547,20.049999237060547,21.299999237060547,20.049999237060547,20.950000762939453,13582628
2025-12-11,19.5,19.5,20.299999237060547,19.299999237060547,20.049999237060547,8301602
2025-12-12,20.350000381469727,20.350000381469727,20.899999618530273,19.549999237060547,19.549999237060547,12698581
2025-12-15,20.5,20.5,20.799999237060547,19.5,19.799999237060547,7366137
2025-12-16,19.75,19.75,20.799999237060547,19.399999618530273,20.5,7290052
2025-12-17,19.75,19.75,20.25,19.100000381469727,19.799999237060547,5553207
2025-12-18,21.700000762939453,21.700000762939453,21.700000762939453,19.799999237060547,19.799999237060547,19504230
2025-12-19,20.549999237060547,20.549999237060547,23.299999237060547,20.149999618530273,22.600000381469727,46786236
2025-12-22,21.200000762939453,21.200000762939453,21.649999618530273,20.649999618530273,20.700000762939453,12792955
2025-12-23,20.549999237060547,20.549999237060547,21.399999618530273,20.450000762939453,21.299999237060547,7854200
2025-12-24,22.0,22.0,22.0,20.450000762939453,20.450000762939453,14932950
2025-12-26,24.200000762939453,24.200000762939453,24.200000762939453,23.25,23.25,8289757
2025-12-29,26.600000381469727,26.600000381469727,26.600000381469727,25.350000381469727,25.5,17189615
2025-12-30,29.25,29.25,29.25,26.899999618530273,28.100000381469727,30552646
2025-12-31,32.150001525878906,32.150001525878906,32.150001525878906,29.75,30.799999237060547,28429733
2026-01-02,33.45000076293945,33.45000076293945,35.29999923706055,32.79999923706055,33.150001525878906,67153454
2026-01-05,34.20000076293945,34.20000076293945,34.349998474121094,31.049999237060547,33.0,9021882
2026-01-06,34.04999923706055,34.04999923706055,34.54999923706055,33.5,33.79999923706055,4682797
2026-01-07,35.0,35.0,35.0,33.70000076293945,34.400001525878906,5455750
2026-01-08,37.29999923706055,37.29999923706055,38.0,35.04999923706055,35.04999923706055,6210775
2026-01-09,34.5,34.5,38.0,33.599998474121094,37.650001525878906,5487192
2026-01-12,37.95000076293945,37.95000076293945,37.95000076293945,37.95000076293945,37.95000076293945,2217575
2026-01-13,41.70000076293945,41.70000076293945,41.70000076293945,39.29999923706055,41.70000076293945,6890359
2026-01-14,44.79999923706055,44.79999923706055,45.0,40.099998474121094,41.5,5915794
2026-01-15,45.099998474121094,45.099998474121094,46.650001525878906,43.599998474121094,45.400001525878906,4798714
2026-01-16,47.900001525878906,47.900001525878906,48.0,44.0,45.099998474121094,5832838
2026-01-19,52.599998474121094,52.599998474121094,52.599998474121094,52.5,52.5,3598724
2026-01-20,52.29999923706055,52.29999923706055,56.5,48.400001525878906,48.54999923706055,21538896
2026-01-21,52.900001525878906,52.900001525878906,56.099998474121094,51.400001525878906,52.29999923706055,14306536
2026-01-22,53.5,53.5,58.099998474121094,52.0,56.900001525878906,21708863
2026-01-23,48.20000076293945,48.20000076293945,55.0,48.20000076293945,54.70000076293945,21485420
2026-01-26,47.29999923706055,47.29999923706055,49.54999923706055,45.04999923706055,49.0,15974008
2026-01-27,44.400001525878906,44.400001525878906,47.95000076293945,43.29999923706055,47.79999923706055,14380251
2026-01-28,48.79999923706055,48.79999923706055,48.79999923706055,44.599998474121094,44.79999923706055,22114672
2026-01-29,49.599998474121094,49.599998474121094,53.599998474121094,49.0,50.099998474121094,36080936
2026-01-30,46.04999923706055,46.04999923706055,52.400001525878906,45.20000076293945,47.599998474121094,21085988
2026-02-02,42.0,42.0,47.400001525878906,42.0,44.75,14432401
2026-02-03,38.5,38.5,45.5,38.20000076293945,44.0,20895828
2026-02-04,40.099998474121094,40.099998474121094,40.95000076293945,37.79999923706055,38.45000076293945,11688963
2026-02-05,41.599998474121094,41.599998474121094,42.0,38.0,38.599998474121094,9689506
2026-02-06,40.04999923706055,40.04999923706055,40.849998474121094,38.04999923706055,40.150001525878906,8943229
2026-02-09,39.099998474121094,39.099998474121094,43.79999923706055,39.099998474121094,43.75,12913863
2026-02-10,38.400001525878906,38.400001525878906,40.900001525878906,38.20000076293945,39.54999923706055,7685257
2026-02-11,37.70000076293945,37.70000076293945,39.0,37.54999923706055,37.75,4680032
2026-02-23,39.849998474121094,39.849998474121094,40.20000076293945,38.5,38.79999923706055,5695801
2026-02-24,41.599998474121094,41.599998474121094,41.849998474121094,38.599998474121094,39.150001525878906,7076038
2026-02-25,39.95000076293945,39.95000076293945,42.5,38.79999923706055,42.5,7559700
2026-02-26,40.0,40.0,40.75,39.099998474121094,40.20000076293945,4225324
2026-03-02,38.5,38.5,39.45000076293945,37.04999923706055,37.599998474121094,3649452
2026-03-03,36.099998474121094,36.099998474121094,39.0,35.0,38.45000076293945,7423663
2026-03-04,33.45000076293945,33.45000076293945,35.150001525878906,32.79999923706055,34.150001525878906,4557639
2026-03-05,35.349998474121094,35.349998474121094,36.75,35.0,35.900001525878906,6256117
2026-03-06,36.400001525878906,36.400001525878906,37.0,34.29999923706055,35.20000076293945,4037240
2026-03-09,33.79999923706055,33.79999923706055,34.099998474121094,33.04999923706055,33.5,3152260
2026-03-10,34.650001525878906,34.650001525878906,35.79999923706055,34.0,35.5,2557052
2026-03-11,37.75,37.75,37.95000076293945,35.599998474121094,35.70000076293945,5998008
2026-03-12,41.5,41.5,41.5,39.29999923706055,39.5,22176211
2026-03-13,40.099998474121094,40.099998474121094,42.70000076293945,39.349998474121094,40.45000076293945,16578377
2026-03-16,44.099998474121094,44.099998474121094,44.099998474121094,39.900001525878906,40.54999923706055,17497267
2026-03-17,45.349998474121094,45.349998474121094,48.5,44.650001525878906,47.20000076293945,25707930
2026-03-18,46.900001525878906,46.900001525878906,48.349998474121094,45.099998474121094,47.099998474121094,18546858
2026-03-19,46.150001525878906,46.150001525878906,48.599998474121094,45.5,46.0,15122074
2026-03-20,47.54999923706055,47.54999923706055,50.70000076293945,45.599998474121094,46.54999923706055,40237009
2026-03-23,42.79999923706055,42.79999923706055,46.5,42.79999923706055,46.5,12063129
2026-03-24,40.70000076293945,40.70000076293945,45.29999923706055,40.0,44.5,11537862
2026-03-25,41.45000076293945,41.45000076293945,42.20000076293945,40.599998474121094,41.75,5599600
2026-03-26,39.349998474121094,39.349998474121094,43.04999923706055,39.349998474121094,42.0,5454691
2026-03-27,38.5,38.5,38.70000076293945,36.79999923706055,37.150001525878906,4558250
2026-03-30,39.400001525878906,39.400001525878906,39.79999923706055,37.0,37.599998474121094,4800670
2026-03-31,36.0,36.0,38.400001525878906,35.900001525878906,38.29999923706055,4945069
2026-04-01,37.349998474121094,37.349998474121094,38.5,37.349998474121094,38.0,2698300
2026-04-02,36.650001525878906,36.650001525878906,39.5,36.5,38.0,3802759
2026-04-07,36.0,36.0,38.45000076293945,36.0,37.29999923706055,3283200
2026-04-08,38.20000076293945,38.20000076293945,38.349998474121094,37.04999923706055,37.099998474121094,3086350
2026-04-09,36.849998474121094,36.849998474121094,38.54999923706055,36.70000076293945,38.20000076293945,3290637
2026-04-10,40.5,40.5,40.5,40.5,40.5,2396100
2026-04-13,40.75,40.75,43.599998474121094,40.70000076293945,42.70000076293945,12296233
2026-04-14,40.75,40.75,42.29999923706055,40.54999923706055,41.5,5334130
2026-04-15,39.95000076293945,39.95000076293945,41.599998474121094,39.650001525878906,41.099998474121094,4319345
2026-04-16,38.650001525878906,38.650001525878906,40.20000076293945,38.599998474121094,39.70000076293945,3816100
2026-04-17,38.900001525878906,38.900001525878906,39.150001525878906,37.650001525878906,38.5,3357120
2026-04-20,38.150001525878906,38.150001525878906,39.04999923706055,37.75,39.04999923706055,3067349
2026-04-21,40.150001525878906,40.150001525878906,41.45000076293945,38.599998474121094,38.599998474121094,7882452
2026-04-22,39.29999923706055,39.29999923706055,40.79999923706055,39.29999923706055,40.25,3446715
2026-04-23,36.599998474121094,36.599998474121094,40.25,35.45000076293945,39.95000076293945,4786048
2026-04-24,35.849998474121094,35.849998474121094,37.20000076293945,35.04999923706055,36.849998474121094,2149693
2026-04-27,39.400001525878906,39.400001525878906,39.400001525878906,35.95000076293945,36.79999923706055,7168116
2026-04-28,40.599998474121094,40.599998474121094,42.5,39.25,40.349998474121094,13688780
2026-04-29,43.45000076293945,43.45000076293945,44.650001525878906,39.45000076293945,40.20000076293945,32034376
2026-04-30,39.79999923706055,39.79999923706055,43.650001525878906,39.79999923706055,43.5,15498082
2026-05-04,42.29999923706055,42.29999923706055,43.25,39.54999923706055,40.400001525878906,11034050
2026-05-05,43.45000076293945,43.45000076293945,43.45000076293945,41.150001525878906,42.099998474121094,9505703
2026-05-06,44.099998474121094,44.099998474121094,46.75,42.900001525878906,45.0,23764134
2026-05-07,43.400001525878906,43.400001525878906,44.70000076293945,42.599998474121094,44.5,7643294
2026-05-08,44.150001525878906,44.150001525878906,45.5,41.25,43.29999923706055,10234303
2026-05-11,45.400001525878906,45.400001525878906,47.75,45.099998474121094,46.5,17487277
2026-05-12,44.849998474121094,44.849998474121094,47.599998474121094,44.0,47.0,11636240
2026-05-13,42.75,42.75,44.04999923706055,42.0,43.900001525878906,6047006
2026-05-14,46.20000076293945,46.20000076293945,47.0,43.5,43.5,21077120
2026-05-15,45.0,45.0,46.349998474121094,44.29999923706055,46.20000076293945,13143289
2026-05-18,45.75,45.75,46.0,42.599998474121094,45.04999923706055,6790650
2026-05-19,42.5,42.5,45.0,42.150001525878906,45.0,8302212
2026-05-20,41.599998474121094,41.599998474121094,43.0,40.75,42.849998474121094,5294727
2026-05-21,43.75,43.75,44.150001525878906,42.400001525878906,42.599998474121094,5356161
2026-05-22,48.099998474121094,48.099998474121094,48.099998474121094,45.349998474121094,45.349998474121094,16971725
2026-05-25,52.900001525878906,52.900001525878906,52.900001525878906,48.70000076293945,50.900001525878906,19523791
2026-05-26,52.900001525878906,52.900001525878906,54.400001525878906,51.0,53.400001525878906,16722894
2026-05-27,55.0,55.0,58.099998474121094,53.900001525878906,57.0,22377163
2026-05-28,53.79999923706055,53.79999923706055,57.79999923706055,52.79999923706055,55.0,14563481
2026-05-29,55.20000076293945,55.20000076293945,56.0,53.0,55.0,9952300
2026-06-01,56.0,56.0,57.900001525878906,54.900001525878906,56.0,13168829
2026-06-02,61.599998474121094,61.599998474121094,61.599998474121094,55.5,56.0,23323798
2026-06-03,58.900001525878906,58.900001525878906,62.79999923706055,58.29999923706055,62.29999923706055,20663415
2026-06-04,63.900001525878906,63.900001525878906,64.69999694824219,58.5,58.5,23385067
2026-06-05,57.599998474121094,57.599998474121094,62.0,57.599998474121094,62.0,15065009
2026-06-08,52.900001525878906,52.900001525878906,53.400001525878906,51.900001525878906,51.900001525878906,5822506
2026-06-09,55.5,55.5,56.400001525878906,52.5,54.29999923706055,8317752
2026-06-10,56.29999923706055,56.29999923706055,60.5,56.099998474121094,57.20000076293945,15474587
2026-06-11,57.70000076293945,57.70000076293945,59.70000076293945,55.099998474121094,57.599998474121094,11855775
2026-06-12,58.900001525878906,58.900001525878906,62.20000076293945,58.70000076293945,59.400001525878906,15465072
2026-06-15,58.400001525878906,58.400001525878906,61.099998474121094,58.20000076293945,60.599998474121094,8848172
2026-06-16,55.900001525878906,55.900001525878906,60.20000076293945,55.70000076293945,59.099998474121094,9341180
2026-06-17,57.20000076293945,57.20000076293945,57.20000076293945,54.70000076293945,55.400001525878906,4933995
2026-06-18,57.599998474121094,57.599998474121094,58.400001525878906,56.599998474121094,56.79999923706055,6465850
2026-06-22,59.79999923706055,59.79999923706055,61.0,57.29999923706055,58.400001525878906,12228475
2026-06-23,56.599998474121094,56.599998474121094,61.0,56.0,61.0,8940455
2026-06-24,55.900001525878906,55.900001525878906,56.599998474121094,55.0,55.20000076293945,4124200
2026-06-25,55.0,55.0,58.400001525878906,55.0,57.099998474121094,6146140
2026-06-26,52.20000076293945,52.20000076293945,55.79999923706055,52.099998474121094,54.599998474121094,4789610
2026-06-29,52.0,52.0,53.79999923706055,51.099998474121094,52.5,2429629
2026-06-30,53.400001525878906,53.400001525878906,53.79999923706055,52.20000076293945,53.099998474121094,1843337
2026-07-01,50.29999923706055,50.29999923706055,54.099998474121094,49.900001525878906,53.900001525878906,4881244
2026-07-02,50.900001525878906,50.900001525878906,51.0,48.79999923706055,49.20000076293945,2102072
2026-07-03,51.900001525878906,51.900001525878906,52.400001525878906,50.400001525878906,50.900001525878906,1567106
2026-07-06,52.29999923706055,52.29999923706055,54.400001525878906,51.70000076293945,52.900001525878906,2445161
2026-07-07,50.29999923706055,50.29999923706055,52.79999923706055,49.400001525878906,52.599998474121094,2372442
2026-07-08,51.0,51.0,51.400001525878906,49.099998474121094,50.599998474121094,1989022
2026-07-09,52.70000076293945,52.70000076293945,54.5,51.599998474121094,51.599998474121094,4343000
2026-07-10,52.70000076293945,52.70000076293945,52.70000076293945,52.70000076293945,52.70000076293945,0
2026-07-13,54.099998474121094,54.099998474121094,56.099998474121094,53.5,55.29999923706055,5733664
2026-07-14,51.599998474121094,51.599998474121094,54.400001525878906,49.20000076293945,53.70000076293945,3866000
2026-07-15,53.79999923706055,53.79999923706055,54.900001525878906,52.29999923706055,52.5,3667000
2026-07-16,51.70000076293945,51.70000076293945,53.5,51.20000076293945,53.0,2473533
2026-07-17,48.0,48.0,51.29999923706055,47.54999923706055,50.0,3220223
2026-07-20,45.400001525878906,45.400001525878906,47.849998474121094,43.20000076293945,47.5,3042463
2026-07-21,46.79999923706055,46.79999923706055,47.150001525878906,45.79999923706055,46.099998474121094,1355302
2026-07-22,48.0,48.0,49.650001525878906,47.900001525878906,48.0,1517422
2026-07-23,47.04999923706055,47.04999923706055,48.599998474121094,46.25,48.400001525878906,1258040
2026-07-24,47.20000076293945,47.20000076293945,49.400001525878906,46.25,46.25,2041300
2026-07-27,48.0,48.0,48.0,45.75,46.79999923706055,1193300
2026-07-28,43.599998474121094,43.599998474121094,45.79999923706055,43.5,45.20000076293945,1672000
2026-07-29,41.04999923706055,41.04999923706055,44.599998474121094,39.25,44.099998474121094,3411000
2026-07-30,38.599998474121094,38.599998474121094,42.29999923706055,38.349998474121094,40.349998474121094,2332253
2026-07-31,42.400001525878906,42.400001525878906,42.45000076293945,41.25,42.20000076293945,1643360
2026-08-03,44.849998474121094,44.849998474121094,46.04999923706055,41.29999923706055,41.54999923706055,2801045
2026-08-04,49.29999923706055,49.29999923706055,49.29999923706055,44.5,44.650001525878906,3858406
2026-08-05,51.29999923706055,51.29999923706055,53.900001525878906,50.400001525878906,50.70000076293945,6079008
2026-08-06,54.70000076293945,54.70000076293945,55.599998474121094,50.79999923706055,51.400001525878906,6199855
2026-08-07,55.400001525878906,55.400001525878906,56.20000076293945,54.0,54.29999923706055,5724938
2026-08-10,55.79999923706055,55.79999923706055,58.5,55.099998474121094,57.900001525878906,6525363
2026-08-11,56.099998474121094,56.099998474121094,58.79999923706055,55.400001525878906,56.400001525878906,6849366
2026-08-12,56.79999923706055,56.79999923706055,59.0,56.599998474121094,56.70000076293945,7490565
2026-08-13,58.900001525878906,58.900001525878906,59.900001525878906,57.0,57.20000076293945,9090801
2026-08-14,62.5,62.5,63.79999923706055,61.0,62.20000076293945,14860947
2026-08-17,63.29999923706055,63.29999923706055,68.69999694824219,62.900001525878906,65.80000305175781,14184569
2026-08-18,58.79999923706055,58.79999923706055,65.0,58.29999923706055,63.70000076293945,10819545
2026-08-19,59.20000076293945,59.20000076293945,59.400001525878906,56.5,57.5,6174304
2026-08-20,56.5,56.5,59.400001525878906,54.5,58.599998474121094,11495764
2026-08-21,59.5,59.5,59.599998474121094,55.5,56.79999923706055,6923685
