Date,Adj Close,Close,High,Low,Open,Volume
2016-08-12,126.5,126.5,129.0,126.5,128.0,276840
2016-08-15,126.5,126.5,129.0,126.5,128.0,276840
2016-08-16,126.5,126.5,129.0,126.5,128.0,276840
2016-08-17,126.5,126.5,129.0,126.5,128.0,276840
2016-08-18,126.5,126.5,129.0,126.5,128.0,276840
2016-08-19,126.5,126.5,129.0,126.5,128.0,276840
2016-08-22,126.5,126.5,129.0,126.5,128.0,276840
2016-08-23,126.5,126.5,129.0,126.5,128.0,276840
2016-08-24,126.5,126.5,129.0,126.5,128.0,276840
2016-08-25,126.5,126.5,129.0,126.5,128.0,276840
2016-08-26,126.5,126.5,129.0,126.5,128.0,276840
2016-08-29,126.5,126.5,129.0,126.5,128.0,276840
2016-08-30,126.5,126.5,129.0,126.5,128.0,276840
2016-08-31,126.5,126.5,129.0,126.5,128.0,276840
2016-09-01,126.5,126.5,129.0,126.5,128.0,276840
2016-09-02,126.5,126.5,129.0,126.5,128.0,276840
2016-09-05,126.5,126.5,129.0,126.5,128.0,276840
2016-09-06,126.5,126.5,129.0,126.5,128.0,276840
2016-09-07,126.5,126.5,129.0,126.5,128.0,276840
2016-09-08,126.5,126.5,129.0,126.5,128.0,276840
2016-09-09,126.5,126.5,129.0,126.5,128.0,276840
2016-09-12,126.5,126.5,129.0,126.5,128.0,276840
2016-09-13,126.5,126.5,129.0,126.5,128.0,276840
2016-09-14,126.5,126.5,129.0,126.5,128.0,276840
2016-09-19,126.5,126.5,129.0,126.5,128.0,276840
2016-09-20,126.5,126.5,129.0,126.5,128.0,276840
2016-09-21,126.5,126.5,129.0,126.5,128.0,276840
2016-09-22,126.5,126.5,129.0,126.5,128.0,276840
2016-09-23,126.5,126.5,129.0,126.5,128.0,276840
2016-09-26,126.5,126.5,129.0,126.5,128.0,276840
2016-09-29,126.5,126.5,129.0,126.5,128.0,276840
2016-09-30,126.5,126.5,129.0,126.5,128.0,276840
2016-10-03,126.5,126.5,129.0,126.5,128.0,276840
2016-10-04,126.5,126.5,129.0,126.5,128.0,276840
2016-10-05,126.5,126.5,129.0,126.5,128.0,276840
2016-10-06,126.5,126.5,129.0,126.5,128.0,276840
2016-10-07,126.5,126.5,129.0,126.5,128.0,276840
2016-10-11,126.5,126.5,129.0,126.5,128.0,276840
2016-10-12,126.5,126.5,129.0,126.5,128.0,276840
2016-10-13,126.5,126.5,129.0,126.5,128.0,276840
2016-10-14,126.5,126.5,129.0,126.5,128.0,276840
2016-10-17,126.5,126.5,129.0,126.5,128.0,276840
2016-10-18,126.5,126.5,129.0,126.5,128.0,276840
2016-10-19,126.5,126.5,129.0,126.5,128.0,276840
2016-10-20,126.5,126.5,129.0,126.5,128.0,276840
2016-10-21,126.5,126.5,129.0,126.5,128.0,276840
2016-10-24,126.5,126.5,129.0,126.5,128.0,276840
2016-10-25,126.5,126.5,129.0,126.5,128.0,276840
2016-10-26,126.5,126.5,129.0,126.5,128.0,276840
2016-10-27,126.5,126.5,129.0,126.5,128.0,276840
2016-10-28,126.5,126.5,129.0,126.5,128.0,276840
2016-10-31,126.5,126.5,129.0,126.5,128.0,276840
2016-11-01,126.5,126.5,129.0,126.5,128.0,276840
2016-11-02,126.5,126.5,129.0,126.5,128.0,276840
2016-11-03,126.5,126.5,129.0,126.5,128.0,276840
2016-11-04,126.5,126.5,129.0,126.5,128.0,276840
2016-11-07,126.5,126.5,129.0,126.5,128.0,276840
2016-11-08,126.5,126.5,129.0,126.5,128.0,276840
2016-11-09,126.5,126.5,129.0,126.5,128.0,276840
2016-11-10,126.5,126.5,129.0,126.5,128.0,276840
2016-11-11,126.5,126.5,129.0,126.5,128.0,276840
2016-11-14,126.5,126.5,129.0,126.5,128.0,276840
2016-11-15,126.5,126.5,129.0,126.5,128.0,276840
2016-11-16,126.5,126.5,129.0,126.5,128.0,276840
2016-11-17,126.5,126.5,129.0,126.5,128.0,276840
2016-11-18,126.5,126.5,129.0,126.5,128.0,276840
2016-11-21,126.5,126.5,129.0,126.5,128.0,276840
2016-11-22,126.5,126.5,129.0,126.5,128.0,276840
2016-11-23,126.5,126.5,129.0,126.5,128.0,276840
2016-11-24,126.5,126.5,129.0,126.5,128.0,276840
2016-11-25,126.5,126.5,129.0,126.5,128.0,276840
2016-11-28,126.5,126.5,129.0,126.5,128.0,276840
2016-11-29,126.5,126.5,129.0,126.5,128.0,276840
2016-11-30,126.5,126.5,129.0,126.5,128.0,276840
2016-12-01,126.5,126.5,129.0,126.5,128.0,276840
2016-12-02,126.5,126.5,129.0,126.5,128.0,276840
2016-12-05,126.5,126.5,129.0,126.5,128.0,276840
2016-12-06,126.5,126.5,129.0,126.5,128.0,276840
2016-12-07,126.5,126.5,129.0,126.5,128.0,276840
2016-12-08,126.5,126.5,129.0,126.5,128.0,276840
2016-12-09,126.5,126.5,129.0,126.5,128.0,276840
2016-12-12,126.5,126.5,129.0,126.5,128.0,276840
2016-12-13,126.5,126.5,129.0,126.5,128.0,276840
2016-12-14,126.5,126.5,129.0,126.5,128.0,276840
2016-12-15,126.5,126.5,129.0,126.5,128.0,276840
2016-12-16,126.5,126.5,129.0,126.5,128.0,276840
2016-12-19,126.5,126.5,129.0,126.5,128.0,276840
2016-12-20,126.5,126.5,129.0,126.5,128.0,276840
2016-12-21,126.5,126.5,129.0,126.5,128.0,276840
2016-12-22,126.5,126.5,129.0,126.5,128.0,276840
2016-12-23,126.5,126.5,129.0,126.5,128.0,276840
2016-12-26,126.5,126.5,129.0,126.5,128.0,276840
2016-12-27,126.5,126.5,129.0,126.5,128.0,276840
2016-12-28,126.5,126.5,129.0,126.5,128.0,276840
2016-12-29,126.5,126.5,129.0,126.5,128.0,276840
2016-12-30,126.5,126.5,129.0,126.5,128.0,276840
2017-01-03,126.5,126.5,129.0,126.5,128.0,276840
2017-01-04,126.5,126.5,129.0,126.5,128.0,276840
2017-01-05,126.5,126.5,129.0,126.5,128.0,276840
2017-01-06,126.5,126.5,129.0,126.5,128.0,276840
2017-01-09,126.5,126.5,129.0,126.5,128.0,276840
2017-01-10,126.5,126.5,129.0,126.5,128.0,276840
2017-01-11,126.5,126.5,129.0,126.5,128.0,276840
2017-01-12,126.5,126.5,129.0,126.5,128.0,276840
2017-01-13,126.5,126.5,129.0,126.5,128.0,276840
2017-01-16,126.5,126.5,129.0,126.5,128.0,276840
2017-01-17,126.5,126.5,129.0,126.5,128.0,276840
2017-01-18,126.5,126.5,129.0,126.5,128.0,276840
2017-01-19,126.5,126.5,129.0,126.5,128.0,276840
2017-01-20,126.5,126.5,129.0,126.5,128.0,276840
2017-01-23,126.5,126.5,129.0,126.5,128.0,276840
2017-01-24,126.5,126.5,129.0,126.5,128.0,276840
2017-02-02,126.5,126.5,129.0,126.5,128.0,276840
2017-02-03,126.5,126.5,129.0,126.5,128.0,276840
2017-02-06,126.5,126.5,129.0,126.5,128.0,276840
2017-02-07,126.5,126.5,129.0,126.5,128.0,276840
2017-02-08,126.5,126.5,129.0,126.5,128.0,276840
2017-02-09,126.5,126.5,129.0,126.5,128.0,276840
2017-02-10,126.5,126.5,129.0,126.5,128.0,276840
2017-02-13,126.5,126.5,129.0,126.5,128.0,276840
2017-02-14,126.5,126.5,129.0,126.5,128.0,276840
2017-02-15,126.5,126.5,129.0,126.5,128.0,276840
2017-02-16,126.5,126.5,129.0,126.5,128.0,276840
2017-02-17,126.5,126.5,129.0,126.5,128.0,276840
2017-02-20,126.5,126.5,129.0,126.5,128.0,276840
2017-02-21,126.5,126.5,129.0,126.5,128.0,276840
2017-02-22,126.5,126.5,129.0,126.5,128.0,276840
2017-02-23,126.5,126.5,129.0,126.5,128.0,276840
2017-02-24,126.5,126.5,129.0,126.5,128.0,276840
2017-03-01,126.5,126.5,129.0,126.5,128.0,276840
2017-03-02,126.5,126.5,129.0,126.5,128.0,276840
2017-03-03,126.5,126.5,129.0,126.5,128.0,276840
2017-03-06,126.5,126.5,129.0,126.5,128.0,276840
2017-03-07,126.5,126.5,129.0,126.5,128.0,276840
2017-03-08,126.5,126.5,129.0,126.5,128.0,276840
2017-03-09,126.5,126.5,129.0,126.5,128.0,276840
2017-03-10,126.5,126.5,129.0,126.5,128.0,276840
2017-03-13,126.5,126.5,129.0,126.5,128.0,276840
2017-03-14,126.5,126.5,129.0,126.5,128.0,276840
2017-03-15,126.5,126.5,129.0,126.5,128.0,276840
2017-03-16,126.5,126.5,129.0,126.5,128.0,276840
2017-03-17,126.5,126.5,129.0,126.5,128.0,276840
2017-03-20,126.5,126.5,129.0,126.5,128.0,276840
2017-03-21,126.5,126.5,129.0,126.5,128.0,276840
2017-03-22,126.5,126.5,129.0,126.5,128.0,276840
2017-03-23,126.5,126.5,129.0,126.5,128.0,276840
2017-03-24,126.5,126.5,129.0,126.5,128.0,276840
2017-03-27,126.5,126.5,129.0,126.5,128.0,276840
2017-03-28,126.5,126.5,129.0,126.5,128.0,276840
2017-03-29,126.5,126.5,129.0,126.5,128.0,276840
2017-03-30,126.5,126.5,129.0,126.5,128.0,276840
2017-03-31,126.5,126.5,129.0,126.5,128.0,276840
2017-04-05,126.5,126.5,129.0,126.5,128.0,276840
2017-04-06,126.5,126.5,129.0,126.5,128.0,276840
2017-04-07,126.5,126.5,129.0,126.5,128.0,276840
2017-04-10,126.5,126.5,129.0,126.5,128.0,276840
2017-04-11,126.5,126.5,129.0,126.5,128.0,276840
2017-04-12,126.5,126.5,129.0,126.5,128.0,276840
2017-04-13,126.5,126.5,129.0,126.5,128.0,276840
2017-04-14,126.5,126.5,129.0,126.5,128.0,276840
2017-04-17,126.5,126.5,129.0,126.5,128.0,276840
2017-04-18,126.5,126.5,129.0,126.5,128.0,276840
2017-04-19,126.5,126.5,129.0,126.5,128.0,276840
2017-04-21,126.5,126.5,129.0,126.5,128.0,276840
2017-04-24,126.5,126.5,129.0,126.5,128.0,276840
2017-04-25,126.5,126.5,129.0,126.5,128.0,276840
2017-04-26,126.5,126.5,129.0,126.5,128.0,276840
2017-04-27,126.5,126.5,129.0,126.5,128.0,276840
2017-04-28,126.5,126.5,129.0,126.5,128.0,276840
2017-05-02,126.5,126.5,129.0,126.5,128.0,276840
2017-05-03,126.5,126.5,129.0,126.5,128.0,276840
2017-05-04,126.5,126.5,129.0,126.5,128.0,276840
2017-05-05,126.5,126.5,129.0,126.5,128.0,276840
2017-05-08,126.5,126.5,129.0,126.5,128.0,276840
2017-05-09,126.5,126.5,129.0,126.5,128.0,276840
2017-05-10,126.5,126.5,129.0,126.5,128.0,276840
2017-05-11,126.5,126.5,129.0,126.5,128.0,276840
2017-05-12,126.5,126.5,129.0,126.5,128.0,276840
2017-05-15,126.5,126.5,129.0,126.5,128.0,276840
2017-05-16,126.5,126.5,129.0,126.5,128.0,276840
2017-05-17,126.5,126.5,129.0,126.5,128.0,276840
2017-05-18,126.5,126.5,129.0,126.5,128.0,276840
2017-05-19,126.5,126.5,129.0,126.5,128.0,276840
2017-05-22,126.5,126.5,129.0,126.5,128.0,276840
2017-05-23,126.5,126.5,129.0,126.5,128.0,276840
2017-05-24,126.5,126.5,129.0,126.5,128.0,276840
2017-05-25,126.5,126.5,129.0,126.5,128.0,276840
2017-05-26,126.5,126.5,129.0,126.5,128.0,276840
2017-05-31,126.5,126.5,129.0,126.5,128.0,276840
2017-06-01,126.5,126.5,129.0,126.5,128.0,276840
2017-06-02,126.5,126.5,129.0,126.5,128.0,276840
2017-06-05,126.5,126.5,129.0,126.5,128.0,276840
2017-06-06,126.5,126.5,129.0,126.5,128.0,276840
2017-06-07,126.5,126.5,129.0,126.5,128.0,276840
2017-06-08,126.5,126.5,129.0,126.5,128.0,276840
2017-06-09,126.5,126.5,129.0,126.5,128.0,276840
2017-06-12,126.5,126.5,129.0,126.5,128.0,276840
2017-06-13,126.5,126.5,129.0,126.5,128.0,276840
2017-06-14,126.5,126.5,129.0,126.5,128.0,276840
2017-06-15,126.5,126.5,129.0,126.5,128.0,276840
2017-06-16,126.5,126.5,129.0,126.5,128.0,276840
2017-06-19,126.5,126.5,129.0,126.5,128.0,276840
2017-06-20,126.5,126.5,129.0,126.5,128.0,276840
2017-06-21,126.5,126.5,129.0,126.5,128.0,276840
2017-06-22,126.5,126.5,129.0,126.5,128.0,276840
2017-06-23,126.5,126.5,129.0,126.5,128.0,276840
2017-06-26,126.5,126.5,129.0,126.5,128.0,276840
2017-06-27,126.5,126.5,129.0,126.5,128.0,276840
2017-06-28,126.5,126.5,129.0,126.5,128.0,276840
2017-06-29,126.5,126.5,129.0,126.5,128.0,276840
2017-06-30,126.5,126.5,129.0,126.5,128.0,276840
2017-07-03,126.5,126.5,129.0,126.5,128.0,276840
2017-07-04,126.5,126.5,129.0,126.5,128.0,276840
2017-07-05,126.5,126.5,129.0,126.5,128.0,276840
2017-07-06,126.5,126.5,129.0,126.5,128.0,276840
2017-07-07,126.5,126.5,129.0,126.5,128.0,276840
2017-07-10,126.5,126.5,129.0,126.5,128.0,276840
2017-07-11,126.5,126.5,129.0,126.5,128.0,276840
2017-07-12,126.5,126.5,129.0,126.5,128.0,276840
2017-07-13,126.5,126.5,129.0,126.5,128.0,276840
2017-07-14,126.5,126.5,129.0,126.5,128.0,276840
2017-07-17,126.5,126.5,129.0,126.5,128.0,276840
2017-07-18,126.5,126.5,129.0,126.5,128.0,276840
2017-07-19,126.5,126.5,129.0,126.5,128.0,276840
2017-07-20,126.5,126.5,129.0,126.5,128.0,276840
2017-07-21,126.5,126.5,129.0,126.5,128.0,276840
2017-07-24,126.5,126.5,129.0,126.5,128.0,276840
2017-07-25,126.5,126.5,129.0,126.5,128.0,276840
2017-07-26,126.5,126.5,129.0,126.5,128.0,276840
2017-07-27,126.5,126.5,129.0,126.5,128.0,276840
2017-07-28,126.5,126.5,129.0,126.5,128.0,276840
2017-07-31,126.5,126.5,129.0,126.5,128.0,276840
2017-08-01,126.5,126.5,129.0,126.5,128.0,276840
2017-08-02,126.5,126.5,129.0,126.5,128.0,276840
2017-08-03,126.5,126.5,129.0,126.5,128.0,276840
2017-08-04,126.5,126.5,129.0,126.5,128.0,276840
2017-08-07,126.5,126.5,129.0,126.5,128.0,276840
2017-08-08,126.5,126.5,129.0,126.5,128.0,276840
2017-08-09,126.5,126.5,129.0,126.5,128.0,276840
2017-08-10,126.5,126.5,129.0,126.5,128.0,276840
2017-08-11,126.5,126.5,129.0,126.5,128.0,276840
2017-08-14,126.5,126.5,129.0,126.5,128.0,276840
2017-08-15,126.5,126.5,129.0,126.5,128.0,276840
2017-08-16,126.5,126.5,129.0,126.5,128.0,276840
2017-08-17,126.5,126.5,129.0,126.5,128.0,276840
2017-08-18,126.5,126.5,129.0,126.5,128.0,276840
2017-08-21,126.5,126.5,129.0,126.5,128.0,276840
2017-08-22,126.5,126.5,129.0,126.5,128.0,276840
2017-08-23,126.5,126.5,129.0,126.5,128.0,276840
2017-08-24,126.5,126.5,129.0,126.5,128.0,276840
2017-08-25,126.5,126.5,129.0,126.5,128.0,276840
2017-08-28,126.5,126.5,129.0,126.5,128.0,276840
2017-08-29,126.5,126.5,129.0,126.5,128.0,276840
2017-08-30,126.5,126.5,129.0,126.5,128.0,276840
2017-08-31,126.5,126.5,129.0,126.5,128.0,276840
2017-09-01,126.5,126.5,129.0,126.5,128.0,276840
2017-09-04,126.5,126.5,129.0,126.5,128.0,276840
2017-09-05,126.5,126.5,129.0,126.5,128.0,276840
2017-09-06,126.5,126.5,129.0,126.5,128.0,276840
2017-09-07,126.5,126.5,129.0,126.5,128.0,276840
2017-09-08,126.5,126.5,129.0,126.5,128.0,276840
2017-09-11,126.5,126.5,129.0,126.5,128.0,276840
2017-09-12,126.5,126.5,129.0,126.5,128.0,276840
2017-09-13,126.5,126.5,129.0,126.5,128.0,276840
2017-09-14,126.5,126.5,129.0,126.5,128.0,276840
2017-09-15,126.5,126.5,129.0,126.5,128.0,276840
2017-09-18,126.5,126.5,129.0,126.5,128.0,276840
2017-09-19,126.5,126.5,129.0,126.5,128.0,276840
2017-09-20,126.5,126.5,129.0,126.5,128.0,276840
2017-09-21,126.5,126.5,129.0,126.5,128.0,276840
2017-09-22,126.5,126.5,129.0,126.5,128.0,276840
2017-09-25,126.5,126.5,129.0,126.5,128.0,276840
2017-09-26,126.5,126.5,129.0,126.5,128.0,276840
2017-09-27,126.5,126.5,129.0,126.5,128.0,276840
2017-09-28,126.5,126.5,129.0,126.5,128.0,276840
2017-09-29,126.5,126.5,129.0,126.5,128.0,276840
2017-10-02,126.5,126.5,129.0,126.5,128.0,276840
2017-10-03,126.5,126.5,129.0,126.5,128.0,276840
2017-10-05,126.5,126.5,129.0,126.5,128.0,276840
2017-10-06,126.5,126.5,129.0,126.5,128.0,276840
2017-10-11,126.5,126.5,129.0,126.5,128.0,276840
2017-10-12,126.5,126.5,129.0,126.5,128.0,276840
2017-10-13,126.5,126.5,129.0,126.5,128.0,276840
2017-10-16,126.5,126.5,129.0,126.5,128.0,276840
2017-10-17,126.5,126.5,129.0,126.5,128.0,276840
2017-10-18,126.5,126.5,129.0,126.5,128.0,276840
2017-10-19,126.5,126.5,129.0,126.5,128.0,276840
2017-10-20,126.5,126.5,129.0,126.5,128.0,276840
2017-10-23,126.5,126.5,129.0,126.5,128.0,276840
2017-10-24,126.5,126.5,129.0,126.5,128.0,276840
2017-10-25,126.5,126.5,129.0,126.5,128.0,276840
2017-10-26,126.5,126.5,129.0,126.5,128.0,276840
2017-10-27,126.5,126.5,129.0,126.5,128.0,276840
2017-10-30,126.5,126.5,129.0,126.5,128.0,276840
2017-10-31,126.5,126.5,129.0,126.5,128.0,276840
2017-11-01,126.5,126.5,129.0,126.5,128.0,276840
2017-11-02,126.5,126.5,129.0,126.5,128.0,276840
2017-11-03,126.5,126.5,129.0,126.5,128.0,276840
2017-11-06,126.5,126.5,129.0,126.5,128.0,276840
2017-11-07,126.5,126.5,129.0,126.5,128.0,276840
2017-11-08,126.5,126.5,129.0,126.5,128.0,276840
2017-11-09,126.5,126.5,129.0,126.5,128.0,276840
2017-11-10,126.5,126.5,129.0,126.5,128.0,276840
2017-11-13,126.5,126.5,129.0,126.5,128.0,276840
2017-11-14,126.5,126.5,129.0,126.5,128.0,276840
2017-11-15,126.5,126.5,129.0,126.5,128.0,276840
2017-11-16,126.5,126.5,129.0,126.5,128.0,276840
2017-11-17,126.5,126.5,129.0,126.5,128.0,276840
2017-11-20,126.5,126.5,129.0,126.5,128.0,276840
2017-11-21,126.5,126.5,129.0,126.5,128.0,276840
2017-11-22,126.5,126.5,129.0,126.5,128.0,276840
2017-11-23,126.5,126.5,129.0,126.5,128.0,276840
2017-11-24,126.5,126.5,129.0,126.5,128.0,276840
2017-11-27,126.5,126.5,129.0,126.5,128.0,276840
2017-11-28,126.5,126.5,129.0,126.5,128.0,276840
2017-11-29,126.5,126.5,129.0,126.5,128.0,276840
2017-11-30,126.5,126.5,129.0,126.5,128.0,276840
2017-12-01,126.5,126.5,129.0,126.5,128.0,276840
2017-12-04,126.5,126.5,129.0,126.5,128.0,276840
2017-12-05,126.5,126.5,129.0,126.5,128.0,276840
2017-12-06,126.5,126.5,129.0,126.5,128.0,276840
2017-12-07,126.5,126.5,129.0,126.5,128.0,276840
2017-12-08,126.5,126.5,129.0,126.5,128.0,276840
2017-12-11,126.5,126.5,129.0,126.5,128.0,276840
2017-12-12,126.5,126.5,129.0,126.5,128.0,276840
2017-12-13,126.5,126.5,129.0,126.5,128.0,276840
2017-12-14,126.5,126.5,129.0,126.5,128.0,276840
2017-12-15,126.5,126.5,129.0,126.5,128.0,276840
2017-12-18,126.5,126.5,129.0,126.5,128.0,276840
2017-12-19,126.5,126.5,129.0,126.5,128.0,276840
2017-12-20,126.5,126.5,129.0,126.5,128.0,276840
2017-12-21,126.5,126.5,129.0,126.5,128.0,276840
2017-12-22,126.5,126.5,129.0,126.5,128.0,276840
2017-12-25,126.5,126.5,129.0,126.5,128.0,276840
2017-12-26,126.5,126.5,129.0,126.5,128.0,276840
2017-12-27,126.5,126.5,129.0,126.5,128.0,276840
2017-12-28,126.5,126.5,129.0,126.5,128.0,276840
2017-12-29,126.5,126.5,129.0,126.5,128.0,276840
2018-01-02,126.5,126.5,129.0,126.5,128.0,276840
2018-01-03,126.5,126.5,129.0,126.5,128.0,276840
2018-01-04,126.5,126.5,129.0,126.5,128.0,276840
2018-01-05,126.5,126.5,129.0,126.5,128.0,276840
2018-01-08,126.5,126.5,129.0,126.5,128.0,276840
2018-01-09,126.5,126.5,129.0,126.5,128.0,276840
2018-01-10,126.5,126.5,129.0,126.5,128.0,276840
2018-01-11,126.5,126.5,129.0,126.5,128.0,276840
2018-01-12,126.5,126.5,129.0,126.5,128.0,276840
2018-01-15,126.5,126.5,129.0,126.5,128.0,276840
2018-01-16,126.5,126.5,129.0,126.5,128.0,276840
2018-01-17,126.5,126.5,129.0,126.5,128.0,276840
2018-01-18,126.5,126.5,129.0,126.5,128.0,276840
2018-01-19,126.5,126.5,129.0,126.5,128.0,276840
2018-01-22,126.5,126.5,129.0,126.5,128.0,276840
2018-01-23,126.5,126.5,129.0,126.5,128.0,276840
2018-01-24,126.5,126.5,129.0,126.5,128.0,276840
2018-01-25,126.5,126.5,129.0,126.5,128.0,276840
2018-01-26,126.5,126.5,129.0,126.5,128.0,276840
2018-01-29,126.5,126.5,129.0,126.5,128.0,276840
2018-01-30,126.5,126.5,129.0,126.5,128.0,276840
2018-01-31,126.5,126.5,129.0,126.5,128.0,276840
2018-02-01,126.5,126.5,129.0,126.5,128.0,276840
2018-02-02,126.5,126.5,129.0,126.5,128.0,276840
2018-02-05,126.5,126.5,129.0,126.5,128.0,276840
2018-02-06,126.5,126.5,129.0,126.5,128.0,276840
2018-02-07,126.5,126.5,129.0,126.5,128.0,276840
2018-02-08,126.5,126.5,129.0,126.5,128.0,276840
2018-02-09,126.5,126.5,129.0,126.5,128.0,276840
2018-02-12,126.5,126.5,129.0,126.5,128.0,276840
2018-02-21,126.5,126.5,129.0,126.5,128.0,276840
2018-02-22,126.5,126.5,129.0,126.5,128.0,276840
2018-02-23,126.5,126.5,129.0,126.5,128.0,276840
2018-02-26,126.5,126.5,129.0,126.5,128.0,276840
2018-02-27,126.5,126.5,129.0,126.5,128.0,276840
2018-03-01,126.5,126.5,129.0,126.5,128.0,276840
2018-03-02,126.5,126.5,129.0,126.5,128.0,276840
2018-03-05,126.5,126.5,129.0,126.5,128.0,276840
2018-03-06,126.5,126.5,129.0,126.5,128.0,276840
2018-03-07,126.5,126.5,129.0,126.5,128.0,276840
2018-03-08,126.5,126.5,129.0,126.5,128.0,276840
2018-03-09,126.5,126.5,129.0,126.5,128.0,276840
2018-03-12,126.5,126.5,129.0,126.5,128.0,276840
2018-03-13,126.5,126.5,129.0,126.5,128.0,276840
2018-03-14,126.5,126.5,129.0,126.5,128.0,276840
2018-03-15,126.5,126.5,129.0,126.5,128.0,276840
2018-03-16,126.5,126.5,129.0,126.5,128.0,276840
2018-03-19,126.5,126.5,129.0,126.5,128.0,276840
2018-03-20,126.5,126.5,129.0,126.5,128.0,276840
2018-03-21,126.5,126.5,129.0,126.5,128.0,276840
2018-03-22,126.5,126.5,129.0,126.5,128.0,276840
2018-03-23,126.5,126.5,129.0,126.5,128.0,276840
2018-03-26,126.5,126.5,129.0,126.5,128.0,276840
2018-03-27,126.5,126.5,129.0,126.5,128.0,276840
2018-03-28,126.5,126.5,129.0,126.5,128.0,276840
2018-03-29,126.5,126.5,129.0,126.5,128.0,276840
2018-03-30,126.5,126.5,129.0,126.5,128.0,276840
2018-04-02,126.5,126.5,129.0,126.5,128.0,276840
2018-04-03,126.5,126.5,129.0,126.5,128.0,276840
2018-04-09,126.5,126.5,129.0,126.5,128.0,276840
2018-04-10,126.5,126.5,129.0,126.5,128.0,276840
2018-04-11,126.5,126.5,129.0,126.5,128.0,276840
2018-04-12,126.5,126.5,129.0,126.5,128.0,276840
2018-04-13,126.5,126.5,129.0,126.5,128.0,276840
2018-04-16,126.5,126.5,129.0,126.5,128.0,276840
2018-04-17,126.5,126.5,129.0,126.5,128.0,276840
2018-04-18,126.5,126.5,129.0,126.5,128.0,276840
2018-04-19,126.5,126.5,129.0,126.5,128.0,276840
2018-04-20,126.5,126.5,129.0,126.5,128.0,276840
2018-04-23,126.5,126.5,129.0,126.5,128.0,276840
2018-04-24,126.5,126.5,129.0,126.5,128.0,276840
2018-04-25,126.5,126.5,129.0,126.5,128.0,276840
2018-04-26,126.5,126.5,129.0,126.5,128.0,276840
2018-04-27,126.5,126.5,129.0,126.5,128.0,276840
2018-04-30,126.5,126.5,129.0,126.5,128.0,276840
2018-05-02,126.5,126.5,129.0,126.5,128.0,276840
2018-05-03,126.5,126.5,129.0,126.5,128.0,276840
2018-05-04,126.5,126.5,129.0,126.5,128.0,276840
2018-05-07,126.5,126.5,129.0,126.5,128.0,276840
2018-05-08,126.5,126.5,129.0,126.5,128.0,276840
2018-05-09,126.5,126.5,129.0,126.5,128.0,276840
2018-05-10,126.5,126.5,129.0,126.5,128.0,276840
2018-05-11,126.5,126.5,129.0,126.5,128.0,276840
2018-05-14,126.5,126.5,129.0,126.5,128.0,276840
2018-05-15,126.5,126.5,129.0,126.5,128.0,276840
2018-05-16,126.5,126.5,129.0,126.5,128.0,276840
2018-05-17,126.5,126.5,129.0,126.5,128.0,276840
2018-05-18,126.5,126.5,129.0,126.5,128.0,276840
2018-05-21,126.5,126.5,129.0,126.5,128.0,276840
2018-05-22,126.5,126.5,129.0,126.5,128.0,276840
2018-05-23,126.5,126.5,129.0,126.5,128.0,276840
2018-05-24,126.5,126.5,129.0,126.5,128.0,276840
2018-05-25,126.5,126.5,129.0,126.5,128.0,276840
2018-05-28,126.5,126.5,129.0,126.5,128.0,276840
2018-05-29,126.5,126.5,129.0,126.5,128.0,276840
2018-05-30,126.5,126.5,129.0,126.5,128.0,276840
2018-05-31,126.5,126.5,129.0,126.5,128.0,276840
2018-06-01,126.5,126.5,129.0,126.5,128.0,276840
2018-06-04,126.5,126.5,129.0,126.5,128.0,276840
2018-06-05,126.5,126.5,129.0,126.5,128.0,276840
2018-06-06,126.5,126.5,129.0,126.5,128.0,276840
2018-06-07,126.5,126.5,129.0,126.5,128.0,276840
2018-06-08,126.5,126.5,129.0,126.5,128.0,276840
2018-06-11,126.5,126.5,129.0,126.5,128.0,276840
2018-06-12,126.5,126.5,129.0,126.5,128.0,276840
2018-06-13,126.5,126.5,129.0,126.5,128.0,276840
2018-06-14,126.5,126.5,129.0,126.5,128.0,276840
2018-06-15,126.5,126.5,129.0,126.5,128.0,276840
2018-06-19,126.5,126.5,129.0,126.5,128.0,276840
2018-06-20,126.5,126.5,129.0,126.5,128.0,276840
2018-06-21,126.5,126.5,129.0,126.5,128.0,276840
2018-06-22,126.5,126.5,129.0,126.5,128.0,276840
2018-06-25,126.5,126.5,129.0,126.5,128.0,276840
2018-06-26,126.5,126.5,129.0,126.5,128.0,276840
2018-06-27,126.5,126.5,129.0,126.5,128.0,276840
2018-06-28,126.5,126.5,129.0,126.5,128.0,276840
2018-06-29,126.5,126.5,129.0,126.5,128.0,276840
2018-07-02,126.5,126.5,129.0,126.5,128.0,276840
2018-07-03,126.5,126.5,129.0,126.5,128.0,276840
2018-07-04,126.5,126.5,129.0,126.5,128.0,276840
2018-07-05,126.5,126.5,129.0,126.5,128.0,276840
2018-07-06,126.5,126.5,129.0,126.5,128.0,276840
2018-07-09,126.5,126.5,129.0,126.5,128.0,276840
2018-07-10,126.5,126.5,129.0,126.5,128.0,276840
2018-07-11,126.5,126.5,129.0,126.5,128.0,276840
2018-07-12,126.5,126.5,129.0,126.5,128.0,276840
2018-07-13,126.5,126.5,129.0,126.5,128.0,276840
2018-07-16,126.5,126.5,129.0,126.5,128.0,276840
2018-07-17,126.5,126.5,129.0,126.5,128.0,276840
2018-07-18,126.5,126.5,129.0,126.5,128.0,276840
2018-07-19,126.5,126.5,129.0,126.5,128.0,276840
2018-07-20,126.5,126.5,129.0,126.5,128.0,276840
2018-07-23,126.5,126.5,129.0,126.5,128.0,276840
2018-07-24,126.5,126.5,129.0,126.5,128.0,276840
2018-07-25,126.5,126.5,129.0,126.5,128.0,276840
2018-07-26,126.5,126.5,129.0,126.5,128.0,276840
2018-07-27,126.5,126.5,129.0,126.5,128.0,276840
2018-07-30,126.5,126.5,129.0,126.5,128.0,276840
2018-07-31,126.5,126.5,129.0,126.5,128.0,276840
2018-08-01,126.5,126.5,129.0,126.5,128.0,276840
2018-08-02,126.5,126.5,129.0,126.5,128.0,276840
2018-08-03,126.5,126.5,129.0,126.5,128.0,276840
2018-08-06,126.5,126.5,129.0,126.5,128.0,276840
2018-08-07,126.5,126.5,129.0,126.5,128.0,276840
2018-08-08,126.5,126.5,129.0,126.5,128.0,276840
2018-08-09,126.5,126.5,129.0,126.5,128.0,276840
2018-08-10,126.5,126.5,129.0,126.5,128.0,276840
2018-08-13,126.5,126.5,129.0,126.5,128.0,276840
2018-08-14,126.5,126.5,129.0,126.5,128.0,276840
2018-08-15,126.5,126.5,129.0,126.5,128.0,276840
2018-08-16,126.5,126.5,129.0,126.5,128.0,276840
2018-08-17,126.5,126.5,129.0,126.5,128.0,276840
2018-08-20,126.5,126.5,129.0,126.5,128.0,276840
2018-08-21,126.5,126.5,129.0,126.5,128.0,276840
2018-08-22,126.5,126.5,129.0,126.5,128.0,276840
2018-08-23,126.5,126.5,129.0,126.5,128.0,276840
2018-08-24,126.5,126.5,129.0,126.5,128.0,276840
2018-08-27,126.5,126.5,129.0,126.5,128.0,276840
2018-08-28,126.5,126.5,129.0,126.5,128.0,276840
2018-08-29,126.5,126.5,129.0,126.5,128.0,276840
2018-08-30,126.5,126.5,129.0,126.5,128.0,276840
2018-08-31,126.5,126.5,129.0,126.5,128.0,276840
2018-09-03,126.5,126.5,129.0,126.5,128.0,276840
2018-09-04,126.5,126.5,129.0,126.5,128.0,276840
2018-09-05,126.5,126.5,129.0,126.5,128.0,276840
2018-09-06,126.5,126.5,129.0,126.5,128.0,276840
2018-09-07,126.5,126.5,129.0,126.5,128.0,276840
2018-09-10,126.5,126.5,129.0,126.5,128.0,276840
2018-09-11,126.5,126.5,129.0,126.5,128.0,276840
2018-09-12,126.5,126.5,129.0,126.5,128.0,276840
2018-09-13,126.5,126.5,129.0,126.5,128.0,276840
2018-09-14,126.5,126.5,129.0,126.5,128.0,276840
2018-09-17,126.5,126.5,129.0,126.5,128.0,276840
2018-09-18,126.5,126.5,129.0,126.5,128.0,276840
2018-09-19,126.5,126.5,129.0,126.5,128.0,276840
2018-09-20,126.5,126.5,129.0,126.5,128.0,276840
2018-09-21,126.5,126.5,129.0,126.5,128.0,276840
2018-09-25,126.5,126.5,129.0,126.5,128.0,276840
2018-09-26,126.5,126.5,129.0,126.5,128.0,276840
2018-09-27,126.5,126.5,129.0,126.5,128.0,276840
2018-09-28,126.5,126.5,129.0,126.5,128.0,276840
2018-10-01,126.5,126.5,129.0,126.5,128.0,276840
2018-10-02,126.5,126.5,129.0,126.5,128.0,276840
2018-10-03,126.5,126.5,129.0,126.5,128.0,276840
2018-10-04,126.5,126.5,129.0,126.5,128.0,276840
2018-10-05,126.5,126.5,129.0,126.5,128.0,276840
2018-10-08,126.5,126.5,129.0,126.5,128.0,276840
2018-10-09,126.5,126.5,129.0,126.5,128.0,276840
2018-10-11,126.5,126.5,129.0,126.5,128.0,276840
2018-10-12,126.5,126.5,129.0,126.5,128.0,276840
2018-10-15,126.5,126.5,129.0,126.5,128.0,276840
2018-10-16,126.5,126.5,129.0,126.5,128.0,276840
2018-10-17,126.5,126.5,129.0,126.5,128.0,276840
2018-10-18,126.5,126.5,129.0,126.5,128.0,276840
2018-10-19,126.5,126.5,129.0,126.5,128.0,276840
2018-10-22,126.5,126.5,129.0,126.5,128.0,276840
2018-10-23,126.5,126.5,129.0,126.5,128.0,276840
2018-10-24,126.5,126.5,129.0,126.5,128.0,276840
2018-10-25,126.5,126.5,129.0,126.5,128.0,276840
2018-10-26,126.5,126.5,129.0,126.5,128.0,276840
2018-10-29,126.5,126.5,129.0,126.5,128.0,276840
2018-10-30,126.5,126.5,129.0,126.5,128.0,276840
2018-10-31,126.5,126.5,129.0,126.5,128.0,276840
2018-11-01,126.5,126.5,129.0,126.5,128.0,276840
2018-11-02,126.5,126.5,129.0,126.5,128.0,276840
2018-11-05,126.5,126.5,129.0,126.5,128.0,276840
2018-11-06,126.5,126.5,129.0,126.5,128.0,276840
2018-11-07,126.5,126.5,129.0,126.5,128.0,276840
2018-11-08,126.5,126.5,129.0,126.5,128.0,276840
2018-11-09,126.5,126.5,129.0,126.5,128.0,276840
2018-11-12,126.5,126.5,129.0,126.5,128.0,276840
2018-11-13,126.5,126.5,129.0,126.5,128.0,276840
2018-11-14,126.5,126.5,129.0,126.5,128.0,276840
2018-11-15,126.5,126.5,129.0,126.5,128.0,276840
2018-11-16,126.5,126.5,129.0,126.5,128.0,276840
2018-11-19,126.5,126.5,129.0,126.5,128.0,276840
2018-11-20,126.5,126.5,129.0,126.5,128.0,276840
2018-11-21,126.5,126.5,129.0,126.5,128.0,276840
2018-11-22,126.5,126.5,129.0,126.5,128.0,276840
2018-11-23,126.5,126.5,129.0,126.5,128.0,276840
2018-11-26,126.5,126.5,129.0,126.5,128.0,276840
2018-11-27,126.5,126.5,129.0,126.5,128.0,276840
2018-11-28,126.5,126.5,129.0,126.5,128.0,276840
2018-11-29,126.5,126.5,129.0,126.5,128.0,276840
2018-11-30,126.5,126.5,129.0,126.5,128.0,276840
2018-12-03,126.5,126.5,129.0,126.5,128.0,276840
2018-12-04,126.5,126.5,129.0,126.5,128.0,276840
2018-12-05,126.5,126.5,129.0,126.5,128.0,276840
2018-12-06,126.5,126.5,129.0,126.5,128.0,276840
2018-12-07,126.5,126.5,129.0,126.5,128.0,276840
2018-12-10,126.5,126.5,129.0,126.5,128.0,276840
2018-12-11,126.5,126.5,129.0,126.5,128.0,276840
2018-12-12,126.5,126.5,129.0,126.5,128.0,276840
2018-12-13,126.5,126.5,129.0,126.5,128.0,276840
2018-12-14,126.5,126.5,129.0,126.5,128.0,276840
2018-12-17,126.5,126.5,129.0,126.5,128.0,276840
2018-12-18,126.5,126.5,129.0,126.5,128.0,276840
2018-12-19,126.5,126.5,129.0,126.5,128.0,276840
2018-12-20,126.5,126.5,129.0,126.5,128.0,276840
2018-12-21,126.5,126.5,129.0,126.5,128.0,276840
2018-12-24,126.5,126.5,129.0,126.5,128.0,276840
2018-12-25,126.5,126.5,129.0,126.5,128.0,276840
2018-12-26,126.5,126.5,129.0,126.5,128.0,276840
2018-12-27,126.5,126.5,129.0,126.5,128.0,276840
2018-12-28,126.5,126.5,129.0,126.5,128.0,276840
2019-01-02,126.5,126.5,129.0,126.5,128.0,276840
2019-01-03,126.5,126.5,129.0,126.5,128.0,276840
2019-01-04,126.5,126.5,129.0,126.5,128.0,276840
2019-01-07,126.5,126.5,129.0,126.5,128.0,276840
2019-01-08,126.5,126.5,129.0,126.5,128.0,276840
2019-01-09,126.5,126.5,129.0,126.5,128.0,276840
2019-01-10,126.5,126.5,129.0,126.5,128.0,276840
2019-01-11,126.5,126.5,129.0,126.5,128.0,276840
2019-01-14,126.5,126.5,129.0,126.5,128.0,276840
2019-01-15,126.5,126.5,129.0,126.5,128.0,276840
2019-01-16,126.5,126.5,129.0,126.5,128.0,276840
2019-01-17,126.5,126.5,129.0,126.5,128.0,276840
2019-01-18,126.5,126.5,129.0,126.5,128.0,276840
2019-01-21,126.5,126.5,129.0,126.5,128.0,276840
2019-01-22,126.5,126.5,129.0,126.5,128.0,276840
2019-01-23,126.5,126.5,129.0,126.5,128.0,276840
2019-01-24,126.5,126.5,129.0,126.5,128.0,276840
2019-01-25,126.5,126.5,129.0,126.5,128.0,276840
2019-01-28,126.5,126.5,129.0,126.5,128.0,276840
2019-01-29,126.5,126.5,129.0,126.5,128.0,276840
2019-01-30,126.5,126.5,129.0,126.5,128.0,276840
2019-02-11,126.5,126.5,129.0,126.5,128.0,276840
2019-02-12,126.5,126.5,129.0,126.5,128.0,276840
2019-02-13,126.5,126.5,129.0,126.5,128.0,276840
2019-02-14,126.5,126.5,129.0,126.5,128.0,276840
2019-02-15,126.5,126.5,129.0,126.5,128.0,276840
2019-02-18,126.5,126.5,129.0,126.5,128.0,276840
2019-02-19,126.5,126.5,129.0,126.5,128.0,276840
2019-02-20,126.5,126.5,129.0,126.5,128.0,276840
2019-02-21,126.5,126.5,129.0,126.5,128.0,276840
2019-02-22,126.5,126.5,129.0,126.5,128.0,276840
2019-02-25,126.5,126.5,129.0,126.5,128.0,276840
2019-02-26,126.5,126.5,129.0,126.5,128.0,276840
2019-02-27,126.5,126.5,129.0,126.5,128.0,276840
2019-03-04,126.5,126.5,129.0,126.5,128.0,276840
2019-03-05,126.5,126.5,129.0,126.5,128.0,276840
2019-03-06,126.5,126.5,129.0,126.5,128.0,276840
2019-03-07,126.5,126.5,129.0,126.5,128.0,276840
2019-03-08,126.5,126.5,129.0,126.5,128.0,276840
2019-03-11,126.5,126.5,129.0,126.5,128.0,276840
2019-03-12,126.5,126.5,129.0,126.5,128.0,276840
2019-03-13,126.5,126.5,129.0,126.5,128.0,276840
2019-03-14,126.5,126.5,129.0,126.5,128.0,276840
2019-03-15,126.5,126.5,129.0,126.5,128.0,276840
2019-03-18,126.5,126.5,129.0,126.5,128.0,276840
2019-03-19,126.5,126.5,129.0,126.5,128.0,276840
2019-03-20,126.5,126.5,129.0,126.5,128.0,276840
2019-03-21,126.5,126.5,129.0,126.5,128.0,276840
2019-03-22,126.5,126.5,129.0,126.5,128.0,276840
2019-03-25,126.5,126.5,129.0,126.5,128.0,276840
2019-03-26,126.5,126.5,129.0,126.5,128.0,276840
2019-03-27,126.5,126.5,129.0,126.5,128.0,276840
2019-03-28,126.5,126.5,129.0,126.5,128.0,276840
2019-03-29,126.5,126.5,129.0,126.5,128.0,276840
2019-04-01,126.5,126.5,129.0,126.5,128.0,276840
2019-04-02,126.5,126.5,129.0,126.5,128.0,276840
2019-04-03,126.5,126.5,129.0,126.5,128.0,276840
2019-04-08,126.5,126.5,129.0,126.5,128.0,276840
2019-04-09,126.5,126.5,129.0,126.5,128.0,276840
2019-04-10,126.5,126.5,129.0,126.5,128.0,276840
2019-04-11,126.5,126.5,129.0,126.5,128.0,276840
2019-04-12,126.5,126.5,129.0,126.5,128.0,276840
2019-04-15,126.5,126.5,129.0,126.5,128.0,276840
2019-04-16,126.5,126.5,129.0,126.5,128.0,276840
2019-04-17,126.5,126.5,129.0,126.5,128.0,276840
2019-04-18,126.5,126.5,129.0,126.5,128.0,276840
2019-04-19,126.5,126.5,129.0,126.5,128.0,276840
2019-04-22,126.5,126.5,129.0,126.5,128.0,276840
2019-04-23,126.5,126.5,129.0,126.5,128.0,276840
2019-04-24,126.5,126.5,129.0,126.5,128.0,276840
2019-04-25,126.5,126.5,129.0,126.5,128.0,276840
2019-04-26,126.5,126.5,129.0,126.5,128.0,276840
2019-04-29,126.5,126.5,129.0,126.5,128.0,276840
2019-04-30,126.5,126.5,129.0,126.5,128.0,276840
2019-05-02,126.5,126.5,129.0,126.5,128.0,276840
2019-05-03,126.5,126.5,129.0,126.5,128.0,276840
2019-05-06,126.5,126.5,129.0,126.5,128.0,276840
2019-05-07,126.5,126.5,129.0,126.5,128.0,276840
2019-05-08,126.5,126.5,129.0,126.5,128.0,276840
2019-05-09,126.5,126.5,129.0,126.5,128.0,276840
2019-05-10,126.5,126.5,129.0,126.5,128.0,276840
2019-05-13,126.5,126.5,129.0,126.5,128.0,276840
2019-05-14,126.5,126.5,129.0,126.5,128.0,276840
2019-05-15,126.5,126.5,129.0,126.5,128.0,276840
2019-05-16,126.5,126.5,129.0,126.5,128.0,276840
2019-05-17,126.5,126.5,129.0,126.5,128.0,276840
2019-05-20,126.5,126.5,129.0,126.5,128.0,276840
2019-05-21,126.5,126.5,129.0,126.5,128.0,276840
2019-05-22,126.5,126.5,129.0,126.5,128.0,276840
2019-05-23,126.5,126.5,129.0,126.5,128.0,276840
2019-05-24,126.5,126.5,129.0,126.5,128.0,276840
2019-05-27,126.5,126.5,129.0,126.5,128.0,276840
2019-05-28,126.5,126.5,129.0,126.5,128.0,276840
2019-05-29,126.5,126.5,129.0,126.5,128.0,276840
2019-05-30,126.5,126.5,129.0,126.5,128.0,276840
2019-05-31,126.5,126.5,129.0,126.5,128.0,276840
2019-06-03,126.5,126.5,129.0,126.5,128.0,276840
2019-06-04,126.5,126.5,129.0,126.5,128.0,276840
2019-06-05,126.5,126.5,129.0,126.5,128.0,276840
2019-06-06,126.5,126.5,129.0,126.5,128.0,276840
2019-06-10,126.5,126.5,129.0,126.5,128.0,276840
2019-06-11,126.5,126.5,129.0,126.5,128.0,276840
2019-06-12,126.5,126.5,129.0,126.5,128.0,276840
2019-06-13,126.5,126.5,129.0,126.5,128.0,276840
2019-06-14,126.5,126.5,129.0,126.5,128.0,276840
2019-06-17,126.5,126.5,129.0,126.5,128.0,276840
2019-06-18,126.5,126.5,129.0,126.5,128.0,276840
2019-06-19,126.5,126.5,129.0,126.5,128.0,276840
2019-06-20,126.5,126.5,129.0,126.5,128.0,276840
2019-06-21,126.5,126.5,129.0,126.5,128.0,276840
2019-06-24,126.5,126.5,129.0,126.5,128.0,276840
2019-06-25,126.5,126.5,129.0,126.5,128.0,276840
2019-06-26,126.5,126.5,129.0,126.5,128.0,276840
2019-06-27,126.5,126.5,129.0,126.5,128.0,276840
2019-06-28,126.5,126.5,129.0,126.5,128.0,276840
2019-07-01,126.5,126.5,129.0,126.5,128.0,276840
2019-07-02,126.5,126.5,129.0,126.5,128.0,276840
2019-07-03,126.5,126.5,129.0,126.5,128.0,276840
2019-07-04,126.5,126.5,129.0,126.5,128.0,276840
2019-07-05,126.5,126.5,129.0,126.5,128.0,276840
2019-07-08,126.5,126.5,129.0,126.5,128.0,276840
2019-07-09,126.5,126.5,129.0,126.5,128.0,276840
2019-07-10,126.5,126.5,129.0,126.5,128.0,276840
2019-07-11,126.5,126.5,129.0,126.5,128.0,276840
2019-07-12,126.5,126.5,129.0,126.5,128.0,276840
2019-07-15,126.5,126.5,129.0,126.5,128.0,276840
2019-07-16,126.5,126.5,129.0,126.5,128.0,276840
2019-07-17,126.5,126.5,129.0,126.5,128.0,276840
2019-07-18,126.5,126.5,129.0,126.5,128.0,276840
2019-07-19,126.5,126.5,129.0,126.5,128.0,276840
2019-07-22,126.5,126.5,129.0,126.5,128.0,276840
2019-07-23,126.5,126.5,129.0,126.5,128.0,276840
2019-07-24,126.5,126.5,129.0,126.5,128.0,276840
2019-07-25,126.5,126.5,129.0,126.5,128.0,276840
2019-07-26,126.5,126.5,129.0,126.5,128.0,276840
2019-07-29,126.5,126.5,129.0,126.5,128.0,276840
2019-07-30,126.5,126.5,129.0,126.5,128.0,276840
2019-07-31,126.5,126.5,129.0,126.5,128.0,276840
2019-08-01,126.5,126.5,129.0,126.5,128.0,276840
2019-08-02,126.5,126.5,129.0,126.5,128.0,276840
2019-08-05,126.5,126.5,129.0,126.5,128.0,276840
2019-08-06,126.5,126.5,129.0,126.5,128.0,276840
2019-08-07,126.5,126.5,129.0,126.5,128.0,276840
2019-08-08,126.5,126.5,129.0,126.5,128.0,276840
2019-08-12,126.5,126.5,129.0,126.5,128.0,276840
2019-08-13,126.5,126.5,129.0,126.5,128.0,276840
2019-08-14,126.5,126.5,129.0,126.5,128.0,276840
2019-08-15,126.5,126.5,129.0,126.5,128.0,276840
2019-08-16,126.5,126.5,129.0,126.5,128.0,276840
2019-08-19,126.5,126.5,129.0,126.5,128.0,276840
2019-08-20,126.5,126.5,129.0,126.5,128.0,276840
2019-08-21,126.5,126.5,129.0,126.5,128.0,276840
2019-08-22,126.5,126.5,129.0,126.5,128.0,276840
2019-08-23,126.5,126.5,129.0,126.5,128.0,276840
2019-08-26,126.5,126.5,129.0,126.5,128.0,276840
2019-08-27,126.5,126.5,129.0,126.5,128.0,276840
2019-08-28,126.5,126.5,129.0,126.5,128.0,276840
2019-08-29,126.5,126.5,129.0,126.5,128.0,276840
2019-08-30,126.5,126.5,129.0,126.5,128.0,276840
2019-09-02,126.5,126.5,129.0,126.5,128.0,276840
2019-09-03,126.5,126.5,129.0,126.5,128.0,276840
2019-09-04,126.5,126.5,129.0,126.5,128.0,276840
2019-09-05,126.5,126.5,129.0,126.5,128.0,276840
2019-09-06,126.5,126.5,129.0,126.5,128.0,276840
2019-09-09,126.5,126.5,129.0,126.5,128.0,276840
2019-09-10,126.5,126.5,129.0,126.5,128.0,276840
2019-09-11,126.5,126.5,129.0,126.5,128.0,276840
2019-09-12,126.5,126.5,129.0,126.5,128.0,276840
2019-09-16,126.5,126.5,129.0,126.5,128.0,276840
2019-09-17,126.5,126.5,129.0,126.5,128.0,276840
2019-09-18,126.5,126.5,129.0,126.5,128.0,276840
2019-09-19,126.5,126.5,129.0,126.5,128.0,276840
2019-09-20,126.5,126.5,129.0,126.5,128.0,276840
2019-09-23,126.5,126.5,129.0,126.5,128.0,276840
2019-09-24,126.5,126.5,129.0,126.5,128.0,276840
2019-09-25,126.5,126.5,129.0,126.5,128.0,276840
2019-09-26,126.5,126.5,129.0,126.5,128.0,276840
2019-09-27,126.5,126.5,129.0,126.5,128.0,276840
2019-10-01,126.5,126.5,129.0,126.5,128.0,276840
2019-10-02,126.5,126.5,129.0,126.5,128.0,276840
2019-10-03,126.5,126.5,129.0,126.5,128.0,276840
2019-10-04,126.5,126.5,129.0,126.5,128.0,276840
2019-10-07,126.5,126.5,129.0,126.5,128.0,276840
2019-10-08,126.5,126.5,129.0,126.5,128.0,276840
2019-10-09,126.5,126.5,129.0,126.5,128.0,276840
2019-10-14,126.5,126.5,129.0,126.5,128.0,276840
2019-10-15,126.5,126.5,129.0,126.5,128.0,276840
2019-10-16,126.5,126.5,129.0,126.5,128.0,276840
2019-10-17,126.5,126.5,129.0,126.5,128.0,276840
2019-10-18,126.5,126.5,129.0,126.5,128.0,276840
2019-10-21,126.5,126.5,129.0,126.5,128.0,276840
2019-10-22,126.5,126.5,129.0,126.5,128.0,276840
2019-10-23,126.5,126.5,129.0,126.5,128.0,276840
2019-10-24,126.5,126.5,129.0,126.5,128.0,276840
2019-10-25,126.5,126.5,129.0,126.5,128.0,276840
2019-10-28,126.5,126.5,129.0,126.5,128.0,276840
2019-10-29,126.5,126.5,129.0,126.5,128.0,276840
2019-10-30,126.5,126.5,129.0,126.5,128.0,276840
2019-10-31,126.5,126.5,129.0,126.5,128.0,276840
2019-11-01,126.5,126.5,129.0,126.5,128.0,276840
2019-11-04,126.5,126.5,129.0,126.5,128.0,276840
2019-11-05,126.5,126.5,129.0,126.5,128.0,276840
2019-11-06,126.5,126.5,129.0,126.5,128.0,276840
2019-11-07,126.5,126.5,129.0,126.5,128.0,276840
2019-11-08,126.5,126.5,129.0,126.5,128.0,276840
2019-11-11,126.5,126.5,129.0,126.5,128.0,276840
2019-11-12,126.5,126.5,129.0,126.5,128.0,276840
2019-11-13,126.5,126.5,129.0,126.5,128.0,276840
2019-11-14,126.5,126.5,129.0,126.5,128.0,276840
2019-11-20,126.5,126.5,129.0,126.5,128.0,276840
2019-11-21,126.5,126.5,129.0,126.5,128.0,276840
2019-11-22,126.5,126.5,129.0,126.5,128.0,276840
2019-11-25,126.5,126.5,129.0,126.5,128.0,276840
2019-11-26,126.5,126.5,129.0,126.5,128.0,276840
2019-11-27,126.5,126.5,129.0,126.5,128.0,276840
2019-11-28,126.5,126.5,129.0,126.5,128.0,276840
2019-11-29,126.5,126.5,129.0,126.5,128.0,276840
2019-12-02,126.5,126.5,129.0,126.5,128.0,276840
2019-12-03,126.5,126.5,129.0,126.5,128.0,276840
2019-12-04,126.5,126.5,129.0,126.5,128.0,276840
2019-12-05,126.5,126.5,129.0,126.5,128.0,276840
2019-12-06,126.5,126.5,129.0,126.5,128.0,276840
2019-12-09,126.5,126.5,129.0,126.5,128.0,276840
2019-12-10,126.5,126.5,129.0,126.5,128.0,276840
2019-12-11,126.5,126.5,129.0,126.5,128.0,276840
2019-12-12,126.5,126.5,129.0,126.5,128.0,276840
2019-12-13,126.5,126.5,129.0,126.5,128.0,276840
2019-12-16,126.5,126.5,129.0,126.5,128.0,276840
2019-12-17,126.5,126.5,129.0,126.5,128.0,276840
2019-12-18,126.5,126.5,129.0,126.5,128.0,276840
2019-12-19,126.5,126.5,129.0,126.5,128.0,276840
2019-12-20,126.5,126.5,129.0,126.5,128.0,276840
2019-12-23,126.5,126.5,129.0,126.5,128.0,276840
2019-12-24,126.5,126.5,129.0,126.5,128.0,276840
2019-12-25,126.5,126.5,129.0,126.5,128.0,276840
2019-12-26,126.5,126.5,129.0,126.5,128.0,276840
2019-12-27,126.5,126.5,129.0,126.5,128.0,276840
2019-12-30,126.5,126.5,129.0,126.5,128.0,276840
2019-12-31,126.5,126.5,129.0,126.5,128.0,276840
2020-01-02,126.5,126.5,129.0,126.5,128.0,276840
2020-01-03,126.5,126.5,129.0,126.5,128.0,276840
2020-01-06,126.5,126.5,129.0,126.5,128.0,276840
2020-01-07,126.5,126.5,129.0,126.5,128.0,276840
2020-01-08,126.5,126.5,129.0,126.5,128.0,276840
2020-01-09,126.5,126.5,129.0,126.5,128.0,276840
2020-01-10,126.5,126.5,129.0,126.5,128.0,276840
2020-01-13,126.5,126.5,129.0,126.5,128.0,276840
2020-01-14,126.5,126.5,129.0,126.5,128.0,276840
2020-01-15,126.5,126.5,129.0,126.5,128.0,276840
2020-01-16,126.5,126.5,129.0,126.5,128.0,276840
2020-01-17,126.5,126.5,129.0,126.5,128.0,276840
2020-01-20,126.5,126.5,129.0,126.5,128.0,276840
2020-01-30,126.5,126.5,129.0,126.5,128.0,276840
2020-01-31,126.5,126.5,129.0,126.5,128.0,276840
2020-02-03,126.5,126.5,129.0,126.5,128.0,276840
2020-02-04,126.5,126.5,129.0,126.5,128.0,276840
2020-02-05,126.5,126.5,129.0,126.5,128.0,276840
2020-02-06,126.5,126.5,129.0,126.5,128.0,276840
2020-02-07,126.5,126.5,129.0,126.5,128.0,276840
2020-02-10,126.5,126.5,129.0,126.5,128.0,276840
2020-02-11,126.5,126.5,129.0,126.5,128.0,276840
2020-02-12,126.5,126.5,129.0,126.5,128.0,276840
2020-02-13,126.5,126.5,129.0,126.5,128.0,276840
2020-02-14,126.5,126.5,129.0,126.5,128.0,276840
2020-02-17,126.5,126.5,129.0,126.5,128.0,276840
2020-02-18,126.5,126.5,129.0,126.5,128.0,276840
2020-02-19,126.5,126.5,129.0,126.5,128.0,276840
2020-02-20,126.5,126.5,129.0,126.5,128.0,276840
2020-02-21,126.5,126.5,129.0,126.5,128.0,276840
2020-02-24,126.5,126.5,129.0,126.5,128.0,276840
2020-02-25,126.5,126.5,129.0,126.5,128.0,276840
2020-02-26,126.5,126.5,129.0,126.5,128.0,276840
2020-02-27,126.5,126.5,129.0,126.5,128.0,276840
2020-03-02,126.5,126.5,129.0,126.5,128.0,276840
2020-03-03,126.5,126.5,129.0,126.5,128.0,276840
2020-03-04,126.5,126.5,129.0,126.5,128.0,276840
2020-03-05,126.5,126.5,129.0,126.5,128.0,276840
2020-03-06,126.5,126.5,129.0,126.5,128.0,276840
2020-03-09,126.5,126.5,129.0,126.5,128.0,276840
2020-03-10,126.5,126.5,129.0,126.5,128.0,276840
2020-03-11,126.5,126.5,129.0,126.5,128.0,276840
2020-03-12,126.5,126.5,129.0,126.5,128.0,276840
2020-03-13,126.5,126.5,129.0,126.5,128.0,276840
2020-03-16,126.5,126.5,129.0,126.5,128.0,276840
2020-03-17,126.5,126.5,129.0,126.5,128.0,276840
2020-03-18,126.5,126.5,129.0,126.5,128.0,276840
2020-03-19,126.5,126.5,129.0,126.5,128.0,276840
2020-03-20,126.5,126.5,129.0,126.5,128.0,276840
2020-03-23,126.5,126.5,129.0,126.5,128.0,276840
2020-03-24,126.5,126.5,129.0,126.5,128.0,276840
2020-03-25,126.5,126.5,129.0,126.5,128.0,276840
2020-03-26,126.5,126.5,129.0,126.5,128.0,276840
2020-03-27,126.5,126.5,129.0,126.5,128.0,276840
2020-03-30,126.5,126.5,129.0,126.5,128.0,276840
2020-03-31,126.5,126.5,129.0,126.5,128.0,276840
2020-04-01,126.5,126.5,129.0,126.5,128.0,276840
2020-04-07,126.5,126.5,129.0,126.5,128.0,276840
2020-04-08,126.5,126.5,129.0,126.5,128.0,276840
2020-04-09,126.5,126.5,129.0,126.5,128.0,276840
2020-04-10,126.5,126.5,129.0,126.5,128.0,276840
2020-04-13,126.5,126.5,129.0,126.5,128.0,276840
2020-04-14,126.5,126.5,129.0,126.5,128.0,276840
2020-04-15,126.5,126.5,129.0,126.5,128.0,276840
2020-04-16,126.5,126.5,129.0,126.5,128.0,276840
2020-04-17,126.5,126.5,129.0,126.5,128.0,276840
2020-04-20,126.5,126.5,129.0,126.5,128.0,276840
2020-04-21,126.5,126.5,129.0,126.5,128.0,276840
2020-04-22,126.5,126.5,129.0,126.5,128.0,276840
2020-04-23,126.5,126.5,129.0,126.5,128.0,276840
2020-04-24,126.5,126.5,129.0,126.5,128.0,276840
2020-04-27,126.5,126.5,129.0,126.5,128.0,276840
2020-04-28,126.5,126.5,129.0,126.5,128.0,276840
2020-04-29,126.5,126.5,129.0,126.5,128.0,276840
2020-05-04,126.5,126.5,129.0,126.5,128.0,276840
2020-05-05,126.5,126.5,129.0,126.5,128.0,276840
2020-05-06,126.5,126.5,129.0,126.5,128.0,276840
2020-05-07,126.5,126.5,129.0,126.5,128.0,276840
2020-05-08,126.5,126.5,129.0,126.5,128.0,276840
2020-05-11,126.5,126.5,129.0,126.5,128.0,276840
2020-05-12,126.5,126.5,129.0,126.5,128.0,276840
2020-05-13,126.5,126.5,129.0,126.5,128.0,276840
2020-05-14,126.5,126.5,129.0,126.5,128.0,276840
2020-05-15,126.5,126.5,129.0,126.5,128.0,276840
2020-05-18,126.5,126.5,129.0,126.5,128.0,276840
2020-05-19,126.5,126.5,129.0,126.5,128.0,276840
2020-05-20,126.5,126.5,129.0,126.5,128.0,276840
2020-05-21,126.5,126.5,129.0,126.5,128.0,276840
2020-05-22,126.5,126.5,129.0,126.5,128.0,276840
2020-05-25,126.5,126.5,129.0,126.5,128.0,276840
2020-05-26,126.5,126.5,129.0,126.5,128.0,276840
2020-05-27,126.5,126.5,129.0,126.5,128.0,276840
2020-05-28,126.5,126.5,129.0,126.5,128.0,276840
2020-05-29,126.5,126.5,129.0,126.5,128.0,276840
2020-06-01,126.5,126.5,129.0,126.5,128.0,276840
2020-06-02,126.5,126.5,129.0,126.5,128.0,276840
2020-06-03,126.5,126.5,129.0,126.5,128.0,276840
2020-06-04,126.5,126.5,129.0,126.5,128.0,276840
2020-06-05,126.5,126.5,129.0,126.5,128.0,276840
2020-06-08,126.5,126.5,129.0,126.5,128.0,276840
2020-06-09,126.5,126.5,129.0,126.5,128.0,276840
2020-06-10,126.5,126.5,129.0,126.5,128.0,276840
2020-06-11,126.5,126.5,129.0,126.5,128.0,276840
2020-06-12,126.5,126.5,129.0,126.5,128.0,276840
2020-06-15,126.5,126.5,129.0,126.5,128.0,276840
2020-06-16,126.5,126.5,129.0,126.5,128.0,276840
2020-06-17,126.5,126.5,129.0,126.5,128.0,276840
2020-06-18,126.5,126.5,129.0,126.5,128.0,276840
2020-06-19,126.5,126.5,129.0,126.5,128.0,276840
2020-06-22,126.5,126.5,129.0,126.5,128.0,276840
2020-06-23,126.5,126.5,129.0,126.5,128.0,276840
2020-06-24,126.5,126.5,129.0,126.5,128.0,276840
2020-06-29,126.5,126.5,129.0,126.5,128.0,276840
2020-06-30,126.5,126.5,129.0,126.5,128.0,276840
2020-07-01,126.5,126.5,129.0,126.5,128.0,276840
2020-07-02,126.5,126.5,129.0,126.5,128.0,276840
2020-07-03,126.5,126.5,129.0,126.5,128.0,276840
2020-07-06,126.5,126.5,129.0,126.5,128.0,276840
2020-07-07,126.5,126.5,129.0,126.5,128.0,276840
2020-07-08,126.5,126.5,129.0,126.5,128.0,276840
2020-07-09,126.5,126.5,129.0,126.5,128.0,276840
2020-07-10,126.5,126.5,129.0,126.5,128.0,276840
2020-07-13,126.5,126.5,129.0,126.5,128.0,276840
2020-07-14,126.5,126.5,129.0,126.5,128.0,276840
2020-07-15,126.5,126.5,129.0,126.5,128.0,276840
2020-07-16,126.5,126.5,129.0,126.5,128.0,276840
2020-07-17,126.5,126.5,129.0,126.5,128.0,276840
2020-07-20,126.5,126.5,129.0,126.5,128.0,276840
2020-07-21,126.5,126.5,129.0,126.5,128.0,276840
2020-07-22,126.5,126.5,129.0,126.5,128.0,276840
2020-07-23,126.5,126.5,129.0,126.5,128.0,276840
2020-07-24,126.5,126.5,129.0,126.5,128.0,276840
2020-07-27,126.5,126.5,129.0,126.5,128.0,276840
2020-07-28,126.5,126.5,129.0,126.5,128.0,276840
2020-07-29,126.5,126.5,129.0,126.5,128.0,276840
2020-07-30,126.5,126.5,129.0,126.5,128.0,276840
2020-07-31,126.5,126.5,129.0,126.5,128.0,276840
2020-08-03,126.5,126.5,129.0,126.5,128.0,276840
2020-08-04,126.5,126.5,129.0,126.5,128.0,276840
2020-08-05,126.5,126.5,129.0,126.5,128.0,276840
2020-08-06,126.5,126.5,129.0,126.5,128.0,276840
2020-08-07,126.5,126.5,129.0,126.5,128.0,276840
2020-08-10,126.5,126.5,129.0,126.5,128.0,276840
2020-08-11,126.5,126.5,129.0,126.5,128.0,276840
2020-08-12,126.5,126.5,129.0,126.5,128.0,276840
2020-08-13,126.5,126.5,129.0,126.5,128.0,276840
2020-08-14,126.5,126.5,129.0,126.5,128.0,276840
2020-08-17,126.5,126.5,129.0,126.5,128.0,276840
2020-08-18,126.5,126.5,129.0,126.5,128.0,276840
2020-08-19,126.5,126.5,129.0,126.5,128.0,276840
2020-08-20,126.5,126.5,129.0,126.5,128.0,276840
2020-08-21,126.5,126.5,129.0,126.5,128.0,276840
2020-08-24,126.5,126.5,129.0,126.5,128.0,276840
2020-08-25,126.5,126.5,129.0,126.5,128.0,276840
2020-08-26,126.5,126.5,129.0,126.5,128.0,276840
2020-08-27,126.5,126.5,129.0,126.5,128.0,276840
2020-08-28,126.5,126.5,129.0,126.5,128.0,276840
2020-08-31,126.5,126.5,129.0,126.5,128.0,276840
2020-09-01,126.5,126.5,129.0,126.5,128.0,276840
2020-09-02,126.5,126.5,129.0,126.5,128.0,276840
2020-09-03,126.5,126.5,129.0,126.5,128.0,276840
2020-09-04,126.5,126.5,129.0,126.5,128.0,276840
2020-09-07,126.5,126.5,129.0,126.5,128.0,276840
2020-09-08,126.5,126.5,129.0,126.5,128.0,276840
2020-09-09,126.5,126.5,129.0,126.5,128.0,276840
2020-09-10,126.5,126.5,129.0,126.5,128.0,276840
2020-09-11,126.5,126.5,129.0,126.5,128.0,276840
2020-09-14,126.5,126.5,129.0,126.5,128.0,276840
2020-09-15,126.5,126.5,129.0,126.5,128.0,276840
2020-09-16,126.5,126.5,129.0,126.5,128.0,276840
2020-09-17,126.5,126.5,129.0,126.5,128.0,276840
2020-09-18,126.5,126.5,129.0,126.5,128.0,276840
2020-09-21,126.5,126.5,129.0,126.5,128.0,276840
2020-09-22,126.5,126.5,129.0,126.5,128.0,276840
2020-09-23,126.5,126.5,129.0,126.5,128.0,276840
2020-09-24,126.5,126.5,129.0,126.5,128.0,276840
2020-09-25,126.5,126.5,129.0,126.5,128.0,276840
2020-09-28,126.5,126.5,129.0,126.5,128.0,276840
2020-09-29,126.5,126.5,129.0,126.5,128.0,276840
2020-09-30,126.5,126.5,129.0,126.5,128.0,276840
2020-10-05,126.5,126.5,129.0,126.5,128.0,276840
2020-10-06,126.5,126.5,129.0,126.5,128.0,276840
2020-10-07,126.5,126.5,129.0,126.5,128.0,276840
2020-10-08,126.5,126.5,129.0,126.5,128.0,276840
2020-10-12,126.5,126.5,129.0,126.5,128.0,276840
2020-10-13,126.5,126.5,129.0,126.5,128.0,276840
2020-10-14,126.5,126.5,129.0,126.5,128.0,276840
2020-10-15,126.5,126.5,129.0,126.5,128.0,276840
2020-10-16,126.5,126.5,129.0,126.5,128.0,276840
2020-10-19,126.5,126.5,129.0,126.5,128.0,276840
2020-10-20,126.5,126.5,129.0,126.5,128.0,276840
2020-10-21,126.5,126.5,129.0,126.5,128.0,276840
2020-10-22,126.5,126.5,129.0,126.5,128.0,276840
2020-10-23,126.5,126.5,129.0,126.5,128.0,276840
2020-10-26,126.5,126.5,129.0,126.5,128.0,276840
2020-10-27,126.5,126.5,129.0,126.5,128.0,276840
2020-10-28,126.5,126.5,129.0,126.5,128.0,276840
2020-10-29,126.5,126.5,129.0,126.5,128.0,276840
2020-10-30,126.5,126.5,129.0,126.5,128.0,276840
2020-11-02,126.5,126.5,129.0,126.5,128.0,276840
2020-11-03,126.5,126.5,129.0,126.5,128.0,276840
2020-11-04,126.5,126.5,129.0,126.5,128.0,276840
2020-11-05,126.5,126.5,129.0,126.5,128.0,276840
2020-11-06,126.5,126.5,129.0,126.5,128.0,276840
2020-11-09,126.5,126.5,129.0,126.5,128.0,276840
2020-11-10,126.5,126.5,129.0,126.5,128.0,276840
2020-11-11,126.5,126.5,129.0,126.5,128.0,276840
2020-11-12,126.5,126.5,129.0,126.5,128.0,276840
2020-11-13,126.5,126.5,129.0,126.5,128.0,276840
2020-11-16,126.5,126.5,129.0,126.5,128.0,276840
2020-11-17,126.5,126.5,129.0,126.5,128.0,276840
2020-11-18,126.5,126.5,129.0,126.5,128.0,276840
2020-11-19,126.5,126.5,129.0,126.5,128.0,276840
2020-11-20,126.5,126.5,129.0,126.5,128.0,276840
2020-11-23,126.5,126.5,129.0,126.5,128.0,276840
2020-11-24,126.5,126.5,129.0,126.5,128.0,276840
2020-11-25,126.5,126.5,129.0,126.5,128.0,276840
2020-11-26,126.5,126.5,129.0,126.5,128.0,276840
2020-11-27,126.5,126.5,129.0,126.5,128.0,276840
2020-11-30,126.5,126.5,129.0,126.5,128.0,276840
2020-12-01,126.5,126.5,129.0,126.5,128.0,276840
2020-12-02,126.5,126.5,129.0,126.5,128.0,276840
2020-12-04,126.5,126.5,129.0,126.5,128.0,276840
2020-12-07,126.5,126.5,129.0,126.5,128.0,276840
2020-12-08,126.5,126.5,129.0,126.5,128.0,276840
2020-12-09,126.5,126.5,129.0,126.5,128.0,276840
2020-12-10,126.5,126.5,129.0,126.5,128.0,276840
2020-12-11,126.5,126.5,129.0,126.5,128.0,276840
2020-12-14,126.5,126.5,129.0,126.5,128.0,276840
2020-12-15,126.5,126.5,129.0,126.5,128.0,276840
2020-12-16,126.5,126.5,129.0,126.5,128.0,276840
2020-12-17,126.5,126.5,129.0,126.5,128.0,276840
2020-12-18,126.5,126.5,129.0,126.5,128.0,276840
2020-12-21,126.5,126.5,129.0,126.5,128.0,276840
2020-12-22,126.5,126.5,129.0,126.5,128.0,276840
2020-12-23,126.5,126.5,129.0,126.5,128.0,276840
2020-12-24,126.5,126.5,129.0,126.5,128.0,276840
2020-12-25,126.5,126.5,129.0,126.5,128.0,276840
2020-12-28,126.5,126.5,129.0,126.5,128.0,276840
2020-12-29,126.5,126.5,129.0,126.5,128.0,276840
2020-12-30,126.5,126.5,129.0,126.5,128.0,276840
2020-12-31,126.5,126.5,129.0,126.5,128.0,276840
2021-01-04,126.5,126.5,129.0,126.5,128.0,276840
2021-01-05,126.5,126.5,129.0,126.5,128.0,276840
2021-01-06,126.5,126.5,129.0,126.5,128.0,276840
2021-01-07,126.5,126.5,129.0,126.5,128.0,276840
2021-01-08,126.5,126.5,129.0,126.5,128.0,276840
2021-01-11,126.5,126.5,129.0,126.5,128.0,276840
2021-01-12,126.5,126.5,129.0,126.5,128.0,276840
2021-01-13,126.5,126.5,129.0,126.5,128.0,276840
2021-01-14,126.5,126.5,129.0,126.5,128.0,276840
2021-01-15,126.5,126.5,129.0,126.5,128.0,276840
2021-01-18,126.5,126.5,129.0,126.5,128.0,276840
2021-01-19,126.5,126.5,129.0,126.5,128.0,276840
2021-01-20,126.5,126.5,129.0,126.5,128.0,276840
2021-01-21,126.5,126.5,129.0,126.5,128.0,276840
2021-01-22,126.5,126.5,129.0,126.5,128.0,276840
2021-01-25,126.5,126.5,129.0,126.5,128.0,276840
2021-01-26,126.5,126.5,129.0,126.5,128.0,276840
2021-01-27,126.5,126.5,129.0,126.5,128.0,276840
2021-01-28,126.5,126.5,129.0,126.5,128.0,276840
2021-01-29,126.5,126.5,129.0,126.5,128.0,276840
2021-02-01,126.5,126.5,129.0,126.5,128.0,276840
2021-02-02,126.5,126.5,129.0,126.5,128.0,276840
2021-02-03,126.5,126.5,129.0,126.5,128.0,276840
2021-02-04,126.5,126.5,129.0,126.5,128.0,276840
2021-02-05,126.5,126.5,129.0,126.5,128.0,276840
2021-02-17,126.5,126.5,129.0,126.5,128.0,276840
2021-02-18,126.5,126.5,129.0,126.5,128.0,276840
2021-02-19,126.5,126.5,129.0,126.5,128.0,276840
2021-02-22,126.5,126.5,129.0,126.5,128.0,276840
2021-02-23,126.5,126.5,129.0,126.5,128.0,276840
2021-02-24,126.5,126.5,129.0,126.5,128.0,276840
2021-02-25,126.5,126.5,129.0,126.5,128.0,276840
2021-02-26,126.5,126.5,129.0,126.5,128.0,276840
2021-03-02,126.5,126.5,129.0,126.5,128.0,276840
2021-03-03,126.5,126.5,129.0,126.5,128.0,276840
2021-03-04,126.5,126.5,129.0,126.5,128.0,276840
2021-03-05,126.5,126.5,129.0,126.5,128.0,276840
2021-03-08,126.5,126.5,129.0,126.5,128.0,276840
2021-03-09,126.5,126.5,129.0,126.5,128.0,276840
2021-03-10,126.5,126.5,129.0,126.5,128.0,276840
2021-03-11,126.5,126.5,129.0,126.5,128.0,276840
2021-03-12,126.5,126.5,129.0,126.5,128.0,276840
2021-03-15,126.5,126.5,129.0,126.5,128.0,276840
2021-03-16,126.5,126.5,129.0,126.5,128.0,276840
2021-03-17,126.5,126.5,129.0,126.5,128.0,276840
2021-03-18,126.5,126.5,129.0,126.5,128.0,276840
2021-03-19,126.5,126.5,129.0,126.5,128.0,276840
2021-03-22,126.5,126.5,129.0,126.5,128.0,276840
2021-03-23,126.5,126.5,129.0,126.5,128.0,276840
2021-03-24,126.5,126.5,129.0,126.5,128.0,276840
2021-03-25,126.5,126.5,129.0,126.5,128.0,276840
2021-03-26,126.5,126.5,129.0,126.5,128.0,276840
2021-03-29,126.5,126.5,129.0,126.5,128.0,276840
2021-03-30,126.5,126.5,129.0,126.5,128.0,276840
2021-03-31,126.5,126.5,129.0,126.5,128.0,276840
2021-04-01,126.5,126.5,129.0,126.5,128.0,276840
2021-04-06,126.5,126.5,129.0,126.5,128.0,276840
2021-04-07,126.5,126.5,129.0,126.5,128.0,276840
2021-04-08,126.5,126.5,129.0,126.5,128.0,276840
2021-04-09,126.5,126.5,129.0,126.5,128.0,276840
2021-04-12,126.5,126.5,129.0,126.5,128.0,276840
2021-04-13,126.5,126.5,129.0,126.5,128.0,276840
2021-04-14,126.5,126.5,129.0,126.5,128.0,276840
2021-04-15,126.5,126.5,129.0,126.5,128.0,276840
2021-04-16,126.5,126.5,129.0,126.5,128.0,276840
2021-04-19,126.5,126.5,129.0,126.5,128.0,276840
2021-04-20,126.5,126.5,129.0,126.5,128.0,276840
2021-04-21,126.5,126.5,129.0,126.5,128.0,276840
2021-04-22,126.5,126.5,129.0,126.5,128.0,276840
2021-04-23,126.5,126.5,129.0,126.5,128.0,276840
2021-04-26,126.5,126.5,129.0,126.5,128.0,276840
2021-04-27,126.5,126.5,129.0,126.5,128.0,276840
2021-04-28,126.5,126.5,129.0,126.5,128.0,276840
2021-04-29,126.5,126.5,129.0,126.5,128.0,276840
2021-05-03,126.5,126.5,129.0,126.5,128.0,276840
2021-05-04,126.5,126.5,129.0,126.5,128.0,276840
2021-05-05,126.5,126.5,129.0,126.5,128.0,276840
2021-05-06,126.5,126.5,129.0,126.5,128.0,276840
2021-05-07,126.5,126.5,129.0,126.5,128.0,276840
2021-05-10,126.5,126.5,129.0,126.5,128.0,276840
2021-05-11,126.5,126.5,129.0,126.5,128.0,276840
2021-05-12,126.5,126.5,129.0,126.5,128.0,276840
2021-05-13,126.5,126.5,129.0,126.5,128.0,276840
2021-05-14,126.5,126.5,129.0,126.5,128.0,276840
2021-05-17,126.5,126.5,129.0,126.5,128.0,276840
2021-05-18,126.5,126.5,129.0,126.5,128.0,276840
2021-05-19,126.5,126.5,129.0,126.5,128.0,276840
2021-05-20,126.5,126.5,129.0,126.5,128.0,276840
2021-05-21,126.5,126.5,129.0,126.5,128.0,276840
2021-05-24,126.5,126.5,129.0,126.5,128.0,276840
2021-05-25,126.5,126.5,129.0,126.5,128.0,276840
2021-05-26,126.5,126.5,129.0,126.5,128.0,276840
2021-05-27,126.5,126.5,129.0,126.5,128.0,276840
2021-05-28,126.5,126.5,129.0,126.5,128.0,276840
2021-05-31,126.5,126.5,129.0,126.5,128.0,276840
2021-06-01,126.5,126.5,129.0,126.5,128.0,276840
2021-06-02,126.5,126.5,129.0,126.5,128.0,276840
2021-06-03,126.5,126.5,129.0,126.5,128.0,276840
2021-06-04,126.5,126.5,129.0,126.5,128.0,276840
2021-06-07,126.5,126.5,129.0,126.5,128.0,276840
2021-06-08,126.5,126.5,129.0,126.5,128.0,276840
2021-06-09,126.5,126.5,129.0,126.5,128.0,276840
2021-06-10,126.5,126.5,129.0,126.5,128.0,276840
2021-06-11,126.5,126.5,129.0,126.5,128.0,276840
2021-06-15,126.5,126.5,129.0,126.5,128.0,276840
2021-06-16,126.5,126.5,129.0,126.5,128.0,276840
2021-06-17,126.5,126.5,129.0,126.5,128.0,276840
2021-06-18,126.5,126.5,129.0,126.5,128.0,276840
2021-06-21,126.5,126.5,129.0,126.5,128.0,276840
2021-06-22,126.5,126.5,129.0,126.5,128.0,276840
2021-06-23,126.5,126.5,129.0,126.5,128.0,276840
2021-06-24,126.5,126.5,129.0,126.5,128.0,276840
2021-06-25,126.5,126.5,129.0,126.5,128.0,276840
2021-06-28,126.5,126.5,129.0,126.5,128.0,276840
2021-06-29,126.5,126.5,129.0,126.5,128.0,276840
2021-06-30,126.5,126.5,129.0,126.5,128.0,276840
2021-07-01,126.5,126.5,129.0,126.5,128.0,276840
2021-07-02,126.5,126.5,129.0,126.5,128.0,276840
2021-07-05,126.5,126.5,129.0,126.5,128.0,276840
2021-07-06,126.5,126.5,129.0,126.5,128.0,276840
2021-07-07,126.5,126.5,129.0,126.5,128.0,276840
2021-07-08,126.5,126.5,129.0,126.5,128.0,276840
2021-07-09,126.5,126.5,129.0,126.5,128.0,276840
2021-07-12,126.5,126.5,129.0,126.5,128.0,276840
2021-07-13,126.5,126.5,129.0,126.5,128.0,276840
2021-07-14,126.5,126.5,129.0,126.5,128.0,276840
2021-07-15,126.5,126.5,129.0,126.5,128.0,276840
2021-07-16,126.5,126.5,129.0,126.5,128.0,276840
2021-07-19,126.5,126.5,129.0,126.5,128.0,276840
2021-07-20,126.5,126.5,129.0,126.5,128.0,276840
2021-07-21,126.5,126.5,129.0,126.5,128.0,276840
2021-07-22,126.5,126.5,129.0,126.5,128.0,276840
2021-07-23,126.5,126.5,129.0,126.5,128.0,276840
2021-07-26,126.5,126.5,129.0,126.5,128.0,276840
2021-07-27,126.5,126.5,129.0,126.5,128.0,276840
2021-07-28,126.5,126.5,129.0,126.5,128.0,276840
2021-07-29,126.5,126.5,129.0,126.5,128.0,276840
2021-07-30,126.5,126.5,129.0,126.5,128.0,276840
2021-08-02,126.5,126.5,129.0,126.5,128.0,276840
2021-08-03,126.5,126.5,129.0,126.5,128.0,276840
2021-08-04,126.5,126.5,129.0,126.5,128.0,276840
2021-08-05,126.5,126.5,129.0,126.5,128.0,276840
2021-08-06,126.5,126.5,129.0,126.5,128.0,276840
2021-08-09,130.0,130.0,135.5,129.5,135.0,880000
2021-08-10,129.0,129.0,130.5,124.0,130.0,1059000
2021-08-11,125.5,125.5,129.5,125.0,127.0,620000
2021-08-12,127.0,127.0,128.0,125.0,125.5,430000
2021-08-13,120.5,120.5,127.5,120.0,127.0,903000
2021-08-16,120.5,120.5,122.5,117.0,120.5,988000
2021-08-17,117.0,117.0,122.0,117.0,122.0,535000
2021-08-18,120.0,120.0,120.5,114.5,115.0,850000
2021-08-19,117.0,117.0,120.5,116.5,120.0,550000
2021-08-20,118.0,118.0,119.0,114.5,117.0,423000
2021-08-23,121.5,121.5,122.5,119.5,120.0,503000
2021-08-24,121.0,121.0,123.5,121.0,122.5,655000
2021-08-25,120.0,120.0,122.0,117.0,117.5,931000
2021-08-26,119.5,119.5,122.5,119.0,121.0,426000
2021-08-27,119.5,119.5,122.5,119.5,120.0,468000
2021-08-30,118.0,118.0,121.0,118.0,121.0,348000
2021-08-31,118.0,118.0,119.0,116.5,118.5,338000
2021-09-01,119.5,119.5,120.0,118.0,118.0,244000
2021-09-02,118.5,118.5,121.5,118.5,119.5,422000
2021-09-03,117.0,117.0,119.5,116.5,119.0,457000
2021-09-06,115.0,115.0,118.5,114.5,118.0,379000
2021-09-07,113.5,113.5,115.5,113.0,114.5,348000
2021-09-08,109.0,109.0,113.5,109.0,113.5,805000
2021-09-09,116.0,116.0,116.0,108.0,108.5,728000
2021-09-10,115.0,115.0,116.0,113.5,116.0,467000
2021-09-13,112.0,112.0,114.5,111.0,114.0,385000
2021-09-14,113.5,113.5,115.0,112.5,112.5,300000
2021-09-15,115.0,115.0,115.0,112.0,113.0,387000
2021-09-16,114.0,114.0,115.5,113.5,114.5,252000
2021-09-17,114.5,114.5,115.0,113.5,113.5,198000
2021-09-22,117.0,117.0,117.0,111.5,112.0,523000
2021-09-23,124.5,124.5,128.5,120.5,124.5,3950000
2021-09-24,125.0,125.0,128.0,123.5,127.0,1414000
2021-09-27,120.0,120.0,124.5,119.0,124.5,806000
2021-09-28,117.0,117.0,120.5,117.0,120.0,568000
2021-09-29,113.0,113.0,116.5,112.5,115.0,964000
2021-09-30,114.5,114.5,115.5,113.0,115.5,278000
2021-10-01,111.5,111.5,115.0,110.5,113.0,651000
2021-10-04,110.0,110.0,114.5,109.0,112.0,631000
2021-10-05,110.5,110.5,112.0,106.0,108.0,409000
2021-10-06,108.0,108.0,111.5,108.0,111.0,374000
2021-10-07,111.0,111.0,111.0,109.5,110.5,364000
2021-10-08,112.0,112.0,112.5,110.0,111.0,411000
2021-10-12,107.0,107.0,112.0,107.0,112.0,635000
2021-10-13,107.0,107.0,109.0,106.5,107.5,275000
2021-10-14,106.0,106.0,108.0,105.5,107.5,289000
2021-10-15,110.0,110.0,111.5,107.5,107.5,652000
2021-10-18,111.0,111.0,113.0,109.0,111.0,680000
2021-10-19,121.0,121.0,122.0,112.5,112.5,2792000
2021-10-20,123.0,123.0,124.0,119.0,121.5,2316000
2021-10-21,121.5,121.5,123.5,120.0,122.5,904000
2021-10-22,122.0,122.0,124.0,121.0,121.5,849000
2021-10-25,131.0,131.0,133.5,123.0,124.0,4134000
2021-10-26,129.0,129.0,137.5,129.0,137.0,4297000
2021-10-27,135.0,135.0,136.0,130.0,130.5,2412000
2021-10-28,132.5,132.5,139.5,132.0,135.0,2358000
2021-10-29,134.0,134.0,136.5,131.5,133.0,1789000
2021-11-01,134.0,134.0,136.0,131.0,134.0,1789000
2021-11-02,128.5,128.5,136.0,126.5,135.5,2302000
2021-11-03,128.0,128.0,130.0,124.0,128.0,1411000
2021-11-04,128.5,128.5,131.5,127.5,129.5,883000
2021-11-05,132.0,132.0,133.5,128.5,130.0,1567000
2021-11-08,126.0,126.0,129.5,124.0,129.5,1735000
2021-11-09,128.0,128.0,131.0,126.5,128.0,997000
2021-11-10,135.0,135.0,136.0,128.5,130.0,2964000
2021-11-11,134.0,134.0,138.5,133.5,134.0,2831000
2021-11-12,136.5,136.5,144.5,136.5,141.0,6045000
2021-11-15,141.5,141.5,142.5,136.5,139.5,2935000
2021-11-16,138.5,138.5,144.0,138.0,144.0,2315000
2021-11-17,136.0,136.0,139.5,134.5,138.5,1695000
2021-11-18,134.5,134.5,137.0,133.5,135.5,871000
2021-11-19,133.5,133.5,136.5,132.5,136.5,740000
2021-11-22,132.5,132.5,135.5,132.0,135.5,617000
2021-11-23,129.5,129.5,135.5,129.0,132.5,1021000
2021-11-24,132.0,132.0,133.0,129.0,131.0,670000
2021-11-25,130.0,130.0,133.5,130.0,133.0,387000
2021-11-26,126.0,126.0,130.0,125.0,130.0,1080000
2021-11-29,129.5,129.5,132.0,123.0,123.0,983000
2021-11-30,134.0,134.0,137.5,131.5,134.5,2117000
2021-12-01,133.0,133.0,134.5,131.5,133.0,514000
2021-12-02,131.0,131.0,135.5,131.0,132.5,485000
2021-12-03,132.5,132.5,134.0,131.5,131.5,377000
2021-12-06,129.0,129.0,134.0,127.5,134.0,863000
2021-12-07,132.0,132.0,133.0,130.5,131.0,489000
2021-12-08,137.0,137.0,138.5,132.5,133.0,1949000
2021-12-09,134.5,134.5,136.5,133.5,136.0,967000
2021-12-10,135.5,135.5,136.0,133.0,134.0,467000
2021-12-13,134.0,134.0,139.5,133.5,137.5,1359000
2021-12-14,134.0,134.0,134.0,131.0,134.0,685000
2021-12-15,133.0,133.0,136.0,133.0,134.5,628000
2021-12-16,141.0,141.0,141.5,134.5,135.0,3180000
2021-12-17,138.5,138.5,140.5,136.0,139.0,1077000
2021-12-20,141.0,141.0,142.5,137.0,137.0,1847000
2021-12-21,140.0,140.0,144.5,138.0,143.5,2745000
2021-12-22,140.0,140.0,142.0,139.0,142.0,1012000
2021-12-23,137.5,137.5,144.5,137.5,142.0,2249000
2021-12-24,138.0,138.0,142.0,138.0,139.0,1311000
2021-12-27,142.5,142.5,146.5,139.0,139.5,4578000
2021-12-28,140.5,140.5,147.0,140.0,146.5,3688000
2021-12-29,141.0,141.0,142.0,138.0,140.0,1056000
2021-12-30,140.0,140.0,142.0,139.0,141.0,592000
2022-01-03,140.5,140.5,142.0,138.5,140.0,676000
2022-01-04,140.5,140.5,142.5,139.5,142.5,552000
2022-01-05,142.5,142.5,143.0,140.0,141.0,1168000
2022-01-06,140.5,140.5,143.5,139.5,141.0,1052000
2022-01-07,138.5,138.5,141.5,135.0,141.0,1223000
2022-01-10,139.0,139.0,140.5,136.0,137.5,794000
2022-01-11,136.0,136.0,143.0,135.5,141.0,1603000
2022-01-12,135.5,135.5,137.5,134.5,136.5,671000
2022-01-13,131.0,131.0,136.5,131.0,136.0,1042000
2022-01-14,130.0,130.0,131.0,128.0,130.5,873000
2022-01-17,131.5,131.5,132.0,129.5,131.0,248000
2022-01-18,131.5,131.5,133.5,131.0,132.5,425000
2022-01-19,130.0,130.0,131.5,129.0,130.0,448000
2022-01-20,130.0,130.0,131.0,129.0,131.0,196000
2022-01-21,126.0,126.0,128.5,126.0,128.5,600000
2022-01-24,125.5,125.5,126.0,121.5,124.0,584000
2022-01-25,123.0,123.0,125.0,122.5,122.5,361000
2022-01-26,124.0,124.0,124.5,122.5,124.0,407000
2022-02-07,129.5,129.5,129.5,126.0,126.0,419000
2022-02-08,130.5,130.5,130.5,128.0,130.5,394000
2022-02-09,132.5,132.5,132.5,130.0,131.0,348000
2022-02-10,132.0,132.0,134.0,130.5,133.5,349000
2022-02-11,130.0,130.0,130.5,128.5,130.5,369000
2022-02-14,127.5,127.5,128.0,125.5,128.0,506000
2022-02-15,126.0,126.0,129.0,126.0,129.0,326000
2022-02-16,126.0,126.0,128.5,125.0,128.0,484000
2022-02-17,126.0,126.0,127.5,125.5,127.0,308000
2022-02-18,125.5,125.5,126.5,123.0,126.0,656000
2022-02-21,127.5,127.5,127.5,125.0,125.0,293000
2022-02-22,123.5,123.5,126.5,123.0,126.0,571000
2022-02-23,128.5,128.5,128.5,123.5,124.0,447000
2022-02-24,123.5,123.5,127.5,123.0,126.0,537000
2022-02-25,124.0,124.0,126.0,123.5,126.0,311000
2022-03-01,126.0,126.0,126.0,124.5,126.0,146000
2022-03-02,126.0,126.0,126.0,123.5,125.0,387000
2022-03-03,125.5,125.5,127.5,124.0,127.5,267000
2022-03-04,124.0,124.0,125.5,123.5,124.0,162000
2022-03-07,119.0,119.0,123.0,118.5,123.0,725000
2022-03-08,113.5,113.5,118.5,113.5,115.5,711000
2022-03-09,116.5,116.5,117.0,115.0,117.0,357000
2022-03-10,119.0,119.0,119.5,118.0,118.5,268000
2022-03-11,119.5,119.5,119.5,117.0,119.0,141000
2022-03-14,117.0,117.0,120.5,116.5,120.0,221000
2022-03-15,113.5,113.5,117.0,113.5,117.0,340000
2022-03-16,112.0,112.0,116.0,111.5,115.0,409000
2022-03-17,119.0,119.0,119.0,115.5,115.5,492000
2022-03-18,117.5,117.5,119.0,117.0,119.0,143000
2022-03-21,118.5,118.5,119.5,117.5,117.5,108000
2022-03-22,118.5,118.5,119.0,117.5,119.0,108000
2022-03-23,119.0,119.0,120.0,118.5,120.0,173000
2022-03-24,120.5,120.5,120.5,118.0,119.0,382000
2022-03-25,118.0,118.0,121.0,118.0,120.5,339000
2022-03-28,117.0,117.0,118.0,116.5,118.0,198000
2022-03-29,125.0,125.0,125.0,119.0,119.0,1675000
2022-03-30,128.5,128.5,133.0,125.5,127.0,3923000
2022-03-31,123.5,123.5,129.5,123.5,129.5,1462000
2022-04-01,124.5,124.5,126.5,122.0,122.5,583000
2022-04-06,122.5,122.5,124.0,122.5,123.0,538000
2022-04-07,122.5,122.5,128.0,122.5,124.0,1858000
2022-04-08,121.5,121.5,124.5,120.5,124.0,778000
2022-04-11,117.0,117.0,122.0,116.0,121.5,747000
2022-04-12,116.5,116.5,119.5,115.0,117.0,590000
2022-04-13,117.5,117.5,118.5,116.5,118.0,273000
2022-04-14,117.5,117.5,119.0,117.5,118.0,165000
2022-04-15,115.5,115.5,117.5,115.0,117.5,360000
2022-04-18,113.5,113.5,115.5,112.5,114.5,506000
2022-04-19,113.5,113.5,115.5,113.0,114.0,390000
2022-04-20,115.0,115.0,115.5,113.0,114.5,404000
2022-04-21,114.5,114.5,115.5,114.5,115.5,119000
2022-04-22,112.5,112.5,115.0,112.5,113.0,325000
2022-04-25,108.0,108.0,110.5,107.5,110.5,504000
2022-04-26,106.0,106.0,108.5,106.0,108.5,370000
2022-04-27,103.0,103.0,104.0,100.0,102.0,644000
2022-04-28,104.5,104.5,105.5,104.0,105.0,169000
2022-04-29,104.0,104.0,106.5,103.5,106.5,210000
2022-05-03,102.5,102.5,106.0,101.5,104.5,669000
2022-05-04,108.0,108.0,108.0,103.0,103.0,554000
2022-05-05,108.5,108.5,110.0,108.0,110.0,360000
2022-05-06,106.0,106.0,106.0,104.0,104.0,146000
2022-05-09,103.0,103.0,106.0,102.0,106.0,330000
2022-05-10,103.0,103.0,103.0,100.5,101.0,652000
2022-05-11,106.5,106.5,107.5,102.5,103.0,503000
2022-05-12,105.0,105.0,107.5,105.0,105.0,257000
2022-05-13,110.0,110.0,110.0,106.0,106.5,447000
2022-05-16,107.5,107.5,112.0,107.5,112.0,327000
2022-05-17,113.5,113.5,115.0,107.5,108.0,1055000
2022-05-18,114.0,114.0,115.0,112.0,114.0,766000
2022-05-19,114.5,114.5,116.5,110.0,111.0,872000
2022-05-20,117.0,117.0,123.0,116.5,116.5,3546000
2022-05-23,117.5,117.5,118.5,115.0,117.0,1067000
2022-05-24,117.5,117.5,120.5,117.0,119.0,1326000
2022-05-25,120.5,120.5,124.0,118.0,119.5,2209000
2022-05-26,121.5,121.5,123.0,120.5,122.5,1018000
2022-05-27,125.0,125.0,127.5,124.5,124.5,2901000
2022-05-30,127.0,127.0,128.0,124.5,128.0,1418000
2022-05-31,126.0,126.0,127.5,125.5,126.0,719000
2022-06-01,129.5,129.5,132.0,126.0,126.0,2956000
2022-06-02,131.0,131.0,133.0,130.0,130.0,2196000
2022-06-06,125.5,125.5,130.5,125.0,130.0,914000
2022-06-07,127.0,127.0,129.0,126.0,126.0,966000
2022-06-08,126.0,126.0,129.5,126.0,128.5,662000
2022-06-09,130.5,130.5,132.0,127.0,127.0,1472000
2022-06-10,132.0,132.0,132.5,130.0,130.5,1412000
2022-06-13,128.5,128.5,129.5,127.5,128.0,533000
2022-06-14,131.0,131.0,131.0,126.5,127.5,725000
2022-06-15,131.0,131.0,133.0,130.5,132.0,1330000
2022-06-16,128.0,128.0,134.5,127.5,134.0,1286000
2022-06-17,134.5,134.5,135.0,128.5,129.0,4118000
2022-06-20,121.5,121.5,137.5,121.5,137.0,6695000
2022-06-21,125.5,125.5,126.5,119.0,121.0,2650000
2022-06-22,127.0,127.0,129.0,122.5,125.0,1933000
2022-06-23,131.5,131.5,134.0,126.0,127.5,3708000
2022-06-24,130.0,130.0,134.0,128.5,133.5,2470000
2022-06-27,132.5,132.5,133.5,129.0,131.0,1597000
2022-06-28,130.5,130.5,135.0,128.5,133.5,1825000
2022-06-29,130.0,130.0,131.5,126.5,129.0,928000
2022-06-30,126.0,126.0,130.5,124.0,130.0,1580000
2022-07-01,125.0,125.0,131.5,124.5,126.0,2763000
2022-07-04,128.5,128.5,132.5,125.0,127.0,3445000
2022-07-05,126.5,126.5,132.0,124.5,131.0,2325000
2022-07-06,128.5,128.5,130.0,122.0,125.0,2555000
2022-07-07,141.0,141.0,141.0,130.5,131.5,12696000
2022-07-08,147.0,147.0,154.5,142.5,145.5,21921000
2022-07-11,150.0,150.0,153.0,146.0,151.0,10069000
2022-07-12,151.0,151.0,154.5,147.0,148.0,14671000
2022-07-13,153.5,153.5,160.0,152.5,158.0,13704000
2022-07-14,156.5,156.5,159.0,152.0,153.5,7766000
2022-07-15,148.0,148.0,156.0,146.5,156.0,9085000
2022-07-18,151.0,151.0,151.0,141.5,144.0,10245000
2022-07-19,146.0,146.0,148.0,144.5,147.0,5811000
2022-07-20,150.5,150.5,154.0,146.5,148.0,5931000
2022-07-21,149.0,149.0,150.0,145.5,148.5,4039000
2022-07-22,145.5,145.5,152.0,144.5,152.0,3502000
2022-07-25,151.0,151.0,152.0,145.5,145.5,3638000
2022-07-26,147.0,147.0,150.5,146.0,150.0,1380000
2022-07-27,156.5,156.5,159.5,145.5,147.0,7784000
2022-07-28,149.5,149.5,159.0,148.0,159.0,7078000
2022-07-29,151.5,151.5,154.0,149.5,153.5,2893000
2022-08-01,152.5,152.5,152.5,148.5,152.5,1186000
2022-08-02,154.0,154.0,155.0,148.5,149.0,2445000
2022-08-03,149.5,149.5,154.0,149.0,154.0,2681000
2022-08-04,151.0,151.0,153.5,148.5,149.0,2859000
2022-08-05,155.0,155.0,155.0,151.0,152.5,1768000
2022-08-08,163.5,163.5,165.0,156.0,157.5,9114000
2022-08-09,160.0,160.0,169.0,158.5,164.0,10399000
2022-08-10,157.0,157.0,161.0,157.0,159.0,2076000
2022-08-11,145.5,145.5,163.5,142.0,159.0,11993000
2022-08-12,148.0,148.0,148.5,142.0,142.0,3789000
2022-08-15,148.0,148.0,149.5,145.0,148.0,1905000
2022-08-16,146.5,146.5,150.5,145.5,147.5,2388000
2022-08-17,146.0,146.0,147.5,145.0,146.0,1358000
2022-08-18,148.5,148.5,149.5,145.0,145.5,1926000
2022-08-19,154.5,154.5,156.0,150.0,150.0,4226000
2022-08-22,148.5,148.5,156.5,148.5,153.5,4120000
2022-08-23,153.5,153.5,156.0,147.0,148.0,3274000
2022-08-24,154.0,154.0,162.0,154.0,157.0,5679000
2022-08-25,162.0,162.0,166.0,156.5,158.0,6902000
2022-08-26,157.5,157.5,162.5,157.5,161.0,3996000
2022-08-29,157.0,157.0,159.5,151.0,151.0,2990000
2022-08-30,160.5,160.5,161.5,155.5,157.0,2724000
2022-08-31,166.0,166.0,167.5,161.0,163.0,7633000
2022-09-01,160.0,160.0,168.5,160.0,165.5,6057000
2022-09-02,159.0,159.0,164.0,159.0,162.5,1944000
2022-09-05,156.5,156.5,162.0,154.5,162.0,1786000
2022-09-06,155.0,155.0,158.5,152.5,158.5,1523000
2022-09-07,158.0,158.0,159.0,153.0,153.5,1477000
2022-09-08,158.0,158.0,161.0,157.0,160.0,1897000
2022-09-12,167.0,167.0,172.5,162.0,163.0,9073000
2022-09-13,177.0,177.0,181.0,170.0,171.5,15594000
2022-09-14,181.5,181.5,181.5,174.0,175.0,8349000
2022-09-15,172.0,172.0,183.5,172.0,182.5,8801000
2022-09-16,172.5,172.5,175.5,168.0,169.5,4460000
2022-09-19,179.5,179.5,181.0,172.0,174.0,10321000
2022-09-20,178.0,178.0,181.5,176.0,180.5,7929000
2022-09-21,178.0,178.0,178.5,173.0,178.0,2780000
2022-09-22,181.0,181.0,183.0,174.5,177.0,4416000
2022-09-23,173.0,173.0,185.5,172.5,181.5,6226000
2022-09-26,166.0,166.0,175.0,166.0,173.0,4401000
2022-09-27,165.5,165.5,173.5,162.5,172.0,6663000
2022-09-28,159.5,159.5,170.0,159.5,167.0,8429000
2022-09-29,168.0,168.0,172.5,165.0,165.5,6895000
2022-09-30,166.5,166.5,167.5,160.0,165.0,5056000
2022-10-03,171.0,171.0,172.0,162.5,163.5,3796000
2022-10-04,173.5,173.5,179.0,172.0,175.5,6104000
2022-10-05,169.0,169.0,176.5,169.0,175.0,3837000
2022-10-06,176.0,176.0,177.0,169.5,169.5,5026000
2022-10-07,175.5,175.5,178.0,172.5,176.5,3370000
2022-10-11,168.0,168.0,177.5,168.0,172.0,4585000
2022-10-12,165.5,165.5,171.0,163.5,169.0,3523000
2022-10-13,153.5,153.5,167.0,151.0,165.5,4697000
2022-10-14,151.0,151.0,159.5,151.0,159.0,6064000
2022-10-17,152.5,152.5,153.5,144.5,145.5,3939000
2022-10-18,152.5,152.5,155.5,149.5,155.0,3139000
2022-10-19,153.5,153.5,157.0,152.0,152.5,2675000
2022-10-20,151.0,151.0,154.0,149.0,152.5,2891000
2022-10-21,147.0,147.0,151.5,146.5,151.0,2234000
2022-10-24,147.0,147.0,152.5,147.0,151.5,1542000
2022-10-25,142.5,142.5,148.0,141.5,148.0,2298000
2022-10-26,140.5,140.5,143.0,136.0,143.0,3119000
2022-10-27,146.0,146.0,146.0,139.5,140.5,1801000
2022-10-28,140.5,140.5,147.5,140.0,145.0,1805000
2022-10-31,146.0,146.0,147.5,141.5,143.0,1636000
2022-11-01,152.0,152.0,153.0,147.5,148.0,3131000
2022-11-02,154.5,154.5,155.5,151.0,153.0,3158000
2022-11-03,155.0,155.0,156.5,151.5,152.0,1526000
2022-11-04,155.5,155.5,156.0,154.0,155.0,914000
2022-11-07,155.0,155.0,158.5,153.5,157.0,1630000
2022-11-08,157.0,157.0,159.0,154.5,157.0,1834000
2022-11-09,156.5,156.5,164.0,156.5,161.0,4164000
2022-11-10,149.5,149.5,169.5,149.0,158.0,11411000
2022-11-11,143.0,143.0,157.0,142.0,156.0,10827000
2022-11-14,145.0,145.0,145.5,141.0,143.5,6215000
2022-11-15,143.0,143.0,146.0,139.5,144.0,5165000
2022-11-16,145.5,145.5,146.5,142.0,142.0,5001000
2022-11-17,153.5,153.5,155.0,144.0,144.5,7877000
2022-11-18,155.0,155.0,159.0,154.0,155.5,8381000
2022-11-21,152.0,152.0,157.0,151.5,155.0,3854000
2022-11-22,152.5,152.5,153.5,149.5,151.0,2655000
2022-11-23,153.5,153.5,155.5,153.0,153.5,2317000
2022-11-24,154.0,154.0,158.0,154.0,156.0,3220000
2022-11-25,154.0,154.0,157.0,154.0,154.5,2101000
2022-11-28,156.0,156.0,157.5,153.0,154.0,2520000
2022-11-29,153.5,153.5,155.0,153.0,154.5,1707000
2022-11-30,155.5,155.5,156.5,153.5,155.0,2635000
2022-12-01,156.0,156.0,159.5,156.0,157.5,2641000
2022-12-02,160.5,160.5,161.5,155.5,156.0,4425000
2022-12-05,161.0,161.0,164.5,159.0,163.0,3272000
2022-12-06,157.5,157.5,162.0,157.5,161.0,1944000
2022-12-07,152.0,152.0,157.5,151.5,157.5,2197000
2022-12-08,158.0,158.0,158.5,153.0,153.0,1966000
2022-12-09,157.5,157.5,162.5,155.5,162.0,4284000
2022-12-12,161.5,161.5,166.0,156.0,156.5,6541000
2022-12-13,161.5,161.5,162.5,158.0,161.5,3689000
2022-12-14,161.5,161.5,166.5,161.0,162.5,5546000
2022-12-15,161.5,161.5,165.5,161.0,161.5,2548000
2022-12-16,157.5,157.5,163.5,157.5,159.5,2857000
2022-12-19,154.0,154.0,158.5,154.0,157.5,1145000
2022-12-20,147.5,147.5,157.0,147.0,154.0,1819000
2022-12-21,145.5,145.5,149.5,144.5,148.5,1815000
2022-12-22,152.0,152.0,152.0,146.5,148.0,1716000
2022-12-23,149.5,149.5,151.0,148.0,149.0,1298000
2022-12-26,147.5,147.5,151.0,147.5,150.5,602000
2022-12-27,149.5,149.5,151.5,148.0,148.0,813000
2022-12-28,142.5,142.5,148.0,141.5,147.0,2738000
2022-12-29,140.5,140.5,142.5,136.5,141.0,2640000
2022-12-30,144.5,144.5,146.0,143.0,144.5,2322000
2023-01-03,144.5,144.5,146.0,142.5,144.5,1423000
2023-01-04,142.0,142.0,145.0,142.0,143.5,1207000
2023-01-05,142.0,142.0,144.5,142.0,143.5,1069000
2023-01-06,143.5,143.5,144.5,141.5,141.5,722000
2023-01-09,144.0,144.0,146.0,142.5,145.0,1683000
2023-01-10,143.0,143.0,146.0,143.0,145.0,1518000
2023-01-11,143.0,143.0,145.0,143.0,143.5,674000
2023-01-12,142.5,142.5,144.5,142.5,144.5,613000
2023-01-13,141.5,141.5,145.0,141.5,143.5,732000
2023-01-16,142.0,142.0,143.0,141.0,142.5,456000
2023-01-17,143.5,143.5,143.5,142.0,143.5,561000
2023-01-30,150.0,150.0,151.0,147.0,148.0,2770000
2023-01-31,154.5,154.5,158.0,152.5,155.5,5162000
2023-02-01,156.0,156.0,156.5,151.5,155.0,2882000
2023-02-02,157.0,157.0,158.0,154.5,157.5,3162000
2023-02-03,160.5,160.5,163.5,156.5,157.0,4493000
2023-02-06,158.0,158.0,163.0,158.0,161.0,2505000
2023-02-07,158.5,158.5,160.0,157.5,157.5,1178000
2023-02-08,158.5,158.5,160.5,157.0,160.5,1777000
2023-02-09,158.0,158.0,161.0,158.0,158.0,1547000
2023-02-10,154.5,154.5,159.5,154.5,159.0,1437000
2023-02-13,155.0,155.0,156.0,154.0,155.0,917000
2023-02-14,155.0,155.0,158.0,155.0,157.0,940000
2023-02-15,155.5,155.5,158.5,155.0,156.0,1794000
2023-02-16,158.5,158.5,159.5,156.0,156.0,1619000
2023-02-17,156.5,156.5,158.5,156.0,158.0,1449000
2023-02-20,158.5,158.5,160.0,156.5,156.5,1407000
2023-02-21,159.0,159.0,160.5,158.0,159.5,896000
2023-02-22,155.0,155.0,158.0,154.5,158.0,1385000
2023-02-23,156.5,156.5,157.0,155.0,156.0,744000
2023-02-24,153.5,153.5,158.0,153.0,157.5,1298000
2023-03-01,153.5,153.5,154.0,152.0,153.5,627000
2023-03-02,154.5,154.5,155.0,153.0,154.0,513000
2023-03-03,153.0,153.0,155.5,153.0,155.5,1107000
2023-03-06,155.5,155.5,156.5,154.0,154.0,998000
2023-03-07,159.0,159.0,162.5,155.5,155.5,3840000
2023-03-08,157.5,157.5,159.0,156.5,158.0,1352000
2023-03-09,154.0,154.0,158.5,153.5,158.5,2189000
2023-03-10,149.5,149.5,153.0,147.5,152.0,2018000
2023-03-13,148.0,148.0,150.0,146.0,149.0,1220000
2023-03-14,145.0,145.0,148.0,144.0,148.0,1583000
2023-03-15,146.5,146.5,149.0,146.5,147.5,1209000
2023-03-16,143.5,143.5,146.5,142.0,145.5,1406000
2023-03-17,146.0,146.0,147.5,145.0,145.0,1016000
2023-03-20,147.0,147.0,147.5,146.0,147.0,381000
2023-03-21,146.5,146.5,149.0,146.5,148.0,669000
2023-03-22,148.0,148.0,149.5,147.0,148.0,1301000
2023-03-23,146.0,146.0,146.5,138.5,141.0,3902000
2023-03-24,148.0,148.0,149.5,146.5,147.5,1985000
2023-03-27,144.0,144.0,146.5,142.5,145.0,3905000
2023-03-28,141.5,141.5,143.5,140.5,142.0,2638000
2023-03-29,143.5,143.5,144.0,141.5,141.5,1123000
2023-03-30,142.0,142.0,144.5,141.0,144.0,1249000
2023-03-31,142.5,142.5,145.5,142.0,143.0,1658000
2023-04-06,142.5,142.5,143.5,141.5,142.5,422000
2023-04-07,144.0,144.0,145.0,143.5,143.5,903000
2023-04-10,142.5,142.5,145.5,142.5,145.5,830000
2023-04-11,144.5,144.5,145.0,143.0,143.5,901000
2023-04-12,147.5,147.5,148.0,144.5,145.5,2423000
2023-04-13,145.0,145.0,148.0,145.0,148.0,1071000
2023-04-14,146.5,146.5,147.5,145.5,146.0,932000
2023-04-17,147.5,147.5,148.0,145.5,147.5,728000
2023-04-18,145.0,145.0,148.0,145.0,148.0,733000
2023-04-19,143.0,143.0,146.0,142.5,146.0,723000
2023-04-20,142.5,142.5,143.5,142.0,143.0,673000
2023-04-21,139.0,139.0,143.0,139.0,143.0,1316000
2023-04-24,139.0,139.0,139.5,138.0,139.0,456000
2023-04-25,133.0,133.0,139.5,132.0,139.5,1503000
2023-04-26,135.0,135.0,135.0,131.0,132.0,1025000
2023-04-27,134.5,134.5,136.0,132.5,135.0,451000
2023-04-28,137.0,137.0,138.0,136.5,137.0,462000
2023-05-02,138.5,138.5,139.0,136.0,137.0,693000
2023-05-03,138.5,138.5,139.5,137.5,138.5,551000
2023-05-04,138.5,138.5,139.0,137.5,138.0,202000
2023-05-05,139.5,139.5,141.0,137.5,138.5,490000
2023-05-08,138.5,138.5,141.5,138.5,141.0,521000
2023-05-09,141.5,141.5,143.5,139.0,139.0,1711000
2023-05-10,142.0,142.0,144.0,142.0,143.0,837000
2023-05-11,140.0,140.0,143.5,140.0,143.0,609000
2023-05-12,141.0,141.0,142.0,140.0,141.0,388000
2023-05-15,141.0,141.0,143.5,141.0,142.0,584000
2023-05-16,140.5,140.5,143.5,140.5,143.0,451000
2023-05-17,140.5,140.5,141.5,139.5,141.5,510000
2023-05-18,144.0,144.0,144.0,140.5,142.0,949000
2023-05-19,142.0,142.0,145.5,142.0,144.5,1112000
2023-05-22,143.0,143.0,144.5,142.0,143.5,499000
2023-05-23,144.0,144.0,146.0,143.0,144.0,964000
2023-05-24,143.5,143.5,144.5,143.5,144.5,362000
2023-05-25,144.0,144.0,145.5,142.5,144.5,781000
2023-05-26,143.0,143.0,146.0,143.0,145.5,771000
2023-05-29,146.0,146.0,147.5,144.5,145.5,1514000
2023-05-30,147.0,147.0,147.5,145.5,146.5,884000
2023-05-31,146.5,146.5,148.0,146.5,146.5,807000
2023-06-01,148.0,148.0,149.5,146.5,147.0,1428000
2023-06-02,149.5,149.5,151.0,149.0,149.5,1893000
2023-06-05,149.5,149.5,152.0,149.5,152.0,911000
2023-06-06,147.5,147.5,150.0,146.5,150.0,1007000
2023-06-07,149.0,149.0,150.0,147.5,147.5,788000
2023-06-08,148.5,148.5,150.5,148.5,150.0,684000
2023-06-09,161.0,161.0,162.5,154.0,158.0,10591000
2023-06-12,167.0,167.0,173.0,164.5,165.0,13535000
2023-06-13,174.0,174.0,176.0,166.5,169.5,10042000
2023-06-14,172.5,172.5,177.5,172.0,175.0,4048000
2023-06-15,171.0,171.0,174.0,169.0,174.0,3732000
2023-06-16,167.0,167.0,172.0,165.5,171.5,3237000
2023-06-19,175.5,175.5,177.0,169.5,170.0,6732000
2023-06-20,167.5,167.5,171.5,166.0,170.5,5339000
2023-06-21,169.5,169.5,173.0,168.5,169.5,3659000
2023-06-26,167.0,167.0,170.0,166.0,169.5,1237000
2023-06-27,165.0,165.0,170.5,164.0,167.0,2501000
2023-06-28,164.0,164.0,167.5,163.5,166.0,1442000
2023-06-29,167.0,167.0,167.5,164.0,164.5,1187000
2023-06-30,166.5,166.5,168.5,165.5,168.0,1673000
2023-07-03,169.0,169.0,173.0,168.5,169.5,3002000
2023-07-04,167.0,167.0,172.5,167.0,172.0,4071000
2023-07-05,168.5,168.5,170.0,168.5,168.5,2102000
2023-07-06,167.5,167.5,171.5,167.5,169.5,1836000
2023-07-07,160.5,160.5,167.0,159.0,167.0,3573000
2023-07-10,161.5,161.5,162.5,160.0,162.0,725000
2023-07-11,162.5,162.5,164.0,160.5,161.5,1071000
2023-07-12,161.0,161.0,164.0,161.0,163.5,723000
2023-07-13,162.0,162.0,164.0,161.0,161.0,1218000
2023-07-14,164.5,164.5,166.0,163.0,164.0,1219000
2023-07-17,163.5,163.5,168.0,163.5,168.0,1528000
2023-07-18,160.5,160.5,165.0,160.5,165.0,1177000
2023-07-19,156.5,156.5,162.5,156.5,162.5,1139000
2023-07-20,158.5,158.5,160.0,154.0,154.0,1476000
2023-07-21,155.0,155.0,156.5,152.0,156.5,1722000
2023-07-24,153.0,153.0,156.0,150.0,156.0,1675000
2023-07-25,155.5,155.5,158.0,152.0,155.5,1366000
2023-07-26,154.5,154.5,158.0,153.5,158.0,1132000
2023-07-27,158.5,158.5,159.0,154.0,155.0,2495000
2023-07-28,158.5,158.5,162.0,157.0,159.0,2407000
2023-07-31,158.0,158.0,161.0,157.0,160.0,1055000
2023-08-01,158.0,158.0,162.5,158.0,158.0,1576000
2023-08-02,153.0,153.0,160.0,152.5,159.0,1695000
2023-08-04,155.5,155.5,157.0,153.5,155.5,848000
2023-08-07,156.5,156.5,157.5,155.0,155.5,450000
2023-08-08,150.0,150.0,154.5,150.0,153.0,2705000
2023-08-09,147.0,147.0,151.0,146.5,150.0,1587000
2023-08-10,148.5,148.5,150.0,146.0,146.0,1075000
2023-08-11,147.0,147.0,151.0,146.5,148.5,893000
2023-08-14,143.5,143.5,146.5,143.0,146.0,812000
2023-08-15,147.0,147.0,147.0,143.5,144.5,490000
2023-08-16,146.0,146.0,147.0,144.5,145.0,428000
2023-08-17,148.5,148.5,148.5,145.5,146.0,411000
2023-08-18,145.0,145.0,148.5,145.0,148.5,575000
2023-08-21,146.0,146.0,151.0,145.0,145.5,584000
2023-08-22,146.5,146.5,149.5,145.0,148.5,661000
2023-08-23,141.5,141.5,143.0,141.0,142.0,553000
2023-08-24,143.5,143.5,144.0,141.0,143.5,614000
2023-08-25,141.0,141.0,143.0,141.0,143.0,260000
2023-08-28,137.5,137.5,142.0,137.5,142.0,743000
2023-08-29,140.0,140.0,141.0,138.5,141.0,276000
2023-08-30,141.5,141.5,142.5,140.5,142.0,368000
2023-08-31,144.5,144.5,144.5,141.0,142.0,325000
2023-09-01,143.5,143.5,144.0,142.5,143.0,280000
2023-09-04,146.5,146.5,147.0,143.0,143.5,629000
2023-09-05,147.5,147.5,148.0,145.5,147.0,512000
2023-09-06,148.5,148.5,150.5,146.5,148.5,760000
2023-09-07,149.5,149.5,151.0,147.0,147.0,704000
2023-09-08,150.0,150.0,155.5,150.0,153.0,1991000
2023-09-11,149.0,149.0,151.0,147.0,151.0,733000
2023-09-12,150.5,150.5,153.0,150.5,151.5,820000
2023-09-13,153.5,153.5,154.0,151.0,151.5,1237000
2023-09-14,152.5,152.5,154.5,152.5,153.5,831000
2023-09-15,149.5,149.5,150.5,147.0,150.5,1288000
2023-09-18,149.5,149.5,151.0,147.0,147.5,579000
2023-09-19,149.5,149.5,152.0,149.5,150.5,508000
2023-09-20,149.0,149.0,150.5,148.0,150.5,433000
2023-09-21,147.5,147.5,150.5,147.0,148.0,595000
2023-09-22,149.0,149.0,150.0,147.0,147.0,400000
2023-09-25,151.5,151.5,152.5,150.0,150.0,704000
2023-09-26,149.0,149.0,152.5,149.0,151.5,314000
2023-09-27,148.0,148.0,149.5,147.5,148.5,416000
2023-09-28,147.0,147.0,149.5,147.0,149.0,255000
2023-10-02,153.5,153.5,154.0,148.5,149.5,1306000
2023-10-03,153.0,153.0,154.0,151.5,152.5,868000
2023-10-04,158.0,158.0,158.5,152.0,153.0,3134000
2023-10-05,158.0,158.0,165.0,158.0,163.0,5582000
2023-10-06,158.0,158.0,160.0,156.5,159.5,1391000
2023-10-11,151.0,151.0,158.0,149.5,157.0,2162000
2023-10-12,154.5,154.5,155.0,151.0,152.5,786000
2023-10-13,154.0,154.0,155.5,152.5,153.0,464000
2023-10-16,153.0,153.0,156.0,153.0,154.5,649000
2023-10-17,154.0,154.0,155.5,153.5,155.0,636000
2023-10-18,152.0,152.0,154.5,149.5,154.0,1284000
2023-10-19,153.0,153.0,153.5,151.0,151.0,864000
2023-10-20,149.5,149.5,152.0,149.5,151.5,808000
2023-10-23,149.0,149.0,151.5,148.0,149.5,455000
2023-10-24,152.0,152.0,153.0,149.5,149.5,445000
2023-10-25,153.5,153.5,154.0,152.0,152.0,375000
2023-10-26,151.5,151.5,154.0,151.0,152.5,363000
2023-10-27,147.0,147.0,154.0,146.0,154.0,760000
2023-10-30,142.5,142.5,147.0,141.5,147.0,1306000
2023-10-31,138.0,138.0,143.5,138.0,143.0,1303000
2023-11-01,142.0,142.0,143.0,138.5,140.0,572000
2023-11-02,147.0,147.0,148.5,144.0,145.0,1218000
2023-11-03,148.0,148.0,149.5,146.5,148.5,395000
2023-11-06,152.5,152.5,153.0,148.5,148.5,1005000
2023-11-07,152.0,152.0,155.5,152.0,153.0,1252000
2023-11-08,156.5,156.5,158.0,154.0,154.0,1707000
2023-11-09,157.5,157.5,158.0,152.5,153.0,1804000
2023-11-10,156.0,156.0,159.5,156.0,157.0,1032000
2023-11-13,156.5,156.5,158.5,156.0,158.0,533000
2023-11-14,154.5,154.5,158.5,154.0,158.5,472000
2023-11-15,153.5,153.5,156.0,153.5,156.0,510000
2023-11-16,157.0,157.0,157.5,155.0,155.0,689000
2023-11-17,157.0,157.0,158.0,156.0,157.5,439000
2023-11-20,157.0,157.0,158.5,155.5,158.5,379000
2023-11-21,157.5,157.5,159.0,157.5,158.0,644000
2023-11-22,158.5,158.5,158.5,157.5,158.0,360000
2023-11-23,159.5,159.5,160.0,157.5,159.0,952000
2023-11-24,158.0,158.0,160.5,158.0,160.5,427000
2023-11-27,158.5,158.5,161.0,158.5,159.5,691000
2023-11-28,160.5,160.5,160.5,159.0,160.0,466000
2023-11-29,161.0,161.0,161.5,160.5,161.0,489000
2023-11-30,160.5,160.5,162.0,160.0,161.5,419000
2023-12-01,161.5,161.5,161.5,159.5,161.0,627000
2023-12-04,158.5,158.5,161.5,158.5,161.5,588000
2023-12-05,157.5,157.5,159.0,156.0,159.0,711000
2023-12-06,156.5,156.5,158.5,155.0,158.5,491000
2023-12-07,158.5,158.5,159.0,156.5,157.5,502000
2023-12-08,156.0,156.0,160.0,156.0,159.0,654000
2023-12-11,156.0,156.0,157.5,155.5,157.0,536000
2023-12-12,154.5,154.5,157.0,154.0,156.5,450000
2023-12-13,154.5,154.5,156.0,154.5,155.0,351000
2023-12-14,156.0,156.0,156.5,154.5,156.0,466000
2023-12-15,155.5,155.5,158.0,155.5,157.5,547000
2023-12-18,154.5,154.5,156.5,154.0,156.0,363000
2023-12-19,152.0,152.0,154.5,151.5,154.5,534000
2023-12-20,154.0,154.0,157.0,154.0,155.0,461000
2023-12-21,155.5,155.5,156.0,152.0,153.0,303000
2023-12-22,154.0,154.0,156.0,154.0,156.0,198000
2023-12-25,154.0,154.0,155.5,154.0,155.5,156000
2023-12-26,154.5,154.5,155.5,154.5,155.0,154000
2023-12-27,155.0,155.0,155.5,154.0,154.5,302000
2023-12-28,158.5,158.5,159.0,155.5,156.0,922000
2023-12-29,159.0,159.0,159.5,157.0,158.5,498000
2024-01-02,158.0,158.0,160.0,157.0,159.5,269000
2024-01-03,158.5,158.5,159.0,157.0,157.5,307000
2024-01-04,157.0,157.0,159.0,157.0,158.5,285000
2024-01-05,158.5,158.5,161.0,158.5,159.5,1091000
2024-01-08,158.0,158.0,160.0,158.0,159.5,361000
2024-01-09,154.5,154.5,159.5,154.0,159.0,750000
2024-01-10,152.5,152.5,155.5,152.5,154.0,417000
2024-01-11,153.0,153.0,154.0,152.0,152.5,306000
2024-01-12,151.5,151.5,155.5,151.5,153.0,399000
2024-01-15,152.5,152.5,153.5,152.0,152.5,199000
2024-01-16,152.5,152.5,154.0,151.5,152.0,515000
2024-01-17,156.0,156.0,157.0,152.5,152.5,982000
2024-01-18,154.5,154.5,157.5,153.5,157.5,382000
2024-01-19,154.0,154.0,156.5,153.5,156.5,241000
2024-01-22,153.0,153.0,155.0,153.0,154.0,308000
2024-01-23,152.5,152.5,154.0,152.0,153.5,429000
2024-01-24,154.0,154.0,155.0,153.5,153.5,225000
2024-01-25,152.0,152.0,155.0,152.0,155.0,318000
2024-01-26,151.5,151.5,153.0,151.5,152.0,231000
2024-01-29,152.0,152.0,153.0,151.5,151.5,143000
2024-01-30,151.5,151.5,152.5,151.0,151.0,145000
2024-01-31,150.0,150.0,152.0,150.0,151.0,286000
2024-02-01,150.5,150.5,151.0,149.5,149.5,154000
2024-02-02,151.0,151.0,151.5,150.5,150.5,161000
2024-02-05,150.5,150.5,150.5,149.0,150.0,351000
2024-02-15,154.5,154.5,154.5,151.0,151.0,503000
2024-02-16,159.0,159.0,160.0,155.5,156.0,1322000
2024-02-19,160.5,160.5,161.5,158.0,160.0,1352000
2024-02-20,157.0,157.0,160.5,156.5,160.5,624000
2024-02-21,159.0,159.0,159.5,157.5,158.0,329000
2024-02-22,159.0,159.0,160.0,157.5,159.0,433000
2024-02-23,156.5,156.5,159.5,156.5,159.5,317000
2024-02-26,157.5,157.5,158.5,156.5,156.5,298000
2024-02-27,159.5,159.5,160.5,156.0,159.0,734000
2024-02-29,167.5,167.5,173.0,164.5,167.0,4696000
2024-03-01,167.5,167.5,168.5,165.0,168.5,1091000
2024-03-04,166.5,166.5,169.0,166.0,168.5,877000
2024-03-05,167.5,167.5,169.5,166.5,167.0,1097000
2024-03-06,169.5,169.5,171.0,167.5,168.5,1727000
2024-03-07,168.5,168.5,171.0,168.0,170.0,1245000
2024-03-08,161.0,161.0,168.5,160.5,168.5,1357000
2024-03-11,160.0,160.0,163.0,159.5,161.5,463000
2024-03-12,167.0,167.0,168.0,161.0,161.5,1218000
2024-03-13,170.5,170.5,171.0,166.5,171.0,2787000
2024-03-14,164.5,164.5,172.0,164.0,171.5,1234000
2024-03-15,163.0,163.0,165.5,162.0,164.5,598000
2024-03-18,166.0,166.0,167.5,163.0,163.0,602000
2024-03-19,163.0,163.0,164.0,161.5,162.0,1152000
2024-03-20,161.5,161.5,165.0,161.5,163.0,647000
2024-03-21,163.0,163.0,164.5,161.0,164.5,472000
2024-03-22,163.0,163.0,164.5,162.5,164.0,410000
2024-03-25,161.5,161.5,164.0,161.5,162.5,334000
2024-03-26,161.0,161.0,165.5,160.0,164.5,951000
2024-03-27,163.0,163.0,163.5,161.0,162.0,268000
2024-03-28,165.5,165.5,168.0,163.5,164.0,988000
2024-03-29,167.5,167.5,167.5,163.0,167.5,818000
2024-04-01,170.0,170.0,178.0,167.5,175.0,3637000
2024-04-02,169.0,169.0,174.5,168.5,171.0,1346000
2024-04-03,169.5,169.5,171.0,168.5,169.0,507000
2024-04-08,164.5,164.5,170.5,164.0,170.0,1001000
2024-04-09,160.5,160.5,163.0,159.5,162.5,1391000
2024-04-10,160.5,160.5,161.5,160.0,161.0,504000
2024-04-11,157.0,157.0,161.5,156.5,161.5,1066000
2024-04-12,154.5,154.5,158.5,154.5,158.0,1472000
2024-04-15,154.0,154.0,156.5,154.0,155.0,745000
2024-04-16,149.5,149.5,154.0,148.0,154.0,1260000
2024-04-17,152.0,152.0,152.0,150.0,150.5,455000
2024-04-18,151.0,151.0,152.0,150.0,151.5,379000
2024-04-19,148.5,148.5,151.0,145.0,150.0,913000
2024-04-22,150.0,150.0,150.5,147.0,150.0,499000
2024-04-23,150.5,150.5,152.0,149.0,152.0,492000
2024-04-24,151.5,151.5,152.5,151.0,152.5,343000
2024-04-25,152.0,152.0,152.5,151.0,152.0,261000
2024-04-26,152.0,152.0,152.5,151.0,151.5,280000
2024-04-29,155.5,155.5,155.5,152.5,152.5,381000
2024-04-30,155.5,155.5,157.5,155.5,156.5,462000
2024-05-02,155.5,155.5,156.0,154.5,156.0,175000
2024-05-03,155.5,155.5,156.5,154.5,156.5,209000
2024-05-06,155.0,155.0,157.0,154.5,157.0,173000
2024-05-07,152.5,152.5,155.5,152.5,155.0,338000
2024-05-08,156.0,156.0,156.0,152.0,152.5,273000
2024-05-09,156.5,156.5,156.5,155.0,155.5,368000
2024-05-10,160.5,160.5,163.0,158.5,158.5,1614000
2024-05-13,158.5,158.5,161.0,158.0,160.5,446000
2024-05-14,158.5,158.5,160.5,158.5,159.0,322000
2024-05-15,160.0,160.0,161.0,159.0,159.5,470000
2024-05-16,160.5,160.5,162.0,160.5,161.5,465000
2024-05-17,159.5,159.5,161.5,159.0,160.5,276000
2024-05-20,160.0,160.0,160.5,158.5,159.5,268000
2024-05-21,162.0,162.0,162.0,159.0,160.0,280000
2024-05-22,161.5,161.5,164.0,161.5,163.0,558000
2024-05-23,162.0,162.0,163.0,161.0,163.0,560000
2024-05-24,162.5,162.5,163.0,160.0,161.5,430000
2024-05-27,162.5,162.5,164.5,161.5,162.0,560000
2024-05-28,161.0,161.0,163.5,159.5,163.5,836000
2024-05-29,165.0,165.0,165.0,161.5,161.5,1118000
2024-05-30,165.5,165.5,167.5,163.0,164.5,813000
2024-05-31,164.0,164.0,166.5,164.0,166.5,642000
2024-06-03,164.5,164.5,166.5,164.0,166.5,477000
2024-06-04,166.0,166.0,168.0,164.5,166.5,576000
2024-06-05,164.0,164.0,166.0,163.0,166.0,465000
2024-06-06,166.0,166.0,166.0,163.5,164.5,466000
2024-06-07,165.0,165.0,167.0,163.5,167.0,547000
2024-06-11,166.5,166.5,166.5,164.0,166.0,519000
2024-06-12,166.0,166.0,166.5,165.0,165.5,366000
2024-06-13,168.0,168.0,168.0,165.5,166.5,666000
2024-06-14,168.5,168.5,169.0,167.0,168.0,525000
2024-06-17,167.0,167.0,168.5,167.0,168.5,363000
2024-06-18,167.0,167.0,168.5,166.5,167.5,299000
2024-06-19,165.0,165.0,168.0,165.0,168.0,367000
2024-06-20,165.5,165.5,166.0,165.0,165.0,241000
2024-06-21,164.0,164.0,165.5,163.0,165.5,443000
2024-06-24,162.5,162.5,164.5,162.0,164.0,410000
2024-06-25,162.0,162.0,163.0,160.5,163.0,337000
2024-06-26,162.5,162.5,164.5,161.5,162.0,441000
2024-06-27,162.0,162.0,163.5,161.5,161.5,138000
2024-06-28,163.0,163.0,163.5,162.0,163.5,199000
2024-07-01,164.0,164.0,165.0,162.5,164.0,313000
2024-07-02,164.0,164.0,165.5,163.5,164.0,207000
2024-07-03,166.5,166.5,168.0,165.5,166.5,599000
2024-07-04,165.5,165.5,167.0,165.5,166.5,302000
2024-07-05,165.0,165.0,166.0,165.0,165.5,229000
2024-07-08,165.0,165.0,168.0,165.0,165.0,421000
2024-07-09,161.5,161.5,165.0,160.0,165.0,557000
2024-07-10,164.5,164.5,165.0,161.5,162.0,333000
2024-07-11,165.0,165.0,166.0,164.5,165.5,309000
2024-07-12,166.0,166.0,167.0,163.0,164.0,488000
2024-07-15,167.0,167.0,167.0,165.5,166.0,352000
2024-07-16,168.0,168.0,170.5,168.0,168.0,1630000
2024-07-17,165.0,165.0,169.0,165.0,169.0,618000
2024-07-18,166.0,166.0,166.0,163.0,163.5,284000
2024-07-19,162.5,162.5,166.5,162.5,166.5,335000
2024-07-22,158.0,158.0,162.5,157.5,162.5,749000
2024-07-23,160.5,160.5,161.0,159.0,159.0,158000
2024-07-26,159.5,159.5,160.5,156.5,157.0,226000
2024-07-29,157.5,157.5,160.5,157.5,160.0,247000
2024-07-30,158.5,158.5,159.0,156.5,157.5,225000
2024-07-31,160.5,160.5,163.5,157.5,158.0,712000
2024-08-01,162.5,162.5,163.0,161.5,161.5,148000
2024-08-02,157.5,157.5,161.5,157.5,161.0,260000
2024-08-05,145.5,145.5,156.0,143.5,156.0,1165000
2024-08-06,144.5,144.5,149.5,138.5,149.5,693000
2024-08-07,152.5,152.5,153.5,146.0,146.0,428000
2024-08-08,150.5,150.5,152.0,150.0,150.0,199000
2024-08-09,152.0,152.0,157.0,151.0,157.0,422000
2024-08-12,153.0,153.0,154.0,152.0,152.5,276000
2024-08-13,155.0,155.0,156.0,154.0,155.0,332000
2024-08-14,157.0,157.0,160.0,157.0,158.0,593000
2024-08-15,157.0,157.0,158.5,156.0,157.5,248000
2024-08-16,157.5,157.5,159.5,157.0,159.5,267000
2024-08-19,158.0,158.0,159.0,157.5,158.0,214000
2024-08-20,158.0,158.0,159.5,157.5,159.5,302000
2024-08-21,156.0,156.0,159.0,155.5,159.0,339000
2024-08-22,155.5,155.5,157.0,155.5,156.0,102000
2024-08-23,156.5,156.5,156.5,154.0,154.0,253000
2024-08-26,155.5,155.5,158.0,155.5,156.5,177000
2024-08-27,155.5,155.5,156.5,155.5,155.5,72000
2024-08-28,156.5,156.5,157.5,155.5,156.5,154000
2024-08-29,156.5,156.5,157.5,155.5,155.5,260000
2024-08-30,158.5,158.5,159.0,156.5,156.5,425000
2024-09-02,160.5,160.5,161.5,159.0,160.0,559000
2024-09-03,162.5,162.5,163.0,160.5,160.5,939000
2024-09-04,152.0,152.0,156.0,150.5,151.0,1420000
2024-09-05,150.5,150.5,154.0,150.5,154.0,511000
2024-09-06,157.0,157.0,158.0,151.0,152.0,1068000
2024-09-09,161.5,161.5,162.5,154.5,155.0,1501000
2024-09-10,169.5,169.5,174.0,164.5,164.5,7682000
2024-09-11,171.0,171.0,175.0,169.5,171.5,6971000
2024-09-12,171.0,171.0,173.5,167.5,173.0,2703000
2024-09-13,176.5,176.5,181.0,170.5,171.5,5586000
2024-09-16,174.0,174.0,181.5,174.0,180.0,2347000
2024-09-18,169.0,169.0,175.5,169.0,175.0,1947000
2024-09-19,173.0,173.0,174.5,170.0,172.5,1233000
2024-09-20,179.0,179.0,179.5,172.5,175.0,2453000
2024-09-23,187.5,187.5,191.5,183.0,183.0,5915000
2024-09-24,187.0,187.0,190.5,187.0,190.0,2937000
2024-09-25,189.0,189.0,189.5,183.0,188.5,2661000
2024-09-26,181.5,181.5,189.5,181.5,189.0,1951000
2024-09-27,182.0,182.0,184.0,179.0,183.5,1695000
2024-09-30,182.5,182.5,186.5,179.0,183.0,1087000
2024-10-01,179.0,179.0,186.0,178.5,185.0,1016000
2024-10-04,174.5,174.5,179.5,172.5,179.0,1526000
2024-10-07,184.5,184.5,186.5,176.0,176.5,2750000
2024-10-08,184.5,184.5,186.0,181.5,185.5,1302000
2024-10-09,182.0,182.0,188.5,178.5,186.5,2632000
2024-10-11,176.0,176.0,182.5,175.0,182.0,1538000
2024-10-14,174.0,174.0,178.0,173.0,177.5,706000
2024-10-15,174.0,174.0,176.5,174.0,176.0,564000
2024-10-16,171.0,171.0,177.0,170.0,174.5,1146000
2024-10-17,172.0,172.0,174.0,171.0,171.5,709000
2024-10-18,171.0,171.0,173.5,170.5,172.0,556000
2024-10-21,172.0,172.0,173.5,171.0,172.0,390000
2024-10-22,170.5,170.5,173.0,168.5,173.0,1172000
2024-10-23,169.5,169.5,171.5,169.0,171.5,810000
2024-10-24,168.5,168.5,175.5,168.5,173.5,1845000
2024-10-25,172.0,172.0,173.0,169.5,171.0,635000
2024-10-28,172.5,172.5,174.0,170.5,173.5,575000
2024-10-29,168.0,168.0,171.5,166.5,171.0,1136000
2024-10-30,169.0,169.0,169.5,165.5,168.0,412000
2024-11-01,169.0,169.0,169.0,165.5,165.5,322000
2024-11-04,166.5,166.5,168.5,166.5,168.5,378000
2024-11-05,167.5,167.5,168.0,166.5,167.5,218000
2024-11-06,175.0,175.0,176.5,169.0,169.5,2020000
2024-11-07,173.5,173.5,179.0,170.5,176.0,2862000
2024-11-08,172.5,172.5,176.5,172.0,175.0,1376000
2024-11-11,180.5,180.5,184.5,175.0,175.0,5244000
2024-11-12,178.0,178.0,184.5,178.0,182.0,3852000
2024-11-13,178.0,178.0,179.0,176.0,177.5,1181000
2024-11-14,171.0,171.0,178.5,171.0,178.0,2247000
2024-11-15,172.5,172.5,174.5,171.0,172.5,993000
2024-11-18,171.0,171.0,173.0,169.0,171.5,583000
2024-11-19,172.0,172.0,175.0,169.5,173.0,1301000
2024-11-20,167.5,167.5,172.0,167.0,172.0,1502000
2024-11-21,168.5,168.5,168.5,165.5,166.0,1021000
2024-11-22,167.5,167.5,169.5,167.0,169.0,966000
2024-11-25,169.5,169.5,170.0,167.0,169.0,972000
2024-11-26,169.0,169.0,170.5,168.5,169.5,472000
2024-11-27,166.0,166.0,173.5,166.0,170.5,1557000
2024-11-28,162.0,162.0,166.5,161.0,166.5,1583000
2024-11-29,165.5,165.5,166.0,161.0,162.0,670000
2024-12-02,165.5,165.5,170.0,165.5,166.5,1066000
2024-12-03,170.0,170.0,170.5,167.5,167.5,1362000
2024-12-04,175.0,175.0,176.0,170.0,172.0,1506000
2024-12-05,176.5,176.5,179.0,175.5,177.0,1577000
2024-12-06,176.0,176.0,183.5,175.5,181.0,3190000
2024-12-09,179.0,179.0,182.0,178.5,180.5,2154000
2024-12-10,177.5,177.5,179.0,176.0,179.0,845000
2024-12-11,177.5,177.5,179.0,174.5,177.5,916000
2024-12-12,178.5,178.5,181.5,178.0,179.0,1305000
2024-12-13,177.5,177.5,180.5,175.5,178.0,897000
2024-12-16,175.5,175.5,178.5,174.5,177.0,986000
2024-12-17,176.5,176.5,178.5,175.0,175.5,738000
2024-12-18,179.0,179.0,179.0,175.5,177.0,663000
2024-12-19,180.0,180.0,180.0,174.0,176.5,1682000
2024-12-20,179.5,179.5,183.0,178.5,180.0,1778000
2024-12-23,185.5,185.5,186.5,179.5,181.5,3152000
2024-12-24,181.0,181.0,185.5,181.0,185.5,1960000
2024-12-25,179.5,179.5,183.5,179.0,183.0,1060000
2024-12-26,177.0,177.0,180.5,176.5,180.5,679000
2024-12-27,180.0,180.0,181.5,177.0,177.0,674000
2024-12-30,179.0,179.0,180.0,178.0,180.0,309000
2024-12-31,176.0,176.0,178.5,175.0,178.5,476000
2025-01-02,176.5,176.5,178.0,176.0,176.0,297000
2025-01-03,170.5,170.5,177.5,169.5,177.0,980000
2025-01-06,171.5,171.5,173.0,171.0,173.0,367000
2025-01-07,174.0,174.0,176.5,173.0,173.0,1074000
2025-01-08,176.5,176.5,176.5,173.0,174.0,527000
2025-01-09,174.5,174.5,181.5,173.5,176.5,1409000
2025-01-10,175.5,175.5,176.5,172.0,174.0,589000
2025-01-13,170.5,170.5,174.0,168.5,174.0,1100000
2025-01-14,175.0,175.0,175.0,170.0,170.5,582000
2025-01-15,176.0,176.0,179.0,174.0,176.5,998000
2025-01-16,182.5,182.5,183.0,178.0,178.5,1983000
2025-01-17,179.5,179.5,182.5,178.5,182.5,573000
2025-01-20,181.5,181.5,183.0,180.0,181.0,551000
2025-01-21,179.0,179.0,182.0,178.5,181.5,710000
2025-01-22,180.5,180.5,182.0,179.5,180.0,429000
2025-02-03,184.5,184.5,185.0,176.0,178.0,1426000
2025-02-04,188.0,188.0,194.0,183.0,185.0,3492000
2025-02-05,188.5,188.5,192.0,186.5,189.5,1522000
2025-02-06,187.5,187.5,189.5,184.0,188.5,1128000
2025-02-07,189.5,189.5,192.0,186.5,187.5,1529000
2025-02-10,186.0,186.0,192.0,185.0,190.0,1256000
2025-02-11,180.0,180.0,188.0,180.0,188.0,1671000
2025-02-12,179.5,179.5,182.5,177.0,180.0,1286000
2025-02-13,181.0,181.0,183.0,180.0,181.0,608000
2025-02-14,179.0,179.0,181.0,178.5,181.0,585000
2025-02-17,180.5,180.5,181.5,179.0,179.0,397000
2025-02-18,180.0,180.0,180.5,179.0,180.5,403000
2025-02-19,180.0,180.0,182.0,179.5,180.5,560000
2025-02-20,178.5,178.5,181.5,178.5,181.5,450000
2025-02-21,181.5,181.5,181.5,178.5,178.5,445000
2025-02-24,180.5,180.5,181.0,179.5,180.0,234000
2025-02-25,177.0,177.0,180.5,176.5,180.5,755000
2025-02-26,177.5,177.5,178.0,176.0,176.0,431000
2025-02-27,179.0,179.0,179.5,177.0,177.0,495000
2025-03-03,176.0,176.0,178.0,174.5,176.5,628000
2025-03-04,179.5,179.5,180.0,173.0,175.0,719000
2025-03-05,182.0,182.0,183.5,180.0,180.0,819000
2025-03-06,178.0,178.0,183.5,177.5,183.5,594000
2025-03-07,176.5,176.5,179.5,175.5,179.0,1213000
2025-03-10,169.0,169.0,177.5,168.5,177.5,1807000
2025-03-11,166.5,166.5,167.0,160.5,162.5,2334000
2025-03-12,169.0,169.0,170.0,167.0,168.0,1180000
2025-03-13,169.0,169.0,171.5,167.5,169.5,1161000
2025-03-14,167.0,167.0,169.0,166.5,169.0,547000
2025-03-17,166.5,166.5,168.0,166.0,167.0,502000
2025-03-18,168.5,168.5,168.5,166.0,167.0,903000
2025-03-19,167.5,167.5,169.0,166.5,168.0,570000
2025-03-20,169.0,169.0,169.5,167.0,167.0,603000
2025-03-21,169.0,169.0,169.0,167.5,169.0,512000
2025-03-24,172.5,172.5,175.0,169.0,169.0,1656000
2025-03-25,171.5,171.5,174.0,169.0,173.5,724000
2025-03-26,169.5,169.5,173.0,169.0,172.0,791000
2025-03-27,166.5,166.5,169.5,165.5,169.0,653000
2025-03-28,161.0,161.0,167.0,159.5,167.0,1362000
2025-03-31,157.0,157.0,159.5,155.5,158.0,858000
2025-04-01,161.5,161.5,163.0,157.5,158.5,611000
2025-04-02,162.0,162.0,163.5,161.0,162.0,297000
2025-04-07,146.0,146.0,146.0,146.0,146.0,101000
2025-04-08,137.0,137.0,138.5,132.0,135.0,1653000
2025-04-09,124.5,124.5,138.0,123.5,134.0,2271000
2025-04-10,136.5,136.5,136.5,136.5,136.5,255000
2025-04-11,138.0,138.0,139.0,130.0,132.5,1834000
2025-04-14,130.5,130.5,138.5,126.5,138.5,4165000
2025-04-15,143.5,143.5,143.5,135.0,137.0,3501000
2025-04-16,139.5,139.5,144.5,139.0,140.0,3914000
2025-04-17,137.5,137.5,140.5,136.5,140.5,1199000
2025-04-18,136.5,136.5,141.5,136.5,138.0,1323000
2025-04-21,142.0,142.0,146.5,136.5,138.0,3212000
2025-04-22,139.5,139.5,144.0,139.5,141.5,1434000
2025-04-23,143.0,143.0,145.0,141.0,145.0,1201000
2025-04-24,148.0,148.0,157.0,147.5,155.0,4225000
2025-04-25,148.0,148.0,153.0,147.5,152.5,1581000
2025-04-28,150.5,150.5,152.0,148.5,149.0,663000
2025-04-29,157.5,157.5,165.5,150.5,151.0,4615000
2025-04-30,152.0,152.0,157.5,151.0,156.0,1414000
2025-05-02,153.5,153.5,155.0,152.5,153.5,750000
2025-05-05,148.0,148.0,154.0,145.0,154.0,988000
2025-05-06,148.5,148.5,149.0,147.0,148.5,321000
2025-05-07,146.0,146.0,149.5,145.0,149.5,590000
2025-05-08,149.0,149.0,151.0,146.5,146.5,581000
2025-05-09,149.0,149.0,150.0,147.5,149.0,588000
2025-05-12,150.0,150.0,152.0,149.0,150.0,682000
2025-05-13,150.5,150.5,153.5,150.0,153.0,632000
2025-05-14,153.0,153.0,154.0,151.5,152.0,740000
2025-05-15,152.0,152.0,153.5,151.5,153.5,444000
2025-05-16,152.5,152.5,153.0,151.0,152.0,420000
2025-05-19,147.5,147.5,152.0,147.0,152.0,819000
2025-05-20,149.5,149.5,149.5,147.5,148.5,332000
2025-05-21,150.0,150.0,150.5,148.5,148.5,551000
2025-05-22,148.5,148.5,149.0,146.5,148.5,421000
2025-05-23,146.5,146.5,149.0,146.5,147.5,421000
2025-05-26,144.5,144.5,146.5,143.0,146.0,800000
2025-05-27,141.5,141.5,145.0,140.0,144.5,1130000
2025-05-28,139.0,139.0,143.5,137.5,143.0,1540000
2025-05-29,139.5,139.5,140.5,136.5,139.0,1305000
2025-06-02,140.0,140.0,141.0,138.0,140.5,770000
2025-06-03,139.0,139.0,141.0,138.5,140.5,817000
2025-06-04,140.5,140.5,141.0,139.0,140.5,878000
2025-06-05,137.5,137.5,140.5,137.0,140.5,911000
2025-06-06,134.5,134.5,137.5,134.0,136.5,1104000
2025-06-09,134.0,134.0,134.5,131.5,134.5,584000
2025-06-10,134.0,134.0,135.5,133.5,134.0,551000
2025-06-11,134.0,134.0,135.0,133.0,134.5,847000
2025-06-12,134.5,134.5,135.0,133.5,134.5,551000
2025-06-13,133.0,133.0,138.0,133.0,134.0,1530000
2025-06-16,132.5,132.5,133.5,131.5,133.5,705000
2025-06-17,133.0,133.0,134.5,132.5,133.0,453000
2025-06-18,132.5,132.5,134.0,132.5,133.0,497000
2025-06-19,134.0,134.0,134.5,132.5,133.5,676000
2025-06-20,131.5,131.5,134.5,131.0,134.0,925000
2025-06-23,129.5,129.5,130.0,127.5,130.0,807000
2025-06-24,132.0,132.0,133.5,130.5,130.5,399000
2025-06-25,132.0,132.0,133.5,131.0,133.5,472000
2025-06-26,131.5,131.5,133.5,131.0,132.5,525000
2025-06-27,132.5,132.5,135.0,132.0,133.5,740000
2025-06-30,131.5,131.5,135.0,131.5,135.0,1018000
2025-07-01,130.5,130.5,132.0,130.0,131.5,597000
2025-07-02,131.5,131.5,132.0,130.5,130.5,474000
2025-07-03,132.5,132.5,133.5,131.5,131.5,544000
2025-07-04,130.5,130.5,133.5,130.5,133.0,620000
2025-07-07,129.0,129.0,130.5,126.0,130.5,720000
2025-07-08,126.5,126.5,128.0,126.0,128.0,709000
2025-07-09,129.0,129.0,130.0,126.5,126.5,310000
2025-07-10,128.0,128.0,131.0,128.0,129.0,389000
2025-07-11,135.0,135.0,137.5,128.0,128.0,2022000
2025-07-14,130.0,130.0,135.0,130.0,135.0,1227000
2025-07-15,131.0,131.0,131.5,130.5,130.5,386000
2025-07-16,131.0,131.0,133.0,131.0,131.5,523000
2025-07-17,133.5,133.5,133.5,132.0,132.0,503000
2025-07-18,132.5,132.5,134.5,132.5,134.0,410000
2025-07-21,133.0,133.0,135.0,132.5,132.5,375000
2025-07-22,131.0,131.0,134.0,130.5,134.0,570000
2025-07-23,134.0,134.0,134.5,131.5,131.5,446000
2025-07-24,135.0,135.0,136.0,133.0,134.5,591000
2025-07-25,134.5,134.5,136.0,133.5,135.0,558000
2025-07-28,135.0,135.0,135.5,133.5,135.0,338000
2025-07-29,133.5,133.5,135.0,133.0,135.0,340000
2025-07-30,134.0,134.0,135.0,133.0,134.5,336000
2025-07-31,134.0,134.0,134.5,132.0,134.5,822000
2025-08-01,136.0,136.0,138.0,130.5,132.5,810000
2025-08-04,136.0,136.0,136.5,133.0,133.5,360000
2025-08-05,138.0,138.0,139.0,136.5,137.0,715000
2025-08-06,138.0,138.0,140.0,137.5,138.0,700000
2025-08-07,138.0,138.0,139.5,137.5,139.0,661000
2025-08-08,140.5,140.5,142.0,136.0,138.5,1743000
2025-08-11,144.0,144.0,145.0,141.5,142.0,1540000
2025-08-12,145.0,145.0,146.0,143.0,143.0,990000
2025-08-13,144.0,144.0,147.5,143.5,146.0,1433000
2025-08-14,142.0,142.0,144.5,142.0,144.5,960000
2025-08-15,144.5,144.5,145.0,142.0,142.5,575000
2025-08-18,142.5,142.5,145.0,142.0,145.0,586000
2025-08-19,142.0,142.0,142.5,140.5,142.5,611000
2025-08-20,141.0,141.0,143.0,139.5,140.5,561000
2025-08-21,143.5,143.5,144.0,142.5,142.5,288000
2025-08-22,144.5,144.5,145.5,143.0,143.0,506000
2025-08-25,146.0,146.0,147.5,146.0,146.0,763000
2025-08-26,147.5,147.5,152.0,146.5,147.0,1438000
2025-08-27,149.0,149.0,150.0,148.5,149.0,607000
2025-08-28,149.0,149.0,151.0,148.5,149.0,695000
2025-08-29,150.5,150.5,152.0,149.5,151.0,1031000
2025-09-01,149.0,149.0,150.0,147.0,150.0,1154000
2025-09-02,148.5,148.5,151.0,148.0,149.0,1244000
2025-09-03,137.0,137.0,140.0,136.0,136.0,1078000
2025-09-04,136.0,136.0,138.0,136.0,137.5,402000
2025-09-05,133.0,133.0,137.5,132.5,137.0,1239000
2025-09-08,131.5,131.5,132.5,130.5,132.5,706000
2025-09-09,131.0,131.0,132.5,131.0,131.5,479000
2025-09-10,131.5,131.5,132.0,130.5,131.0,311000
2025-09-11,128.5,128.5,132.5,127.5,132.0,1292000
2025-09-12,129.0,129.0,129.5,128.5,128.5,398000
2025-09-15,129.0,129.0,131.0,129.0,129.0,440000
2025-09-16,130.5,130.5,131.5,130.0,130.0,302000
2025-09-17,130.0,130.0,131.5,130.0,131.5,451000
2025-09-18,130.5,130.5,131.5,130.0,131.0,238000
2025-09-19,130.5,130.5,131.5,129.5,130.5,428000
2025-09-22,132.0,132.0,132.0,130.5,131.5,214000
2025-09-23,130.0,130.0,132.0,130.0,132.0,241000
2025-09-24,129.5,129.5,131.0,129.5,130.5,286000
2025-09-25,128.5,128.5,130.0,128.0,129.5,355000
2025-09-26,126.5,126.5,128.0,125.5,128.0,637000
2025-09-30,127.5,127.5,127.5,126.0,126.0,203000
2025-10-01,126.0,126.0,128.0,126.0,127.5,179000
2025-10-02,126.5,126.5,128.5,126.0,127.5,197000
2025-10-03,128.5,128.5,129.0,126.5,127.5,296000
2025-10-07,129.0,129.0,129.5,128.0,129.0,230000
2025-10-08,132.5,132.5,136.0,131.0,135.0,1595000
2025-10-09,131.0,131.0,134.0,130.5,134.0,585000
2025-10-13,128.5,128.5,129.0,125.0,127.0,431000
2025-10-14,126.5,126.5,130.5,125.5,129.5,643000
2025-10-15,126.0,126.0,127.0,125.5,126.5,345000
2025-10-16,126.5,126.5,127.5,126.0,127.0,222000
2025-10-17,127.0,127.0,128.5,126.5,127.0,203000
2025-10-20,126.0,126.0,127.5,126.0,127.0,261000
2025-10-21,129.0,129.0,130.0,126.5,126.5,474000
2025-10-22,133.5,133.5,133.5,129.5,130.0,1108000
2025-10-23,134.0,134.0,134.5,132.0,133.0,636000
2025-10-27,134.5,134.5,135.0,132.5,135.0,878000
2025-10-28,133.5,133.5,136.0,133.0,135.0,882000
2025-10-29,134.0,134.0,136.0,133.5,135.0,562000
2025-10-30,132.0,132.0,134.0,131.0,134.0,426000
2025-10-31,131.5,131.5,132.5,131.0,132.0,334000
2025-11-03,134.5,134.5,135.0,131.0,132.5,623000
2025-11-04,131.5,131.5,136.0,131.0,135.5,460000
2025-11-05,133.0,133.0,133.0,130.0,131.0,400000
2025-11-06,138.5,138.5,143.0,137.5,142.0,2151000
2025-11-07,137.0,137.0,141.5,137.0,138.5,1290000
2025-11-10,136.5,136.5,138.0,136.0,137.5,595000
2025-11-11,139.0,139.0,140.5,138.0,138.0,778000
2025-11-12,133.0,133.0,139.0,131.5,139.0,1663000
2025-11-13,130.0,130.0,132.5,129.0,132.0,1076000
2025-11-14,129.0,129.0,131.0,128.0,129.5,402000
2025-11-17,128.5,128.5,129.0,127.0,129.0,425000
2025-11-18,127.0,127.0,128.5,125.0,128.5,623000
2025-11-19,124.0,124.0,127.5,123.0,127.0,807000
2025-11-20,127.0,127.0,127.0,125.0,126.0,201000
2025-11-21,124.0,124.0,126.5,123.5,125.5,310000
2025-11-24,125.0,125.0,125.5,123.0,124.5,407000
2025-11-25,124.5,124.5,125.5,124.0,125.0,213000
2025-11-26,128.5,128.5,128.5,125.5,125.5,499000
2025-11-27,128.5,128.5,129.0,128.0,128.5,177000
2025-11-28,128.5,128.5,129.5,128.0,128.5,171000
2025-12-01,129.5,129.5,130.0,128.0,128.5,288000
2025-12-02,131.0,131.0,133.0,129.5,129.5,582000
2025-12-03,130.5,130.5,132.5,129.5,132.0,254000
2025-12-04,129.0,129.0,131.5,129.0,130.5,145000
2025-12-05,129.0,129.0,132.5,129.0,132.5,713000
2025-12-08,129.0,129.0,130.5,128.5,129.0,230000
2025-12-09,128.0,128.0,129.0,127.5,129.0,206000
2025-12-10,127.0,127.0,129.0,127.0,128.0,159000
2025-12-11,127.0,127.0,129.5,126.5,128.5,274000
2025-12-12,127.0,127.0,128.0,126.5,127.5,266000
2025-12-15,126.0,126.0,127.0,125.5,127.0,142000
2025-12-16,125.0,125.0,127.0,125.0,126.0,318000
2025-12-17,127.5,127.5,128.0,125.5,125.5,278000
2025-12-18,126.5,126.5,127.5,126.0,126.5,180000
2025-12-19,127.0,127.0,127.5,126.0,126.5,146000
2025-12-22,128.0,128.0,128.5,127.5,128.0,124000
2025-12-23,126.5,126.5,128.0,126.0,127.5,220000
2025-12-24,126.5,126.5,127.5,126.0,126.5,146000
2025-12-26,125.0,125.0,127.0,124.5,127.0,380000
2025-12-29,125.0,125.0,126.0,125.0,125.5,174000
2025-12-30,125.0,125.0,125.0,123.5,124.5,182000
2025-12-31,127.0,127.0,127.0,125.0,125.5,289000
2026-01-02,127.0,127.0,127.5,125.5,127.0,298000
2026-01-05,125.0,125.0,128.0,124.5,128.0,403000
2026-01-06,124.0,124.0,126.0,124.0,125.0,370000
2026-01-07,126.0,126.0,126.0,123.5,124.0,365000
2026-01-08,123.5,123.5,125.5,123.0,125.0,617000
2026-01-09,124.0,124.0,124.0,122.0,123.5,281000
2026-01-12,123.0,123.0,124.5,122.5,124.5,399000
2026-01-13,121.5,121.5,124.0,121.0,124.0,510000
2026-01-14,124.0,124.0,124.5,122.0,122.0,490000
2026-01-15,123.0,123.0,124.5,122.0,124.0,349000
2026-01-16,127.5,127.5,128.0,124.0,124.0,981000
2026-01-19,129.0,129.0,130.0,128.0,128.5,915000
2026-01-20,127.0,127.0,129.0,125.0,129.0,603000
2026-01-21,125.5,125.5,127.0,125.0,126.5,420000
2026-01-22,127.0,127.0,127.5,125.0,126.0,430000
2026-01-23,125.0,125.0,128.0,124.5,127.0,353000
2026-01-26,125.0,125.0,126.0,124.0,125.0,246000
2026-01-27,123.5,123.5,125.5,123.0,125.0,401000
2026-01-28,122.5,122.5,124.0,122.0,124.0,408000
2026-01-29,120.5,120.5,122.5,120.0,122.5,877000
2026-01-30,116.0,116.0,120.0,116.0,120.0,1329000
2026-02-02,113.0,113.0,116.0,113.0,116.0,620000
2026-02-03,112.5,112.5,114.5,111.5,113.5,678000
2026-02-04,113.0,113.0,114.0,112.0,113.0,582000
2026-02-05,113.0,113.0,116.0,112.0,113.0,624000
2026-02-06,111.5,111.5,112.5,110.0,112.5,391000
2026-02-09,112.5,112.5,113.0,111.5,112.5,308000
2026-02-10,112.0,112.0,113.0,109.5,110.5,548000
2026-02-11,113.0,113.0,113.5,111.0,111.0,402000
2026-02-23,109.5,109.5,113.0,109.0,113.0,985000
2026-02-24,110.0,110.0,111.5,109.5,110.0,646000
2026-02-25,111.0,111.0,111.5,109.0,110.5,854000
2026-02-26,117.0,117.0,117.0,110.5,110.5,2746000
2026-03-02,117.5,117.5,119.0,113.5,114.0,773000
2026-03-03,113.5,113.5,117.5,113.0,117.5,519000
2026-03-04,109.0,109.0,112.0,108.5,111.5,562000
2026-03-05,114.0,114.0,114.5,111.5,111.5,375000
2026-03-06,114.0,114.0,115.0,112.5,112.5,222000
2026-03-09,106.5,106.5,109.5,106.5,108.5,657000
2026-03-10,110.0,110.0,110.0,108.0,109.0,414000
2026-03-11,114.0,114.0,114.5,112.0,112.0,465000
2026-03-12,117.5,117.5,118.5,114.5,114.5,708000
2026-03-13,113.5,113.5,115.5,113.5,113.5,567000
2026-03-16,114.0,114.0,114.5,112.5,112.5,265000
2026-03-17,116.0,116.0,117.5,115.0,115.5,531000
2026-03-18,115.0,115.0,117.0,114.5,116.5,445000
2026-03-19,114.0,114.0,116.0,113.0,115.0,210000
2026-03-20,116.5,116.5,116.5,113.0,115.0,626000
2026-03-23,113.5,113.5,116.0,112.5,113.5,462000
2026-03-24,115.5,115.5,116.0,113.0,116.0,219000
2026-03-25,113.5,113.5,116.5,112.5,116.5,631000
2026-03-26,112.5,112.5,115.0,112.5,114.5,397000
2026-03-27,112.5,112.5,113.0,111.0,111.0,259000
2026-03-30,110.0,110.0,111.0,109.5,110.5,296000
2026-03-31,108.0,108.0,110.5,107.5,110.0,423000
2026-04-01,109.0,109.0,110.0,109.0,109.5,189000
2026-04-02,108.0,108.0,110.5,107.5,109.0,278000
2026-04-07,106.5,106.5,109.0,106.5,109.0,470000
2026-04-08,105.5,105.5,107.0,104.5,106.5,805000
2026-04-09,103.0,103.0,105.5,102.5,105.5,790000
2026-04-10,103.5,103.5,105.0,102.5,104.0,545000
2026-04-13,103.5,103.5,104.0,102.0,103.5,396000
2026-04-14,104.5,104.5,105.0,103.5,104.0,394000
2026-04-15,105.0,105.0,107.0,104.5,105.5,431000
2026-04-16,107.0,107.0,107.5,105.5,106.0,394000
2026-04-17,109.0,109.0,109.5,106.5,107.5,668000
2026-04-20,108.0,108.0,110.0,107.5,110.0,405000
2026-04-21,108.5,108.5,109.5,108.0,108.5,348000
2026-04-22,110.0,110.0,110.0,108.0,109.0,390000
2026-04-23,107.5,107.5,111.5,105.0,110.0,763000
2026-04-24,106.0,106.0,108.5,106.0,107.5,244000
2026-04-27,105.5,105.5,106.5,103.0,106.5,404000
2026-04-28,104.5,104.5,105.5,104.0,105.5,241000
2026-04-29,106.0,106.0,106.0,103.5,103.5,162000
2026-04-30,107.5,107.5,108.0,105.0,105.0,391000
2026-05-04,106.0,106.0,108.5,105.0,108.5,481000
2026-05-05,109.0,109.0,109.5,106.0,106.5,578000
2026-05-06,116.0,116.0,116.5,108.5,110.5,2465000
2026-05-07,124.0,124.0,124.0,115.0,115.0,4315000
2026-05-08,124.0,124.0,126.5,122.0,123.5,2432000
2026-05-11,120.5,120.5,123.5,120.0,122.0,1866000
2026-05-12,119.0,119.0,121.0,118.5,120.5,1091000
2026-05-13,118.5,118.5,121.5,118.0,119.0,732000
2026-05-14,117.5,117.5,120.0,117.0,120.0,652000
2026-05-15,115.5,115.5,118.5,115.5,117.5,645000
2026-05-18,113.5,113.5,115.0,113.5,115.0,695000
2026-05-19,113.5,113.5,116.5,113.0,114.5,695000
2026-05-20,117.5,117.5,118.5,113.5,113.5,1235000
2026-05-21,119.5,119.5,120.5,118.5,118.5,922000
2026-05-22,120.0,120.0,120.5,118.5,119.5,1130000
2026-05-25,119.0,119.0,121.0,118.0,121.0,1022000
2026-05-26,117.0,117.0,119.5,116.0,119.0,956000
2026-05-27,116.5,116.5,119.0,116.0,117.0,624000
2026-05-28,122.5,122.5,127.5,119.0,119.0,3064000
2026-05-29,122.5,122.5,126.0,122.0,125.0,1607000
2026-06-01,119.0,119.0,122.5,119.0,122.5,1061000
2026-06-02,119.0,119.0,119.5,116.5,119.0,734000
2026-06-03,120.5,120.5,121.5,118.0,119.0,1045000
2026-06-04,118.5,118.5,120.5,118.5,120.5,415000
2026-06-05,120.5,120.5,123.5,119.5,120.0,1322000
2026-06-08,119.5,119.5,121.0,115.0,115.0,928000
2026-06-09,123.5,123.5,124.0,121.0,121.0,1388000
2026-06-10,120.0,120.0,125.0,120.0,123.0,1054000
2026-06-11,120.5,120.5,121.0,118.0,120.0,545000
2026-06-12,120.5,120.5,123.0,120.0,122.0,600000
2026-06-15,121.0,121.0,122.5,120.0,122.5,613000
2026-06-16,118.0,118.0,121.5,118.0,121.5,539000
2026-06-17,118.0,118.0,118.5,117.0,118.0,472000
2026-06-18,120.5,120.5,121.5,119.0,119.0,756000
2026-06-22,122.0,122.0,124.0,121.0,123.0,927000
2026-06-23,120.0,120.0,122.0,119.0,122.0,468000
2026-06-24,120.0,120.0,120.0,118.0,119.5,360000
2026-06-25,119.0,119.0,121.0,118.5,120.0,303000
2026-06-26,116.5,116.5,119.0,116.5,119.0,451000
2026-06-29,116.5,116.5,118.0,116.5,117.0,227000
2026-06-30,117.5,117.5,118.0,117.0,117.0,271000
2026-07-01,116.5,116.5,119.0,116.0,118.0,423000
2026-07-02,119.0,119.0,119.0,115.0,116.5,484000
2026-07-03,123.5,123.5,124.0,118.5,119.0,1817000
2026-07-06,123.5,123.5,127.0,123.0,123.5,1064000
2026-07-07,123.5,123.5,129.5,122.5,127.5,2084000
2026-07-08,124.0,124.0,125.5,122.5,125.0,827000
2026-07-09,122.5,122.5,124.5,122.0,124.0,603000
2026-07-13,121.5,121.5,123.5,120.5,123.5,543000
2026-07-14,121.0,121.0,121.5,118.5,121.5,505000
2026-07-15,120.0,120.0,121.5,119.5,120.5,368000
2026-07-16,119.5,119.5,120.5,118.5,120.0,192000
2026-07-17,115.5,115.5,118.5,115.5,118.0,544000
2026-07-20,114.0,114.0,116.0,110.0,115.5,594000
2026-07-21,118.0,118.0,119.0,115.0,115.0,345000
2026-07-22,117.0,117.0,119.5,117.0,118.5,215000
2026-07-23,115.0,115.0,118.0,115.0,118.0,290000
2026-07-24,115.5,115.5,117.0,115.0,115.0,185000
2026-07-27,115.5,115.5,117.5,115.0,116.5,229000
2026-07-28,113.0,113.0,116.0,112.5,116.0,377000
2026-07-29,112.5,112.5,113.5,110.0,113.0,507000
2026-07-30,112.0,112.0,113.5,111.0,112.0,243000
2026-07-31,116.0,116.0,119.5,114.0,114.0,1524000
2026-08-03,117.5,117.5,117.5,115.5,115.5,467000
2026-08-04,116.5,116.5,118.0,116.5,117.5,222000
2026-08-05,119.0,119.0,120.5,116.5,118.0,456000
2026-08-06,120.5,120.5,120.5,118.0,120.0,409000
2026-08-07,126.5,126.5,127.0,121.5,121.5,3523000
2026-08-10,130.0,130.0,131.0,126.0,127.5,3477000
2026-08-11,130.5,130.5,131.0,128.0,130.0,1391000
2026-08-12,130.5,130.5,131.0,129.0,131.0,953000
2026-08-13,129.5,129.5,131.0,129.5,131.0,760000
2026-08-14,127.5,127.5,130.0,127.0,130.0,793000
2026-08-17,128.0,128.0,129.0,127.0,128.5,335000
2026-08-18,126.5,126.5,128.5,126.0,127.5,599000
2026-08-19,128.0,128.0,128.0,124.0,126.0,385000
2026-08-20,127.5,127.5,128.5,127.0,128.0,312000
2026-08-21,128.0,128.0,128.5,127.0,127.0,381000
2026-08-24,126.5,126.5,129.0,126.5,128.0,276840
2026-08-25,127.5,127.5,128.0,125.0,126.0,310902
2026-08-26,127.0,127.0,128.5,127.0,127.0,343810
2026-08-27,127.5,127.5,128.5,127.0,128.0,436274
2026-08-28,127.0,127.0,128.5,127.0,127.5,520553
2026-08-31,125.5,125.5,127.0,125.0,127.0,505864
2026-09-01,126.5,126.5,128.0,125.0,125.0,670569
2026-09-02,127.0,127.0,128.0,125.5,127.0,861777
2026-09-03,118.0,118.0,122.5,117.5,121.5,1310345
2026-09-04,117.5,117.5,118.5,116.0,118.0,475003
2026-09-07,114.0,114.0,117.0,113.5,117.0,1042739
2026-09-08,113.5,113.5,114.5,113.0,114.0,350738
2026-09-09,112.5,112.5,113.5,112.0,113.5,373825
2026-09-10,112.0,112.0,113.0,111.5,113.0,366180
2026-09-11,111.0,111.0,111.5,110.5,111.5,411213
2026-09-14,111.0,111.0,112.0,110.0,110.5,238589
2026-09-15,110.5,110.5,111.5,110.0,111.5,242835
2026-09-16,111.0,111.0,112.0,110.5,110.5,189347
2026-09-17,111.0,111.0,112.0,111.0,111.5,279339
2026-09-18,113.5,113.5,113.5,111.0,111.5,525755
2026-09-21,112.5,112.5,113.5,112.0,113.5,394094
2026-09-22,112.0,112.0,113.5,111.5,113.5,380978
2026-09-23,111.0,111.0,112.5,111.0,112.5,152002
2026-09-24,112.5,112.5,112.5,111.0,111.0,216051
2026-09-25,112.5,112.5,112.5,111.0,111.0,216051
2026-09-28,112.5,112.5,112.5,111.0,111.0,216051
2026-09-29,111.5,111.5,112.0,111.0,111.5,219867
2026-09-30,112.5,112.5,113.0,111.0,113.0,335441
2026-10-01,113.0,113.0,113.0,111.5,112.5,210814
2026-10-02,117.0,117.0,117.5,112.5,113.0,769949
2026-10-05,116.5,116.5,119.0,116.0,117.0,421973
2026-10-06,116.0,116.0,117.5,116.0,116.5,190256
2026-10-07,116.0,116.0,117.5,116.0,116.5,190256
2026-10-08,116.0,116.0,117.5,116.0,116.5,190256
