Date,Adj Close,Close,High,Low,Open,Volume
2016-08-12,125.0,125.0,130.5,125.0,126.0,63581
2016-08-15,125.0,125.0,130.5,125.0,126.0,63581
2016-08-16,125.0,125.0,130.5,125.0,126.0,63581
2016-08-17,125.0,125.0,130.5,125.0,126.0,63581
2016-08-18,125.0,125.0,130.5,125.0,126.0,63581
2016-08-19,125.0,125.0,130.5,125.0,126.0,63581
2016-08-22,125.0,125.0,130.5,125.0,126.0,63581
2016-08-23,125.0,125.0,130.5,125.0,126.0,63581
2016-08-24,125.0,125.0,130.5,125.0,126.0,63581
2016-08-25,125.0,125.0,130.5,125.0,126.0,63581
2016-08-26,125.0,125.0,130.5,125.0,126.0,63581
2016-08-29,125.0,125.0,130.5,125.0,126.0,63581
2016-08-30,125.0,125.0,130.5,125.0,126.0,63581
2016-08-31,125.0,125.0,130.5,125.0,126.0,63581
2016-09-01,125.0,125.0,130.5,125.0,126.0,63581
2016-09-02,125.0,125.0,130.5,125.0,126.0,63581
2016-09-05,125.0,125.0,130.5,125.0,126.0,63581
2016-09-06,125.0,125.0,130.5,125.0,126.0,63581
2016-09-07,125.0,125.0,130.5,125.0,126.0,63581
2016-09-08,125.0,125.0,130.5,125.0,126.0,63581
2016-09-09,125.0,125.0,130.5,125.0,126.0,63581
2016-09-12,125.0,125.0,130.5,125.0,126.0,63581
2016-09-13,125.0,125.0,130.5,125.0,126.0,63581
2016-09-14,125.0,125.0,130.5,125.0,126.0,63581
2016-09-19,125.0,125.0,130.5,125.0,126.0,63581
2016-09-20,125.0,125.0,130.5,125.0,126.0,63581
2016-09-21,125.0,125.0,130.5,125.0,126.0,63581
2016-09-22,125.0,125.0,130.5,125.0,126.0,63581
2016-09-23,125.0,125.0,130.5,125.0,126.0,63581
2016-09-26,125.0,125.0,130.5,125.0,126.0,63581
2016-09-29,125.0,125.0,130.5,125.0,126.0,63581
2016-09-30,125.0,125.0,130.5,125.0,126.0,63581
2016-10-03,125.0,125.0,130.5,125.0,126.0,63581
2016-10-04,125.0,125.0,130.5,125.0,126.0,63581
2016-10-05,125.0,125.0,130.5,125.0,126.0,63581
2016-10-06,125.0,125.0,130.5,125.0,126.0,63581
2016-10-07,125.0,125.0,130.5,125.0,126.0,63581
2016-10-11,125.0,125.0,130.5,125.0,126.0,63581
2016-10-12,125.0,125.0,130.5,125.0,126.0,63581
2016-10-13,125.0,125.0,130.5,125.0,126.0,63581
2016-10-14,125.0,125.0,130.5,125.0,126.0,63581
2016-10-17,125.0,125.0,130.5,125.0,126.0,63581
2016-10-18,125.0,125.0,130.5,125.0,126.0,63581
2016-10-19,125.0,125.0,130.5,125.0,126.0,63581
2016-10-20,125.0,125.0,130.5,125.0,126.0,63581
2016-10-21,125.0,125.0,130.5,125.0,126.0,63581
2016-10-24,125.0,125.0,130.5,125.0,126.0,63581
2016-10-25,125.0,125.0,130.5,125.0,126.0,63581
2016-10-26,125.0,125.0,130.5,125.0,126.0,63581
2016-10-27,125.0,125.0,130.5,125.0,126.0,63581
2016-10-28,125.0,125.0,130.5,125.0,126.0,63581
2016-10-31,125.0,125.0,130.5,125.0,126.0,63581
2016-11-01,125.0,125.0,130.5,125.0,126.0,63581
2016-11-02,125.0,125.0,130.5,125.0,126.0,63581
2016-11-03,125.0,125.0,130.5,125.0,126.0,63581
2016-11-04,125.0,125.0,130.5,125.0,126.0,63581
2016-11-07,125.0,125.0,130.5,125.0,126.0,63581
2016-11-08,125.0,125.0,130.5,125.0,126.0,63581
2016-11-09,125.0,125.0,130.5,125.0,126.0,63581
2016-11-10,125.0,125.0,130.5,125.0,126.0,63581
2016-11-11,125.0,125.0,130.5,125.0,126.0,63581
2016-11-14,125.0,125.0,130.5,125.0,126.0,63581
2016-11-15,125.0,125.0,130.5,125.0,126.0,63581
2016-11-16,125.0,125.0,130.5,125.0,126.0,63581
2016-11-17,125.0,125.0,130.5,125.0,126.0,63581
2016-11-18,125.0,125.0,130.5,125.0,126.0,63581
2016-11-21,125.0,125.0,130.5,125.0,126.0,63581
2016-11-22,125.0,125.0,130.5,125.0,126.0,63581
2016-11-23,125.0,125.0,130.5,125.0,126.0,63581
2016-11-24,125.0,125.0,130.5,125.0,126.0,63581
2016-11-25,125.0,125.0,130.5,125.0,126.0,63581
2016-11-28,125.0,125.0,130.5,125.0,126.0,63581
2016-11-29,125.0,125.0,130.5,125.0,126.0,63581
2016-11-30,125.0,125.0,130.5,125.0,126.0,63581
2016-12-01,125.0,125.0,130.5,125.0,126.0,63581
2016-12-02,125.0,125.0,130.5,125.0,126.0,63581
2016-12-05,125.0,125.0,130.5,125.0,126.0,63581
2016-12-06,125.0,125.0,130.5,125.0,126.0,63581
2016-12-07,125.0,125.0,130.5,125.0,126.0,63581
2016-12-08,125.0,125.0,130.5,125.0,126.0,63581
2016-12-09,125.0,125.0,130.5,125.0,126.0,63581
2016-12-12,125.0,125.0,130.5,125.0,126.0,63581
2016-12-13,125.0,125.0,130.5,125.0,126.0,63581
2016-12-14,125.0,125.0,130.5,125.0,126.0,63581
2016-12-15,125.0,125.0,130.5,125.0,126.0,63581
2016-12-16,125.0,125.0,130.5,125.0,126.0,63581
2016-12-19,125.0,125.0,130.5,125.0,126.0,63581
2016-12-20,125.0,125.0,130.5,125.0,126.0,63581
2016-12-21,125.0,125.0,130.5,125.0,126.0,63581
2016-12-22,125.0,125.0,130.5,125.0,126.0,63581
2016-12-23,125.0,125.0,130.5,125.0,126.0,63581
2016-12-26,125.0,125.0,130.5,125.0,126.0,63581
2016-12-27,125.0,125.0,130.5,125.0,126.0,63581
2016-12-28,125.0,125.0,130.5,125.0,126.0,63581
2016-12-29,125.0,125.0,130.5,125.0,126.0,63581
2016-12-30,125.0,125.0,130.5,125.0,126.0,63581
2017-01-03,125.0,125.0,130.5,125.0,126.0,63581
2017-01-04,125.0,125.0,130.5,125.0,126.0,63581
2017-01-05,125.0,125.0,130.5,125.0,126.0,63581
2017-01-06,125.0,125.0,130.5,125.0,126.0,63581
2017-01-09,125.0,125.0,130.5,125.0,126.0,63581
2017-01-10,125.0,125.0,130.5,125.0,126.0,63581
2017-01-11,125.0,125.0,130.5,125.0,126.0,63581
2017-01-12,125.0,125.0,130.5,125.0,126.0,63581
2017-01-13,125.0,125.0,130.5,125.0,126.0,63581
2017-01-16,125.0,125.0,130.5,125.0,126.0,63581
2017-01-17,125.0,125.0,130.5,125.0,126.0,63581
2017-01-18,125.0,125.0,130.5,125.0,126.0,63581
2017-01-19,125.0,125.0,130.5,125.0,126.0,63581
2017-01-20,125.0,125.0,130.5,125.0,126.0,63581
2017-01-23,125.0,125.0,130.5,125.0,126.0,63581
2017-01-24,125.0,125.0,130.5,125.0,126.0,63581
2017-02-02,125.0,125.0,130.5,125.0,126.0,63581
2017-02-03,125.0,125.0,130.5,125.0,126.0,63581
2017-02-06,125.0,125.0,130.5,125.0,126.0,63581
2017-02-07,125.0,125.0,130.5,125.0,126.0,63581
2017-02-08,125.0,125.0,130.5,125.0,126.0,63581
2017-02-09,125.0,125.0,130.5,125.0,126.0,63581
2017-02-10,125.0,125.0,130.5,125.0,126.0,63581
2017-02-13,125.0,125.0,130.5,125.0,126.0,63581
2017-02-14,125.0,125.0,130.5,125.0,126.0,63581
2017-02-15,125.0,125.0,130.5,125.0,126.0,63581
2017-02-16,125.0,125.0,130.5,125.0,126.0,63581
2017-02-17,125.0,125.0,130.5,125.0,126.0,63581
2017-02-20,125.0,125.0,130.5,125.0,126.0,63581
2017-02-21,125.0,125.0,130.5,125.0,126.0,63581
2017-02-22,125.0,125.0,130.5,125.0,126.0,63581
2017-02-23,125.0,125.0,130.5,125.0,126.0,63581
2017-02-24,125.0,125.0,130.5,125.0,126.0,63581
2017-03-01,125.0,125.0,130.5,125.0,126.0,63581
2017-03-02,125.0,125.0,130.5,125.0,126.0,63581
2017-03-03,125.0,125.0,130.5,125.0,126.0,63581
2017-03-06,125.0,125.0,130.5,125.0,126.0,63581
2017-03-07,125.0,125.0,130.5,125.0,126.0,63581
2017-03-08,125.0,125.0,130.5,125.0,126.0,63581
2017-03-09,125.0,125.0,130.5,125.0,126.0,63581
2017-03-10,125.0,125.0,130.5,125.0,126.0,63581
2017-03-13,125.0,125.0,130.5,125.0,126.0,63581
2017-03-14,125.0,125.0,130.5,125.0,126.0,63581
2017-03-15,125.0,125.0,130.5,125.0,126.0,63581
2017-03-16,125.0,125.0,130.5,125.0,126.0,63581
2017-03-17,125.0,125.0,130.5,125.0,126.0,63581
2017-03-20,125.0,125.0,130.5,125.0,126.0,63581
2017-03-21,125.0,125.0,130.5,125.0,126.0,63581
2017-03-22,125.0,125.0,130.5,125.0,126.0,63581
2017-03-23,125.0,125.0,130.5,125.0,126.0,63581
2017-03-24,125.0,125.0,130.5,125.0,126.0,63581
2017-03-27,125.0,125.0,130.5,125.0,126.0,63581
2017-03-28,125.0,125.0,130.5,125.0,126.0,63581
2017-03-29,125.0,125.0,130.5,125.0,126.0,63581
2017-03-30,125.0,125.0,130.5,125.0,126.0,63581
2017-03-31,125.0,125.0,130.5,125.0,126.0,63581
2017-04-05,125.0,125.0,130.5,125.0,126.0,63581
2017-04-06,125.0,125.0,130.5,125.0,126.0,63581
2017-04-07,125.0,125.0,130.5,125.0,126.0,63581
2017-04-10,125.0,125.0,130.5,125.0,126.0,63581
2017-04-11,125.0,125.0,130.5,125.0,126.0,63581
2017-04-12,125.0,125.0,130.5,125.0,126.0,63581
2017-04-13,125.0,125.0,130.5,125.0,126.0,63581
2017-04-14,125.0,125.0,130.5,125.0,126.0,63581
2017-04-17,125.0,125.0,130.5,125.0,126.0,63581
2017-04-18,125.0,125.0,130.5,125.0,126.0,63581
2017-04-19,125.0,125.0,130.5,125.0,126.0,63581
2017-04-21,125.0,125.0,130.5,125.0,126.0,63581
2017-04-24,125.0,125.0,130.5,125.0,126.0,63581
2017-04-25,125.0,125.0,130.5,125.0,126.0,63581
2017-04-26,125.0,125.0,130.5,125.0,126.0,63581
2017-04-27,125.0,125.0,130.5,125.0,126.0,63581
2017-04-28,125.0,125.0,130.5,125.0,126.0,63581
2017-05-02,125.0,125.0,130.5,125.0,126.0,63581
2017-05-03,125.0,125.0,130.5,125.0,126.0,63581
2017-05-04,125.0,125.0,130.5,125.0,126.0,63581
2017-05-05,125.0,125.0,130.5,125.0,126.0,63581
2017-05-08,125.0,125.0,130.5,125.0,126.0,63581
2017-05-09,125.0,125.0,130.5,125.0,126.0,63581
2017-05-10,125.0,125.0,130.5,125.0,126.0,63581
2017-05-11,125.0,125.0,130.5,125.0,126.0,63581
2017-05-12,125.0,125.0,130.5,125.0,126.0,63581
2017-05-15,125.0,125.0,130.5,125.0,126.0,63581
2017-05-16,125.0,125.0,130.5,125.0,126.0,63581
2017-05-17,125.0,125.0,130.5,125.0,126.0,63581
2017-05-18,125.0,125.0,130.5,125.0,126.0,63581
2017-05-19,125.0,125.0,130.5,125.0,126.0,63581
2017-05-22,125.0,125.0,130.5,125.0,126.0,63581
2017-05-23,125.0,125.0,130.5,125.0,126.0,63581
2017-05-24,125.0,125.0,130.5,125.0,126.0,63581
2017-05-25,125.0,125.0,130.5,125.0,126.0,63581
2017-05-26,125.0,125.0,130.5,125.0,126.0,63581
2017-05-31,125.0,125.0,130.5,125.0,126.0,63581
2017-06-01,125.0,125.0,130.5,125.0,126.0,63581
2017-06-02,125.0,125.0,130.5,125.0,126.0,63581
2017-06-05,125.0,125.0,130.5,125.0,126.0,63581
2017-06-06,125.0,125.0,130.5,125.0,126.0,63581
2017-06-07,125.0,125.0,130.5,125.0,126.0,63581
2017-06-08,125.0,125.0,130.5,125.0,126.0,63581
2017-06-09,125.0,125.0,130.5,125.0,126.0,63581
2017-06-12,125.0,125.0,130.5,125.0,126.0,63581
2017-06-13,125.0,125.0,130.5,125.0,126.0,63581
2017-06-14,125.0,125.0,130.5,125.0,126.0,63581
2017-06-15,125.0,125.0,130.5,125.0,126.0,63581
2017-06-16,125.0,125.0,130.5,125.0,126.0,63581
2017-06-19,125.0,125.0,130.5,125.0,126.0,63581
2017-06-20,125.0,125.0,130.5,125.0,126.0,63581
2017-06-21,125.0,125.0,130.5,125.0,126.0,63581
2017-06-22,125.0,125.0,130.5,125.0,126.0,63581
2017-06-23,125.0,125.0,130.5,125.0,126.0,63581
2017-06-26,125.0,125.0,130.5,125.0,126.0,63581
2017-06-27,125.0,125.0,130.5,125.0,126.0,63581
2017-06-28,125.0,125.0,130.5,125.0,126.0,63581
2017-06-29,125.0,125.0,130.5,125.0,126.0,63581
2017-06-30,125.0,125.0,130.5,125.0,126.0,63581
2017-07-03,125.0,125.0,130.5,125.0,126.0,63581
2017-07-04,125.0,125.0,130.5,125.0,126.0,63581
2017-07-05,125.0,125.0,130.5,125.0,126.0,63581
2017-07-06,125.0,125.0,130.5,125.0,126.0,63581
2017-07-07,125.0,125.0,130.5,125.0,126.0,63581
2017-07-10,125.0,125.0,130.5,125.0,126.0,63581
2017-07-11,125.0,125.0,130.5,125.0,126.0,63581
2017-07-12,125.0,125.0,130.5,125.0,126.0,63581
2017-07-13,125.0,125.0,130.5,125.0,126.0,63581
2017-07-14,125.0,125.0,130.5,125.0,126.0,63581
2017-07-17,125.0,125.0,130.5,125.0,126.0,63581
2017-07-18,125.0,125.0,130.5,125.0,126.0,63581
2017-07-19,125.0,125.0,130.5,125.0,126.0,63581
2017-07-20,125.0,125.0,130.5,125.0,126.0,63581
2017-07-21,125.0,125.0,130.5,125.0,126.0,63581
2017-07-24,125.0,125.0,130.5,125.0,126.0,63581
2017-07-25,125.0,125.0,130.5,125.0,126.0,63581
2017-07-26,125.0,125.0,130.5,125.0,126.0,63581
2017-07-27,125.0,125.0,130.5,125.0,126.0,63581
2017-07-28,125.0,125.0,130.5,125.0,126.0,63581
2017-07-31,125.0,125.0,130.5,125.0,126.0,63581
2017-08-01,125.0,125.0,130.5,125.0,126.0,63581
2017-08-02,125.0,125.0,130.5,125.0,126.0,63581
2017-08-03,125.0,125.0,130.5,125.0,126.0,63581
2017-08-04,125.0,125.0,130.5,125.0,126.0,63581
2017-08-07,125.0,125.0,130.5,125.0,126.0,63581
2017-08-08,125.0,125.0,130.5,125.0,126.0,63581
2017-08-09,125.0,125.0,130.5,125.0,126.0,63581
2017-08-10,125.0,125.0,130.5,125.0,126.0,63581
2017-08-11,125.0,125.0,130.5,125.0,126.0,63581
2017-08-14,125.0,125.0,130.5,125.0,126.0,63581
2017-08-15,125.0,125.0,130.5,125.0,126.0,63581
2017-08-16,125.0,125.0,130.5,125.0,126.0,63581
2017-08-17,125.0,125.0,130.5,125.0,126.0,63581
2017-08-18,125.0,125.0,130.5,125.0,126.0,63581
2017-08-21,125.0,125.0,130.5,125.0,126.0,63581
2017-08-22,125.0,125.0,130.5,125.0,126.0,63581
2017-08-23,125.0,125.0,130.5,125.0,126.0,63581
2017-08-24,125.0,125.0,130.5,125.0,126.0,63581
2017-08-25,125.0,125.0,130.5,125.0,126.0,63581
2017-08-28,125.0,125.0,130.5,125.0,126.0,63581
2017-08-29,125.0,125.0,130.5,125.0,126.0,63581
2017-08-30,125.0,125.0,130.5,125.0,126.0,63581
2017-08-31,125.0,125.0,130.5,125.0,126.0,63581
2017-09-01,125.0,125.0,130.5,125.0,126.0,63581
2017-09-04,125.0,125.0,130.5,125.0,126.0,63581
2017-09-05,125.0,125.0,130.5,125.0,126.0,63581
2017-09-06,125.0,125.0,130.5,125.0,126.0,63581
2017-09-07,125.0,125.0,130.5,125.0,126.0,63581
2017-09-08,125.0,125.0,130.5,125.0,126.0,63581
2017-09-11,125.0,125.0,130.5,125.0,126.0,63581
2017-09-12,125.0,125.0,130.5,125.0,126.0,63581
2017-09-13,125.0,125.0,130.5,125.0,126.0,63581
2017-09-14,125.0,125.0,130.5,125.0,126.0,63581
2017-09-15,125.0,125.0,130.5,125.0,126.0,63581
2017-09-18,125.0,125.0,130.5,125.0,126.0,63581
2017-09-19,125.0,125.0,130.5,125.0,126.0,63581
2017-09-20,125.0,125.0,130.5,125.0,126.0,63581
2017-09-21,125.0,125.0,130.5,125.0,126.0,63581
2017-09-22,125.0,125.0,130.5,125.0,126.0,63581
2017-09-25,125.0,125.0,130.5,125.0,126.0,63581
2017-09-26,125.0,125.0,130.5,125.0,126.0,63581
2017-09-27,125.0,125.0,130.5,125.0,126.0,63581
2017-09-28,125.0,125.0,130.5,125.0,126.0,63581
2017-09-29,125.0,125.0,130.5,125.0,126.0,63581
2017-10-02,125.0,125.0,130.5,125.0,126.0,63581
2017-10-03,125.0,125.0,130.5,125.0,126.0,63581
2017-10-05,125.0,125.0,130.5,125.0,126.0,63581
2017-10-06,125.0,125.0,130.5,125.0,126.0,63581
2017-10-11,125.0,125.0,130.5,125.0,126.0,63581
2017-10-12,125.0,125.0,130.5,125.0,126.0,63581
2017-10-13,125.0,125.0,130.5,125.0,126.0,63581
2017-10-16,125.0,125.0,130.5,125.0,126.0,63581
2017-10-17,125.0,125.0,130.5,125.0,126.0,63581
2017-10-18,125.0,125.0,130.5,125.0,126.0,63581
2017-10-19,125.0,125.0,130.5,125.0,126.0,63581
2017-10-20,125.0,125.0,130.5,125.0,126.0,63581
2017-10-23,125.0,125.0,130.5,125.0,126.0,63581
2017-10-24,125.0,125.0,130.5,125.0,126.0,63581
2017-10-25,125.0,125.0,130.5,125.0,126.0,63581
2017-10-26,125.0,125.0,130.5,125.0,126.0,63581
2017-10-27,125.0,125.0,130.5,125.0,126.0,63581
2017-10-30,125.0,125.0,130.5,125.0,126.0,63581
2017-10-31,125.0,125.0,130.5,125.0,126.0,63581
2017-11-01,125.0,125.0,130.5,125.0,126.0,63581
2017-11-02,125.0,125.0,130.5,125.0,126.0,63581
2017-11-03,125.0,125.0,130.5,125.0,126.0,63581
2017-11-06,125.0,125.0,130.5,125.0,126.0,63581
2017-11-07,125.0,125.0,130.5,125.0,126.0,63581
2017-11-08,125.0,125.0,130.5,125.0,126.0,63581
2017-11-09,125.0,125.0,130.5,125.0,126.0,63581
2017-11-10,125.0,125.0,130.5,125.0,126.0,63581
2017-11-13,125.0,125.0,130.5,125.0,126.0,63581
2017-11-14,125.0,125.0,130.5,125.0,126.0,63581
2017-11-15,125.0,125.0,130.5,125.0,126.0,63581
2017-11-16,125.0,125.0,130.5,125.0,126.0,63581
2017-11-17,125.0,125.0,130.5,125.0,126.0,63581
2017-11-20,125.0,125.0,130.5,125.0,126.0,63581
2017-11-21,125.0,125.0,130.5,125.0,126.0,63581
2017-11-22,125.0,125.0,130.5,125.0,126.0,63581
2017-11-23,125.0,125.0,130.5,125.0,126.0,63581
2017-11-24,125.0,125.0,130.5,125.0,126.0,63581
2017-11-27,125.0,125.0,130.5,125.0,126.0,63581
2017-11-28,125.0,125.0,130.5,125.0,126.0,63581
2017-11-29,125.0,125.0,130.5,125.0,126.0,63581
2017-11-30,125.0,125.0,130.5,125.0,126.0,63581
2017-12-01,125.0,125.0,130.5,125.0,126.0,63581
2017-12-04,125.0,125.0,130.5,125.0,126.0,63581
2017-12-05,125.0,125.0,130.5,125.0,126.0,63581
2017-12-06,125.0,125.0,130.5,125.0,126.0,63581
2017-12-07,125.0,125.0,130.5,125.0,126.0,63581
2017-12-08,125.0,125.0,130.5,125.0,126.0,63581
2017-12-11,125.0,125.0,130.5,125.0,126.0,63581
2017-12-12,125.0,125.0,130.5,125.0,126.0,63581
2017-12-13,125.0,125.0,130.5,125.0,126.0,63581
2017-12-14,125.0,125.0,130.5,125.0,126.0,63581
2017-12-15,125.0,125.0,130.5,125.0,126.0,63581
2017-12-18,125.0,125.0,130.5,125.0,126.0,63581
2017-12-19,125.0,125.0,130.5,125.0,126.0,63581
2017-12-20,125.0,125.0,130.5,125.0,126.0,63581
2017-12-21,125.0,125.0,130.5,125.0,126.0,63581
2017-12-22,125.0,125.0,130.5,125.0,126.0,63581
2017-12-25,125.0,125.0,130.5,125.0,126.0,63581
2017-12-26,125.0,125.0,130.5,125.0,126.0,63581
2017-12-27,125.0,125.0,130.5,125.0,126.0,63581
2017-12-28,125.0,125.0,130.5,125.0,126.0,63581
2017-12-29,125.0,125.0,130.5,125.0,126.0,63581
2018-01-02,125.0,125.0,130.5,125.0,126.0,63581
2018-01-03,125.0,125.0,130.5,125.0,126.0,63581
2018-01-04,125.0,125.0,130.5,125.0,126.0,63581
2018-01-05,125.0,125.0,130.5,125.0,126.0,63581
2018-01-08,125.0,125.0,130.5,125.0,126.0,63581
2018-01-09,125.0,125.0,130.5,125.0,126.0,63581
2018-01-10,125.0,125.0,130.5,125.0,126.0,63581
2018-01-11,125.0,125.0,130.5,125.0,126.0,63581
2018-01-12,125.0,125.0,130.5,125.0,126.0,63581
2018-01-15,125.0,125.0,130.5,125.0,126.0,63581
2018-01-16,125.0,125.0,130.5,125.0,126.0,63581
2018-01-17,125.0,125.0,130.5,125.0,126.0,63581
2018-01-18,125.0,125.0,130.5,125.0,126.0,63581
2018-01-19,125.0,125.0,130.5,125.0,126.0,63581
2018-01-22,125.0,125.0,130.5,125.0,126.0,63581
2018-01-23,125.0,125.0,130.5,125.0,126.0,63581
2018-01-24,125.0,125.0,130.5,125.0,126.0,63581
2018-01-25,125.0,125.0,130.5,125.0,126.0,63581
2018-01-26,125.0,125.0,130.5,125.0,126.0,63581
2018-01-29,125.0,125.0,130.5,125.0,126.0,63581
2018-01-30,125.0,125.0,130.5,125.0,126.0,63581
2018-01-31,125.0,125.0,130.5,125.0,126.0,63581
2018-02-01,125.0,125.0,130.5,125.0,126.0,63581
2018-02-02,125.0,125.0,130.5,125.0,126.0,63581
2018-02-05,125.0,125.0,130.5,125.0,126.0,63581
2018-02-06,125.0,125.0,130.5,125.0,126.0,63581
2018-02-07,125.0,125.0,130.5,125.0,126.0,63581
2018-02-08,125.0,125.0,130.5,125.0,126.0,63581
2018-02-09,125.0,125.0,130.5,125.0,126.0,63581
2018-02-12,125.0,125.0,130.5,125.0,126.0,63581
2018-02-21,125.0,125.0,130.5,125.0,126.0,63581
2018-02-22,125.0,125.0,130.5,125.0,126.0,63581
2018-02-23,125.0,125.0,130.5,125.0,126.0,63581
2018-02-26,125.0,125.0,130.5,125.0,126.0,63581
2018-02-27,125.0,125.0,130.5,125.0,126.0,63581
2018-03-01,125.0,125.0,130.5,125.0,126.0,63581
2018-03-02,125.0,125.0,130.5,125.0,126.0,63581
2018-03-05,125.0,125.0,130.5,125.0,126.0,63581
2018-03-06,125.0,125.0,130.5,125.0,126.0,63581
2018-03-07,125.0,125.0,130.5,125.0,126.0,63581
2018-03-08,125.0,125.0,130.5,125.0,126.0,63581
2018-03-09,125.0,125.0,130.5,125.0,126.0,63581
2018-03-12,125.0,125.0,130.5,125.0,126.0,63581
2018-03-13,125.0,125.0,130.5,125.0,126.0,63581
2018-03-14,125.0,125.0,130.5,125.0,126.0,63581
2018-03-15,125.0,125.0,130.5,125.0,126.0,63581
2018-03-16,125.0,125.0,130.5,125.0,126.0,63581
2018-03-19,125.0,125.0,130.5,125.0,126.0,63581
2018-03-20,125.0,125.0,130.5,125.0,126.0,63581
2018-03-21,125.0,125.0,130.5,125.0,126.0,63581
2018-03-22,125.0,125.0,130.5,125.0,126.0,63581
2018-03-23,125.0,125.0,130.5,125.0,126.0,63581
2018-03-26,125.0,125.0,130.5,125.0,126.0,63581
2018-03-27,125.0,125.0,130.5,125.0,126.0,63581
2018-03-28,125.0,125.0,130.5,125.0,126.0,63581
2018-03-29,125.0,125.0,130.5,125.0,126.0,63581
2018-03-30,125.0,125.0,130.5,125.0,126.0,63581
2018-04-02,125.0,125.0,130.5,125.0,126.0,63581
2018-04-03,125.0,125.0,130.5,125.0,126.0,63581
2018-04-09,125.0,125.0,130.5,125.0,126.0,63581
2018-04-10,125.0,125.0,130.5,125.0,126.0,63581
2018-04-11,125.0,125.0,130.5,125.0,126.0,63581
2018-04-12,125.0,125.0,130.5,125.0,126.0,63581
2018-04-13,125.0,125.0,130.5,125.0,126.0,63581
2018-04-16,125.0,125.0,130.5,125.0,126.0,63581
2018-04-17,125.0,125.0,130.5,125.0,126.0,63581
2018-04-18,125.0,125.0,130.5,125.0,126.0,63581
2018-04-19,125.0,125.0,130.5,125.0,126.0,63581
2018-04-20,125.0,125.0,130.5,125.0,126.0,63581
2018-04-23,125.0,125.0,130.5,125.0,126.0,63581
2018-04-24,125.0,125.0,130.5,125.0,126.0,63581
2018-04-25,125.0,125.0,130.5,125.0,126.0,63581
2018-04-26,125.0,125.0,130.5,125.0,126.0,63581
2018-04-27,125.0,125.0,130.5,125.0,126.0,63581
2018-04-30,125.0,125.0,130.5,125.0,126.0,63581
2018-05-02,125.0,125.0,130.5,125.0,126.0,63581
2018-05-03,125.0,125.0,130.5,125.0,126.0,63581
2018-05-04,125.0,125.0,130.5,125.0,126.0,63581
2018-05-07,125.0,125.0,130.5,125.0,126.0,63581
2018-05-08,125.0,125.0,130.5,125.0,126.0,63581
2018-05-09,125.0,125.0,130.5,125.0,126.0,63581
2018-05-10,125.0,125.0,130.5,125.0,126.0,63581
2018-05-11,125.0,125.0,130.5,125.0,126.0,63581
2018-05-14,125.0,125.0,130.5,125.0,126.0,63581
2018-05-15,125.0,125.0,130.5,125.0,126.0,63581
2018-05-16,125.0,125.0,130.5,125.0,126.0,63581
2018-05-17,125.0,125.0,130.5,125.0,126.0,63581
2018-05-18,125.0,125.0,130.5,125.0,126.0,63581
2018-05-21,125.0,125.0,130.5,125.0,126.0,63581
2018-05-22,125.0,125.0,130.5,125.0,126.0,63581
2018-05-23,125.0,125.0,130.5,125.0,126.0,63581
2018-05-24,125.0,125.0,130.5,125.0,126.0,63581
2018-05-25,125.0,125.0,130.5,125.0,126.0,63581
2018-05-28,125.0,125.0,130.5,125.0,126.0,63581
2018-05-29,125.0,125.0,130.5,125.0,126.0,63581
2018-05-30,125.0,125.0,130.5,125.0,126.0,63581
2018-05-31,125.0,125.0,130.5,125.0,126.0,63581
2018-06-01,125.0,125.0,130.5,125.0,126.0,63581
2018-06-04,125.0,125.0,130.5,125.0,126.0,63581
2018-06-05,125.0,125.0,130.5,125.0,126.0,63581
2018-06-06,125.0,125.0,130.5,125.0,126.0,63581
2018-06-07,125.0,125.0,130.5,125.0,126.0,63581
2018-06-08,125.0,125.0,130.5,125.0,126.0,63581
2018-06-11,125.0,125.0,130.5,125.0,126.0,63581
2018-06-12,125.0,125.0,130.5,125.0,126.0,63581
2018-06-13,125.0,125.0,130.5,125.0,126.0,63581
2018-06-14,125.0,125.0,130.5,125.0,126.0,63581
2018-06-15,125.0,125.0,130.5,125.0,126.0,63581
2018-06-19,125.0,125.0,130.5,125.0,126.0,63581
2018-06-20,125.0,125.0,130.5,125.0,126.0,63581
2018-06-21,125.0,125.0,130.5,125.0,126.0,63581
2018-06-22,125.0,125.0,130.5,125.0,126.0,63581
2018-06-25,125.0,125.0,130.5,125.0,126.0,63581
2018-06-26,125.0,125.0,130.5,125.0,126.0,63581
2018-06-27,125.0,125.0,130.5,125.0,126.0,63581
2018-06-28,125.0,125.0,130.5,125.0,126.0,63581
2018-06-29,125.0,125.0,130.5,125.0,126.0,63581
2018-07-02,125.0,125.0,130.5,125.0,126.0,63581
2018-07-03,125.0,125.0,130.5,125.0,126.0,63581
2018-07-04,125.0,125.0,130.5,125.0,126.0,63581
2018-07-05,125.0,125.0,130.5,125.0,126.0,63581
2018-07-06,125.0,125.0,130.5,125.0,126.0,63581
2018-07-09,125.0,125.0,130.5,125.0,126.0,63581
2018-07-10,125.0,125.0,130.5,125.0,126.0,63581
2018-07-11,125.0,125.0,130.5,125.0,126.0,63581
2018-07-12,125.0,125.0,130.5,125.0,126.0,63581
2018-07-13,125.0,125.0,130.5,125.0,126.0,63581
2018-07-16,125.0,125.0,130.5,125.0,126.0,63581
2018-07-17,125.0,125.0,130.5,125.0,126.0,63581
2018-07-18,125.0,125.0,130.5,125.0,126.0,63581
2018-07-19,125.0,125.0,130.5,125.0,126.0,63581
2018-07-20,125.0,125.0,130.5,125.0,126.0,63581
2018-07-23,125.0,125.0,130.5,125.0,126.0,63581
2018-07-24,125.0,125.0,130.5,125.0,126.0,63581
2018-07-25,125.0,125.0,130.5,125.0,126.0,63581
2018-07-26,125.0,125.0,130.5,125.0,126.0,63581
2018-07-27,125.0,125.0,130.5,125.0,126.0,63581
2018-07-30,125.0,125.0,130.5,125.0,126.0,63581
2018-07-31,125.0,125.0,130.5,125.0,126.0,63581
2018-08-01,125.0,125.0,130.5,125.0,126.0,63581
2018-08-02,125.0,125.0,130.5,125.0,126.0,63581
2018-08-03,125.0,125.0,130.5,125.0,126.0,63581
2018-08-06,125.0,125.0,130.5,125.0,126.0,63581
2018-08-07,125.0,125.0,130.5,125.0,126.0,63581
2018-08-08,125.0,125.0,130.5,125.0,126.0,63581
2018-08-09,125.0,125.0,130.5,125.0,126.0,63581
2018-08-10,125.0,125.0,130.5,125.0,126.0,63581
2018-08-13,125.0,125.0,130.5,125.0,126.0,63581
2018-08-14,125.0,125.0,130.5,125.0,126.0,63581
2018-08-15,125.0,125.0,130.5,125.0,126.0,63581
2018-08-16,125.0,125.0,130.5,125.0,126.0,63581
2018-08-17,125.0,125.0,130.5,125.0,126.0,63581
2018-08-20,125.0,125.0,130.5,125.0,126.0,63581
2018-08-21,125.0,125.0,130.5,125.0,126.0,63581
2018-08-22,125.0,125.0,130.5,125.0,126.0,63581
2018-08-23,125.0,125.0,130.5,125.0,126.0,63581
2018-08-24,125.0,125.0,130.5,125.0,126.0,63581
2018-08-27,125.0,125.0,130.5,125.0,126.0,63581
2018-08-28,125.0,125.0,130.5,125.0,126.0,63581
2018-08-29,125.0,125.0,130.5,125.0,126.0,63581
2018-08-30,125.0,125.0,130.5,125.0,126.0,63581
2018-08-31,125.0,125.0,130.5,125.0,126.0,63581
2018-09-03,125.0,125.0,130.5,125.0,126.0,63581
2018-09-04,125.0,125.0,130.5,125.0,126.0,63581
2018-09-05,125.0,125.0,130.5,125.0,126.0,63581
2018-09-06,125.0,125.0,130.5,125.0,126.0,63581
2018-09-07,125.0,125.0,130.5,125.0,126.0,63581
2018-09-10,125.0,125.0,130.5,125.0,126.0,63581
2018-09-11,125.0,125.0,130.5,125.0,126.0,63581
2018-09-12,125.0,125.0,130.5,125.0,126.0,63581
2018-09-13,125.0,125.0,130.5,125.0,126.0,63581
2018-09-14,125.0,125.0,130.5,125.0,126.0,63581
2018-09-17,125.0,125.0,130.5,125.0,126.0,63581
2018-09-18,125.0,125.0,130.5,125.0,126.0,63581
2018-09-19,125.0,125.0,130.5,125.0,126.0,63581
2018-09-20,125.0,125.0,130.5,125.0,126.0,63581
2018-09-21,125.0,125.0,130.5,125.0,126.0,63581
2018-09-25,125.0,125.0,130.5,125.0,126.0,63581
2018-09-26,125.0,125.0,130.5,125.0,126.0,63581
2018-09-27,125.0,125.0,130.5,125.0,126.0,63581
2018-09-28,125.0,125.0,130.5,125.0,126.0,63581
2018-10-01,125.0,125.0,130.5,125.0,126.0,63581
2018-10-02,125.0,125.0,130.5,125.0,126.0,63581
2018-10-03,125.0,125.0,130.5,125.0,126.0,63581
2018-10-04,125.0,125.0,130.5,125.0,126.0,63581
2018-10-05,125.0,125.0,130.5,125.0,126.0,63581
2018-10-08,125.0,125.0,130.5,125.0,126.0,63581
2018-10-09,125.0,125.0,130.5,125.0,126.0,63581
2018-10-11,125.0,125.0,130.5,125.0,126.0,63581
2018-10-12,125.0,125.0,130.5,125.0,126.0,63581
2018-10-15,125.0,125.0,130.5,125.0,126.0,63581
2018-10-16,125.0,125.0,130.5,125.0,126.0,63581
2018-10-17,125.0,125.0,130.5,125.0,126.0,63581
2018-10-18,125.0,125.0,130.5,125.0,126.0,63581
2018-10-19,125.0,125.0,130.5,125.0,126.0,63581
2018-10-22,125.0,125.0,130.5,125.0,126.0,63581
2018-10-23,125.0,125.0,130.5,125.0,126.0,63581
2018-10-24,125.0,125.0,130.5,125.0,126.0,63581
2018-10-25,125.0,125.0,130.5,125.0,126.0,63581
2018-10-26,125.0,125.0,130.5,125.0,126.0,63581
2018-10-29,125.0,125.0,130.5,125.0,126.0,63581
2018-10-30,125.0,125.0,130.5,125.0,126.0,63581
2018-10-31,125.0,125.0,130.5,125.0,126.0,63581
2018-11-01,125.0,125.0,130.5,125.0,126.0,63581
2018-11-02,125.0,125.0,130.5,125.0,126.0,63581
2018-11-05,125.0,125.0,130.5,125.0,126.0,63581
2018-11-06,125.0,125.0,130.5,125.0,126.0,63581
2018-11-07,125.0,125.0,130.5,125.0,126.0,63581
2018-11-08,125.0,125.0,130.5,125.0,126.0,63581
2018-11-09,125.0,125.0,130.5,125.0,126.0,63581
2018-11-12,125.0,125.0,130.5,125.0,126.0,63581
2018-11-13,125.0,125.0,130.5,125.0,126.0,63581
2018-11-14,125.0,125.0,130.5,125.0,126.0,63581
2018-11-15,125.0,125.0,130.5,125.0,126.0,63581
2018-11-16,125.0,125.0,130.5,125.0,126.0,63581
2018-11-19,125.0,125.0,130.5,125.0,126.0,63581
2018-11-20,125.0,125.0,130.5,125.0,126.0,63581
2018-11-21,125.0,125.0,130.5,125.0,126.0,63581
2018-11-22,125.0,125.0,130.5,125.0,126.0,63581
2018-11-23,125.0,125.0,130.5,125.0,126.0,63581
2018-11-26,125.0,125.0,130.5,125.0,126.0,63581
2018-11-27,125.0,125.0,130.5,125.0,126.0,63581
2018-11-28,125.0,125.0,130.5,125.0,126.0,63581
2018-11-29,125.0,125.0,130.5,125.0,126.0,63581
2018-11-30,125.0,125.0,130.5,125.0,126.0,63581
2018-12-03,125.0,125.0,130.5,125.0,126.0,63581
2018-12-04,125.0,125.0,130.5,125.0,126.0,63581
2018-12-05,125.0,125.0,130.5,125.0,126.0,63581
2018-12-06,125.0,125.0,130.5,125.0,126.0,63581
2018-12-07,125.0,125.0,130.5,125.0,126.0,63581
2018-12-10,125.0,125.0,130.5,125.0,126.0,63581
2018-12-11,125.0,125.0,130.5,125.0,126.0,63581
2018-12-12,125.0,125.0,130.5,125.0,126.0,63581
2018-12-13,125.0,125.0,130.5,125.0,126.0,63581
2018-12-14,125.0,125.0,130.5,125.0,126.0,63581
2018-12-17,125.0,125.0,130.5,125.0,126.0,63581
2018-12-18,125.0,125.0,130.5,125.0,126.0,63581
2018-12-19,125.0,125.0,130.5,125.0,126.0,63581
2018-12-20,125.0,125.0,130.5,125.0,126.0,63581
2018-12-21,125.0,125.0,130.5,125.0,126.0,63581
2018-12-24,125.0,125.0,130.5,125.0,126.0,63581
2018-12-25,125.0,125.0,130.5,125.0,126.0,63581
2018-12-26,125.0,125.0,130.5,125.0,126.0,63581
2018-12-27,125.0,125.0,130.5,125.0,126.0,63581
2018-12-28,125.0,125.0,130.5,125.0,126.0,63581
2019-01-02,125.0,125.0,130.5,125.0,126.0,63581
2019-01-03,125.0,125.0,130.5,125.0,126.0,63581
2019-01-04,125.0,125.0,130.5,125.0,126.0,63581
2019-01-07,125.0,125.0,130.5,125.0,126.0,63581
2019-01-08,125.0,125.0,130.5,125.0,126.0,63581
2019-01-09,125.0,125.0,130.5,125.0,126.0,63581
2019-01-10,125.0,125.0,130.5,125.0,126.0,63581
2019-01-11,125.0,125.0,130.5,125.0,126.0,63581
2019-01-14,125.0,125.0,130.5,125.0,126.0,63581
2019-01-15,125.0,125.0,130.5,125.0,126.0,63581
2019-01-16,125.0,125.0,130.5,125.0,126.0,63581
2019-01-17,125.0,125.0,130.5,125.0,126.0,63581
2019-01-18,125.0,125.0,130.5,125.0,126.0,63581
2019-01-21,125.0,125.0,130.5,125.0,126.0,63581
2019-01-22,125.0,125.0,130.5,125.0,126.0,63581
2019-01-23,125.0,125.0,130.5,125.0,126.0,63581
2019-01-24,125.0,125.0,130.5,125.0,126.0,63581
2019-01-25,125.0,125.0,130.5,125.0,126.0,63581
2019-01-28,125.0,125.0,130.5,125.0,126.0,63581
2019-01-29,125.0,125.0,130.5,125.0,126.0,63581
2019-01-30,125.0,125.0,130.5,125.0,126.0,63581
2019-02-11,125.0,125.0,130.5,125.0,126.0,63581
2019-02-12,125.0,125.0,130.5,125.0,126.0,63581
2019-02-13,125.0,125.0,130.5,125.0,126.0,63581
2019-02-14,125.0,125.0,130.5,125.0,126.0,63581
2019-02-15,125.0,125.0,130.5,125.0,126.0,63581
2019-02-18,125.0,125.0,130.5,125.0,126.0,63581
2019-02-19,125.0,125.0,130.5,125.0,126.0,63581
2019-02-20,125.0,125.0,130.5,125.0,126.0,63581
2019-02-21,125.0,125.0,130.5,125.0,126.0,63581
2019-02-22,125.0,125.0,130.5,125.0,126.0,63581
2019-02-25,125.0,125.0,130.5,125.0,126.0,63581
2019-02-26,125.0,125.0,130.5,125.0,126.0,63581
2019-02-27,125.0,125.0,130.5,125.0,126.0,63581
2019-03-04,125.0,125.0,130.5,125.0,126.0,63581
2019-03-05,125.0,125.0,130.5,125.0,126.0,63581
2019-03-06,125.0,125.0,130.5,125.0,126.0,63581
2019-03-07,125.0,125.0,130.5,125.0,126.0,63581
2019-03-08,125.0,125.0,130.5,125.0,126.0,63581
2019-03-11,125.0,125.0,130.5,125.0,126.0,63581
2019-03-12,125.0,125.0,130.5,125.0,126.0,63581
2019-03-13,125.0,125.0,130.5,125.0,126.0,63581
2019-03-14,125.0,125.0,130.5,125.0,126.0,63581
2019-03-15,125.0,125.0,130.5,125.0,126.0,63581
2019-03-18,125.0,125.0,130.5,125.0,126.0,63581
2019-03-19,125.0,125.0,130.5,125.0,126.0,63581
2019-03-20,125.0,125.0,130.5,125.0,126.0,63581
2019-03-21,125.0,125.0,130.5,125.0,126.0,63581
2019-03-22,125.0,125.0,130.5,125.0,126.0,63581
2019-03-25,125.0,125.0,130.5,125.0,126.0,63581
2019-03-26,125.0,125.0,130.5,125.0,126.0,63581
2019-03-27,125.0,125.0,130.5,125.0,126.0,63581
2019-03-28,125.0,125.0,130.5,125.0,126.0,63581
2019-03-29,125.0,125.0,130.5,125.0,126.0,63581
2019-04-01,125.0,125.0,130.5,125.0,126.0,63581
2019-04-02,125.0,125.0,130.5,125.0,126.0,63581
2019-04-03,125.0,125.0,130.5,125.0,126.0,63581
2019-04-08,125.0,125.0,130.5,125.0,126.0,63581
2019-04-09,125.0,125.0,130.5,125.0,126.0,63581
2019-04-10,125.0,125.0,130.5,125.0,126.0,63581
2019-04-11,125.0,125.0,130.5,125.0,126.0,63581
2019-04-12,125.0,125.0,130.5,125.0,126.0,63581
2019-04-15,125.0,125.0,130.5,125.0,126.0,63581
2019-04-16,125.0,125.0,130.5,125.0,126.0,63581
2019-04-17,125.0,125.0,130.5,125.0,126.0,63581
2019-04-18,125.0,125.0,130.5,125.0,126.0,63581
2019-04-19,125.0,125.0,130.5,125.0,126.0,63581
2019-04-22,125.0,125.0,130.5,125.0,126.0,63581
2019-04-23,125.0,125.0,130.5,125.0,126.0,63581
2019-04-24,125.0,125.0,130.5,125.0,126.0,63581
2019-04-25,125.0,125.0,130.5,125.0,126.0,63581
2019-04-26,125.0,125.0,130.5,125.0,126.0,63581
2019-04-29,125.0,125.0,130.5,125.0,126.0,63581
2019-04-30,125.0,125.0,130.5,125.0,126.0,63581
2019-05-02,125.0,125.0,130.5,125.0,126.0,63581
2019-05-03,125.0,125.0,130.5,125.0,126.0,63581
2019-05-06,125.0,125.0,130.5,125.0,126.0,63581
2019-05-07,125.0,125.0,130.5,125.0,126.0,63581
2019-05-08,125.0,125.0,130.5,125.0,126.0,63581
2019-05-09,125.0,125.0,130.5,125.0,126.0,63581
2019-05-10,125.0,125.0,130.5,125.0,126.0,63581
2019-05-13,125.0,125.0,130.5,125.0,126.0,63581
2019-05-14,125.0,125.0,130.5,125.0,126.0,63581
2019-05-15,125.0,125.0,130.5,125.0,126.0,63581
2019-05-16,125.0,125.0,130.5,125.0,126.0,63581
2019-05-17,125.0,125.0,130.5,125.0,126.0,63581
2019-05-20,125.0,125.0,130.5,125.0,126.0,63581
2019-05-21,125.0,125.0,130.5,125.0,126.0,63581
2019-05-22,125.0,125.0,130.5,125.0,126.0,63581
2019-05-23,125.0,125.0,130.5,125.0,126.0,63581
2019-05-24,125.0,125.0,130.5,125.0,126.0,63581
2019-05-27,125.0,125.0,130.5,125.0,126.0,63581
2019-05-28,125.0,125.0,130.5,125.0,126.0,63581
2019-05-29,125.0,125.0,130.5,125.0,126.0,63581
2019-05-30,125.0,125.0,130.5,125.0,126.0,63581
2019-05-31,125.0,125.0,130.5,125.0,126.0,63581
2019-06-03,125.0,125.0,130.5,125.0,126.0,63581
2019-06-04,125.0,125.0,130.5,125.0,126.0,63581
2019-06-05,125.0,125.0,130.5,125.0,126.0,63581
2019-06-06,125.0,125.0,130.5,125.0,126.0,63581
2019-06-10,125.0,125.0,130.5,125.0,126.0,63581
2019-06-11,125.0,125.0,130.5,125.0,126.0,63581
2019-06-12,125.0,125.0,130.5,125.0,126.0,63581
2019-06-13,125.0,125.0,130.5,125.0,126.0,63581
2019-06-14,125.0,125.0,130.5,125.0,126.0,63581
2019-06-17,125.0,125.0,130.5,125.0,126.0,63581
2019-06-18,125.0,125.0,130.5,125.0,126.0,63581
2019-06-19,125.0,125.0,130.5,125.0,126.0,63581
2019-06-20,125.0,125.0,130.5,125.0,126.0,63581
2019-06-21,125.0,125.0,130.5,125.0,126.0,63581
2019-06-24,125.0,125.0,130.5,125.0,126.0,63581
2019-06-25,125.0,125.0,130.5,125.0,126.0,63581
2019-06-26,125.0,125.0,130.5,125.0,126.0,63581
2019-06-27,125.0,125.0,130.5,125.0,126.0,63581
2019-06-28,125.0,125.0,130.5,125.0,126.0,63581
2019-07-01,125.0,125.0,130.5,125.0,126.0,63581
2019-07-02,125.0,125.0,130.5,125.0,126.0,63581
2019-07-03,125.0,125.0,130.5,125.0,126.0,63581
2019-07-04,125.0,125.0,130.5,125.0,126.0,63581
2019-07-05,125.0,125.0,130.5,125.0,126.0,63581
2019-07-08,125.0,125.0,130.5,125.0,126.0,63581
2019-07-09,125.0,125.0,130.5,125.0,126.0,63581
2019-07-10,125.0,125.0,130.5,125.0,126.0,63581
2019-07-11,125.0,125.0,130.5,125.0,126.0,63581
2019-07-12,125.0,125.0,130.5,125.0,126.0,63581
2019-07-15,125.0,125.0,130.5,125.0,126.0,63581
2019-07-16,125.0,125.0,130.5,125.0,126.0,63581
2019-07-17,125.0,125.0,130.5,125.0,126.0,63581
2019-07-18,125.0,125.0,130.5,125.0,126.0,63581
2019-07-19,125.0,125.0,130.5,125.0,126.0,63581
2019-07-22,125.0,125.0,130.5,125.0,126.0,63581
2019-07-23,125.0,125.0,130.5,125.0,126.0,63581
2019-07-24,125.0,125.0,130.5,125.0,126.0,63581
2019-07-25,125.0,125.0,130.5,125.0,126.0,63581
2019-07-26,125.0,125.0,130.5,125.0,126.0,63581
2019-07-29,125.0,125.0,130.5,125.0,126.0,63581
2019-07-30,125.0,125.0,130.5,125.0,126.0,63581
2019-07-31,125.0,125.0,130.5,125.0,126.0,63581
2019-08-01,125.0,125.0,130.5,125.0,126.0,63581
2019-08-02,125.0,125.0,130.5,125.0,126.0,63581
2019-08-05,125.0,125.0,130.5,125.0,126.0,63581
2019-08-06,125.0,125.0,130.5,125.0,126.0,63581
2019-08-07,125.0,125.0,130.5,125.0,126.0,63581
2019-08-08,125.0,125.0,130.5,125.0,126.0,63581
2019-08-12,125.0,125.0,130.5,125.0,126.0,63581
2019-08-13,125.0,125.0,130.5,125.0,126.0,63581
2019-08-14,125.0,125.0,130.5,125.0,126.0,63581
2019-08-15,125.0,125.0,130.5,125.0,126.0,63581
2019-08-16,125.0,125.0,130.5,125.0,126.0,63581
2019-08-19,125.0,125.0,130.5,125.0,126.0,63581
2019-08-20,125.0,125.0,130.5,125.0,126.0,63581
2019-08-21,125.0,125.0,130.5,125.0,126.0,63581
2019-08-22,125.0,125.0,130.5,125.0,126.0,63581
2019-08-23,125.0,125.0,130.5,125.0,126.0,63581
2019-08-26,125.0,125.0,130.5,125.0,126.0,63581
2019-08-27,125.0,125.0,130.5,125.0,126.0,63581
2019-08-28,125.0,125.0,130.5,125.0,126.0,63581
2019-08-29,125.0,125.0,130.5,125.0,126.0,63581
2019-08-30,125.0,125.0,130.5,125.0,126.0,63581
2019-09-02,125.0,125.0,130.5,125.0,126.0,63581
2019-09-03,125.0,125.0,130.5,125.0,126.0,63581
2019-09-04,125.0,125.0,130.5,125.0,126.0,63581
2019-09-05,125.0,125.0,130.5,125.0,126.0,63581
2019-09-06,125.0,125.0,130.5,125.0,126.0,63581
2019-09-09,125.0,125.0,130.5,125.0,126.0,63581
2019-09-10,125.0,125.0,130.5,125.0,126.0,63581
2019-09-11,125.0,125.0,130.5,125.0,126.0,63581
2019-09-12,125.0,125.0,130.5,125.0,126.0,63581
2019-09-16,125.0,125.0,130.5,125.0,126.0,63581
2019-09-17,125.0,125.0,130.5,125.0,126.0,63581
2019-09-18,125.0,125.0,130.5,125.0,126.0,63581
2019-09-19,125.0,125.0,130.5,125.0,126.0,63581
2019-09-20,125.0,125.0,130.5,125.0,126.0,63581
2019-09-23,125.0,125.0,130.5,125.0,126.0,63581
2019-09-24,125.0,125.0,130.5,125.0,126.0,63581
2019-09-25,125.0,125.0,130.5,125.0,126.0,63581
2019-09-26,125.0,125.0,130.5,125.0,126.0,63581
2019-09-27,125.0,125.0,130.5,125.0,126.0,63581
2019-10-01,125.0,125.0,130.5,125.0,126.0,63581
2019-10-02,125.0,125.0,130.5,125.0,126.0,63581
2019-10-03,125.0,125.0,130.5,125.0,126.0,63581
2019-10-04,125.0,125.0,130.5,125.0,126.0,63581
2019-10-07,125.0,125.0,130.5,125.0,126.0,63581
2019-10-08,125.0,125.0,130.5,125.0,126.0,63581
2019-10-09,125.0,125.0,130.5,125.0,126.0,63581
2019-10-14,125.0,125.0,130.5,125.0,126.0,63581
2019-10-15,125.0,125.0,130.5,125.0,126.0,63581
2019-10-16,125.0,125.0,130.5,125.0,126.0,63581
2019-10-17,125.0,125.0,130.5,125.0,126.0,63581
2019-10-18,125.0,125.0,130.5,125.0,126.0,63581
2019-10-21,125.0,125.0,130.5,125.0,126.0,63581
2019-10-22,125.0,125.0,130.5,125.0,126.0,63581
2019-10-23,125.0,125.0,130.5,125.0,126.0,63581
2019-10-24,125.0,125.0,130.5,125.0,126.0,63581
2019-10-25,125.0,125.0,130.5,125.0,126.0,63581
2019-10-28,125.0,125.0,130.5,125.0,126.0,63581
2019-10-29,125.0,125.0,130.5,125.0,126.0,63581
2019-10-30,125.0,125.0,130.5,125.0,126.0,63581
2019-10-31,125.0,125.0,130.5,125.0,126.0,63581
2019-11-01,125.0,125.0,130.5,125.0,126.0,63581
2019-11-04,125.0,125.0,130.5,125.0,126.0,63581
2019-11-05,125.0,125.0,130.5,125.0,126.0,63581
2019-11-06,125.0,125.0,130.5,125.0,126.0,63581
2019-11-07,125.0,125.0,130.5,125.0,126.0,63581
2019-11-08,125.0,125.0,130.5,125.0,126.0,63581
2019-11-11,125.0,125.0,130.5,125.0,126.0,63581
2019-11-12,125.0,125.0,130.5,125.0,126.0,63581
2019-11-13,125.0,125.0,130.5,125.0,126.0,63581
2019-11-14,125.0,125.0,130.5,125.0,126.0,63581
2019-11-20,125.0,125.0,130.5,125.0,126.0,63581
2019-11-21,125.0,125.0,130.5,125.0,126.0,63581
2019-11-22,125.0,125.0,130.5,125.0,126.0,63581
2019-11-25,125.0,125.0,130.5,125.0,126.0,63581
2019-11-26,125.0,125.0,130.5,125.0,126.0,63581
2019-11-27,125.0,125.0,130.5,125.0,126.0,63581
2019-11-28,125.0,125.0,130.5,125.0,126.0,63581
2019-11-29,125.0,125.0,130.5,125.0,126.0,63581
2019-12-02,125.0,125.0,130.5,125.0,126.0,63581
2019-12-03,125.0,125.0,130.5,125.0,126.0,63581
2019-12-04,125.0,125.0,130.5,125.0,126.0,63581
2019-12-05,125.0,125.0,130.5,125.0,126.0,63581
2019-12-06,125.0,125.0,130.5,125.0,126.0,63581
2019-12-09,125.0,125.0,130.5,125.0,126.0,63581
2019-12-10,125.0,125.0,130.5,125.0,126.0,63581
2019-12-11,125.0,125.0,130.5,125.0,126.0,63581
2019-12-12,125.0,125.0,130.5,125.0,126.0,63581
2019-12-13,125.0,125.0,130.5,125.0,126.0,63581
2019-12-16,125.0,125.0,130.5,125.0,126.0,63581
2019-12-17,125.0,125.0,130.5,125.0,126.0,63581
2019-12-18,125.0,125.0,130.5,125.0,126.0,63581
2019-12-19,125.0,125.0,130.5,125.0,126.0,63581
2019-12-20,125.0,125.0,130.5,125.0,126.0,63581
2019-12-23,125.0,125.0,130.5,125.0,126.0,63581
2019-12-24,125.0,125.0,130.5,125.0,126.0,63581
2019-12-25,125.0,125.0,130.5,125.0,126.0,63581
2019-12-26,125.0,125.0,130.5,125.0,126.0,63581
2019-12-27,125.0,125.0,130.5,125.0,126.0,63581
2019-12-30,125.0,125.0,130.5,125.0,126.0,63581
2019-12-31,125.0,125.0,130.5,125.0,126.0,63581
2020-01-02,125.0,125.0,130.5,125.0,126.0,63581
2020-01-03,125.0,125.0,130.5,125.0,126.0,63581
2020-01-06,125.0,125.0,130.5,125.0,126.0,63581
2020-01-07,125.0,125.0,130.5,125.0,126.0,63581
2020-01-08,125.0,125.0,130.5,125.0,126.0,63581
2020-01-09,125.0,125.0,130.5,125.0,126.0,63581
2020-01-10,125.0,125.0,130.5,125.0,126.0,63581
2020-01-13,125.0,125.0,130.5,125.0,126.0,63581
2020-01-14,125.0,125.0,130.5,125.0,126.0,63581
2020-01-15,125.0,125.0,130.5,125.0,126.0,63581
2020-01-16,125.0,125.0,130.5,125.0,126.0,63581
2020-01-17,125.0,125.0,130.5,125.0,126.0,63581
2020-01-20,125.0,125.0,130.5,125.0,126.0,63581
2020-01-30,125.0,125.0,130.5,125.0,126.0,63581
2020-01-31,125.0,125.0,130.5,125.0,126.0,63581
2020-02-03,125.0,125.0,130.5,125.0,126.0,63581
2020-02-04,125.0,125.0,130.5,125.0,126.0,63581
2020-02-05,125.0,125.0,130.5,125.0,126.0,63581
2020-02-06,125.0,125.0,130.5,125.0,126.0,63581
2020-02-07,125.0,125.0,130.5,125.0,126.0,63581
2020-02-10,125.0,125.0,130.5,125.0,126.0,63581
2020-02-11,125.0,125.0,130.5,125.0,126.0,63581
2020-02-12,125.0,125.0,130.5,125.0,126.0,63581
2020-02-13,125.0,125.0,130.5,125.0,126.0,63581
2020-02-14,125.0,125.0,130.5,125.0,126.0,63581
2020-02-17,125.0,125.0,130.5,125.0,126.0,63581
2020-02-18,125.0,125.0,130.5,125.0,126.0,63581
2020-02-19,125.0,125.0,130.5,125.0,126.0,63581
2020-02-20,125.0,125.0,130.5,125.0,126.0,63581
2020-02-21,125.0,125.0,130.5,125.0,126.0,63581
2020-02-24,125.0,125.0,130.5,125.0,126.0,63581
2020-02-25,125.0,125.0,130.5,125.0,126.0,63581
2020-02-26,125.0,125.0,130.5,125.0,126.0,63581
2020-02-27,125.0,125.0,130.5,125.0,126.0,63581
2020-03-02,125.0,125.0,130.5,125.0,126.0,63581
2020-03-03,125.0,125.0,130.5,125.0,126.0,63581
2020-03-04,125.0,125.0,130.5,125.0,126.0,63581
2020-03-05,125.0,125.0,130.5,125.0,126.0,63581
2020-03-06,125.0,125.0,130.5,125.0,126.0,63581
2020-03-09,125.0,125.0,130.5,125.0,126.0,63581
2020-03-10,125.0,125.0,130.5,125.0,126.0,63581
2020-03-11,125.0,125.0,130.5,125.0,126.0,63581
2020-03-12,125.0,125.0,130.5,125.0,126.0,63581
2020-03-13,125.0,125.0,130.5,125.0,126.0,63581
2020-03-16,125.0,125.0,130.5,125.0,126.0,63581
2020-03-17,125.0,125.0,130.5,125.0,126.0,63581
2020-03-18,125.0,125.0,130.5,125.0,126.0,63581
2020-03-19,125.0,125.0,130.5,125.0,126.0,63581
2020-03-20,125.0,125.0,130.5,125.0,126.0,63581
2020-03-23,125.0,125.0,130.5,125.0,126.0,63581
2020-03-24,125.0,125.0,130.5,125.0,126.0,63581
2020-03-25,125.0,125.0,130.5,125.0,126.0,63581
2020-03-26,125.0,125.0,130.5,125.0,126.0,63581
2020-03-27,125.0,125.0,130.5,125.0,126.0,63581
2020-03-30,125.0,125.0,130.5,125.0,126.0,63581
2020-03-31,125.0,125.0,130.5,125.0,126.0,63581
2020-04-01,125.0,125.0,130.5,125.0,126.0,63581
2020-04-07,125.0,125.0,130.5,125.0,126.0,63581
2020-04-08,125.0,125.0,130.5,125.0,126.0,63581
2020-04-09,125.0,125.0,130.5,125.0,126.0,63581
2020-04-10,125.0,125.0,130.5,125.0,126.0,63581
2020-04-13,125.0,125.0,130.5,125.0,126.0,63581
2020-04-14,125.0,125.0,130.5,125.0,126.0,63581
2020-04-15,125.0,125.0,130.5,125.0,126.0,63581
2020-04-16,125.0,125.0,130.5,125.0,126.0,63581
2020-04-17,125.0,125.0,130.5,125.0,126.0,63581
2020-04-20,125.0,125.0,130.5,125.0,126.0,63581
2020-04-21,125.0,125.0,130.5,125.0,126.0,63581
2020-04-22,125.0,125.0,130.5,125.0,126.0,63581
2020-04-23,125.0,125.0,130.5,125.0,126.0,63581
2020-04-24,125.0,125.0,130.5,125.0,126.0,63581
2020-04-27,125.0,125.0,130.5,125.0,126.0,63581
2020-04-28,125.0,125.0,130.5,125.0,126.0,63581
2020-04-29,125.0,125.0,130.5,125.0,126.0,63581
2020-05-04,125.0,125.0,130.5,125.0,126.0,63581
2020-05-05,125.0,125.0,130.5,125.0,126.0,63581
2020-05-06,125.0,125.0,130.5,125.0,126.0,63581
2020-05-07,125.0,125.0,130.5,125.0,126.0,63581
2020-05-08,125.0,125.0,130.5,125.0,126.0,63581
2020-05-11,125.0,125.0,130.5,125.0,126.0,63581
2020-05-12,125.0,125.0,130.5,125.0,126.0,63581
2020-05-13,125.0,125.0,130.5,125.0,126.0,63581
2020-05-14,125.0,125.0,130.5,125.0,126.0,63581
2020-05-15,125.0,125.0,130.5,125.0,126.0,63581
2020-05-18,125.0,125.0,130.5,125.0,126.0,63581
2020-05-19,125.0,125.0,130.5,125.0,126.0,63581
2020-05-20,125.0,125.0,130.5,125.0,126.0,63581
2020-05-21,125.0,125.0,130.5,125.0,126.0,63581
2020-05-22,125.0,125.0,130.5,125.0,126.0,63581
2020-05-25,125.0,125.0,130.5,125.0,126.0,63581
2020-05-26,125.0,125.0,130.5,125.0,126.0,63581
2020-05-27,125.0,125.0,130.5,125.0,126.0,63581
2020-05-28,125.0,125.0,130.5,125.0,126.0,63581
2020-05-29,125.0,125.0,130.5,125.0,126.0,63581
2020-06-01,125.0,125.0,130.5,125.0,126.0,63581
2020-06-02,125.0,125.0,130.5,125.0,126.0,63581
2020-06-03,125.0,125.0,130.5,125.0,126.0,63581
2020-06-04,125.0,125.0,130.5,125.0,126.0,63581
2020-06-05,125.0,125.0,130.5,125.0,126.0,63581
2020-06-08,125.0,125.0,130.5,125.0,126.0,63581
2020-06-09,125.0,125.0,130.5,125.0,126.0,63581
2020-06-10,125.0,125.0,130.5,125.0,126.0,63581
2020-06-11,125.0,125.0,130.5,125.0,126.0,63581
2020-06-12,125.0,125.0,130.5,125.0,126.0,63581
2020-06-15,125.0,125.0,130.5,125.0,126.0,63581
2020-06-16,125.0,125.0,130.5,125.0,126.0,63581
2020-06-17,125.0,125.0,130.5,125.0,126.0,63581
2020-06-18,125.0,125.0,130.5,125.0,126.0,63581
2020-06-19,125.0,125.0,130.5,125.0,126.0,63581
2020-06-22,125.0,125.0,130.5,125.0,126.0,63581
2020-06-23,125.0,125.0,130.5,125.0,126.0,63581
2020-06-24,125.0,125.0,130.5,125.0,126.0,63581
2020-06-29,125.0,125.0,130.5,125.0,126.0,63581
2020-06-30,125.0,125.0,130.5,125.0,126.0,63581
2020-07-01,125.0,125.0,130.5,125.0,126.0,63581
2020-07-02,125.0,125.0,130.5,125.0,126.0,63581
2020-07-03,125.0,125.0,130.5,125.0,126.0,63581
2020-07-06,125.0,125.0,130.5,125.0,126.0,63581
2020-07-07,125.0,125.0,130.5,125.0,126.0,63581
2020-07-08,125.0,125.0,130.5,125.0,126.0,63581
2020-07-09,125.0,125.0,130.5,125.0,126.0,63581
2020-07-10,125.0,125.0,130.5,125.0,126.0,63581
2020-07-13,125.0,125.0,130.5,125.0,126.0,63581
2020-07-14,125.0,125.0,130.5,125.0,126.0,63581
2020-07-15,125.0,125.0,130.5,125.0,126.0,63581
2020-07-16,125.0,125.0,130.5,125.0,126.0,63581
2020-07-17,125.0,125.0,130.5,125.0,126.0,63581
2020-07-20,125.0,125.0,130.5,125.0,126.0,63581
2020-07-21,125.0,125.0,130.5,125.0,126.0,63581
2020-07-22,125.0,125.0,130.5,125.0,126.0,63581
2020-07-23,125.0,125.0,130.5,125.0,126.0,63581
2020-07-24,125.0,125.0,130.5,125.0,126.0,63581
2020-07-27,125.0,125.0,130.5,125.0,126.0,63581
2020-07-28,125.0,125.0,130.5,125.0,126.0,63581
2020-07-29,125.0,125.0,130.5,125.0,126.0,63581
2020-07-30,125.0,125.0,130.5,125.0,126.0,63581
2020-07-31,125.0,125.0,130.5,125.0,126.0,63581
2020-08-03,125.0,125.0,130.5,125.0,126.0,63581
2020-08-04,125.0,125.0,130.5,125.0,126.0,63581
2020-08-05,125.0,125.0,130.5,125.0,126.0,63581
2020-08-06,125.0,125.0,130.5,125.0,126.0,63581
2020-08-07,125.0,125.0,130.5,125.0,126.0,63581
2020-08-10,125.0,125.0,130.5,125.0,126.0,63581
2020-08-11,125.0,125.0,130.5,125.0,126.0,63581
2020-08-12,125.0,125.0,130.5,125.0,126.0,63581
2020-08-13,125.0,125.0,130.5,125.0,126.0,63581
2020-08-14,125.0,125.0,130.5,125.0,126.0,63581
2020-08-17,125.0,125.0,130.5,125.0,126.0,63581
2020-08-18,125.0,125.0,130.5,125.0,126.0,63581
2020-08-19,125.0,125.0,130.5,125.0,126.0,63581
2020-08-20,125.0,125.0,130.5,125.0,126.0,63581
2020-08-21,125.0,125.0,130.5,125.0,126.0,63581
2020-08-24,125.0,125.0,130.5,125.0,126.0,63581
2020-08-25,125.0,125.0,130.5,125.0,126.0,63581
2020-08-26,125.0,125.0,130.5,125.0,126.0,63581
2020-08-27,125.0,125.0,130.5,125.0,126.0,63581
2020-08-28,125.0,125.0,130.5,125.0,126.0,63581
2020-08-31,125.0,125.0,130.5,125.0,126.0,63581
2020-09-01,125.0,125.0,130.5,125.0,126.0,63581
2020-09-02,125.0,125.0,130.5,125.0,126.0,63581
2020-09-03,125.0,125.0,130.5,125.0,126.0,63581
2020-09-04,125.0,125.0,130.5,125.0,126.0,63581
2020-09-07,125.0,125.0,130.5,125.0,126.0,63581
2020-09-08,125.0,125.0,130.5,125.0,126.0,63581
2020-09-09,125.0,125.0,130.5,125.0,126.0,63581
2020-09-10,125.0,125.0,130.5,125.0,126.0,63581
2020-09-11,125.0,125.0,130.5,125.0,126.0,63581
2020-09-14,125.0,125.0,130.5,125.0,126.0,63581
2020-09-15,125.0,125.0,130.5,125.0,126.0,63581
2020-09-16,125.0,125.0,130.5,125.0,126.0,63581
2020-09-17,125.0,125.0,130.5,125.0,126.0,63581
2020-09-18,125.0,125.0,130.5,125.0,126.0,63581
2020-09-21,125.0,125.0,130.5,125.0,126.0,63581
2020-09-22,125.0,125.0,130.5,125.0,126.0,63581
2020-09-23,125.0,125.0,130.5,125.0,126.0,63581
2020-09-24,125.0,125.0,130.5,125.0,126.0,63581
2020-09-25,125.0,125.0,130.5,125.0,126.0,63581
2020-09-28,125.0,125.0,130.5,125.0,126.0,63581
2020-09-29,125.0,125.0,130.5,125.0,126.0,63581
2020-09-30,125.0,125.0,130.5,125.0,126.0,63581
2020-10-05,125.0,125.0,130.5,125.0,126.0,63581
2020-10-06,125.0,125.0,130.5,125.0,126.0,63581
2020-10-07,125.0,125.0,130.5,125.0,126.0,63581
2020-10-08,125.0,125.0,130.5,125.0,126.0,63581
2020-10-12,125.0,125.0,130.5,125.0,126.0,63581
2020-10-13,125.0,125.0,130.5,125.0,126.0,63581
2020-10-14,125.0,125.0,130.5,125.0,126.0,63581
2020-10-15,125.0,125.0,130.5,125.0,126.0,63581
2020-10-16,125.0,125.0,130.5,125.0,126.0,63581
2020-10-19,125.0,125.0,130.5,125.0,126.0,63581
2020-10-20,125.0,125.0,130.5,125.0,126.0,63581
2020-10-21,125.0,125.0,130.5,125.0,126.0,63581
2020-10-22,125.0,125.0,130.5,125.0,126.0,63581
2020-10-23,125.0,125.0,130.5,125.0,126.0,63581
2020-10-26,125.0,125.0,130.5,125.0,126.0,63581
2020-10-27,125.0,125.0,130.5,125.0,126.0,63581
2020-10-28,125.0,125.0,130.5,125.0,126.0,63581
2020-10-29,125.0,125.0,130.5,125.0,126.0,63581
2020-10-30,125.0,125.0,130.5,125.0,126.0,63581
2020-11-02,125.0,125.0,130.5,125.0,126.0,63581
2020-11-03,125.0,125.0,130.5,125.0,126.0,63581
2020-11-04,125.0,125.0,130.5,125.0,126.0,63581
2020-11-05,125.0,125.0,130.5,125.0,126.0,63581
2020-11-06,125.0,125.0,130.5,125.0,126.0,63581
2020-11-09,125.0,125.0,130.5,125.0,126.0,63581
2020-11-10,125.0,125.0,130.5,125.0,126.0,63581
2020-11-11,125.0,125.0,130.5,125.0,126.0,63581
2020-11-12,125.0,125.0,130.5,125.0,126.0,63581
2020-11-13,125.0,125.0,130.5,125.0,126.0,63581
2020-11-16,125.0,125.0,130.5,125.0,126.0,63581
2020-11-17,125.0,125.0,130.5,125.0,126.0,63581
2020-11-18,125.0,125.0,130.5,125.0,126.0,63581
2020-11-19,125.0,125.0,130.5,125.0,126.0,63581
2020-11-20,125.0,125.0,130.5,125.0,126.0,63581
2020-11-23,125.0,125.0,130.5,125.0,126.0,63581
2020-11-24,125.0,125.0,130.5,125.0,126.0,63581
2020-11-25,125.0,125.0,130.5,125.0,126.0,63581
2020-11-26,125.0,125.0,130.5,125.0,126.0,63581
2020-11-27,125.0,125.0,130.5,125.0,126.0,63581
2020-11-30,125.0,125.0,130.5,125.0,126.0,63581
2020-12-01,125.0,125.0,130.5,125.0,126.0,63581
2020-12-02,125.0,125.0,130.5,125.0,126.0,63581
2020-12-04,125.0,125.0,130.5,125.0,126.0,63581
2020-12-07,125.0,125.0,130.5,125.0,126.0,63581
2020-12-08,125.0,125.0,130.5,125.0,126.0,63581
2020-12-09,125.0,125.0,130.5,125.0,126.0,63581
2020-12-10,125.0,125.0,130.5,125.0,126.0,63581
2020-12-11,125.0,125.0,130.5,125.0,126.0,63581
2020-12-14,125.0,125.0,130.5,125.0,126.0,63581
2020-12-15,125.0,125.0,130.5,125.0,126.0,63581
2020-12-16,125.0,125.0,130.5,125.0,126.0,63581
2020-12-17,125.0,125.0,130.5,125.0,126.0,63581
2020-12-18,125.0,125.0,130.5,125.0,126.0,63581
2020-12-21,125.0,125.0,130.5,125.0,126.0,63581
2020-12-22,125.0,125.0,130.5,125.0,126.0,63581
2020-12-23,125.0,125.0,130.5,125.0,126.0,63581
2020-12-24,125.0,125.0,130.5,125.0,126.0,63581
2020-12-25,125.0,125.0,130.5,125.0,126.0,63581
2020-12-28,125.0,125.0,130.5,125.0,126.0,63581
2020-12-29,125.0,125.0,130.5,125.0,126.0,63581
2020-12-30,125.0,125.0,130.5,125.0,126.0,63581
2020-12-31,125.0,125.0,130.5,125.0,126.0,63581
2021-01-04,125.0,125.0,130.5,125.0,126.0,63581
2021-01-05,125.0,125.0,130.5,125.0,126.0,63581
2021-01-06,125.0,125.0,130.5,125.0,126.0,63581
2021-01-07,125.0,125.0,130.5,125.0,126.0,63581
2021-01-08,125.0,125.0,130.5,125.0,126.0,63581
2021-01-11,125.0,125.0,130.5,125.0,126.0,63581
2021-01-12,125.0,125.0,130.5,125.0,126.0,63581
2021-01-13,125.0,125.0,130.5,125.0,126.0,63581
2021-01-14,125.0,125.0,130.5,125.0,126.0,63581
2021-01-15,125.0,125.0,130.5,125.0,126.0,63581
2021-01-18,125.0,125.0,130.5,125.0,126.0,63581
2021-01-19,125.0,125.0,130.5,125.0,126.0,63581
2021-01-20,125.0,125.0,130.5,125.0,126.0,63581
2021-01-21,125.0,125.0,130.5,125.0,126.0,63581
2021-01-22,125.0,125.0,130.5,125.0,126.0,63581
2021-01-25,125.0,125.0,130.5,125.0,126.0,63581
2021-01-26,125.0,125.0,130.5,125.0,126.0,63581
2021-01-27,125.0,125.0,130.5,125.0,126.0,63581
2021-01-28,125.0,125.0,130.5,125.0,126.0,63581
2021-01-29,125.0,125.0,130.5,125.0,126.0,63581
2021-02-01,125.0,125.0,130.5,125.0,126.0,63581
2021-02-02,125.0,125.0,130.5,125.0,126.0,63581
2021-02-03,125.0,125.0,130.5,125.0,126.0,63581
2021-02-04,125.0,125.0,130.5,125.0,126.0,63581
2021-02-05,125.0,125.0,130.5,125.0,126.0,63581
2021-02-17,125.0,125.0,130.5,125.0,126.0,63581
2021-02-18,125.0,125.0,130.5,125.0,126.0,63581
2021-02-19,125.0,125.0,130.5,125.0,126.0,63581
2021-02-22,125.0,125.0,130.5,125.0,126.0,63581
2021-02-23,125.0,125.0,130.5,125.0,126.0,63581
2021-02-24,125.0,125.0,130.5,125.0,126.0,63581
2021-02-25,125.0,125.0,130.5,125.0,126.0,63581
2021-02-26,125.0,125.0,130.5,125.0,126.0,63581
2021-03-02,125.0,125.0,130.5,125.0,126.0,63581
2021-03-03,125.0,125.0,130.5,125.0,126.0,63581
2021-03-04,125.0,125.0,130.5,125.0,126.0,63581
2021-03-05,125.0,125.0,130.5,125.0,126.0,63581
2021-03-08,125.0,125.0,130.5,125.0,126.0,63581
2021-03-09,125.0,125.0,130.5,125.0,126.0,63581
2021-03-10,125.0,125.0,130.5,125.0,126.0,63581
2021-03-11,125.0,125.0,130.5,125.0,126.0,63581
2021-03-12,125.0,125.0,130.5,125.0,126.0,63581
2021-03-15,125.0,125.0,130.5,125.0,126.0,63581
2021-03-16,125.0,125.0,130.5,125.0,126.0,63581
2021-03-17,125.0,125.0,130.5,125.0,126.0,63581
2021-03-18,125.0,125.0,130.5,125.0,126.0,63581
2021-03-19,125.0,125.0,130.5,125.0,126.0,63581
2021-03-22,125.0,125.0,130.5,125.0,126.0,63581
2021-03-23,125.0,125.0,130.5,125.0,126.0,63581
2021-03-24,125.0,125.0,130.5,125.0,126.0,63581
2021-03-25,125.0,125.0,130.5,125.0,126.0,63581
2021-03-26,125.0,125.0,130.5,125.0,126.0,63581
2021-03-29,125.0,125.0,130.5,125.0,126.0,63581
2021-03-30,125.0,125.0,130.5,125.0,126.0,63581
2021-03-31,125.0,125.0,130.5,125.0,126.0,63581
2021-04-01,125.0,125.0,130.5,125.0,126.0,63581
2021-04-06,125.0,125.0,130.5,125.0,126.0,63581
2021-04-07,125.0,125.0,130.5,125.0,126.0,63581
2021-04-08,125.0,125.0,130.5,125.0,126.0,63581
2021-04-09,125.0,125.0,130.5,125.0,126.0,63581
2021-04-12,125.0,125.0,130.5,125.0,126.0,63581
2021-04-13,125.0,125.0,130.5,125.0,126.0,63581
2021-04-14,125.0,125.0,130.5,125.0,126.0,63581
2021-04-15,125.0,125.0,130.5,125.0,126.0,63581
2021-04-16,125.0,125.0,130.5,125.0,126.0,63581
2021-04-19,125.0,125.0,130.5,125.0,126.0,63581
2021-04-20,125.0,125.0,130.5,125.0,126.0,63581
2021-04-21,125.0,125.0,130.5,125.0,126.0,63581
2021-04-22,125.0,125.0,130.5,125.0,126.0,63581
2021-04-23,125.0,125.0,130.5,125.0,126.0,63581
2021-04-26,125.0,125.0,130.5,125.0,126.0,63581
2021-04-27,125.0,125.0,130.5,125.0,126.0,63581
2021-04-28,125.0,125.0,130.5,125.0,126.0,63581
2021-04-29,125.0,125.0,130.5,125.0,126.0,63581
2021-05-03,125.0,125.0,130.5,125.0,126.0,63581
2021-05-04,125.0,125.0,130.5,125.0,126.0,63581
2021-05-05,125.0,125.0,130.5,125.0,126.0,63581
2021-05-06,125.0,125.0,130.5,125.0,126.0,63581
2021-05-07,125.0,125.0,130.5,125.0,126.0,63581
2021-05-10,125.0,125.0,130.5,125.0,126.0,63581
2021-05-11,125.0,125.0,130.5,125.0,126.0,63581
2021-05-12,125.0,125.0,130.5,125.0,126.0,63581
2021-05-13,125.0,125.0,130.5,125.0,126.0,63581
2021-05-14,125.0,125.0,130.5,125.0,126.0,63581
2021-05-17,125.0,125.0,130.5,125.0,126.0,63581
2021-05-18,125.0,125.0,130.5,125.0,126.0,63581
2021-05-19,125.0,125.0,130.5,125.0,126.0,63581
2021-05-20,125.0,125.0,130.5,125.0,126.0,63581
2021-05-21,125.0,125.0,130.5,125.0,126.0,63581
2021-05-24,125.0,125.0,130.5,125.0,126.0,63581
2021-05-25,125.0,125.0,130.5,125.0,126.0,63581
2021-05-26,125.0,125.0,130.5,125.0,126.0,63581
2021-05-27,125.0,125.0,130.5,125.0,126.0,63581
2021-05-28,125.0,125.0,130.5,125.0,126.0,63581
2021-05-31,125.0,125.0,130.5,125.0,126.0,63581
2021-06-01,125.0,125.0,130.5,125.0,126.0,63581
2021-06-02,125.0,125.0,130.5,125.0,126.0,63581
2021-06-03,125.0,125.0,130.5,125.0,126.0,63581
2021-06-04,125.0,125.0,130.5,125.0,126.0,63581
2021-06-07,125.0,125.0,130.5,125.0,126.0,63581
2021-06-08,125.0,125.0,130.5,125.0,126.0,63581
2021-06-09,125.0,125.0,130.5,125.0,126.0,63581
2021-06-10,125.0,125.0,130.5,125.0,126.0,63581
2021-06-11,125.0,125.0,130.5,125.0,126.0,63581
2021-06-15,125.0,125.0,130.5,125.0,126.0,63581
2021-06-16,125.0,125.0,130.5,125.0,126.0,63581
2021-06-17,125.0,125.0,130.5,125.0,126.0,63581
2021-06-18,125.0,125.0,130.5,125.0,126.0,63581
2021-06-21,125.0,125.0,130.5,125.0,126.0,63581
2021-06-22,125.0,125.0,130.5,125.0,126.0,63581
2021-06-23,125.0,125.0,130.5,125.0,126.0,63581
2021-06-24,125.0,125.0,130.5,125.0,126.0,63581
2021-06-25,125.0,125.0,130.5,125.0,126.0,63581
2021-06-28,125.0,125.0,130.5,125.0,126.0,63581
2021-06-29,125.0,125.0,130.5,125.0,126.0,63581
2021-06-30,125.0,125.0,130.5,125.0,126.0,63581
2021-07-01,125.0,125.0,130.5,125.0,126.0,63581
2021-07-02,125.0,125.0,130.5,125.0,126.0,63581
2021-07-05,125.0,125.0,130.5,125.0,126.0,63581
2021-07-06,125.0,125.0,130.5,125.0,126.0,63581
2021-07-07,125.0,125.0,130.5,125.0,126.0,63581
2021-07-08,125.0,125.0,130.5,125.0,126.0,63581
2021-07-09,125.0,125.0,130.5,125.0,126.0,63581
2021-07-12,125.0,125.0,130.5,125.0,126.0,63581
2021-07-13,125.0,125.0,130.5,125.0,126.0,63581
2021-07-14,125.0,125.0,130.5,125.0,126.0,63581
2021-07-15,125.0,125.0,130.5,125.0,126.0,63581
2021-07-16,125.0,125.0,130.5,125.0,126.0,63581
2021-07-19,125.0,125.0,130.5,125.0,126.0,63581
2021-07-20,125.0,125.0,130.5,125.0,126.0,63581
2021-07-21,125.0,125.0,130.5,125.0,126.0,63581
2021-07-22,125.0,125.0,130.5,125.0,126.0,63581
2021-07-23,125.0,125.0,130.5,125.0,126.0,63581
2021-07-26,125.0,125.0,130.5,125.0,126.0,63581
2021-07-27,125.0,125.0,130.5,125.0,126.0,63581
2021-07-28,125.0,125.0,130.5,125.0,126.0,63581
2021-07-29,125.0,125.0,130.5,125.0,126.0,63581
2021-07-30,125.0,125.0,130.5,125.0,126.0,63581
2021-08-02,125.0,125.0,130.5,125.0,126.0,63581
2021-08-03,125.0,125.0,130.5,125.0,126.0,63581
2021-08-04,125.0,125.0,130.5,125.0,126.0,63581
2021-08-05,125.0,125.0,130.5,125.0,126.0,63581
2021-08-06,125.0,125.0,130.5,125.0,126.0,63581
2021-08-09,255.0,255.0,265.5,251.0,254.5,768000
2021-08-10,250.0,250.0,263.0,238.0,263.0,635000
2021-08-11,227.5,227.5,241.0,225.0,240.0,805000
2021-08-12,232.0,232.0,238.5,225.0,230.0,818000
2021-08-13,224.0,224.0,237.5,222.0,230.5,440000
2021-08-16,228.5,228.5,235.0,211.0,223.0,1238000
2021-08-17,220.0,220.0,239.0,217.5,233.0,1075000
2021-08-18,242.0,242.0,242.0,216.5,217.5,1423000
2021-08-19,199.5,199.5,214.5,194.0,203.0,2139000
2021-08-20,192.0,192.0,204.0,192.0,198.0,710000
2021-08-23,211.0,211.0,211.0,194.0,196.5,1331000
2021-08-24,218.5,218.5,232.0,210.0,218.5,2317000
2021-08-25,234.0,234.0,235.0,217.0,218.5,1778000
2021-08-26,236.5,236.5,243.0,229.5,238.0,1184000
2021-08-27,230.0,230.0,239.0,226.0,235.0,597000
2021-08-30,253.0,253.0,253.0,230.0,233.0,1941000
2021-08-31,261.0,261.0,267.0,251.0,257.5,2803000
2021-09-01,287.0,287.0,287.0,260.0,260.0,2245000
2021-09-02,315.0,315.0,315.5,295.0,300.0,2450000
2021-09-03,305.5,305.5,325.0,297.0,315.0,3704000
2021-09-06,320.0,320.0,320.0,300.0,302.0,352000
2021-09-07,320.0,320.0,320.0,302.0,313.5,264000
2021-09-08,305.0,305.0,330.0,305.0,320.0,288000
2021-09-09,302.5,302.5,307.0,288.0,288.0,309000
2021-09-10,315.0,315.0,319.5,308.0,314.0,360000
2021-09-13,345.0,345.0,345.0,312.0,316.0,308000
2021-09-14,370.0,370.0,379.5,349.5,349.5,345000
2021-09-15,355.5,355.5,370.0,352.0,370.0,264000
2021-09-16,353.0,353.0,370.0,350.0,358.0,218000
2021-09-17,354.0,354.0,358.0,341.0,341.0,283000
2021-09-22,324.0,324.0,346.0,319.5,327.0,1329000
2021-09-23,356.0,356.0,356.0,331.0,334.0,1080000
2021-09-24,388.5,388.5,391.5,373.0,373.0,1118000
2021-09-27,377.0,377.0,398.5,369.0,380.0,2558000
2021-09-28,339.5,339.5,378.5,339.5,377.0,2528000
2021-09-29,310.5,310.5,337.0,309.0,323.0,1756000
2021-09-30,341.5,341.5,341.5,310.0,314.0,2063000
2021-10-01,315.0,315.0,339.0,312.0,335.0,1667000
2021-10-04,308.0,308.0,333.0,305.5,327.0,2483000
2021-10-05,283.5,283.5,307.5,280.0,292.0,3642000
2021-10-06,292.5,292.5,299.5,275.0,290.0,3154000
2021-10-07,293.0,293.0,304.0,290.0,292.5,2130000
2021-10-08,281.0,281.0,295.5,280.0,286.5,1340000
2021-10-12,275.0,275.0,285.0,265.0,276.0,1652000
2021-10-13,251.0,251.0,280.0,248.5,276.0,3145000
2021-10-14,255.0,255.0,263.0,249.5,259.0,1541000
2021-10-15,280.5,280.5,280.5,260.0,266.0,1206000
2021-10-18,275.5,275.5,297.0,274.0,296.0,3207000
2021-10-19,296.0,296.0,302.5,276.0,277.0,2333000
2021-10-20,325.5,325.5,325.5,294.0,294.0,2998000
2021-10-21,328.0,328.0,340.0,319.5,330.0,3715000
2021-10-22,360.5,360.5,360.5,322.0,322.0,2799000
2021-10-25,355.0,355.0,369.5,346.0,367.0,2506000
2021-10-26,380.5,380.5,389.0,347.0,354.5,3615000
2021-10-27,380.0,380.0,392.5,373.0,373.0,2105000
2021-10-28,343.0,343.0,392.0,342.0,380.0,4223000
2021-10-29,339.0,339.0,348.0,327.0,348.0,2607000
2021-11-01,346.0,346.0,355.0,337.5,337.5,1737000
2021-11-02,343.0,343.0,352.0,329.0,340.5,1838000
2021-11-03,335.0,335.0,348.0,333.5,340.5,761000
2021-11-04,346.0,346.0,363.0,339.0,343.5,1700000
2021-11-05,357.5,357.5,359.5,343.5,348.0,1465000
2021-11-08,344.0,344.0,360.5,344.0,360.0,866000
2021-11-09,337.5,337.5,349.5,337.5,347.5,665000
2021-11-10,335.0,335.0,345.5,330.0,342.0,867000
2021-11-11,340.0,340.0,345.5,333.0,334.5,742000
2021-11-12,372.0,372.0,372.0,340.5,340.5,2492000
2021-11-15,377.5,377.5,389.5,367.5,382.5,2404000
2021-11-16,358.0,358.0,379.5,356.5,378.0,1320000
2021-11-17,361.5,361.5,377.0,361.0,363.0,1393000
2021-11-18,365.0,365.0,372.0,356.0,366.5,964000
2021-11-19,398.0,398.0,400.0,368.0,372.0,3405000
2021-11-22,390.0,390.0,426.5,388.0,415.0,3151000
2021-11-23,363.0,363.0,395.0,361.0,395.0,1779000
2021-11-24,349.0,349.0,370.0,343.0,369.0,1698000
2021-11-25,342.0,342.0,350.5,333.0,349.0,1520000
2021-11-26,315.5,315.5,344.5,315.0,339.0,1991000
2021-11-29,305.0,305.0,315.0,287.5,307.0,3098000
2021-11-30,328.0,328.0,330.5,306.5,314.0,2549000
2021-12-01,335.0,335.0,335.0,314.0,320.0,1660000
2021-12-02,328.0,328.0,342.0,325.5,335.0,1138000
2021-12-03,351.0,351.0,354.0,332.5,335.0,1880000
2021-12-06,360.5,360.5,366.5,343.0,343.0,1375000
2021-12-07,361.0,361.0,365.5,354.5,360.0,1025000
2021-12-08,369.0,369.0,378.0,368.0,369.0,1283000
2021-12-09,352.0,352.0,377.5,351.5,371.0,1184000
2021-12-10,360.0,360.0,360.0,348.0,352.0,658000
2021-12-13,357.0,357.0,367.5,355.0,360.5,548000
2021-12-14,341.5,341.5,361.0,340.0,361.0,658000
2021-12-15,354.0,354.0,357.0,340.0,340.0,872000
2021-12-16,364.0,364.0,369.0,355.0,360.5,1726000
2021-12-17,364.0,364.0,372.0,350.5,360.0,1518000
2021-12-20,369.5,369.5,373.5,363.0,366.0,1117000
2021-12-21,365.0,365.0,372.5,362.5,372.0,520000
2021-12-22,366.5,366.5,371.0,363.0,369.0,365000
2021-12-23,376.0,376.0,387.0,368.5,368.5,1763000
2021-12-24,382.5,382.5,392.0,378.5,384.0,1510000
2021-12-27,373.0,373.0,386.5,371.0,382.5,597000
2021-12-28,367.5,367.5,380.5,367.5,377.0,530000
2021-12-29,375.0,375.0,375.0,363.0,369.5,529000
2021-12-30,382.0,382.0,382.0,368.0,375.5,615000
2022-01-03,370.0,370.0,387.0,369.5,384.0,867000
2022-01-04,363.0,363.0,379.5,362.5,374.5,653000
2022-01-05,349.5,349.5,367.0,348.0,365.0,871000
2022-01-06,342.0,342.0,354.5,341.5,349.0,671000
2022-01-07,319.5,319.5,340.0,315.0,333.0,1264000
2022-01-10,328.5,328.5,330.0,315.5,321.0,466000
2022-01-11,315.0,315.0,328.5,311.0,328.5,474000
2022-01-12,320.0,320.0,325.0,312.0,320.0,446000
2022-01-13,325.0,325.0,325.0,317.0,321.0,244000
2022-01-14,311.5,311.5,323.0,307.5,321.0,403000
2022-01-17,318.0,318.0,318.5,313.0,318.0,208000
2022-01-18,316.0,316.0,326.0,315.0,318.0,388000
2022-01-19,308.0,308.0,317.5,304.0,305.5,350000
2022-01-20,306.5,306.5,311.0,300.0,310.0,454000
2022-01-21,299.0,299.0,308.0,296.0,306.0,344000
2022-01-24,299.0,299.0,299.5,281.0,289.5,498000
2022-01-25,282.5,282.5,298.0,282.0,298.0,737000
2022-01-26,254.5,254.5,282.5,254.5,282.5,2584000
2022-02-07,241.5,241.5,256.5,236.0,254.0,1627000
2022-02-08,244.5,244.5,250.0,239.0,250.0,1244000
2022-02-09,262.5,262.5,268.5,247.0,247.5,1790000
2022-02-10,258.0,258.0,263.5,252.5,262.5,1010000
2022-02-11,232.5,232.5,252.5,232.5,252.5,1358000
2022-02-14,209.5,209.5,218.0,209.5,217.0,1822000
2022-02-15,210.0,210.0,212.5,201.0,208.0,3302000
2022-02-16,210.0,210.0,221.0,207.5,218.5,1752000
2022-02-17,224.0,224.0,226.5,211.5,212.0,2264000
2022-02-18,223.0,223.0,223.0,216.0,218.0,806000
2022-02-21,222.5,222.5,228.5,216.5,218.0,685000
2022-02-22,208.0,208.0,222.0,206.0,219.5,1065000
2022-02-23,221.5,221.5,223.5,210.5,215.5,659000
2022-02-24,205.0,205.0,217.5,202.0,215.0,1226000
2022-02-25,211.0,211.0,215.0,206.0,212.0,708000
2022-03-01,218.0,218.0,224.5,212.0,219.0,859000
2022-03-02,220.5,220.5,222.5,212.5,215.0,563000
2022-03-03,216.0,216.0,229.0,216.0,221.0,760000
2022-03-04,217.5,217.5,225.0,211.0,211.0,766000
2022-03-07,197.5,197.5,215.0,196.0,215.0,1552000
2022-03-08,200.5,200.5,205.0,185.0,189.5,1247000
2022-03-09,204.0,204.0,207.5,198.5,201.5,845000
2022-03-10,207.5,207.5,219.0,207.5,212.0,899000
2022-03-11,204.0,204.0,214.5,201.5,214.5,441000
2022-03-14,205.0,205.0,210.5,203.0,206.0,273000
2022-03-15,189.5,189.5,203.5,188.0,203.5,715000
2022-03-16,189.0,189.0,198.5,188.0,198.5,640000
2022-03-17,204.5,204.5,207.5,196.0,198.0,839000
2022-03-18,212.0,212.0,212.0,202.5,204.5,622000
2022-03-21,209.5,209.5,218.0,206.5,213.5,535000
2022-03-22,210.5,210.5,212.5,207.5,211.5,196000
2022-03-23,210.5,210.5,215.5,209.0,212.5,439000
2022-03-24,219.5,219.5,225.0,207.5,207.5,1053000
2022-03-25,212.0,212.0,226.5,212.0,221.5,1489000
2022-03-28,202.0,202.0,213.5,200.0,213.5,844000
2022-03-29,201.5,201.5,209.5,200.5,206.0,468000
2022-03-30,203.5,203.5,208.5,202.5,206.0,350000
2022-03-31,197.5,197.5,204.0,197.5,204.0,365000
2022-04-01,199.5,199.5,199.5,191.5,196.5,336000
2022-04-06,192.5,192.5,195.0,191.5,195.0,302000
2022-04-07,185.0,185.0,192.5,185.0,191.5,375000
2022-04-08,185.5,185.5,189.5,185.0,188.5,273000
2022-04-11,170.0,170.0,186.0,170.0,186.0,650000
2022-04-12,174.5,174.5,179.5,170.0,170.0,494000
2022-04-13,173.0,173.0,178.5,171.5,177.5,190000
2022-04-14,171.5,171.5,179.0,171.5,176.5,209000
2022-04-15,162.0,162.0,172.5,161.0,172.5,331000
2022-04-18,167.0,167.0,169.0,160.0,162.0,307000
2022-04-19,164.0,164.0,171.0,163.0,169.5,179000
2022-04-20,163.5,163.5,168.0,162.5,168.0,172000
2022-04-21,164.0,164.0,167.0,161.5,167.0,170000
2022-04-22,157.5,157.5,162.5,154.5,162.5,410000
2022-04-25,157.0,157.0,157.5,146.5,153.0,545000
2022-04-26,151.5,151.5,160.5,149.5,158.0,372000
2022-04-27,151.5,151.5,152.0,144.5,144.5,322000
2022-04-28,151.0,151.0,153.0,146.5,153.0,229000
2022-04-29,151.5,151.5,158.5,147.5,153.5,229000
2022-05-03,160.0,160.0,160.0,150.0,151.5,264000
2022-05-04,154.0,154.0,161.5,154.0,161.5,250000
2022-05-05,163.0,163.0,166.0,156.5,159.0,470000
2022-05-06,166.5,166.5,166.5,156.0,161.5,333000
2022-05-09,155.0,155.0,164.0,154.0,162.0,328000
2022-05-10,156.5,156.5,157.5,150.5,150.5,224000
2022-05-11,155.0,155.0,158.5,153.0,157.0,127000
2022-05-12,151.0,151.0,158.5,150.5,152.0,179000
2022-05-13,155.0,155.0,156.5,153.0,155.0,148000
2022-05-16,157.0,157.0,161.5,155.0,158.0,241000
2022-05-17,163.0,163.0,164.0,158.0,160.0,372000
2022-05-18,160.5,160.5,167.5,160.5,167.0,339000
2022-05-19,164.0,164.0,164.0,155.0,155.0,199000
2022-05-20,177.0,177.0,179.0,163.0,167.0,867000
2022-05-23,166.0,166.0,178.0,166.0,177.0,723000
2022-05-24,158.0,158.0,169.0,158.0,167.0,541000
2022-05-25,158.0,158.0,161.5,155.5,160.0,239000
2022-05-26,161.0,161.0,168.0,159.5,161.0,679000
2022-05-27,166.0,166.0,177.0,163.0,165.0,2288000
2022-05-30,168.0,168.0,173.0,167.0,171.0,541000
2022-05-31,184.5,184.5,184.5,169.5,171.0,2216000
2022-06-01,189.0,189.0,198.5,186.0,187.5,3380000
2022-06-02,189.5,189.5,194.0,185.5,188.0,1049000
2022-06-06,182.5,182.5,191.5,181.5,191.5,587000
2022-06-07,183.5,183.5,188.0,182.0,182.5,440000
2022-06-08,185.5,185.5,193.0,185.0,187.5,688000
2022-06-09,190.0,190.0,194.0,188.5,189.0,969000
2022-06-10,187.0,187.0,191.0,186.0,186.0,460000
2022-06-13,173.5,173.5,181.5,173.5,178.0,606000
2022-06-14,170.0,170.0,176.0,165.0,172.0,601000
2022-06-15,170.0,170.0,175.5,169.0,172.5,345000
2022-06-16,160.0,160.0,175.5,160.0,174.5,484000
2022-06-17,156.0,156.0,157.5,152.5,157.0,540000
2022-06-20,145.5,145.5,157.5,145.5,156.0,478000
2022-06-21,156.0,156.0,158.0,147.5,147.5,358000
2022-06-22,146.5,146.5,157.5,146.5,157.5,432000
2022-06-23,146.5,146.5,151.0,142.0,149.0,611000
2022-06-24,146.5,146.5,151.5,146.0,148.5,304000
2022-06-27,155.0,155.0,155.0,150.0,150.0,293000
2022-06-28,149.5,149.5,153.0,148.5,153.0,248000
2022-06-29,151.5,151.5,152.5,147.5,149.5,329000
2022-06-30,139.5,139.5,152.0,139.5,152.0,508000
2022-07-01,126.0,126.0,140.0,126.0,140.0,1028000
2022-07-04,125.0,125.0,129.0,122.5,128.0,733000
2022-07-05,123.0,123.0,126.0,118.0,125.0,529000
2022-07-06,117.0,117.0,125.0,115.0,124.0,361000
2022-07-07,126.0,126.0,128.5,117.5,120.5,828000
2022-07-08,123.0,123.0,126.0,118.5,122.0,1028000
2022-07-11,119.5,119.5,124.0,119.0,122.5,245000
2022-07-12,112.0,112.0,119.5,110.5,119.5,408000
2022-07-13,119.5,119.5,120.0,116.5,118.0,261000
2022-07-14,122.0,122.0,127.5,120.5,124.0,1064000
2022-07-15,123.5,123.5,127.0,119.5,122.5,487000
2022-07-18,128.5,128.5,130.0,123.5,124.5,386000
2022-07-19,128.5,128.5,129.0,126.0,127.5,185000
2022-07-20,127.0,127.0,134.5,126.5,132.0,472000
2022-07-21,136.0,136.0,137.0,127.5,127.5,568000
2022-07-22,131.0,131.0,138.0,131.0,136.5,418000
2022-07-25,130.0,130.0,131.0,128.0,131.0,137000
2022-07-26,124.5,124.5,129.5,123.5,129.0,358000
2022-07-27,129.0,129.0,129.0,124.0,125.0,345000
2022-07-28,124.0,124.0,131.0,124.0,130.0,272000
2022-07-29,125.5,125.5,128.0,124.0,126.0,217000
2022-08-01,125.0,125.0,126.5,124.5,125.0,121000
2022-08-02,119.5,119.5,124.5,118.0,124.5,262000
2022-08-03,115.0,115.0,121.5,115.0,120.0,392000
2022-08-04,118.0,118.0,119.0,113.0,116.5,280000
2022-08-05,120.0,120.0,122.0,118.0,121.0,327000
2022-08-08,121.0,121.0,121.5,117.5,117.5,148000
2022-08-09,123.0,123.0,125.5,120.0,122.5,392000
2022-08-10,120.5,120.5,122.5,120.0,120.0,105000
2022-08-11,123.0,123.0,126.0,123.0,125.0,295000
2022-08-12,127.0,127.0,130.5,123.0,123.0,510000
2022-08-15,132.5,132.5,134.0,129.0,129.5,427000
2022-08-16,131.5,131.5,134.5,131.0,132.5,211000
2022-08-17,131.0,131.0,134.0,130.0,132.0,301000
2022-08-18,135.5,135.5,136.5,129.5,132.0,397000
2022-08-19,134.5,134.5,138.5,133.5,137.5,305000
2022-08-22,130.5,130.5,134.0,130.0,134.0,131000
2022-08-23,131.5,131.5,134.5,129.0,129.5,186000
2022-08-24,134.0,134.0,135.5,131.5,131.5,175000
2022-08-25,134.5,134.5,137.0,134.0,135.5,197000
2022-08-26,134.0,134.0,137.5,133.5,136.5,182000
2022-08-29,129.0,129.0,130.0,126.0,127.0,183000
2022-08-30,141.5,141.5,141.5,129.5,129.5,416000
2022-08-31,145.5,145.5,150.5,139.0,144.0,1553000
2022-09-01,149.0,149.0,156.0,142.0,142.5,1521000
2022-09-02,163.5,163.5,163.5,157.0,158.0,695000
2022-09-05,155.5,155.5,174.5,155.5,172.0,2913000
2022-09-06,144.0,144.0,157.0,143.5,157.0,1270000
2022-09-07,145.5,145.5,153.0,142.0,144.0,1668000
2022-09-08,146.0,146.0,150.5,145.0,148.5,741000
2022-09-12,145.5,145.5,149.5,144.5,148.0,479000
2022-09-13,150.0,150.0,156.0,147.5,148.0,918000
2022-09-14,149.5,149.5,150.5,143.5,144.0,449000
2022-09-15,146.5,146.5,151.5,146.5,151.5,305000
2022-09-16,141.5,141.5,147.0,141.5,145.5,276000
2022-09-19,134.5,134.5,143.5,134.5,142.0,346000
2022-09-20,136.5,136.5,137.5,134.5,137.5,283000
2022-09-21,137.0,137.0,142.0,136.0,136.5,432000
2022-09-22,140.0,140.0,142.5,133.0,136.0,288000
2022-09-23,138.0,138.0,143.0,135.0,142.5,553000
2022-09-26,125.0,125.0,135.5,124.5,134.0,651000
2022-09-27,127.5,127.5,129.0,123.5,128.0,269000
2022-09-28,120.5,120.5,127.0,116.5,127.0,445000
2022-09-29,119.5,119.5,125.0,118.0,124.0,465000
2022-09-30,121.5,121.5,123.0,115.0,115.0,316000
2022-10-03,133.5,133.5,133.5,119.0,119.5,599000
2022-10-04,146.5,146.5,146.5,137.0,137.0,1416000
2022-10-05,138.0,138.0,149.0,135.0,147.5,2013000
2022-10-06,139.0,139.0,141.0,136.0,137.0,542000
2022-10-07,135.5,135.5,138.0,133.5,138.0,402000
2022-10-11,122.0,122.0,128.5,122.0,128.0,526000
2022-10-12,122.5,122.5,123.0,117.0,121.0,593000
2022-10-13,112.5,112.5,123.0,112.5,123.0,536000
2022-10-14,122.0,122.0,122.5,117.0,118.0,358000
2022-10-17,120.0,120.0,120.0,113.0,118.5,356000
2022-10-18,120.0,120.0,124.5,119.0,123.0,245000
2022-10-19,120.0,120.0,123.5,118.5,119.5,269000
2022-10-20,119.5,119.5,121.0,117.0,118.0,217000
2022-10-21,122.0,122.0,122.0,118.0,120.5,245000
2022-10-24,116.0,116.0,127.5,116.0,125.0,471000
2022-10-25,115.5,115.5,118.0,114.5,116.5,411000
2022-10-26,116.0,116.0,117.5,115.5,117.0,192000
2022-10-27,120.0,120.0,121.0,118.0,118.0,188000
2022-10-28,116.0,116.0,120.5,116.0,120.0,208000
2022-10-31,118.0,118.0,120.5,118.0,119.0,141000
2022-11-01,120.5,120.5,123.0,118.5,119.5,204000
2022-11-02,123.0,123.0,125.5,120.5,120.5,202000
2022-11-03,124.0,124.0,125.5,120.5,121.0,181000
2022-11-04,124.0,124.0,125.5,121.5,124.0,124000
2022-11-07,127.0,127.0,129.0,124.0,125.5,218000
2022-11-08,125.5,125.5,132.0,125.5,128.0,318000
2022-11-09,138.0,138.0,138.0,127.0,127.0,690000
2022-11-10,140.5,140.5,147.0,136.5,140.0,2128000
2022-11-11,137.0,137.0,148.0,136.0,147.0,1471000
2022-11-14,136.5,136.5,140.5,131.5,139.0,639000
2022-11-15,140.5,140.5,142.5,136.5,139.0,531000
2022-11-16,142.0,142.0,143.0,136.5,141.0,493000
2022-11-17,143.5,143.5,146.0,140.5,143.0,524000
2022-11-18,141.5,141.5,147.0,139.5,143.0,372000
2022-11-21,143.0,143.0,148.0,142.0,144.5,483000
2022-11-22,138.0,138.0,143.5,138.0,141.0,301000
2022-11-23,138.0,138.0,141.0,135.0,138.0,344000
2022-11-24,145.0,145.0,148.0,139.5,141.0,998000
2022-11-25,141.0,141.0,148.0,141.0,144.0,395000
2022-11-28,141.0,141.0,142.0,137.0,139.5,180000
2022-11-29,141.0,141.0,141.5,138.5,141.5,283000
2022-11-30,145.5,145.5,154.0,141.5,141.5,1249000
2022-12-01,160.0,160.0,160.0,149.0,149.5,1068000
2022-12-02,176.0,176.0,176.0,163.0,163.5,3172000
2022-12-05,188.5,188.5,193.5,171.0,171.0,4732000
2022-12-06,188.0,188.0,193.0,184.0,191.5,1654000
2022-12-07,182.0,182.0,194.5,182.0,190.5,2360000
2022-12-08,196.0,196.0,197.5,184.5,186.5,2657000
2022-12-09,192.5,192.5,200.5,185.5,200.0,2789000
2022-12-12,184.0,184.0,191.0,182.0,189.0,1292000
2022-12-13,185.5,185.5,190.0,183.0,187.5,596000
2022-12-14,189.0,189.0,194.0,184.5,187.5,1275000
2022-12-15,187.0,187.0,191.0,185.0,187.0,664000
2022-12-16,185.0,185.0,187.0,182.0,182.5,508000
2022-12-19,177.0,177.0,191.0,176.5,191.0,1357000
2022-12-20,169.5,169.5,180.5,169.5,177.0,724000
2022-12-21,171.5,171.5,176.0,171.0,171.5,538000
2022-12-22,165.5,165.5,175.5,163.0,174.0,1041000
2022-12-23,168.0,168.0,170.0,164.5,166.0,415000
2022-12-26,162.0,162.0,168.0,162.0,168.0,295000
2022-12-27,167.0,167.0,167.5,162.5,162.5,282000
2022-12-28,154.5,154.5,163.0,154.0,162.0,777000
2022-12-29,155.5,155.5,158.5,151.0,153.0,495000
2022-12-30,151.5,151.5,159.5,151.5,156.5,412000
2023-01-03,159.0,159.0,159.0,151.0,152.0,616000
2023-01-04,157.5,157.5,161.5,157.5,159.0,406000
2023-01-05,160.5,160.5,168.5,159.0,160.0,650000
2023-01-06,161.5,161.5,164.0,158.5,160.0,347000
2023-01-09,165.5,165.5,166.5,162.5,162.5,451000
2023-01-10,163.5,163.5,168.0,162.0,164.5,275000
2023-01-11,165.5,165.5,167.0,162.5,165.0,237000
2023-01-12,166.5,166.5,170.5,164.5,168.5,696000
2023-01-13,160.5,160.5,170.5,160.5,169.0,473000
2023-01-16,162.5,162.5,164.0,160.5,160.5,298000
2023-01-17,169.5,169.5,171.5,163.0,164.5,700000
2023-01-30,172.0,172.0,177.5,170.5,173.5,568000
2023-01-31,174.0,174.0,174.0,168.5,171.5,398000
2023-02-01,172.5,172.5,178.0,170.5,177.0,445000
2023-02-02,176.5,176.5,181.5,174.0,174.5,923000
2023-02-03,173.5,173.5,175.5,170.0,175.0,572000
2023-02-06,172.5,172.5,174.5,170.0,170.5,252000
2023-02-07,175.5,175.5,177.0,170.5,172.5,394000
2023-02-08,180.0,180.0,180.5,173.5,176.5,768000
2023-02-09,172.0,172.0,183.5,172.0,183.0,1371000
2023-02-10,168.0,168.0,173.0,167.5,172.5,515000
2023-02-13,172.0,172.0,173.5,166.5,168.0,454000
2023-02-14,173.5,173.5,177.5,171.0,174.0,677000
2023-02-15,171.0,171.0,174.5,170.5,173.0,260000
2023-02-16,174.0,174.0,176.0,172.5,173.0,387000
2023-02-17,172.0,172.0,177.5,171.5,174.0,786000
2023-02-20,178.0,178.0,179.0,172.5,172.5,700000
2023-02-21,177.5,177.5,183.5,175.0,183.0,1230000
2023-02-22,175.0,175.0,181.0,174.0,174.5,789000
2023-02-23,178.0,178.0,181.5,175.0,175.0,658000
2023-02-24,172.5,172.5,179.5,172.5,179.0,575000
2023-03-01,173.0,173.0,174.0,170.5,172.0,242000
2023-03-02,175.0,175.0,175.0,172.5,174.0,211000
2023-03-03,176.0,176.0,180.5,175.0,176.0,745000
2023-03-06,176.0,176.0,179.5,176.0,177.5,1059000
2023-03-07,171.5,171.5,176.0,170.5,176.0,933000
2023-03-08,170.0,170.0,172.5,168.0,169.5,541000
2023-03-09,168.5,168.5,171.5,166.5,170.5,787000
2023-03-10,162.0,162.0,168.0,161.0,168.0,777000
2023-03-13,160.5,160.5,162.5,155.5,160.0,447000
2023-03-14,157.5,157.5,163.0,156.5,161.0,473000
2023-03-15,160.0,160.0,163.5,159.0,161.0,356000
2023-03-16,158.0,158.0,160.0,154.0,160.0,238000
2023-03-17,162.0,162.0,164.5,159.5,161.0,412000
2023-03-20,162.0,162.0,164.0,162.0,164.0,83000
2023-03-21,161.0,161.0,164.0,161.0,164.0,118000
2023-03-22,162.5,162.5,164.5,162.0,162.0,226000
2023-03-23,167.0,167.0,167.0,162.0,162.5,376000
2023-03-24,165.5,165.5,166.5,164.5,165.0,235000
2023-03-27,165.0,165.0,167.5,165.0,166.0,201000
2023-03-28,159.0,159.0,166.0,159.0,166.0,289000
2023-03-29,159.0,159.0,161.0,156.5,158.5,162000
2023-03-30,160.5,160.5,161.5,159.0,161.5,83000
2023-03-31,164.5,164.5,170.5,162.5,163.0,949000
2023-04-06,169.0,169.0,170.0,163.0,167.0,422000
2023-04-07,171.5,171.5,176.0,168.0,170.5,1289000
2023-04-10,168.0,168.0,174.5,167.5,174.5,740000
2023-04-11,172.5,172.5,174.0,168.5,168.5,578000
2023-04-12,176.0,176.0,179.0,172.0,174.0,904000
2023-04-13,177.0,177.0,179.5,174.0,176.5,848000
2023-04-14,177.0,177.0,180.5,175.5,177.5,662000
2023-04-17,180.0,180.0,183.5,178.5,178.5,721000
2023-04-18,186.0,186.0,192.0,182.0,183.0,1620000
2023-04-19,187.5,187.5,193.5,183.5,187.0,1453000
2023-04-20,179.5,179.5,188.0,179.0,187.0,1030000
2023-04-21,175.0,175.0,184.0,175.0,183.0,645000
2023-04-24,176.5,176.5,179.0,174.0,175.0,209000
2023-04-25,166.0,166.0,178.5,166.0,177.0,738000
2023-04-26,162.0,162.0,167.5,160.5,166.0,578000
2023-04-27,162.0,162.0,164.0,157.0,163.0,589000
2023-04-28,165.5,165.5,168.5,164.0,166.0,374000
2023-05-02,182.0,182.0,182.0,165.0,167.0,1922000
2023-05-03,182.0,182.0,186.0,179.0,182.5,1947000
2023-05-04,176.5,176.5,187.5,175.0,184.0,1269000
2023-05-05,178.0,178.0,180.0,177.0,177.0,362000
2023-05-08,176.5,176.5,182.0,176.5,180.5,321000
2023-05-09,168.5,168.5,174.5,168.0,174.5,663000
2023-05-10,169.0,169.0,170.0,167.0,168.5,184000
2023-05-11,163.5,163.5,170.0,163.0,170.0,377000
2023-05-12,164.5,164.5,166.0,162.0,163.0,230000
2023-05-15,160.0,160.0,166.5,159.0,166.5,268000
2023-05-16,160.5,160.5,164.0,160.0,162.5,217000
2023-05-17,164.0,164.0,165.0,161.5,162.5,280000
2023-05-18,166.0,166.0,170.0,165.5,167.0,392000
2023-05-19,164.5,164.5,169.0,164.0,169.0,209000
2023-05-22,165.0,165.0,166.5,164.0,164.5,130000
2023-05-23,165.5,165.5,167.5,163.5,166.5,187000
2023-05-24,163.5,163.5,165.5,163.5,165.5,175000
2023-05-25,161.5,161.5,164.0,161.5,164.0,227000
2023-05-26,160.5,160.5,164.0,160.0,162.5,236000
2023-05-29,165.5,165.5,167.0,161.0,161.0,337000
2023-05-30,163.0,163.0,167.0,162.5,166.0,227000
2023-05-31,165.0,165.0,167.0,163.5,164.0,191000
2023-06-01,165.0,165.0,166.0,163.5,166.0,123000
2023-06-02,164.5,164.5,166.5,164.5,166.0,255000
2023-06-05,165.5,165.5,168.0,164.5,164.5,298000
2023-06-06,162.5,162.5,167.0,162.0,167.0,253000
2023-06-07,165.5,165.5,165.5,163.0,164.5,161000
2023-06-08,161.0,161.0,165.0,161.0,164.0,247000
2023-06-09,157.0,157.0,158.5,154.5,158.5,973000
2023-06-12,154.0,154.0,158.0,152.5,158.0,360000
2023-06-13,160.0,160.0,162.5,155.0,156.0,478000
2023-06-14,159.0,159.0,162.0,157.0,162.0,171000
2023-06-15,162.0,162.0,163.0,160.0,160.0,192000
2023-06-16,157.5,157.5,162.0,157.5,162.0,287000
2023-06-19,156.0,156.0,158.0,153.0,157.5,221000
2023-06-20,154.5,154.5,158.0,154.5,158.0,122000
2023-06-21,156.5,156.5,157.5,154.0,157.5,142000
2023-06-26,153.0,153.0,157.0,152.5,157.0,166000
2023-06-27,151.0,151.0,155.0,151.0,155.0,167000
2023-06-28,153.0,153.0,154.0,151.5,153.0,149000
2023-06-29,152.0,152.0,154.5,152.0,153.5,118000
2023-06-30,154.0,154.0,155.5,151.5,153.0,144000
2023-07-03,154.5,154.5,156.0,153.0,156.0,135000
2023-07-04,157.0,157.0,157.0,153.5,154.5,285000
2023-07-05,152.0,152.0,155.5,152.0,153.0,203000
2023-07-06,151.5,151.5,153.5,151.0,151.5,156000
2023-07-07,151.0,151.0,153.5,148.5,153.5,227000
2023-07-10,147.0,147.0,151.5,147.0,151.5,180000
2023-07-11,144.5,144.5,149.5,144.0,148.5,217000
2023-07-12,134.0,134.0,145.0,134.0,144.5,921000
2023-07-13,134.5,134.5,139.0,132.5,132.5,734000
2023-07-14,141.5,141.5,142.0,136.0,137.5,402000
2023-07-17,140.5,140.5,143.5,138.5,143.5,256000
2023-07-18,136.5,136.5,142.0,136.0,142.0,246000
2023-07-19,138.0,138.0,141.0,137.5,138.5,125000
2023-07-20,140.5,140.5,142.0,138.0,138.0,158000
2023-07-21,138.0,138.0,140.5,137.5,140.0,119000
2023-07-24,134.0,134.0,138.0,134.0,138.0,202000
2023-07-25,138.5,138.5,140.0,132.0,134.0,317000
2023-07-26,134.0,134.0,140.5,133.5,140.5,170000
2023-07-27,139.0,139.0,140.0,136.0,136.0,236000
2023-07-28,141.0,141.0,142.0,137.5,138.0,226000
2023-07-31,140.5,140.5,145.0,138.5,141.0,290000
2023-08-01,139.0,139.0,146.0,139.0,143.5,291000
2023-08-02,134.5,134.5,139.0,134.0,139.0,269000
2023-08-04,136.0,136.0,137.0,133.0,133.0,56000
2023-08-07,136.5,136.5,137.0,134.5,135.5,84000
2023-08-08,134.0,134.0,137.0,134.0,137.0,101000
2023-08-09,137.0,137.0,138.0,133.0,134.5,153000
2023-08-10,133.0,133.0,139.0,133.0,137.5,188000
2023-08-11,128.5,128.5,135.5,128.5,135.5,230000
2023-08-14,122.0,122.0,130.0,120.0,125.5,380000
2023-08-15,124.0,124.0,125.5,123.5,125.0,65000
2023-08-16,122.0,122.0,125.0,122.0,124.0,98000
2023-08-17,126.0,126.0,126.5,121.5,122.0,151000
2023-08-18,124.0,124.0,126.5,123.0,125.0,136000
2023-08-21,121.5,121.5,124.0,121.0,124.0,187000
2023-08-22,121.5,121.5,123.0,121.5,122.0,69000
2023-08-23,122.5,122.5,123.0,121.5,121.5,70000
2023-08-24,124.0,124.0,126.0,122.5,123.5,175000
2023-08-25,122.0,122.0,124.5,122.0,123.0,98000
2023-08-28,121.5,121.5,124.0,121.5,122.5,82000
2023-08-29,124.0,124.0,125.5,122.0,122.0,106000
2023-08-30,126.5,126.5,129.5,125.0,126.0,304000
2023-08-31,127.5,127.5,129.0,126.0,127.0,99000
2023-09-01,128.0,128.0,129.5,127.5,127.5,172000
2023-09-04,129.0,129.0,129.0,127.0,128.0,75000
2023-09-05,134.0,134.0,137.5,128.5,128.5,402000
2023-09-06,131.0,131.0,133.5,131.0,133.5,119000
2023-09-07,131.0,131.0,133.5,130.0,130.0,96000
2023-09-08,128.0,128.0,130.0,127.5,130.0,105000
2023-09-11,126.0,126.0,128.5,126.0,127.0,72000
2023-09-12,128.5,128.5,129.5,126.0,128.0,81000
2023-09-13,129.0,129.0,130.0,127.0,127.0,41000
2023-09-14,132.5,132.5,133.0,129.5,130.0,169000
2023-09-15,130.0,130.0,133.5,129.0,133.5,124000
2023-09-18,138.0,138.0,141.0,128.5,129.0,669000
2023-09-19,135.0,135.0,140.5,135.0,138.5,381000
2023-09-20,132.5,132.5,136.0,131.5,136.0,199000
2023-09-21,130.5,130.5,133.0,129.5,132.5,148000
2023-09-22,132.5,132.5,133.0,129.5,129.5,68000
2023-09-25,135.5,135.5,137.0,133.0,134.0,207000
2023-09-26,131.5,131.5,135.5,131.0,135.5,94000
2023-09-27,130.0,130.0,131.5,129.5,130.5,102000
2023-09-28,130.0,130.0,132.5,130.0,131.5,62000
2023-10-02,130.5,130.5,131.5,130.5,131.5,83000
2023-10-03,130.5,130.5,132.0,130.5,131.5,55000
2023-10-04,128.0,128.0,130.0,127.5,130.0,104000
2023-10-05,131.0,131.0,132.5,129.5,130.0,99000
2023-10-06,133.5,133.5,134.0,130.0,130.0,149000
2023-10-11,126.5,126.5,135.5,124.0,135.0,436000
2023-10-12,128.5,128.5,129.5,126.0,126.5,228000
2023-10-13,129.0,129.0,129.5,126.0,126.5,98000
2023-10-16,129.0,129.0,129.5,127.0,127.5,87000
2023-10-17,141.5,141.5,141.5,132.5,132.5,2009000
2023-10-18,137.5,137.5,149.0,137.5,141.5,2705000
2023-10-19,151.0,151.0,151.0,151.0,151.0,350000
2023-10-20,163.0,163.0,165.0,162.5,164.5,3503000
2023-10-23,158.5,158.5,163.5,157.5,163.0,2217000
2023-10-24,157.5,157.5,159.0,155.0,157.5,1040000
2023-10-25,157.5,157.5,158.0,156.0,157.5,506000
2023-10-26,157.0,157.0,159.0,155.0,156.5,491000
2023-10-27,156.0,156.0,158.0,155.5,158.0,299000
2023-10-30,157.5,157.5,158.0,157.0,157.0,262000
2023-10-31,157.5,157.5,158.0,156.0,158.0,278000
2023-11-01,158.5,158.5,159.5,157.5,157.5,268000
2023-11-02,158.5,158.5,159.0,158.0,159.0,154000
2023-11-03,158.0,158.0,159.0,157.5,159.0,157000
2023-11-06,159.0,159.0,159.5,158.0,158.5,289000
2023-11-07,160.5,160.5,161.0,159.0,159.5,278000
2023-11-08,161.5,161.5,162.0,160.5,161.0,249000
2023-11-09,159.5,159.5,161.0,159.0,161.0,333000
2023-11-10,157.5,157.5,160.0,157.5,160.0,225000
2023-11-13,160.0,160.0,161.0,159.0,159.0,438000
2023-11-14,163.0,163.0,163.0,160.0,160.0,396000
2023-11-15,157.5,157.5,162.0,157.5,162.0,241000
2023-11-16,158.0,158.0,158.5,156.0,156.0,93000
2023-11-17,162.0,162.0,167.5,160.0,162.0,735000
2023-11-20,160.5,160.5,162.5,160.5,162.5,130000
2023-11-21,160.5,160.5,162.5,160.0,162.0,135000
2023-11-22,169.5,169.5,171.0,160.5,160.5,861000
2023-11-23,169.5,169.5,176.0,168.5,171.0,568000
2023-11-24,166.0,166.0,171.0,165.5,169.0,180000
2023-11-27,162.0,162.0,166.5,162.0,166.5,128000
2023-11-28,168.5,168.5,168.5,163.5,163.5,142000
2023-11-29,164.5,164.5,171.0,164.5,171.0,124000
2023-11-30,167.5,167.5,168.0,164.5,166.0,146000
2023-12-01,167.0,167.0,168.0,165.0,168.0,81000
2023-12-04,163.0,163.0,167.0,163.0,165.5,158000
2023-12-05,165.0,165.0,165.0,161.5,162.5,83000
2023-12-06,161.5,161.5,165.0,161.5,165.0,77000
2023-12-07,161.0,161.0,162.5,161.0,162.0,52000
2023-12-08,159.0,159.0,162.5,157.5,161.0,173000
2023-12-11,158.0,158.0,161.0,158.0,161.0,62000
2023-12-12,158.0,158.0,160.5,157.5,160.5,91000
2023-12-13,158.0,158.0,158.0,157.0,157.5,67000
2023-12-14,157.0,157.0,161.0,156.5,161.0,135000
2023-12-15,156.0,156.0,157.0,155.5,157.0,50000
2023-12-18,156.0,156.0,157.5,155.0,156.0,64000
2023-12-19,154.5,154.5,155.5,153.5,155.5,52000
2023-12-20,156.5,156.5,157.5,156.0,157.0,32000
2023-12-21,156.5,156.5,160.5,156.0,156.0,78000
2023-12-22,156.5,156.5,158.0,156.0,156.5,32000
2023-12-25,157.5,157.5,159.0,156.5,156.5,47000
2023-12-26,158.0,158.0,159.0,157.5,157.5,42000
2023-12-27,160.0,160.0,160.5,158.0,158.0,123000
2023-12-28,160.5,160.5,167.5,160.5,163.5,266000
2023-12-29,159.5,159.5,161.5,159.0,160.5,51000
2024-01-02,159.5,159.5,162.0,159.0,159.0,74000
2024-01-03,158.5,158.5,160.0,157.0,158.0,67000
2024-01-04,160.0,160.0,160.5,158.0,158.0,83000
2024-01-05,158.5,158.5,159.0,157.5,159.0,91000
2024-01-08,155.5,155.5,158.5,155.0,158.5,118000
2024-01-09,149.0,149.0,155.5,146.5,155.5,221000
2024-01-10,150.0,150.0,150.5,148.0,148.0,22000
2024-01-11,150.0,150.0,151.0,149.0,151.0,46000
2024-01-12,148.0,148.0,150.0,148.0,148.5,41000
2024-01-15,148.5,148.5,150.0,148.5,148.5,14000
2024-01-16,144.0,144.0,148.5,143.5,148.0,170000
2024-01-17,142.5,142.5,145.0,142.0,144.0,67000
2024-01-18,144.0,144.0,145.0,142.0,145.0,48000
2024-01-19,143.0,143.0,145.5,143.0,145.0,50000
2024-01-22,145.0,145.0,146.5,144.0,144.0,63000
2024-01-23,145.0,145.0,145.5,143.5,144.0,44000
2024-01-24,144.0,144.0,145.0,143.5,145.0,49000
2024-01-25,145.0,145.0,145.5,144.0,145.5,36000
2024-01-26,144.5,144.5,145.5,144.0,145.5,29000
2024-01-29,144.5,144.5,145.5,144.5,145.0,57000
2024-01-30,145.5,145.5,147.0,145.0,145.0,49000
2024-01-31,145.0,145.0,147.0,145.0,145.5,36000
2024-02-01,150.0,150.0,155.0,145.0,145.0,296000
2024-02-02,147.5,147.5,154.0,147.5,153.5,108000
2024-02-05,148.0,148.0,150.0,147.0,148.5,54000
2024-02-15,148.5,148.5,151.0,146.5,151.0,99000
2024-02-16,155.0,155.0,155.0,149.5,149.5,242000
2024-02-19,157.0,157.0,159.5,156.0,156.5,214000
2024-02-20,153.5,153.5,157.0,152.5,157.0,89000
2024-02-21,153.5,153.5,155.5,152.0,152.0,79000
2024-02-22,151.5,151.5,154.5,151.5,154.0,77000
2024-02-23,152.0,152.0,155.0,152.0,153.0,114000
2024-02-26,160.5,160.5,164.0,152.0,152.0,321000
2024-02-27,156.5,156.5,161.0,155.5,161.0,185000
2024-02-29,157.0,157.0,159.5,155.5,157.0,126000
2024-03-01,161.0,161.0,163.0,158.0,158.0,193000
2024-03-04,160.5,160.5,162.5,160.0,162.0,115000
2024-03-05,158.0,158.0,160.0,157.0,160.0,142000
2024-03-06,158.5,158.5,162.0,157.0,157.0,141000
2024-03-07,155.0,155.0,158.5,154.5,158.5,101000
2024-03-08,146.5,146.5,154.0,146.0,153.0,184000
2024-03-11,146.0,146.0,148.0,144.5,145.0,119000
2024-03-12,148.5,148.5,151.5,146.0,146.0,70000
2024-03-13,146.5,146.5,151.5,146.0,149.5,86000
2024-03-14,145.0,145.0,147.5,145.0,145.5,64000
2024-03-15,143.5,143.5,145.5,143.0,144.0,72000
2024-03-18,145.0,145.0,145.5,142.5,143.5,56000
2024-03-19,149.0,149.0,151.0,146.0,146.0,145000
2024-03-20,144.0,144.0,149.5,144.0,149.0,70000
2024-03-21,143.5,143.5,145.5,143.0,145.5,67000
2024-03-22,144.0,144.0,145.0,143.0,144.5,69000
2024-03-25,145.0,145.0,147.0,144.0,144.0,62000
2024-03-26,143.0,143.0,145.5,142.0,145.5,60000
2024-03-27,143.0,143.0,144.0,142.5,142.5,32000
2024-03-28,142.5,142.5,143.5,142.5,143.5,20000
2024-03-29,142.5,142.5,143.0,142.0,142.5,48000
2024-04-01,143.0,143.0,144.5,142.5,142.5,29000
2024-04-02,143.5,143.5,144.5,143.5,143.5,53000
2024-04-03,143.0,143.0,144.0,142.5,143.0,25000
2024-04-08,144.0,144.0,146.0,143.0,143.0,64000
2024-04-09,145.5,145.5,146.0,143.0,144.0,91000
2024-04-10,145.5,145.5,147.0,145.5,146.5,48000
2024-04-11,143.0,143.0,145.5,143.0,145.5,62000
2024-04-12,140.0,140.0,144.0,140.0,143.5,161000
2024-04-15,138.5,138.5,140.0,137.0,140.0,81000
2024-04-16,132.5,132.5,138.0,132.0,138.0,130000
2024-04-17,137.0,137.0,137.0,134.0,134.5,35000
2024-04-18,136.0,136.0,137.0,136.0,136.5,11000
2024-04-19,131.0,131.0,133.5,129.0,133.5,90000
2024-04-22,128.5,128.5,132.0,128.0,131.0,60000
2024-04-23,130.5,130.5,131.5,129.0,129.5,41000
2024-04-24,132.5,132.5,133.5,131.5,132.0,38000
2024-04-25,129.5,129.5,130.5,129.0,129.5,25000
2024-04-26,130.5,130.5,132.5,130.0,131.0,34000
2024-04-29,133.0,133.0,133.5,131.5,131.5,30000
2024-04-30,136.0,136.0,137.5,134.0,134.0,84000
2024-05-02,138.0,138.0,138.5,135.0,135.5,47000
2024-05-03,137.0,137.0,139.0,136.0,139.0,26000
2024-05-06,137.0,137.0,139.5,136.0,139.0,59000
2024-05-07,136.0,136.0,138.5,136.0,138.5,16000
2024-05-08,136.5,136.5,139.0,136.5,139.0,25000
2024-05-09,139.5,139.5,140.0,137.0,137.0,60000
2024-05-10,139.0,139.0,141.0,137.5,141.0,52000
2024-05-13,138.0,138.0,142.0,136.5,142.0,42000
2024-05-14,142.0,142.0,142.0,138.5,139.0,71000
2024-05-15,139.5,139.5,146.5,139.5,144.0,75000
2024-05-16,141.5,141.5,141.5,140.0,140.5,30000
2024-05-17,142.0,142.0,143.5,139.5,142.0,37000
2024-05-20,142.0,142.0,143.0,140.5,141.0,37000
2024-05-21,140.0,140.0,143.0,140.0,143.0,22000
2024-05-22,142.0,142.0,142.5,141.0,141.0,62000
2024-05-23,140.0,140.0,142.0,140.0,142.0,40000
2024-05-24,139.5,139.5,141.5,138.5,139.0,64000
2024-05-27,138.0,138.0,142.0,137.5,142.0,210000
2024-05-28,145.5,145.5,147.5,138.5,139.5,327000
2024-05-29,146.0,146.0,148.0,143.5,145.0,150000
2024-05-30,143.0,143.0,146.5,142.5,144.5,70000
2024-05-31,142.5,142.5,146.0,142.5,145.0,52000
2024-06-03,145.0,145.0,145.5,142.0,143.0,41000
2024-06-04,146.5,146.5,146.5,144.5,146.0,89000
2024-06-05,144.0,144.0,148.0,144.0,148.0,74000
2024-06-06,141.5,141.5,144.0,141.5,144.0,80000
2024-06-07,146.0,146.0,146.0,141.5,141.5,67000
2024-06-11,141.0,141.0,145.5,141.0,145.5,67000
2024-06-12,143.0,143.0,144.0,142.0,143.0,26000
2024-06-13,142.5,142.5,144.5,142.0,142.0,35000
2024-06-14,143.5,143.5,145.5,142.0,142.5,97000
2024-06-17,147.0,147.0,149.5,144.5,144.5,209000
2024-06-18,143.5,143.5,149.0,143.5,147.5,112000
2024-06-19,141.5,141.5,146.5,141.5,146.5,87000
2024-06-20,143.5,143.5,145.5,141.0,141.0,96000
2024-06-21,144.0,144.0,148.5,143.0,146.0,152000
2024-06-24,141.5,141.5,147.5,141.0,144.0,187000
2024-06-25,143.0,143.0,147.0,142.0,142.0,311000
2024-06-26,141.0,141.0,145.5,140.5,144.5,141000
2024-06-27,139.0,139.0,141.5,138.0,141.5,144000
2024-06-28,139.0,139.0,141.5,139.0,139.5,81000
2024-07-01,138.0,138.0,140.5,138.0,140.0,45000
2024-07-02,135.5,135.5,138.5,135.0,138.5,89000
2024-07-03,136.0,136.0,138.5,135.5,135.5,87000
2024-07-04,137.0,137.0,138.5,136.5,136.5,63000
2024-07-05,135.5,135.5,138.0,135.0,136.5,222000
2024-07-08,134.5,134.5,137.0,134.0,137.0,100000
2024-07-09,135.0,135.0,136.0,130.0,135.0,189000
2024-07-10,133.0,133.0,137.0,133.0,135.0,85000
2024-07-11,134.0,134.0,135.0,133.0,133.5,77000
2024-07-12,133.5,133.5,134.0,132.5,133.0,55000
2024-07-15,131.5,131.5,133.5,131.0,133.5,124000
2024-07-16,132.0,132.0,133.5,131.0,131.5,83000
2024-07-17,134.0,134.0,135.5,132.5,132.5,131000
2024-07-18,133.0,133.0,133.0,130.5,132.5,109000
2024-07-19,129.0,129.0,132.0,129.0,132.0,117000
2024-07-22,125.0,125.0,131.0,124.0,131.0,104000
2024-07-23,125.5,125.5,127.0,125.5,126.5,41000
2024-07-26,125.5,125.5,126.0,123.0,123.0,47000
2024-07-29,122.0,122.0,126.5,121.5,126.0,93000
2024-07-30,121.5,121.5,123.0,118.5,121.0,82000
2024-07-31,120.5,120.5,121.5,119.5,121.0,64000
2024-08-01,126.0,126.0,130.0,121.5,122.0,167000
2024-08-02,122.0,122.0,125.5,121.0,123.5,64000
2024-08-05,116.0,116.0,124.0,113.0,121.0,243000
2024-08-06,110.5,110.5,117.0,105.0,117.0,205000
2024-08-07,116.0,116.0,117.0,111.5,111.5,78000
2024-08-08,114.5,114.5,116.5,113.5,114.5,51000
2024-08-09,119.5,119.5,122.0,115.5,118.0,213000
2024-08-12,121.0,121.0,123.0,120.0,120.0,64000
2024-08-13,120.0,120.0,121.0,119.0,121.0,52000
2024-08-14,122.5,122.5,128.5,122.0,123.0,258000
2024-08-15,122.0,122.0,124.5,121.5,124.5,67000
2024-08-16,124.0,124.0,124.0,122.0,124.0,73000
2024-08-19,124.5,124.5,127.5,122.5,123.5,159000
2024-08-20,124.5,124.5,126.0,124.0,125.5,52000
2024-08-21,124.5,124.5,125.5,123.5,124.0,111000
2024-08-22,124.5,124.5,125.5,124.0,125.0,71000
2024-08-23,123.0,123.0,124.0,121.5,123.5,64000
2024-08-26,123.0,123.0,125.0,123.0,125.0,64000
2024-08-27,123.5,123.5,124.5,121.0,122.5,149000
2024-08-28,125.0,125.0,126.0,122.5,123.5,107000
2024-08-29,127.0,127.0,128.0,124.0,125.0,247000
2024-08-30,128.0,128.0,129.5,125.0,128.0,233000
2024-09-02,127.0,127.0,128.0,125.5,128.0,70000
2024-09-03,125.5,125.5,128.5,125.5,127.0,86000
2024-09-04,120.5,120.5,124.5,118.0,122.5,155000
2024-09-05,119.5,119.5,123.5,119.5,123.5,96000
2024-09-06,120.0,120.0,121.5,119.5,119.5,13000
2024-09-09,119.0,119.0,119.0,116.5,117.0,40000
2024-09-10,117.5,117.5,119.5,116.5,119.5,46000
2024-09-11,117.0,117.0,118.0,116.0,117.5,36000
2024-09-12,119.0,119.0,120.5,119.0,120.0,43000
2024-09-13,119.5,119.5,121.0,118.5,121.0,31000
2024-09-16,122.5,122.5,123.0,119.5,119.5,48000
2024-09-18,121.5,121.5,124.5,121.5,123.5,57000
2024-09-19,122.5,122.5,124.0,122.0,123.5,51000
2024-09-20,122.5,122.5,124.0,122.0,124.0,63000
2024-09-23,123.0,123.0,123.5,122.5,123.0,41000
2024-09-24,124.0,124.0,124.5,122.5,123.5,59000
2024-09-25,127.5,127.5,129.5,125.0,125.0,225000
2024-09-26,126.5,126.5,129.5,125.0,128.5,123000
2024-09-27,131.0,131.0,132.0,126.5,126.5,230000
2024-09-30,130.0,130.0,131.5,128.0,129.5,174000
2024-10-01,131.0,131.0,132.0,130.5,131.5,58000
2024-10-04,128.0,128.0,132.0,128.0,132.0,69000
2024-10-07,127.5,127.5,129.0,127.5,129.0,30000
2024-10-08,126.0,126.0,127.5,125.5,127.5,71000
2024-10-09,125.0,125.0,126.5,125.0,126.5,40000
2024-10-11,125.0,125.0,125.0,124.0,125.0,25000
2024-10-14,129.0,129.0,129.5,125.5,125.5,71000
2024-10-15,130.0,130.0,134.0,129.5,129.5,181000
2024-10-16,136.5,136.5,142.5,130.5,130.5,558000
2024-10-17,139.0,139.0,142.5,138.0,140.0,230000
2024-10-18,133.5,133.5,139.0,132.5,139.0,215000
2024-10-21,135.0,135.0,136.5,131.5,133.5,239000
2024-10-22,135.5,135.5,139.5,134.5,136.0,123000
2024-10-23,133.0,133.0,135.5,133.0,135.5,94000
2024-10-24,133.5,133.5,138.0,132.5,133.5,209000
2024-10-25,133.5,133.5,134.5,132.0,134.0,47000
2024-10-28,131.0,131.0,135.0,130.0,135.0,102000
2024-10-29,133.0,133.0,134.5,130.0,130.0,97000
2024-10-30,131.0,131.0,135.0,131.0,134.0,90000
2024-11-01,132.0,132.0,132.5,128.5,128.5,80000
2024-11-04,135.0,135.0,136.0,130.5,132.0,149000
2024-11-05,133.5,133.5,136.0,133.5,135.0,55000
2024-11-06,133.5,133.5,133.5,131.5,133.5,106000
2024-11-07,135.0,135.0,137.5,134.0,136.0,170000
2024-11-08,132.5,132.5,135.0,132.0,135.0,59000
2024-11-11,130.0,130.0,134.0,129.0,131.0,165000
2024-11-12,125.5,125.5,132.0,125.5,132.0,177000
2024-11-13,125.5,125.5,126.5,124.5,125.5,46000
2024-11-14,122.5,122.5,125.5,122.0,125.5,84000
2024-11-15,123.0,123.0,124.5,123.0,124.0,32000
2024-11-18,122.0,122.0,123.0,121.5,123.0,41000
2024-11-19,124.5,124.5,125.5,124.0,125.0,49000
2024-11-20,124.0,124.0,125.0,123.5,124.5,36000
2024-11-21,125.5,125.5,125.5,124.0,124.0,20000
2024-11-22,126.5,126.5,127.0,124.0,127.0,69000
2024-11-25,127.0,127.0,129.0,126.0,127.0,85000
2024-11-26,126.5,126.5,127.5,126.0,127.5,43000
2024-11-27,122.0,122.0,127.0,121.5,127.0,99000
2024-11-28,121.5,121.5,123.5,118.5,123.5,96000
2024-11-29,121.5,121.5,122.5,120.5,122.0,38000
2024-12-02,123.5,123.5,126.0,122.5,125.0,92000
2024-12-03,123.0,123.0,124.5,123.0,123.5,25000
2024-12-04,129.0,129.0,130.0,123.0,124.0,185000
2024-12-05,126.5,126.5,131.5,126.5,131.5,67000
2024-12-06,127.0,127.0,127.5,126.0,126.5,40000
2024-12-09,126.5,126.5,128.5,125.5,126.5,31000
2024-12-10,125.5,125.5,127.0,125.5,126.0,19000
2024-12-11,124.0,124.0,126.0,123.5,125.0,39000
2024-12-12,125.5,125.5,127.0,125.0,125.5,43000
2024-12-13,123.0,123.0,125.0,123.0,125.0,37000
2024-12-16,120.5,120.5,122.5,120.0,122.5,67000
2024-12-17,123.0,123.0,123.0,120.5,120.5,28000
2024-12-18,123.0,123.0,123.0,121.0,122.0,17000
2024-12-19,122.0,122.0,122.5,121.0,122.5,19000
2024-12-20,121.0,121.0,122.5,120.5,122.0,45000
2024-12-23,121.5,121.5,123.0,121.5,121.5,30000
2024-12-24,120.0,120.0,122.5,120.0,122.0,46000
2024-12-25,120.5,120.5,121.5,120.0,121.0,37000
2024-12-26,123.0,123.0,125.0,120.5,120.5,58000
2024-12-27,123.0,123.0,123.5,121.5,123.5,22000
2024-12-30,120.0,120.0,123.5,120.0,123.5,29000
2024-12-31,119.0,119.0,121.0,118.5,120.0,34000
2025-01-02,119.0,119.0,120.0,119.0,120.0,20000
2025-01-03,118.5,118.5,121.5,118.0,119.0,65000
2025-01-06,118.5,118.5,119.0,118.5,119.0,21000
2025-01-07,130.0,130.0,130.0,123.0,123.0,376000
2025-01-08,135.0,135.0,139.0,131.5,134.0,1498000
2025-01-09,138.0,138.0,144.0,134.5,135.0,1409000
2025-01-10,134.5,134.5,142.5,132.5,139.5,666000
2025-01-13,139.5,139.5,141.5,131.5,134.0,896000
2025-01-14,135.5,135.5,138.5,134.5,137.0,364000
2025-01-15,139.5,139.5,143.5,134.5,134.5,592000
2025-01-16,142.0,142.0,152.5,139.5,146.0,2177000
2025-01-17,136.5,136.5,142.5,136.0,141.0,520000
2025-01-20,140.0,140.0,143.5,137.5,139.0,426000
2025-01-21,140.0,140.0,142.5,138.0,139.0,233000
2025-01-22,154.0,154.0,154.0,136.0,140.0,1226000
2025-02-03,150.5,150.5,160.0,146.0,153.5,2308000
2025-02-04,165.5,165.5,165.5,157.0,157.0,1618000
2025-02-05,164.0,164.0,177.5,163.0,167.0,4249000
2025-02-06,165.0,165.0,173.0,162.5,166.5,1571000
2025-02-07,161.5,161.5,164.5,157.0,164.0,795000
2025-02-10,162.5,162.5,170.0,160.5,166.5,1125000
2025-02-11,159.5,159.5,165.0,159.0,165.0,523000
2025-02-12,159.5,159.5,162.0,157.0,160.5,562000
2025-02-13,167.5,167.5,173.5,162.0,162.5,1764000
2025-02-14,167.5,167.5,169.5,163.0,169.5,597000
2025-02-17,163.0,163.0,167.5,163.0,167.5,381000
2025-02-18,161.0,161.0,169.5,160.0,167.0,561000
2025-02-19,158.0,158.0,163.0,158.0,162.5,475000
2025-02-20,155.5,155.5,160.0,155.0,158.0,364000
2025-02-21,160.0,160.0,160.5,155.5,156.0,357000
2025-02-24,161.0,161.0,166.0,157.5,157.5,441000
2025-02-25,148.5,148.5,161.0,148.5,161.0,907000
2025-02-26,148.5,148.5,150.5,147.0,148.5,337000
2025-02-27,147.5,147.5,150.5,144.0,148.0,493000
2025-03-03,150.0,150.0,152.5,145.0,145.0,437000
2025-03-04,149.0,149.0,153.0,147.0,151.5,433000
2025-03-05,151.0,151.0,151.0,148.5,150.0,169000
2025-03-06,143.0,143.0,153.0,143.0,153.0,364000
2025-03-07,140.5,140.5,143.5,140.0,142.0,186000
2025-03-10,136.0,136.0,140.0,135.0,139.0,358000
2025-03-11,132.0,132.0,134.0,130.0,134.0,245000
2025-03-12,133.0,133.0,136.0,133.0,136.0,102000
2025-03-13,129.5,129.5,136.5,129.5,134.5,124000
2025-03-14,129.0,129.0,130.5,128.0,130.5,112000
2025-03-17,128.5,128.5,130.0,128.5,129.0,70000
2025-03-18,129.5,129.5,129.5,128.0,128.0,65000
2025-03-19,128.0,128.0,130.0,125.5,129.5,215000
2025-03-20,133.0,133.0,134.0,129.5,129.5,148000
2025-03-21,130.0,130.0,132.5,130.0,132.5,54000
2025-03-24,127.0,127.0,131.5,127.0,131.0,83000
2025-03-25,129.5,129.5,129.5,127.0,127.5,152000
2025-03-26,128.0,128.0,133.0,128.0,131.0,183000
2025-03-27,126.5,126.5,129.5,126.0,127.5,83000
2025-03-28,120.0,120.0,125.5,119.5,125.5,275000
2025-03-31,112.5,112.5,117.0,111.5,115.5,240000
2025-04-01,115.5,115.5,117.0,112.0,114.0,144000
2025-04-02,117.0,117.0,117.0,113.0,115.5,76000
2025-04-07,105.5,105.5,105.5,105.5,105.5,49000
2025-04-08,95.0,95.0,95.0,95.0,95.0,211000
2025-04-09,85.5,85.5,90.1,85.5,90.0,282000
2025-04-10,94.0,94.0,94.0,90.7,93.9,178000
2025-04-11,93.5,93.5,94.3,87.8,89.9,148000
2025-04-14,94.0,94.0,99.8,92.7,97.0,156000
2025-04-15,99.0,99.0,100.5,94.9,94.9,111000
2025-04-16,95.9,95.9,100.0,95.5,99.0,105000
2025-04-17,95.0,95.0,95.5,93.2,94.3,91000
2025-04-18,95.3,95.3,95.6,94.0,94.0,34000
2025-04-21,90.6,90.6,95.8,90.6,95.5,80000
2025-04-22,90.5,90.5,93.6,90.5,90.5,73000
2025-04-23,95.8,95.8,95.8,93.1,93.2,56000
2025-04-24,93.5,93.5,94.4,93.0,94.0,35000
2025-04-25,96.1,96.1,97.5,95.0,95.0,71000
2025-04-28,102.0,102.0,102.5,96.7,98.3,165000
2025-04-29,102.5,102.5,103.0,100.5,103.0,67000
2025-04-30,99.9,99.9,104.0,99.9,103.0,54000
2025-05-02,100.5,100.5,103.0,99.9,99.9,88000
2025-05-05,101.5,101.5,107.5,100.5,106.0,155000
2025-05-06,101.0,101.0,102.0,99.9,99.9,31000
2025-05-07,100.0,100.0,101.0,99.0,101.0,28000
2025-05-08,103.0,103.0,104.0,100.0,100.0,45000
2025-05-09,102.5,102.5,103.0,102.0,102.0,43000
2025-05-12,103.5,103.5,104.0,102.5,102.5,92000
2025-05-13,107.0,107.0,108.0,105.0,106.5,62000
2025-05-14,108.0,108.0,108.5,106.5,107.0,66000
2025-05-15,108.0,108.0,110.0,107.0,107.5,60000
2025-05-16,106.0,106.0,108.0,105.5,108.0,82000
2025-05-19,104.5,104.5,106.0,104.5,106.0,47000
2025-05-20,105.5,105.5,106.0,105.0,105.0,31000
2025-05-21,105.0,105.0,105.5,104.5,104.5,43000
2025-05-22,105.0,105.0,105.0,103.0,103.5,37000
2025-05-23,106.5,106.5,107.0,104.5,105.0,78000
2025-05-26,107.0,107.0,108.0,106.0,106.5,34000
2025-05-27,106.0,106.0,107.5,105.0,107.0,44000
2025-05-28,106.5,106.5,111.0,105.5,106.5,171000
2025-05-29,103.5,103.5,105.5,102.5,105.0,117000
2025-06-02,99.9,99.9,102.5,99.9,102.0,75000
2025-06-03,100.0,100.0,100.5,98.6,100.0,54000
2025-06-04,102.0,102.0,103.0,101.0,101.0,30000
2025-06-05,105.5,105.5,108.0,102.5,102.5,70000
2025-06-06,116.0,116.0,116.0,104.0,105.0,220000
2025-06-09,113.5,113.5,118.0,112.0,116.0,433000
2025-06-10,114.5,114.5,119.0,114.0,114.0,388000
2025-06-11,116.0,116.0,117.0,113.5,115.0,163000
2025-06-12,113.0,113.0,116.5,113.0,115.5,113000
2025-06-13,110.5,110.5,116.0,110.5,112.0,150000
2025-06-16,116.0,116.0,117.0,109.5,111.0,153000
2025-06-17,115.0,115.0,118.0,115.0,117.5,130000
2025-06-18,113.5,113.5,116.5,113.5,116.5,66000
2025-06-19,110.0,110.0,113.0,110.0,113.0,53000
2025-06-20,110.0,110.0,110.5,109.0,110.5,30000
2025-06-23,111.0,111.0,111.5,107.0,109.0,30000
2025-06-24,122.0,122.0,122.0,113.0,113.0,332000
2025-06-25,127.0,127.0,133.0,122.0,122.5,812000
2025-06-26,129.0,129.0,131.0,126.5,128.0,403000
2025-06-27,130.0,130.0,131.0,128.5,128.5,171000
2025-06-30,129.5,129.5,130.0,127.0,128.5,154000
2025-07-01,142.0,142.0,142.0,130.0,130.0,598000
2025-07-02,143.0,143.0,144.0,140.0,142.0,1314000
2025-07-03,142.5,142.5,148.0,141.0,146.0,1283000
2025-07-04,147.0,147.0,147.5,140.0,142.5,969000
2025-07-07,136.0,136.0,146.5,133.0,146.5,848000
2025-07-08,135.0,135.0,137.0,133.0,136.0,201000
2025-07-09,130.5,130.5,134.0,126.0,134.0,651000
2025-07-10,129.5,129.5,133.0,128.0,132.0,339000
2025-07-11,129.0,129.0,132.5,128.0,128.0,195000
2025-07-14,124.0,124.0,129.5,123.0,129.0,195000
2025-07-15,121.5,121.5,124.5,120.5,123.0,211000
2025-07-16,123.5,123.5,125.5,122.5,122.5,159000
2025-07-17,126.0,126.0,128.0,124.0,124.0,209000
2025-07-18,126.0,126.0,128.0,125.0,127.5,178000
2025-07-21,125.5,125.5,129.0,125.5,127.0,198000
2025-07-22,121.5,121.5,126.5,121.0,125.5,154000
2025-07-23,123.5,123.5,123.5,122.0,122.0,70000
2025-07-24,123.5,123.5,124.5,122.0,124.5,44000
2025-07-25,123.5,123.5,124.0,122.5,124.0,45000
2025-07-28,120.0,120.0,124.5,120.0,124.5,93000
2025-07-29,119.5,119.5,120.5,118.0,119.5,50000
2025-07-30,119.5,119.5,120.0,118.5,119.5,32000
2025-07-31,113.5,113.5,118.0,113.0,118.0,199000
2025-08-01,115.0,115.0,117.0,111.5,113.0,90000
2025-08-04,116.0,116.0,116.5,113.0,114.5,67000
2025-08-05,118.5,118.5,119.0,117.0,118.0,60000
2025-08-06,116.5,116.5,118.5,115.5,118.5,59000
2025-08-07,117.0,117.0,117.5,115.0,115.0,55000
2025-08-08,114.0,114.0,116.5,114.0,116.5,66000
2025-08-11,111.5,111.5,114.0,109.5,114.0,123000
2025-08-12,113.5,113.5,121.5,111.0,111.0,232000
2025-08-13,115.5,115.5,117.5,114.0,114.0,80000
2025-08-14,116.0,116.0,117.5,115.5,117.0,54000
2025-08-15,115.5,115.5,116.0,113.5,115.5,69000
2025-08-18,117.5,117.5,122.5,115.0,117.5,223000
2025-08-19,115.5,115.5,121.5,115.0,119.0,133000
2025-08-20,112.0,112.0,116.5,111.5,114.0,104000
2025-08-21,114.0,114.0,114.5,113.5,114.0,25000
2025-08-22,112.0,112.0,114.0,112.0,113.5,35000
2025-08-25,114.0,114.0,115.0,114.0,114.5,51000
2025-08-26,115.5,115.5,116.0,114.0,114.0,50000
2025-08-27,119.0,119.0,119.0,115.5,117.5,113000
2025-08-28,117.0,117.0,119.5,116.5,119.5,89000
2025-08-29,115.5,115.5,118.5,115.5,118.5,43000
2025-09-01,113.0,113.0,117.0,112.0,117.0,57000
2025-09-02,113.0,113.0,114.0,111.5,113.0,38000
2025-09-03,119.0,119.0,124.0,115.0,115.0,889000
2025-09-04,117.5,117.5,121.0,117.5,119.0,157000
2025-09-05,116.5,116.5,119.0,116.5,119.0,53000
2025-09-08,117.5,117.5,118.5,117.5,117.5,35000
2025-09-09,116.0,116.0,120.0,115.0,120.0,87000
2025-09-10,117.5,117.5,119.5,114.0,117.0,220000
2025-09-11,113.5,113.5,119.0,113.5,118.0,99000
2025-09-12,114.0,114.0,115.5,114.0,115.5,41000
2025-09-15,113.0,113.0,116.5,112.5,114.0,73000
2025-09-16,113.5,113.5,114.0,111.5,112.0,41000
2025-09-17,114.5,114.5,117.0,113.5,113.5,83000
2025-09-18,116.5,116.5,117.0,115.0,115.5,48000
2025-09-19,116.0,116.0,119.0,116.0,117.0,82000
2025-09-22,115.5,115.5,117.0,115.0,116.5,33000
2025-09-23,115.5,115.5,117.0,115.5,117.0,31000
2025-09-24,114.5,114.5,116.5,114.0,116.0,32000
2025-09-25,115.5,115.5,116.5,114.5,114.5,66000
2025-09-26,116.0,116.0,123.0,116.0,116.0,344000
2025-09-30,127.5,127.5,127.5,120.0,120.5,622000
2025-10-01,124.0,124.0,131.0,122.5,131.0,357000
2025-10-02,130.0,130.0,135.5,122.5,124.0,750000
2025-10-03,127.5,127.5,130.0,123.5,130.0,275000
2025-10-07,126.0,126.0,127.5,124.5,127.5,138000
2025-10-08,125.5,125.5,126.0,123.5,124.0,144000
2025-10-09,119.5,119.5,125.5,119.5,125.5,456000
2025-10-13,115.0,115.0,116.5,112.5,116.5,152000
2025-10-14,113.0,113.0,116.0,112.0,116.0,148000
2025-10-15,112.0,112.0,114.0,111.0,113.0,80000
2025-10-16,114.0,114.0,114.5,113.0,114.0,45000
2025-10-17,112.5,112.5,114.5,112.5,114.5,60000
2025-10-20,113.5,113.5,114.0,112.5,113.0,43000
2025-10-21,115.0,115.0,116.5,113.5,114.5,80000
2025-10-22,115.5,115.5,117.0,113.5,114.0,65000
2025-10-23,114.0,114.0,115.0,113.5,115.0,54000
2025-10-27,114.0,114.0,115.0,113.0,115.0,71000
2025-10-28,114.5,114.5,114.5,113.5,114.0,59000
2025-10-29,112.5,112.5,115.5,112.0,114.5,137000
2025-10-30,112.5,112.5,112.5,111.5,112.5,83000
2025-10-31,111.5,111.5,113.5,111.0,113.5,78000
2025-11-03,110.0,110.0,112.0,109.5,110.5,80000
2025-11-04,109.0,109.0,111.0,108.0,110.0,66000
2025-11-05,108.0,108.0,108.0,105.5,107.0,56000
2025-11-06,109.0,109.0,109.0,107.0,108.0,45000
2025-11-07,102.0,102.0,108.5,100.5,108.5,147000
2025-11-10,101.0,101.0,102.5,98.2,101.5,219000
2025-11-11,101.5,101.5,103.0,101.5,102.5,53000
2025-11-12,103.0,103.0,105.0,102.0,102.0,39000
2025-11-13,102.0,102.0,104.5,101.5,103.0,54000
2025-11-14,101.0,101.0,103.0,100.5,101.0,31000
2025-11-17,99.8,99.8,101.5,99.2,101.5,61000
2025-11-18,97.7,97.7,101.0,97.0,99.3,103000
2025-11-19,95.3,95.3,97.5,95.3,97.5,68000
2025-11-20,99.0,99.0,99.5,97.5,98.5,29000
2025-11-21,96.0,96.0,98.6,95.9,96.7,47000
2025-11-24,96.1,96.1,97.0,96.0,96.4,21000
2025-11-25,98.5,98.5,99.2,96.4,97.1,31000
2025-11-26,100.5,100.5,102.5,100.0,100.0,42000
2025-11-27,99.2,99.2,100.5,98.8,100.0,44000
2025-11-28,100.0,100.0,101.0,99.8,100.0,22000
2025-12-01,100.0,100.0,100.0,98.9,99.5,9000
2025-12-02,100.5,100.5,101.5,99.8,100.0,34000
2025-12-03,102.0,102.0,103.5,101.5,102.0,39000
2025-12-04,102.0,102.0,104.0,101.0,104.0,30000
2025-12-05,101.5,101.5,102.0,100.0,102.0,27000
2025-12-08,102.5,102.5,102.5,101.5,101.5,9000
2025-12-09,104.5,104.5,104.5,103.0,103.5,33000
2025-12-10,102.5,102.5,104.5,102.5,104.0,18000
2025-12-11,102.5,102.5,106.5,102.5,104.0,79000
2025-12-12,102.5,102.5,105.0,102.5,105.0,30000
2025-12-15,112.5,112.5,112.5,103.5,103.5,325000
2025-12-16,116.5,116.5,122.0,112.5,112.5,991000
2025-12-17,128.0,128.0,128.0,119.0,121.0,619000
2025-12-18,120.0,120.0,130.0,120.0,128.0,1162000
2025-12-19,115.0,115.0,126.0,115.0,124.0,664000
2025-12-22,121.0,121.0,126.5,116.0,117.5,650000
2025-12-23,117.0,117.0,123.0,116.0,121.0,310000
2025-12-24,118.0,118.0,120.5,118.0,118.5,171000
2025-12-26,129.5,129.5,129.5,119.5,120.0,1010000
2025-12-29,123.5,123.5,131.0,123.5,131.0,714000
2025-12-30,135.5,135.5,135.5,123.0,123.0,1336000
2025-12-31,130.0,130.0,134.0,128.0,134.0,984000
2026-01-02,127.0,127.0,131.0,127.0,129.5,307000
2026-01-05,121.5,121.5,128.0,121.0,127.0,275000
2026-01-06,121.0,121.0,122.5,120.0,121.5,162000
2026-01-07,121.0,121.0,123.5,121.0,123.5,143000
2026-01-08,125.5,125.5,132.0,125.5,128.5,995000
2026-01-09,128.0,128.0,132.0,124.5,125.5,939000
2026-01-12,138.0,138.0,140.5,130.0,131.0,2075000
2026-01-13,132.0,132.0,138.5,131.0,138.5,962000
2026-01-14,131.0,131.0,137.0,130.0,132.5,817000
2026-01-15,134.5,134.5,134.5,129.0,131.5,591000
2026-01-16,130.5,130.5,135.5,129.0,135.5,589000
2026-01-19,134.5,134.5,135.0,130.0,130.5,352000
2026-01-20,131.0,131.0,135.0,131.0,134.5,315000
2026-01-21,130.5,130.5,133.0,130.0,130.5,338000
2026-01-22,133.5,133.5,137.5,130.5,134.0,446000
2026-01-23,131.5,131.5,139.0,130.0,136.0,689000
2026-01-26,136.5,136.5,137.5,132.5,132.5,564000
2026-01-27,135.0,135.0,145.5,135.0,138.0,1051000
2026-01-28,136.0,136.0,137.5,133.5,136.0,421000
2026-01-29,140.5,140.5,144.5,137.0,137.0,1101000
2026-01-30,147.5,147.5,148.5,137.0,140.5,1135000
2026-02-02,138.0,138.0,147.5,133.0,147.5,1235000
2026-02-03,151.5,151.5,151.5,141.0,141.0,1703000
2026-02-04,166.5,166.5,166.5,152.0,153.0,2277000
2026-02-05,165.0,165.0,176.0,163.0,166.0,4143000
2026-02-06,161.0,161.0,163.5,150.0,162.0,1524000
2026-02-09,172.5,172.5,175.0,163.5,168.5,2066000
2026-02-10,155.5,155.5,169.5,155.5,165.0,1809000
2026-02-11,166.0,166.0,171.0,148.5,153.5,2834000
2026-02-23,168.5,168.5,177.0,165.0,167.0,1459000
2026-02-24,160.5,160.5,169.5,160.5,167.0,1054000
2026-02-25,155.5,155.5,165.0,154.5,163.5,738000
2026-02-26,158.5,158.5,161.0,157.0,158.0,436000
2026-03-02,174.0,174.0,174.0,154.0,154.0,1471000
2026-03-03,167.0,167.0,181.5,163.5,171.5,2087000
2026-03-04,155.5,155.5,168.5,154.5,168.5,851000
2026-03-05,163.5,163.5,165.0,156.0,162.0,657000
2026-03-06,179.5,179.5,179.5,161.5,162.5,1374000
2026-03-09,162.0,162.0,165.5,162.0,162.0,587000
2026-03-10,171.0,171.0,177.5,163.5,166.0,1582000
2026-03-11,177.0,177.0,184.0,171.0,176.5,2109000
2026-03-12,194.5,194.5,194.5,174.0,175.0,3182000
2026-03-13,198.0,198.0,198.0,186.5,193.0,2425000
2026-03-16,207.5,207.5,215.0,196.5,198.0,1803000
2026-03-17,195.0,195.0,214.0,188.0,212.0,2326000
2026-03-18,192.5,192.5,200.5,191.0,199.0,877000
2026-03-19,205.0,205.0,211.5,190.0,192.5,2916000
2026-03-20,217.0,217.0,225.5,202.0,205.0,3267000
2026-03-23,211.0,211.0,226.5,209.0,213.0,1643000
2026-03-24,203.0,203.0,224.5,203.0,219.5,1276000
2026-03-25,217.5,217.5,223.0,212.0,212.0,1512000
2026-03-26,218.0,218.0,233.5,218.0,222.0,1736000
2026-03-27,216.5,216.5,223.5,213.5,213.5,1095000
2026-03-30,222.5,222.5,224.5,207.0,211.5,1369000
2026-03-31,208.5,208.5,229.5,207.0,220.0,1660000
2026-04-01,217.0,217.0,223.0,215.0,219.5,1088000
2026-04-02,212.5,212.5,223.0,209.5,220.0,1074000
2026-04-07,223.5,223.5,225.0,212.0,218.0,1092000
2026-04-08,224.0,224.0,240.5,217.0,239.0,2164000
2026-04-09,223.5,223.5,227.0,218.0,225.0,850000
2026-04-10,216.5,216.5,226.5,215.0,223.0,1005000
2026-04-13,225.0,225.0,232.5,213.0,216.5,1777000
2026-04-14,203.0,203.0,228.0,202.5,226.5,1632000
2026-04-15,210.0,210.0,213.5,204.0,205.0,845000
2026-04-16,208.5,208.5,219.0,207.5,209.0,677000
2026-04-17,225.0,225.0,226.5,210.0,210.0,1131000
2026-04-20,247.5,247.5,247.5,226.0,227.0,2529000
2026-04-21,257.0,257.0,266.0,240.5,257.0,2470000
2026-04-22,274.0,274.0,279.5,255.0,258.0,1802000
2026-04-23,251.0,251.0,274.0,247.0,271.5,1991000
2026-04-24,271.0,271.0,274.5,255.5,258.0,1613000
2026-04-27,249.5,249.5,283.0,247.0,277.0,1789000
2026-04-28,250.0,250.0,252.0,243.0,250.5,635000
2026-04-29,247.0,247.0,251.5,246.5,250.0,361000
2026-04-30,240.0,240.0,249.0,237.0,247.0,695000
2026-05-04,245.5,245.5,253.0,239.5,248.0,663000
2026-05-05,270.0,270.0,270.0,245.0,245.0,1662000
2026-05-06,244.5,244.5,268.0,243.0,265.5,1655000
2026-05-07,245.0,245.0,263.0,241.5,245.5,1044000
2026-05-08,233.0,233.0,251.0,230.5,245.0,678000
2026-05-11,226.0,226.0,237.0,225.0,234.0,725000
2026-05-12,226.5,226.5,234.5,226.5,226.5,394000
2026-05-13,220.5,220.5,226.5,217.0,226.0,417000
2026-05-14,212.0,212.0,224.5,212.0,223.0,551000
2026-05-15,207.5,207.5,217.0,205.0,217.0,462000
2026-05-18,207.5,207.5,214.0,198.5,203.0,759000
2026-05-19,211.0,211.0,221.5,206.0,209.5,756000
2026-05-20,210.5,210.5,221.0,207.0,212.0,607000
2026-05-21,217.0,217.0,220.5,211.5,216.5,540000
2026-05-22,217.0,217.0,224.5,213.5,220.0,602000
2026-05-25,230.5,230.5,232.0,220.5,221.0,798000
2026-05-26,246.0,246.0,249.0,221.0,232.0,1200000
2026-05-27,227.0,227.0,250.0,226.0,250.0,1080000
2026-05-28,230.0,230.0,234.0,224.5,228.0,413000
2026-05-29,226.0,226.0,235.0,225.0,234.0,336000
2026-06-01,238.5,238.5,243.0,227.5,233.0,737000
2026-06-02,220.5,220.5,238.5,215.0,238.5,948000
2026-06-03,223.0,223.0,228.0,216.0,224.0,383000
2026-06-04,213.5,213.5,221.0,213.5,221.0,274000
2026-06-05,203.0,203.0,213.5,200.5,210.0,435000
2026-06-08,183.0,183.0,183.0,183.0,183.0,203000
2026-06-09,175.5,175.5,185.0,173.5,185.0,761000
2026-06-10,171.0,171.0,181.0,170.0,174.0,541000
2026-06-11,175.0,175.0,176.0,163.0,169.0,375000
2026-06-12,176.5,176.5,182.0,176.5,181.5,223000
2026-06-15,174.0,174.0,179.5,173.5,178.0,199000
2026-06-16,172.0,172.0,180.0,170.0,176.0,245000
2026-06-17,174.5,174.5,175.5,167.5,169.0,161000
2026-06-18,176.5,176.5,181.0,174.5,175.0,192000
2026-06-22,180.0,180.0,180.0,176.0,179.0,203000
2026-06-23,178.0,178.0,181.0,174.5,180.0,302000
2026-06-24,177.0,177.0,179.5,174.0,178.0,216000
2026-06-25,172.5,172.5,180.5,171.5,178.5,309000
2026-06-26,160.5,160.5,172.0,160.5,172.0,351000
2026-06-29,158.5,158.5,165.5,158.0,165.0,173000
2026-06-30,162.5,162.5,163.5,161.5,163.0,133000
2026-07-01,159.0,159.0,164.5,159.0,163.0,143000
2026-07-02,161.0,161.0,163.0,154.0,159.0,95000
2026-07-03,162.5,162.5,165.0,158.0,158.0,105000
2026-07-06,162.0,162.0,168.5,162.0,163.5,204000
2026-07-07,156.0,156.0,163.5,155.5,162.5,208000
2026-07-08,155.5,155.5,158.0,152.0,158.0,143000
2026-07-09,156.0,156.0,159.5,156.0,156.0,103000
2026-07-13,161.5,161.5,161.5,153.5,159.5,123000
2026-07-14,154.0,154.0,161.5,147.0,161.5,288000
2026-07-15,154.5,154.5,157.0,154.5,156.5,74000
2026-07-16,151.0,151.0,155.0,149.5,154.5,77000
2026-07-17,140.0,140.0,149.0,140.0,146.0,235000
2026-07-20,136.0,136.0,142.5,132.0,141.0,265000
2026-07-21,143.5,143.5,144.0,138.5,140.0,100000
2026-07-22,144.5,144.5,147.0,144.0,144.0,104000
2026-07-23,145.5,145.5,146.0,143.0,145.0,61000
2026-07-24,141.0,141.0,146.5,140.5,143.0,61000
2026-07-27,141.0,141.0,142.5,139.0,140.5,79000
2026-07-28,133.5,133.5,137.0,132.5,136.0,137000
2026-07-29,125.0,125.0,135.0,120.5,135.0,302000
2026-07-30,120.0,120.0,127.5,117.0,121.5,249000
2026-07-31,132.0,132.0,132.0,125.0,128.0,150000
2026-08-03,131.0,131.0,134.5,126.5,131.0,214000
2026-08-04,133.0,133.0,136.0,131.5,132.5,120000
2026-08-05,138.0,138.0,138.5,136.0,136.0,124000
2026-08-06,139.5,139.5,139.5,134.0,137.0,81000
2026-08-07,137.5,137.5,140.0,135.5,140.0,58000
2026-08-10,139.5,139.5,141.5,138.0,139.5,72000
2026-08-11,139.5,139.5,141.0,137.0,141.0,82000
2026-08-12,140.0,140.0,143.0,139.5,141.5,79000
2026-08-13,137.0,137.0,141.5,137.0,141.0,66000
2026-08-14,132.5,132.5,136.0,132.0,136.0,104000
2026-08-17,133.0,133.0,135.5,132.5,135.5,33000
2026-08-18,128.5,128.5,135.5,128.5,135.0,99000
2026-08-19,125.5,125.5,129.0,124.5,125.5,79000
2026-08-20,126.0,126.0,128.0,124.0,127.0,57000
2026-08-21,126.0,126.0,127.5,125.5,126.0,31000
2026-08-24,125.0,125.0,130.5,125.0,126.0,63581
2026-08-25,127.5,127.5,128.5,124.0,126.5,69982
2026-08-26,131.5,131.5,132.5,127.0,127.0,63917
2026-08-27,134.5,134.5,138.5,131.5,132.0,136681
2026-08-28,131.0,131.0,136.0,131.0,134.5,52359
2026-08-31,129.0,129.0,131.0,128.0,131.0,43961
2026-09-01,132.5,132.5,135.0,132.0,132.0,48802
2026-09-02,140.0,140.0,143.5,132.5,134.0,247983
2026-09-03,133.5,133.5,142.5,133.5,142.5,158614
2026-09-04,137.0,137.0,139.5,133.5,136.5,83621
