Date,Adj Close,Close,High,Low,Open,Volume
2016-08-12,164.5,164.5,166.0,164.0,166.0,28031
2016-08-15,164.5,164.5,166.0,164.0,166.0,28031
2016-08-16,164.5,164.5,166.0,164.0,166.0,28031
2016-08-17,164.5,164.5,166.0,164.0,166.0,28031
2016-08-18,164.5,164.5,166.0,164.0,166.0,28031
2016-08-19,164.5,164.5,166.0,164.0,166.0,28031
2016-08-22,164.5,164.5,166.0,164.0,166.0,28031
2016-08-23,164.5,164.5,166.0,164.0,166.0,28031
2016-08-24,164.5,164.5,166.0,164.0,166.0,28031
2016-08-25,164.5,164.5,166.0,164.0,166.0,28031
2016-08-26,164.5,164.5,166.0,164.0,166.0,28031
2016-08-29,164.5,164.5,166.0,164.0,166.0,28031
2016-08-30,164.5,164.5,166.0,164.0,166.0,28031
2016-08-31,164.5,164.5,166.0,164.0,166.0,28031
2016-09-01,164.5,164.5,166.0,164.0,166.0,28031
2016-09-02,164.5,164.5,166.0,164.0,166.0,28031
2016-09-05,164.5,164.5,166.0,164.0,166.0,28031
2016-09-06,164.5,164.5,166.0,164.0,166.0,28031
2016-09-07,164.5,164.5,166.0,164.0,166.0,28031
2016-09-08,164.5,164.5,166.0,164.0,166.0,28031
2016-09-09,164.5,164.5,166.0,164.0,166.0,28031
2016-09-12,164.5,164.5,166.0,164.0,166.0,28031
2016-09-13,164.5,164.5,166.0,164.0,166.0,28031
2016-09-14,164.5,164.5,166.0,164.0,166.0,28031
2016-09-19,164.5,164.5,166.0,164.0,166.0,28031
2016-09-20,164.5,164.5,166.0,164.0,166.0,28031
2016-09-21,164.5,164.5,166.0,164.0,166.0,28031
2016-09-22,164.5,164.5,166.0,164.0,166.0,28031
2016-09-23,164.5,164.5,166.0,164.0,166.0,28031
2016-09-26,164.5,164.5,166.0,164.0,166.0,28031
2016-09-29,164.5,164.5,166.0,164.0,166.0,28031
2016-09-30,164.5,164.5,166.0,164.0,166.0,28031
2016-10-03,164.5,164.5,166.0,164.0,166.0,28031
2016-10-04,164.5,164.5,166.0,164.0,166.0,28031
2016-10-05,164.5,164.5,166.0,164.0,166.0,28031
2016-10-06,164.5,164.5,166.0,164.0,166.0,28031
2016-10-07,164.5,164.5,166.0,164.0,166.0,28031
2016-10-11,164.5,164.5,166.0,164.0,166.0,28031
2016-10-12,164.5,164.5,166.0,164.0,166.0,28031
2016-10-13,164.5,164.5,166.0,164.0,166.0,28031
2016-10-14,164.5,164.5,166.0,164.0,166.0,28031
2016-10-17,164.5,164.5,166.0,164.0,166.0,28031
2016-10-18,164.5,164.5,166.0,164.0,166.0,28031
2016-10-19,164.5,164.5,166.0,164.0,166.0,28031
2016-10-20,164.5,164.5,166.0,164.0,166.0,28031
2016-10-21,164.5,164.5,166.0,164.0,166.0,28031
2016-10-24,164.5,164.5,166.0,164.0,166.0,28031
2016-10-25,164.5,164.5,166.0,164.0,166.0,28031
2016-10-26,164.5,164.5,166.0,164.0,166.0,28031
2016-10-27,164.5,164.5,166.0,164.0,166.0,28031
2016-10-28,164.5,164.5,166.0,164.0,166.0,28031
2016-10-31,164.5,164.5,166.0,164.0,166.0,28031
2016-11-01,164.5,164.5,166.0,164.0,166.0,28031
2016-11-02,164.5,164.5,166.0,164.0,166.0,28031
2016-11-03,164.5,164.5,166.0,164.0,166.0,28031
2016-11-04,164.5,164.5,166.0,164.0,166.0,28031
2016-11-07,164.5,164.5,166.0,164.0,166.0,28031
2016-11-08,164.5,164.5,166.0,164.0,166.0,28031
2016-11-09,164.5,164.5,166.0,164.0,166.0,28031
2016-11-10,164.5,164.5,166.0,164.0,166.0,28031
2016-11-11,164.5,164.5,166.0,164.0,166.0,28031
2016-11-14,164.5,164.5,166.0,164.0,166.0,28031
2016-11-15,164.5,164.5,166.0,164.0,166.0,28031
2016-11-16,164.5,164.5,166.0,164.0,166.0,28031
2016-11-17,164.5,164.5,166.0,164.0,166.0,28031
2016-11-18,164.5,164.5,166.0,164.0,166.0,28031
2016-11-21,164.5,164.5,166.0,164.0,166.0,28031
2016-11-22,164.5,164.5,166.0,164.0,166.0,28031
2016-11-23,164.5,164.5,166.0,164.0,166.0,28031
2016-11-24,164.5,164.5,166.0,164.0,166.0,28031
2016-11-25,164.5,164.5,166.0,164.0,166.0,28031
2016-11-28,164.5,164.5,166.0,164.0,166.0,28031
2016-11-29,164.5,164.5,166.0,164.0,166.0,28031
2016-11-30,164.5,164.5,166.0,164.0,166.0,28031
2016-12-01,164.5,164.5,166.0,164.0,166.0,28031
2016-12-02,164.5,164.5,166.0,164.0,166.0,28031
2016-12-05,164.5,164.5,166.0,164.0,166.0,28031
2016-12-06,164.5,164.5,166.0,164.0,166.0,28031
2016-12-07,164.5,164.5,166.0,164.0,166.0,28031
2016-12-08,164.5,164.5,166.0,164.0,166.0,28031
2016-12-09,164.5,164.5,166.0,164.0,166.0,28031
2016-12-12,164.5,164.5,166.0,164.0,166.0,28031
2016-12-13,164.5,164.5,166.0,164.0,166.0,28031
2016-12-14,164.5,164.5,166.0,164.0,166.0,28031
2016-12-15,164.5,164.5,166.0,164.0,166.0,28031
2016-12-16,164.5,164.5,166.0,164.0,166.0,28031
2016-12-19,164.5,164.5,166.0,164.0,166.0,28031
2016-12-20,164.5,164.5,166.0,164.0,166.0,28031
2016-12-21,164.5,164.5,166.0,164.0,166.0,28031
2016-12-22,164.5,164.5,166.0,164.0,166.0,28031
2016-12-23,164.5,164.5,166.0,164.0,166.0,28031
2016-12-26,164.5,164.5,166.0,164.0,166.0,28031
2016-12-27,164.5,164.5,166.0,164.0,166.0,28031
2016-12-28,164.5,164.5,166.0,164.0,166.0,28031
2016-12-29,164.5,164.5,166.0,164.0,166.0,28031
2016-12-30,164.5,164.5,166.0,164.0,166.0,28031
2017-01-03,164.5,164.5,166.0,164.0,166.0,28031
2017-01-04,164.5,164.5,166.0,164.0,166.0,28031
2017-01-05,164.5,164.5,166.0,164.0,166.0,28031
2017-01-06,164.5,164.5,166.0,164.0,166.0,28031
2017-01-09,164.5,164.5,166.0,164.0,166.0,28031
2017-01-10,164.5,164.5,166.0,164.0,166.0,28031
2017-01-11,164.5,164.5,166.0,164.0,166.0,28031
2017-01-12,164.5,164.5,166.0,164.0,166.0,28031
2017-01-13,164.5,164.5,166.0,164.0,166.0,28031
2017-01-16,164.5,164.5,166.0,164.0,166.0,28031
2017-01-17,164.5,164.5,166.0,164.0,166.0,28031
2017-01-18,164.5,164.5,166.0,164.0,166.0,28031
2017-01-19,164.5,164.5,166.0,164.0,166.0,28031
2017-01-20,164.5,164.5,166.0,164.0,166.0,28031
2017-01-23,164.5,164.5,166.0,164.0,166.0,28031
2017-01-24,164.5,164.5,166.0,164.0,166.0,28031
2017-02-02,164.5,164.5,166.0,164.0,166.0,28031
2017-02-03,164.5,164.5,166.0,164.0,166.0,28031
2017-02-06,164.5,164.5,166.0,164.0,166.0,28031
2017-02-07,164.5,164.5,166.0,164.0,166.0,28031
2017-02-08,164.5,164.5,166.0,164.0,166.0,28031
2017-02-09,164.5,164.5,166.0,164.0,166.0,28031
2017-02-10,164.5,164.5,166.0,164.0,166.0,28031
2017-02-13,164.5,164.5,166.0,164.0,166.0,28031
2017-02-14,164.5,164.5,166.0,164.0,166.0,28031
2017-02-15,164.5,164.5,166.0,164.0,166.0,28031
2017-02-16,164.5,164.5,166.0,164.0,166.0,28031
2017-02-17,164.5,164.5,166.0,164.0,166.0,28031
2017-02-20,164.5,164.5,166.0,164.0,166.0,28031
2017-02-21,164.5,164.5,166.0,164.0,166.0,28031
2017-02-22,164.5,164.5,166.0,164.0,166.0,28031
2017-02-23,164.5,164.5,166.0,164.0,166.0,28031
2017-02-24,164.5,164.5,166.0,164.0,166.0,28031
2017-03-01,164.5,164.5,166.0,164.0,166.0,28031
2017-03-02,164.5,164.5,166.0,164.0,166.0,28031
2017-03-03,164.5,164.5,166.0,164.0,166.0,28031
2017-03-06,164.5,164.5,166.0,164.0,166.0,28031
2017-03-07,164.5,164.5,166.0,164.0,166.0,28031
2017-03-08,164.5,164.5,166.0,164.0,166.0,28031
2017-03-09,164.5,164.5,166.0,164.0,166.0,28031
2017-03-10,164.5,164.5,166.0,164.0,166.0,28031
2017-03-13,164.5,164.5,166.0,164.0,166.0,28031
2017-03-14,164.5,164.5,166.0,164.0,166.0,28031
2017-03-15,164.5,164.5,166.0,164.0,166.0,28031
2017-03-16,164.5,164.5,166.0,164.0,166.0,28031
2017-03-17,164.5,164.5,166.0,164.0,166.0,28031
2017-03-20,164.5,164.5,166.0,164.0,166.0,28031
2017-03-21,164.5,164.5,166.0,164.0,166.0,28031
2017-03-22,164.5,164.5,166.0,164.0,166.0,28031
2017-03-23,164.5,164.5,166.0,164.0,166.0,28031
2017-03-24,164.5,164.5,166.0,164.0,166.0,28031
2017-03-27,164.5,164.5,166.0,164.0,166.0,28031
2017-03-28,164.5,164.5,166.0,164.0,166.0,28031
2017-03-29,164.5,164.5,166.0,164.0,166.0,28031
2017-03-30,164.5,164.5,166.0,164.0,166.0,28031
2017-03-31,164.5,164.5,166.0,164.0,166.0,28031
2017-04-05,164.5,164.5,166.0,164.0,166.0,28031
2017-04-06,164.5,164.5,166.0,164.0,166.0,28031
2017-04-07,164.5,164.5,166.0,164.0,166.0,28031
2017-04-10,164.5,164.5,166.0,164.0,166.0,28031
2017-04-11,164.5,164.5,166.0,164.0,166.0,28031
2017-04-12,164.5,164.5,166.0,164.0,166.0,28031
2017-04-13,164.5,164.5,166.0,164.0,166.0,28031
2017-04-14,164.5,164.5,166.0,164.0,166.0,28031
2017-04-17,164.5,164.5,166.0,164.0,166.0,28031
2017-04-18,164.5,164.5,166.0,164.0,166.0,28031
2017-04-19,164.5,164.5,166.0,164.0,166.0,28031
2017-04-21,164.5,164.5,166.0,164.0,166.0,28031
2017-04-24,164.5,164.5,166.0,164.0,166.0,28031
2017-04-25,164.5,164.5,166.0,164.0,166.0,28031
2017-04-26,164.5,164.5,166.0,164.0,166.0,28031
2017-04-27,164.5,164.5,166.0,164.0,166.0,28031
2017-04-28,164.5,164.5,166.0,164.0,166.0,28031
2017-05-02,164.5,164.5,166.0,164.0,166.0,28031
2017-05-03,164.5,164.5,166.0,164.0,166.0,28031
2017-05-04,164.5,164.5,166.0,164.0,166.0,28031
2017-05-05,164.5,164.5,166.0,164.0,166.0,28031
2017-05-08,164.5,164.5,166.0,164.0,166.0,28031
2017-05-09,164.5,164.5,166.0,164.0,166.0,28031
2017-05-10,164.5,164.5,166.0,164.0,166.0,28031
2017-05-11,164.5,164.5,166.0,164.0,166.0,28031
2017-05-12,164.5,164.5,166.0,164.0,166.0,28031
2017-05-15,164.5,164.5,166.0,164.0,166.0,28031
2017-05-16,164.5,164.5,166.0,164.0,166.0,28031
2017-05-17,164.5,164.5,166.0,164.0,166.0,28031
2017-05-18,164.5,164.5,166.0,164.0,166.0,28031
2017-05-19,164.5,164.5,166.0,164.0,166.0,28031
2017-05-22,164.5,164.5,166.0,164.0,166.0,28031
2017-05-23,164.5,164.5,166.0,164.0,166.0,28031
2017-05-24,164.5,164.5,166.0,164.0,166.0,28031
2017-05-25,164.5,164.5,166.0,164.0,166.0,28031
2017-05-26,164.5,164.5,166.0,164.0,166.0,28031
2017-05-31,164.5,164.5,166.0,164.0,166.0,28031
2017-06-01,164.5,164.5,166.0,164.0,166.0,28031
2017-06-02,164.5,164.5,166.0,164.0,166.0,28031
2017-06-05,164.5,164.5,166.0,164.0,166.0,28031
2017-06-06,164.5,164.5,166.0,164.0,166.0,28031
2017-06-07,164.5,164.5,166.0,164.0,166.0,28031
2017-06-08,164.5,164.5,166.0,164.0,166.0,28031
2017-06-09,164.5,164.5,166.0,164.0,166.0,28031
2017-06-12,164.5,164.5,166.0,164.0,166.0,28031
2017-06-13,164.5,164.5,166.0,164.0,166.0,28031
2017-06-14,164.5,164.5,166.0,164.0,166.0,28031
2017-06-15,164.5,164.5,166.0,164.0,166.0,28031
2017-06-16,164.5,164.5,166.0,164.0,166.0,28031
2017-06-19,164.5,164.5,166.0,164.0,166.0,28031
2017-06-20,164.5,164.5,166.0,164.0,166.0,28031
2017-06-21,164.5,164.5,166.0,164.0,166.0,28031
2017-06-22,164.5,164.5,166.0,164.0,166.0,28031
2017-06-23,164.5,164.5,166.0,164.0,166.0,28031
2017-06-26,164.5,164.5,166.0,164.0,166.0,28031
2017-06-27,164.5,164.5,166.0,164.0,166.0,28031
2017-06-28,164.5,164.5,166.0,164.0,166.0,28031
2017-06-29,164.5,164.5,166.0,164.0,166.0,28031
2017-06-30,164.5,164.5,166.0,164.0,166.0,28031
2017-07-03,164.5,164.5,166.0,164.0,166.0,28031
2017-07-04,164.5,164.5,166.0,164.0,166.0,28031
2017-07-05,164.5,164.5,166.0,164.0,166.0,28031
2017-07-06,164.5,164.5,166.0,164.0,166.0,28031
2017-07-07,164.5,164.5,166.0,164.0,166.0,28031
2017-07-10,164.5,164.5,166.0,164.0,166.0,28031
2017-07-11,164.5,164.5,166.0,164.0,166.0,28031
2017-07-12,164.5,164.5,166.0,164.0,166.0,28031
2017-07-13,164.5,164.5,166.0,164.0,166.0,28031
2017-07-14,164.5,164.5,166.0,164.0,166.0,28031
2017-07-17,164.5,164.5,166.0,164.0,166.0,28031
2017-07-18,164.5,164.5,166.0,164.0,166.0,28031
2017-07-19,164.5,164.5,166.0,164.0,166.0,28031
2017-07-20,164.5,164.5,166.0,164.0,166.0,28031
2017-07-21,164.5,164.5,166.0,164.0,166.0,28031
2017-07-24,164.5,164.5,166.0,164.0,166.0,28031
2017-07-25,164.5,164.5,166.0,164.0,166.0,28031
2017-07-26,164.5,164.5,166.0,164.0,166.0,28031
2017-07-27,164.5,164.5,166.0,164.0,166.0,28031
2017-07-28,164.5,164.5,166.0,164.0,166.0,28031
2017-07-31,164.5,164.5,166.0,164.0,166.0,28031
2017-08-01,164.5,164.5,166.0,164.0,166.0,28031
2017-08-02,164.5,164.5,166.0,164.0,166.0,28031
2017-08-03,164.5,164.5,166.0,164.0,166.0,28031
2017-08-04,164.5,164.5,166.0,164.0,166.0,28031
2017-08-07,164.5,164.5,166.0,164.0,166.0,28031
2017-08-08,164.5,164.5,166.0,164.0,166.0,28031
2017-08-09,164.5,164.5,166.0,164.0,166.0,28031
2017-08-10,164.5,164.5,166.0,164.0,166.0,28031
2017-08-11,164.5,164.5,166.0,164.0,166.0,28031
2017-08-14,164.5,164.5,166.0,164.0,166.0,28031
2017-08-15,164.5,164.5,166.0,164.0,166.0,28031
2017-08-16,164.5,164.5,166.0,164.0,166.0,28031
2017-08-17,164.5,164.5,166.0,164.0,166.0,28031
2017-08-18,164.5,164.5,166.0,164.0,166.0,28031
2017-08-21,164.5,164.5,166.0,164.0,166.0,28031
2017-08-22,164.5,164.5,166.0,164.0,166.0,28031
2017-08-23,164.5,164.5,166.0,164.0,166.0,28031
2017-08-24,164.5,164.5,166.0,164.0,166.0,28031
2017-08-25,164.5,164.5,166.0,164.0,166.0,28031
2017-08-28,164.5,164.5,166.0,164.0,166.0,28031
2017-08-29,164.5,164.5,166.0,164.0,166.0,28031
2017-08-30,164.5,164.5,166.0,164.0,166.0,28031
2017-08-31,164.5,164.5,166.0,164.0,166.0,28031
2017-09-01,164.5,164.5,166.0,164.0,166.0,28031
2017-09-04,164.5,164.5,166.0,164.0,166.0,28031
2017-09-05,164.5,164.5,166.0,164.0,166.0,28031
2017-09-06,164.5,164.5,166.0,164.0,166.0,28031
2017-09-07,164.5,164.5,166.0,164.0,166.0,28031
2017-09-08,164.5,164.5,166.0,164.0,166.0,28031
2017-09-11,164.5,164.5,166.0,164.0,166.0,28031
2017-09-12,164.5,164.5,166.0,164.0,166.0,28031
2017-09-13,164.5,164.5,166.0,164.0,166.0,28031
2017-09-14,164.5,164.5,166.0,164.0,166.0,28031
2017-09-15,164.5,164.5,166.0,164.0,166.0,28031
2017-09-18,164.5,164.5,166.0,164.0,166.0,28031
2017-09-19,164.5,164.5,166.0,164.0,166.0,28031
2017-09-20,164.5,164.5,166.0,164.0,166.0,28031
2017-09-21,164.5,164.5,166.0,164.0,166.0,28031
2017-09-22,164.5,164.5,166.0,164.0,166.0,28031
2017-09-25,164.5,164.5,166.0,164.0,166.0,28031
2017-09-26,164.5,164.5,166.0,164.0,166.0,28031
2017-09-27,164.5,164.5,166.0,164.0,166.0,28031
2017-09-28,164.5,164.5,166.0,164.0,166.0,28031
2017-09-29,164.5,164.5,166.0,164.0,166.0,28031
2017-10-02,164.5,164.5,166.0,164.0,166.0,28031
2017-10-03,164.5,164.5,166.0,164.0,166.0,28031
2017-10-05,164.5,164.5,166.0,164.0,166.0,28031
2017-10-06,164.5,164.5,166.0,164.0,166.0,28031
2017-10-11,164.5,164.5,166.0,164.0,166.0,28031
2017-10-12,164.5,164.5,166.0,164.0,166.0,28031
2017-10-13,164.5,164.5,166.0,164.0,166.0,28031
2017-10-16,164.5,164.5,166.0,164.0,166.0,28031
2017-10-17,164.5,164.5,166.0,164.0,166.0,28031
2017-10-18,164.5,164.5,166.0,164.0,166.0,28031
2017-10-19,164.5,164.5,166.0,164.0,166.0,28031
2017-10-20,164.5,164.5,166.0,164.0,166.0,28031
2017-10-23,164.5,164.5,166.0,164.0,166.0,28031
2017-10-24,164.5,164.5,166.0,164.0,166.0,28031
2017-10-25,164.5,164.5,166.0,164.0,166.0,28031
2017-10-26,164.5,164.5,166.0,164.0,166.0,28031
2017-10-27,164.5,164.5,166.0,164.0,166.0,28031
2017-10-30,164.5,164.5,166.0,164.0,166.0,28031
2017-10-31,164.5,164.5,166.0,164.0,166.0,28031
2017-11-01,164.5,164.5,166.0,164.0,166.0,28031
2017-11-02,164.5,164.5,166.0,164.0,166.0,28031
2017-11-03,164.5,164.5,166.0,164.0,166.0,28031
2017-11-06,164.5,164.5,166.0,164.0,166.0,28031
2017-11-07,164.5,164.5,166.0,164.0,166.0,28031
2017-11-08,164.5,164.5,166.0,164.0,166.0,28031
2017-11-09,164.5,164.5,166.0,164.0,166.0,28031
2017-11-10,164.5,164.5,166.0,164.0,166.0,28031
2017-11-13,164.5,164.5,166.0,164.0,166.0,28031
2017-11-14,164.5,164.5,166.0,164.0,166.0,28031
2017-11-15,164.5,164.5,166.0,164.0,166.0,28031
2017-11-16,164.5,164.5,166.0,164.0,166.0,28031
2017-11-17,164.5,164.5,166.0,164.0,166.0,28031
2017-11-20,164.5,164.5,166.0,164.0,166.0,28031
2017-11-21,164.5,164.5,166.0,164.0,166.0,28031
2017-11-22,164.5,164.5,166.0,164.0,166.0,28031
2017-11-23,164.5,164.5,166.0,164.0,166.0,28031
2017-11-24,164.5,164.5,166.0,164.0,166.0,28031
2017-11-27,164.5,164.5,166.0,164.0,166.0,28031
2017-11-28,164.5,164.5,166.0,164.0,166.0,28031
2017-11-29,164.5,164.5,166.0,164.0,166.0,28031
2017-11-30,164.5,164.5,166.0,164.0,166.0,28031
2017-12-01,164.5,164.5,166.0,164.0,166.0,28031
2017-12-04,164.5,164.5,166.0,164.0,166.0,28031
2017-12-05,164.5,164.5,166.0,164.0,166.0,28031
2017-12-06,164.5,164.5,166.0,164.0,166.0,28031
2017-12-07,164.5,164.5,166.0,164.0,166.0,28031
2017-12-08,164.5,164.5,166.0,164.0,166.0,28031
2017-12-11,164.5,164.5,166.0,164.0,166.0,28031
2017-12-12,164.5,164.5,166.0,164.0,166.0,28031
2017-12-13,164.5,164.5,166.0,164.0,166.0,28031
2017-12-14,164.5,164.5,166.0,164.0,166.0,28031
2017-12-15,164.5,164.5,166.0,164.0,166.0,28031
2017-12-18,164.5,164.5,166.0,164.0,166.0,28031
2017-12-19,164.5,164.5,166.0,164.0,166.0,28031
2017-12-20,164.5,164.5,166.0,164.0,166.0,28031
2017-12-21,164.5,164.5,166.0,164.0,166.0,28031
2017-12-22,164.5,164.5,166.0,164.0,166.0,28031
2017-12-25,164.5,164.5,166.0,164.0,166.0,28031
2017-12-26,164.5,164.5,166.0,164.0,166.0,28031
2017-12-27,164.5,164.5,166.0,164.0,166.0,28031
2017-12-28,164.5,164.5,166.0,164.0,166.0,28031
2017-12-29,164.5,164.5,166.0,164.0,166.0,28031
2018-01-02,164.5,164.5,166.0,164.0,166.0,28031
2018-01-03,164.5,164.5,166.0,164.0,166.0,28031
2018-01-04,164.5,164.5,166.0,164.0,166.0,28031
2018-01-05,164.5,164.5,166.0,164.0,166.0,28031
2018-01-08,164.5,164.5,166.0,164.0,166.0,28031
2018-01-09,164.5,164.5,166.0,164.0,166.0,28031
2018-01-10,164.5,164.5,166.0,164.0,166.0,28031
2018-01-11,164.5,164.5,166.0,164.0,166.0,28031
2018-01-12,164.5,164.5,166.0,164.0,166.0,28031
2018-01-15,164.5,164.5,166.0,164.0,166.0,28031
2018-01-16,164.5,164.5,166.0,164.0,166.0,28031
2018-01-17,164.5,164.5,166.0,164.0,166.0,28031
2018-01-18,164.5,164.5,166.0,164.0,166.0,28031
2018-01-19,164.5,164.5,166.0,164.0,166.0,28031
2018-01-22,164.5,164.5,166.0,164.0,166.0,28031
2018-01-23,164.5,164.5,166.0,164.0,166.0,28031
2018-01-24,164.5,164.5,166.0,164.0,166.0,28031
2018-01-25,164.5,164.5,166.0,164.0,166.0,28031
2018-01-26,164.5,164.5,166.0,164.0,166.0,28031
2018-01-29,164.5,164.5,166.0,164.0,166.0,28031
2018-01-30,164.5,164.5,166.0,164.0,166.0,28031
2018-01-31,164.5,164.5,166.0,164.0,166.0,28031
2018-02-01,164.5,164.5,166.0,164.0,166.0,28031
2018-02-02,164.5,164.5,166.0,164.0,166.0,28031
2018-02-05,164.5,164.5,166.0,164.0,166.0,28031
2018-02-06,164.5,164.5,166.0,164.0,166.0,28031
2018-02-07,164.5,164.5,166.0,164.0,166.0,28031
2018-02-08,164.5,164.5,166.0,164.0,166.0,28031
2018-02-09,164.5,164.5,166.0,164.0,166.0,28031
2018-02-12,164.5,164.5,166.0,164.0,166.0,28031
2018-02-21,164.5,164.5,166.0,164.0,166.0,28031
2018-02-22,164.5,164.5,166.0,164.0,166.0,28031
2018-02-23,164.5,164.5,166.0,164.0,166.0,28031
2018-02-26,164.5,164.5,166.0,164.0,166.0,28031
2018-02-27,164.5,164.5,166.0,164.0,166.0,28031
2018-03-01,164.5,164.5,166.0,164.0,166.0,28031
2018-03-02,164.5,164.5,166.0,164.0,166.0,28031
2018-03-05,164.5,164.5,166.0,164.0,166.0,28031
2018-03-06,164.5,164.5,166.0,164.0,166.0,28031
2018-03-07,164.5,164.5,166.0,164.0,166.0,28031
2018-03-08,164.5,164.5,166.0,164.0,166.0,28031
2018-03-09,164.5,164.5,166.0,164.0,166.0,28031
2018-03-12,164.5,164.5,166.0,164.0,166.0,28031
2018-03-13,164.5,164.5,166.0,164.0,166.0,28031
2018-03-14,164.5,164.5,166.0,164.0,166.0,28031
2018-03-15,164.5,164.5,166.0,164.0,166.0,28031
2018-03-16,164.5,164.5,166.0,164.0,166.0,28031
2018-03-19,164.5,164.5,166.0,164.0,166.0,28031
2018-03-20,164.5,164.5,166.0,164.0,166.0,28031
2018-03-21,164.5,164.5,166.0,164.0,166.0,28031
2018-03-22,164.5,164.5,166.0,164.0,166.0,28031
2018-03-23,164.5,164.5,166.0,164.0,166.0,28031
2018-03-26,164.5,164.5,166.0,164.0,166.0,28031
2018-03-27,164.5,164.5,166.0,164.0,166.0,28031
2018-03-28,164.5,164.5,166.0,164.0,166.0,28031
2018-03-29,164.5,164.5,166.0,164.0,166.0,28031
2018-03-30,164.5,164.5,166.0,164.0,166.0,28031
2018-04-02,164.5,164.5,166.0,164.0,166.0,28031
2018-04-03,164.5,164.5,166.0,164.0,166.0,28031
2018-04-09,164.5,164.5,166.0,164.0,166.0,28031
2018-04-10,164.5,164.5,166.0,164.0,166.0,28031
2018-04-11,164.5,164.5,166.0,164.0,166.0,28031
2018-04-12,164.5,164.5,166.0,164.0,166.0,28031
2018-04-13,164.5,164.5,166.0,164.0,166.0,28031
2018-04-16,164.5,164.5,166.0,164.0,166.0,28031
2018-04-17,164.5,164.5,166.0,164.0,166.0,28031
2018-04-18,164.5,164.5,166.0,164.0,166.0,28031
2018-04-19,164.5,164.5,166.0,164.0,166.0,28031
2018-04-20,164.5,164.5,166.0,164.0,166.0,28031
2018-04-23,164.5,164.5,166.0,164.0,166.0,28031
2018-04-24,164.5,164.5,166.0,164.0,166.0,28031
2018-04-25,164.5,164.5,166.0,164.0,166.0,28031
2018-04-26,164.5,164.5,166.0,164.0,166.0,28031
2018-04-27,164.5,164.5,166.0,164.0,166.0,28031
2018-04-30,164.5,164.5,166.0,164.0,166.0,28031
2018-05-02,164.5,164.5,166.0,164.0,166.0,28031
2018-05-03,164.5,164.5,166.0,164.0,166.0,28031
2018-05-04,164.5,164.5,166.0,164.0,166.0,28031
2018-05-07,164.5,164.5,166.0,164.0,166.0,28031
2018-05-08,164.5,164.5,166.0,164.0,166.0,28031
2018-05-09,164.5,164.5,166.0,164.0,166.0,28031
2018-05-10,164.5,164.5,166.0,164.0,166.0,28031
2018-05-11,164.5,164.5,166.0,164.0,166.0,28031
2018-05-14,164.5,164.5,166.0,164.0,166.0,28031
2018-05-15,164.5,164.5,166.0,164.0,166.0,28031
2018-05-16,164.5,164.5,166.0,164.0,166.0,28031
2018-05-17,164.5,164.5,166.0,164.0,166.0,28031
2018-05-18,164.5,164.5,166.0,164.0,166.0,28031
2018-05-21,164.5,164.5,166.0,164.0,166.0,28031
2018-05-22,164.5,164.5,166.0,164.0,166.0,28031
2018-05-23,164.5,164.5,166.0,164.0,166.0,28031
2018-05-24,164.5,164.5,166.0,164.0,166.0,28031
2018-05-25,164.5,164.5,166.0,164.0,166.0,28031
2018-05-28,164.5,164.5,166.0,164.0,166.0,28031
2018-05-29,164.5,164.5,166.0,164.0,166.0,28031
2018-05-30,164.5,164.5,166.0,164.0,166.0,28031
2018-05-31,164.5,164.5,166.0,164.0,166.0,28031
2018-06-01,164.5,164.5,166.0,164.0,166.0,28031
2018-06-04,164.5,164.5,166.0,164.0,166.0,28031
2018-06-05,164.5,164.5,166.0,164.0,166.0,28031
2018-06-06,164.5,164.5,166.0,164.0,166.0,28031
2018-06-07,164.5,164.5,166.0,164.0,166.0,28031
2018-06-08,164.5,164.5,166.0,164.0,166.0,28031
2018-06-11,164.5,164.5,166.0,164.0,166.0,28031
2018-06-12,164.5,164.5,166.0,164.0,166.0,28031
2018-06-13,164.5,164.5,166.0,164.0,166.0,28031
2018-06-14,164.5,164.5,166.0,164.0,166.0,28031
2018-06-15,164.5,164.5,166.0,164.0,166.0,28031
2018-06-19,164.5,164.5,166.0,164.0,166.0,28031
2018-06-20,164.5,164.5,166.0,164.0,166.0,28031
2018-06-21,164.5,164.5,166.0,164.0,166.0,28031
2018-06-22,164.5,164.5,166.0,164.0,166.0,28031
2018-06-25,164.5,164.5,166.0,164.0,166.0,28031
2018-06-26,164.5,164.5,166.0,164.0,166.0,28031
2018-06-27,164.5,164.5,166.0,164.0,166.0,28031
2018-06-28,164.5,164.5,166.0,164.0,166.0,28031
2018-06-29,164.5,164.5,166.0,164.0,166.0,28031
2018-07-02,164.5,164.5,166.0,164.0,166.0,28031
2018-07-03,164.5,164.5,166.0,164.0,166.0,28031
2018-07-04,164.5,164.5,166.0,164.0,166.0,28031
2018-07-05,164.5,164.5,166.0,164.0,166.0,28031
2018-07-06,164.5,164.5,166.0,164.0,166.0,28031
2018-07-09,164.5,164.5,166.0,164.0,166.0,28031
2018-07-10,164.5,164.5,166.0,164.0,166.0,28031
2018-07-11,164.5,164.5,166.0,164.0,166.0,28031
2018-07-12,164.5,164.5,166.0,164.0,166.0,28031
2018-07-13,164.5,164.5,166.0,164.0,166.0,28031
2018-07-16,164.5,164.5,166.0,164.0,166.0,28031
2018-07-17,164.5,164.5,166.0,164.0,166.0,28031
2018-07-18,164.5,164.5,166.0,164.0,166.0,28031
2018-07-19,164.5,164.5,166.0,164.0,166.0,28031
2018-07-20,164.5,164.5,166.0,164.0,166.0,28031
2018-07-23,164.5,164.5,166.0,164.0,166.0,28031
2018-07-24,164.5,164.5,166.0,164.0,166.0,28031
2018-07-25,164.5,164.5,166.0,164.0,166.0,28031
2018-07-26,164.5,164.5,166.0,164.0,166.0,28031
2018-07-27,164.5,164.5,166.0,164.0,166.0,28031
2018-07-30,164.5,164.5,166.0,164.0,166.0,28031
2018-07-31,164.5,164.5,166.0,164.0,166.0,28031
2018-08-01,164.5,164.5,166.0,164.0,166.0,28031
2018-08-02,164.5,164.5,166.0,164.0,166.0,28031
2018-08-03,164.5,164.5,166.0,164.0,166.0,28031
2018-08-06,164.5,164.5,166.0,164.0,166.0,28031
2018-08-07,164.5,164.5,166.0,164.0,166.0,28031
2018-08-08,164.5,164.5,166.0,164.0,166.0,28031
2018-08-09,164.5,164.5,166.0,164.0,166.0,28031
2018-08-10,164.5,164.5,166.0,164.0,166.0,28031
2018-08-13,164.5,164.5,166.0,164.0,166.0,28031
2018-08-14,164.5,164.5,166.0,164.0,166.0,28031
2018-08-15,164.5,164.5,166.0,164.0,166.0,28031
2018-08-16,164.5,164.5,166.0,164.0,166.0,28031
2018-08-17,164.5,164.5,166.0,164.0,166.0,28031
2018-08-20,164.5,164.5,166.0,164.0,166.0,28031
2018-08-21,164.5,164.5,166.0,164.0,166.0,28031
2018-08-22,164.5,164.5,166.0,164.0,166.0,28031
2018-08-23,164.5,164.5,166.0,164.0,166.0,28031
2018-08-24,164.5,164.5,166.0,164.0,166.0,28031
2018-08-27,164.5,164.5,166.0,164.0,166.0,28031
2018-08-28,164.5,164.5,166.0,164.0,166.0,28031
2018-08-29,164.5,164.5,166.0,164.0,166.0,28031
2018-08-30,164.5,164.5,166.0,164.0,166.0,28031
2018-08-31,164.5,164.5,166.0,164.0,166.0,28031
2018-09-03,164.5,164.5,166.0,164.0,166.0,28031
2018-09-04,164.5,164.5,166.0,164.0,166.0,28031
2018-09-05,164.5,164.5,166.0,164.0,166.0,28031
2018-09-06,164.5,164.5,166.0,164.0,166.0,28031
2018-09-07,164.5,164.5,166.0,164.0,166.0,28031
2018-09-10,164.5,164.5,166.0,164.0,166.0,28031
2018-09-11,164.5,164.5,166.0,164.0,166.0,28031
2018-09-12,164.5,164.5,166.0,164.0,166.0,28031
2018-09-13,164.5,164.5,166.0,164.0,166.0,28031
2018-09-14,164.5,164.5,166.0,164.0,166.0,28031
2018-09-17,164.5,164.5,166.0,164.0,166.0,28031
2018-09-18,164.5,164.5,166.0,164.0,166.0,28031
2018-09-19,164.5,164.5,166.0,164.0,166.0,28031
2018-09-20,164.5,164.5,166.0,164.0,166.0,28031
2018-09-21,164.5,164.5,166.0,164.0,166.0,28031
2018-09-25,164.5,164.5,166.0,164.0,166.0,28031
2018-09-26,164.5,164.5,166.0,164.0,166.0,28031
2018-09-27,164.5,164.5,166.0,164.0,166.0,28031
2018-09-28,164.5,164.5,166.0,164.0,166.0,28031
2018-10-01,164.5,164.5,166.0,164.0,166.0,28031
2018-10-02,164.5,164.5,166.0,164.0,166.0,28031
2018-10-03,164.5,164.5,166.0,164.0,166.0,28031
2018-10-04,164.5,164.5,166.0,164.0,166.0,28031
2018-10-05,164.5,164.5,166.0,164.0,166.0,28031
2018-10-08,164.5,164.5,166.0,164.0,166.0,28031
2018-10-09,164.5,164.5,166.0,164.0,166.0,28031
2018-10-11,164.5,164.5,166.0,164.0,166.0,28031
2018-10-12,164.5,164.5,166.0,164.0,166.0,28031
2018-10-15,164.5,164.5,166.0,164.0,166.0,28031
2018-10-16,164.5,164.5,166.0,164.0,166.0,28031
2018-10-17,164.5,164.5,166.0,164.0,166.0,28031
2018-10-18,164.5,164.5,166.0,164.0,166.0,28031
2018-10-19,164.5,164.5,166.0,164.0,166.0,28031
2018-10-22,164.5,164.5,166.0,164.0,166.0,28031
2018-10-23,164.5,164.5,166.0,164.0,166.0,28031
2018-10-24,164.5,164.5,166.0,164.0,166.0,28031
2018-10-25,164.5,164.5,166.0,164.0,166.0,28031
2018-10-26,164.5,164.5,166.0,164.0,166.0,28031
2018-10-29,164.5,164.5,166.0,164.0,166.0,28031
2018-10-30,164.5,164.5,166.0,164.0,166.0,28031
2018-10-31,164.5,164.5,166.0,164.0,166.0,28031
2018-11-01,164.5,164.5,166.0,164.0,166.0,28031
2018-11-02,164.5,164.5,166.0,164.0,166.0,28031
2018-11-05,164.5,164.5,166.0,164.0,166.0,28031
2018-11-06,164.5,164.5,166.0,164.0,166.0,28031
2018-11-07,164.5,164.5,166.0,164.0,166.0,28031
2018-11-08,164.5,164.5,166.0,164.0,166.0,28031
2018-11-09,164.5,164.5,166.0,164.0,166.0,28031
2018-11-12,164.5,164.5,166.0,164.0,166.0,28031
2018-11-13,164.5,164.5,166.0,164.0,166.0,28031
2018-11-14,164.5,164.5,166.0,164.0,166.0,28031
2018-11-15,164.5,164.5,166.0,164.0,166.0,28031
2018-11-16,164.5,164.5,166.0,164.0,166.0,28031
2018-11-19,164.5,164.5,166.0,164.0,166.0,28031
2018-11-20,164.5,164.5,166.0,164.0,166.0,28031
2018-11-21,164.5,164.5,166.0,164.0,166.0,28031
2018-11-22,164.5,164.5,166.0,164.0,166.0,28031
2018-11-23,164.5,164.5,166.0,164.0,166.0,28031
2018-11-26,164.5,164.5,166.0,164.0,166.0,28031
2018-11-27,164.5,164.5,166.0,164.0,166.0,28031
2018-11-28,164.5,164.5,166.0,164.0,166.0,28031
2018-11-29,164.5,164.5,166.0,164.0,166.0,28031
2018-11-30,164.5,164.5,166.0,164.0,166.0,28031
2018-12-03,164.5,164.5,166.0,164.0,166.0,28031
2018-12-04,164.5,164.5,166.0,164.0,166.0,28031
2018-12-05,164.5,164.5,166.0,164.0,166.0,28031
2018-12-06,164.5,164.5,166.0,164.0,166.0,28031
2018-12-07,164.5,164.5,166.0,164.0,166.0,28031
2018-12-10,164.5,164.5,166.0,164.0,166.0,28031
2018-12-11,164.5,164.5,166.0,164.0,166.0,28031
2018-12-12,164.5,164.5,166.0,164.0,166.0,28031
2018-12-13,164.5,164.5,166.0,164.0,166.0,28031
2018-12-14,164.5,164.5,166.0,164.0,166.0,28031
2018-12-17,164.5,164.5,166.0,164.0,166.0,28031
2018-12-18,164.5,164.5,166.0,164.0,166.0,28031
2018-12-19,164.5,164.5,166.0,164.0,166.0,28031
2018-12-20,164.5,164.5,166.0,164.0,166.0,28031
2018-12-21,164.5,164.5,166.0,164.0,166.0,28031
2018-12-24,164.5,164.5,166.0,164.0,166.0,28031
2018-12-25,164.5,164.5,166.0,164.0,166.0,28031
2018-12-26,164.5,164.5,166.0,164.0,166.0,28031
2018-12-27,164.5,164.5,166.0,164.0,166.0,28031
2018-12-28,164.5,164.5,166.0,164.0,166.0,28031
2019-01-02,164.5,164.5,166.0,164.0,166.0,28031
2019-01-03,164.5,164.5,166.0,164.0,166.0,28031
2019-01-04,164.5,164.5,166.0,164.0,166.0,28031
2019-01-07,164.5,164.5,166.0,164.0,166.0,28031
2019-01-08,164.5,164.5,166.0,164.0,166.0,28031
2019-01-09,164.5,164.5,166.0,164.0,166.0,28031
2019-01-10,164.5,164.5,166.0,164.0,166.0,28031
2019-01-11,164.5,164.5,166.0,164.0,166.0,28031
2019-01-14,164.5,164.5,166.0,164.0,166.0,28031
2019-01-15,164.5,164.5,166.0,164.0,166.0,28031
2019-01-16,164.5,164.5,166.0,164.0,166.0,28031
2019-01-17,164.5,164.5,166.0,164.0,166.0,28031
2019-01-18,164.5,164.5,166.0,164.0,166.0,28031
2019-01-21,164.5,164.5,166.0,164.0,166.0,28031
2019-01-22,164.5,164.5,166.0,164.0,166.0,28031
2019-01-23,164.5,164.5,166.0,164.0,166.0,28031
2019-01-24,164.5,164.5,166.0,164.0,166.0,28031
2019-01-25,164.5,164.5,166.0,164.0,166.0,28031
2019-01-28,164.5,164.5,166.0,164.0,166.0,28031
2019-01-29,164.5,164.5,166.0,164.0,166.0,28031
2019-01-30,164.5,164.5,166.0,164.0,166.0,28031
2019-02-11,164.5,164.5,166.0,164.0,166.0,28031
2019-02-12,164.5,164.5,166.0,164.0,166.0,28031
2019-02-13,164.5,164.5,166.0,164.0,166.0,28031
2019-02-14,164.5,164.5,166.0,164.0,166.0,28031
2019-02-15,164.5,164.5,166.0,164.0,166.0,28031
2019-02-18,164.5,164.5,166.0,164.0,166.0,28031
2019-02-19,164.5,164.5,166.0,164.0,166.0,28031
2019-02-20,164.5,164.5,166.0,164.0,166.0,28031
2019-02-21,164.5,164.5,166.0,164.0,166.0,28031
2019-02-22,164.5,164.5,166.0,164.0,166.0,28031
2019-02-25,164.5,164.5,166.0,164.0,166.0,28031
2019-02-26,164.5,164.5,166.0,164.0,166.0,28031
2019-02-27,164.5,164.5,166.0,164.0,166.0,28031
2019-03-04,164.5,164.5,166.0,164.0,166.0,28031
2019-03-05,164.5,164.5,166.0,164.0,166.0,28031
2019-03-06,164.5,164.5,166.0,164.0,166.0,28031
2019-03-07,164.5,164.5,166.0,164.0,166.0,28031
2019-03-08,164.5,164.5,166.0,164.0,166.0,28031
2019-03-11,164.5,164.5,166.0,164.0,166.0,28031
2019-03-12,164.5,164.5,166.0,164.0,166.0,28031
2019-03-13,164.5,164.5,166.0,164.0,166.0,28031
2019-03-14,164.5,164.5,166.0,164.0,166.0,28031
2019-03-15,164.5,164.5,166.0,164.0,166.0,28031
2019-03-18,164.5,164.5,166.0,164.0,166.0,28031
2019-03-19,164.5,164.5,166.0,164.0,166.0,28031
2019-03-20,164.5,164.5,166.0,164.0,166.0,28031
2019-03-21,164.5,164.5,166.0,164.0,166.0,28031
2019-03-22,164.5,164.5,166.0,164.0,166.0,28031
2019-03-25,164.5,164.5,166.0,164.0,166.0,28031
2019-03-26,164.5,164.5,166.0,164.0,166.0,28031
2019-03-27,164.5,164.5,166.0,164.0,166.0,28031
2019-03-28,164.5,164.5,166.0,164.0,166.0,28031
2019-03-29,164.5,164.5,166.0,164.0,166.0,28031
2019-04-01,164.5,164.5,166.0,164.0,166.0,28031
2019-04-02,164.5,164.5,166.0,164.0,166.0,28031
2019-04-03,164.5,164.5,166.0,164.0,166.0,28031
2019-04-08,164.5,164.5,166.0,164.0,166.0,28031
2019-04-09,164.5,164.5,166.0,164.0,166.0,28031
2019-04-10,164.5,164.5,166.0,164.0,166.0,28031
2019-04-11,164.5,164.5,166.0,164.0,166.0,28031
2019-04-12,164.5,164.5,166.0,164.0,166.0,28031
2019-04-15,164.5,164.5,166.0,164.0,166.0,28031
2019-04-16,164.5,164.5,166.0,164.0,166.0,28031
2019-04-17,164.5,164.5,166.0,164.0,166.0,28031
2019-04-18,164.5,164.5,166.0,164.0,166.0,28031
2019-04-19,164.5,164.5,166.0,164.0,166.0,28031
2019-04-22,164.5,164.5,166.0,164.0,166.0,28031
2019-04-23,164.5,164.5,166.0,164.0,166.0,28031
2019-04-24,164.5,164.5,166.0,164.0,166.0,28031
2019-04-25,164.5,164.5,166.0,164.0,166.0,28031
2019-04-26,164.5,164.5,166.0,164.0,166.0,28031
2019-04-29,164.5,164.5,166.0,164.0,166.0,28031
2019-04-30,164.5,164.5,166.0,164.0,166.0,28031
2019-05-02,164.5,164.5,166.0,164.0,166.0,28031
2019-05-03,164.5,164.5,166.0,164.0,166.0,28031
2019-05-06,164.5,164.5,166.0,164.0,166.0,28031
2019-05-07,164.5,164.5,166.0,164.0,166.0,28031
2019-05-08,164.5,164.5,166.0,164.0,166.0,28031
2019-05-09,164.5,164.5,166.0,164.0,166.0,28031
2019-05-10,164.5,164.5,166.0,164.0,166.0,28031
2019-05-13,164.5,164.5,166.0,164.0,166.0,28031
2019-05-14,164.5,164.5,166.0,164.0,166.0,28031
2019-05-15,164.5,164.5,166.0,164.0,166.0,28031
2019-05-16,164.5,164.5,166.0,164.0,166.0,28031
2019-05-17,164.5,164.5,166.0,164.0,166.0,28031
2019-05-20,164.5,164.5,166.0,164.0,166.0,28031
2019-05-21,164.5,164.5,166.0,164.0,166.0,28031
2019-05-22,164.5,164.5,166.0,164.0,166.0,28031
2019-05-23,164.5,164.5,166.0,164.0,166.0,28031
2019-05-24,164.5,164.5,166.0,164.0,166.0,28031
2019-05-27,164.5,164.5,166.0,164.0,166.0,28031
2019-05-28,164.5,164.5,166.0,164.0,166.0,28031
2019-05-29,164.5,164.5,166.0,164.0,166.0,28031
2019-05-30,164.5,164.5,166.0,164.0,166.0,28031
2019-05-31,164.5,164.5,166.0,164.0,166.0,28031
2019-06-03,164.5,164.5,166.0,164.0,166.0,28031
2019-06-04,164.5,164.5,166.0,164.0,166.0,28031
2019-06-05,164.5,164.5,166.0,164.0,166.0,28031
2019-06-06,164.5,164.5,166.0,164.0,166.0,28031
2019-06-10,164.5,164.5,166.0,164.0,166.0,28031
2019-06-11,164.5,164.5,166.0,164.0,166.0,28031
2019-06-12,164.5,164.5,166.0,164.0,166.0,28031
2019-06-13,164.5,164.5,166.0,164.0,166.0,28031
2019-06-14,164.5,164.5,166.0,164.0,166.0,28031
2019-06-17,164.5,164.5,166.0,164.0,166.0,28031
2019-06-18,164.5,164.5,166.0,164.0,166.0,28031
2019-06-19,164.5,164.5,166.0,164.0,166.0,28031
2019-06-20,164.5,164.5,166.0,164.0,166.0,28031
2019-06-21,164.5,164.5,166.0,164.0,166.0,28031
2019-06-24,164.5,164.5,166.0,164.0,166.0,28031
2019-06-25,164.5,164.5,166.0,164.0,166.0,28031
2019-06-26,164.5,164.5,166.0,164.0,166.0,28031
2019-06-27,164.5,164.5,166.0,164.0,166.0,28031
2019-06-28,164.5,164.5,166.0,164.0,166.0,28031
2019-07-01,164.5,164.5,166.0,164.0,166.0,28031
2019-07-02,164.5,164.5,166.0,164.0,166.0,28031
2019-07-03,164.5,164.5,166.0,164.0,166.0,28031
2019-07-04,164.5,164.5,166.0,164.0,166.0,28031
2019-07-05,164.5,164.5,166.0,164.0,166.0,28031
2019-07-08,164.5,164.5,166.0,164.0,166.0,28031
2019-07-09,164.5,164.5,166.0,164.0,166.0,28031
2019-07-10,164.5,164.5,166.0,164.0,166.0,28031
2019-07-11,164.5,164.5,166.0,164.0,166.0,28031
2019-07-12,164.5,164.5,166.0,164.0,166.0,28031
2019-07-15,164.5,164.5,166.0,164.0,166.0,28031
2019-07-16,164.5,164.5,166.0,164.0,166.0,28031
2019-07-17,164.5,164.5,166.0,164.0,166.0,28031
2019-07-18,164.5,164.5,166.0,164.0,166.0,28031
2019-07-19,164.5,164.5,166.0,164.0,166.0,28031
2019-07-22,164.5,164.5,166.0,164.0,166.0,28031
2019-07-23,164.5,164.5,166.0,164.0,166.0,28031
2019-07-24,164.5,164.5,166.0,164.0,166.0,28031
2019-07-25,164.5,164.5,166.0,164.0,166.0,28031
2019-07-26,164.5,164.5,166.0,164.0,166.0,28031
2019-07-29,164.5,164.5,166.0,164.0,166.0,28031
2019-07-30,164.5,164.5,166.0,164.0,166.0,28031
2019-07-31,164.5,164.5,166.0,164.0,166.0,28031
2019-08-01,164.5,164.5,166.0,164.0,166.0,28031
2019-08-02,164.5,164.5,166.0,164.0,166.0,28031
2019-08-05,164.5,164.5,166.0,164.0,166.0,28031
2019-08-06,164.5,164.5,166.0,164.0,166.0,28031
2019-08-07,164.5,164.5,166.0,164.0,166.0,28031
2019-08-08,164.5,164.5,166.0,164.0,166.0,28031
2019-08-12,164.5,164.5,166.0,164.0,166.0,28031
2019-08-13,164.5,164.5,166.0,164.0,166.0,28031
2019-08-14,164.5,164.5,166.0,164.0,166.0,28031
2019-08-15,164.5,164.5,166.0,164.0,166.0,28031
2019-08-16,164.5,164.5,166.0,164.0,166.0,28031
2019-08-19,164.5,164.5,166.0,164.0,166.0,28031
2019-08-20,164.5,164.5,166.0,164.0,166.0,28031
2019-08-21,164.5,164.5,166.0,164.0,166.0,28031
2019-08-22,164.5,164.5,166.0,164.0,166.0,28031
2019-08-23,164.5,164.5,166.0,164.0,166.0,28031
2019-08-26,164.5,164.5,166.0,164.0,166.0,28031
2019-08-27,164.5,164.5,166.0,164.0,166.0,28031
2019-08-28,164.5,164.5,166.0,164.0,166.0,28031
2019-08-29,164.5,164.5,166.0,164.0,166.0,28031
2019-08-30,164.5,164.5,166.0,164.0,166.0,28031
2019-09-02,164.5,164.5,166.0,164.0,166.0,28031
2019-09-03,164.5,164.5,166.0,164.0,166.0,28031
2019-09-04,164.5,164.5,166.0,164.0,166.0,28031
2019-09-05,164.5,164.5,166.0,164.0,166.0,28031
2019-09-06,164.5,164.5,166.0,164.0,166.0,28031
2019-09-09,164.5,164.5,166.0,164.0,166.0,28031
2019-09-10,164.5,164.5,166.0,164.0,166.0,28031
2019-09-11,164.5,164.5,166.0,164.0,166.0,28031
2019-09-12,164.5,164.5,166.0,164.0,166.0,28031
2019-09-16,164.5,164.5,166.0,164.0,166.0,28031
2019-09-17,164.5,164.5,166.0,164.0,166.0,28031
2019-09-18,164.5,164.5,166.0,164.0,166.0,28031
2019-09-19,164.5,164.5,166.0,164.0,166.0,28031
2019-09-20,164.5,164.5,166.0,164.0,166.0,28031
2019-09-23,164.5,164.5,166.0,164.0,166.0,28031
2019-09-24,164.5,164.5,166.0,164.0,166.0,28031
2019-09-25,164.5,164.5,166.0,164.0,166.0,28031
2019-09-26,164.5,164.5,166.0,164.0,166.0,28031
2019-09-27,164.5,164.5,166.0,164.0,166.0,28031
2019-10-01,164.5,164.5,166.0,164.0,166.0,28031
2019-10-02,164.5,164.5,166.0,164.0,166.0,28031
2019-10-03,164.5,164.5,166.0,164.0,166.0,28031
2019-10-04,164.5,164.5,166.0,164.0,166.0,28031
2019-10-07,164.5,164.5,166.0,164.0,166.0,28031
2019-10-08,164.5,164.5,166.0,164.0,166.0,28031
2019-10-09,164.5,164.5,166.0,164.0,166.0,28031
2019-10-14,164.5,164.5,166.0,164.0,166.0,28031
2019-10-15,164.5,164.5,166.0,164.0,166.0,28031
2019-10-16,164.5,164.5,166.0,164.0,166.0,28031
2019-10-17,164.5,164.5,166.0,164.0,166.0,28031
2019-10-18,164.5,164.5,166.0,164.0,166.0,28031
2019-10-21,164.5,164.5,166.0,164.0,166.0,28031
2019-10-22,164.5,164.5,166.0,164.0,166.0,28031
2019-10-23,164.5,164.5,166.0,164.0,166.0,28031
2019-10-24,164.5,164.5,166.0,164.0,166.0,28031
2019-10-25,164.5,164.5,166.0,164.0,166.0,28031
2019-10-28,164.5,164.5,166.0,164.0,166.0,28031
2019-10-29,164.5,164.5,166.0,164.0,166.0,28031
2019-10-30,164.5,164.5,166.0,164.0,166.0,28031
2019-10-31,164.5,164.5,166.0,164.0,166.0,28031
2019-11-01,164.5,164.5,166.0,164.0,166.0,28031
2019-11-04,164.5,164.5,166.0,164.0,166.0,28031
2019-11-05,164.5,164.5,166.0,164.0,166.0,28031
2019-11-06,164.5,164.5,166.0,164.0,166.0,28031
2019-11-07,164.5,164.5,166.0,164.0,166.0,28031
2019-11-08,164.5,164.5,166.0,164.0,166.0,28031
2019-11-11,164.5,164.5,166.0,164.0,166.0,28031
2019-11-12,164.5,164.5,166.0,164.0,166.0,28031
2019-11-13,164.5,164.5,166.0,164.0,166.0,28031
2019-11-14,164.5,164.5,166.0,164.0,166.0,28031
2019-11-20,164.5,164.5,166.0,164.0,166.0,28031
2019-11-21,164.5,164.5,166.0,164.0,166.0,28031
2019-11-22,164.5,164.5,166.0,164.0,166.0,28031
2019-11-25,164.5,164.5,166.0,164.0,166.0,28031
2019-11-26,164.5,164.5,166.0,164.0,166.0,28031
2019-11-27,164.5,164.5,166.0,164.0,166.0,28031
2019-11-28,164.5,164.5,166.0,164.0,166.0,28031
2019-11-29,164.5,164.5,166.0,164.0,166.0,28031
2019-12-02,164.5,164.5,166.0,164.0,166.0,28031
2019-12-03,164.5,164.5,166.0,164.0,166.0,28031
2019-12-04,164.5,164.5,166.0,164.0,166.0,28031
2019-12-05,164.5,164.5,166.0,164.0,166.0,28031
2019-12-06,164.5,164.5,166.0,164.0,166.0,28031
2019-12-09,164.5,164.5,166.0,164.0,166.0,28031
2019-12-10,164.5,164.5,166.0,164.0,166.0,28031
2019-12-11,164.5,164.5,166.0,164.0,166.0,28031
2019-12-12,164.5,164.5,166.0,164.0,166.0,28031
2019-12-13,164.5,164.5,166.0,164.0,166.0,28031
2019-12-16,164.5,164.5,166.0,164.0,166.0,28031
2019-12-17,164.5,164.5,166.0,164.0,166.0,28031
2019-12-18,164.5,164.5,166.0,164.0,166.0,28031
2019-12-19,164.5,164.5,166.0,164.0,166.0,28031
2019-12-20,164.5,164.5,166.0,164.0,166.0,28031
2019-12-23,164.5,164.5,166.0,164.0,166.0,28031
2019-12-24,164.5,164.5,166.0,164.0,166.0,28031
2019-12-25,164.5,164.5,166.0,164.0,166.0,28031
2019-12-26,164.5,164.5,166.0,164.0,166.0,28031
2019-12-27,164.5,164.5,166.0,164.0,166.0,28031
2019-12-30,164.5,164.5,166.0,164.0,166.0,28031
2019-12-31,164.5,164.5,166.0,164.0,166.0,28031
2020-01-02,164.5,164.5,166.0,164.0,166.0,28031
2020-01-03,164.5,164.5,166.0,164.0,166.0,28031
2020-01-06,164.5,164.5,166.0,164.0,166.0,28031
2020-01-07,164.5,164.5,166.0,164.0,166.0,28031
2020-01-08,164.5,164.5,166.0,164.0,166.0,28031
2020-01-09,164.5,164.5,166.0,164.0,166.0,28031
2020-01-10,164.5,164.5,166.0,164.0,166.0,28031
2020-01-13,164.5,164.5,166.0,164.0,166.0,28031
2020-01-14,164.5,164.5,166.0,164.0,166.0,28031
2020-01-15,164.5,164.5,166.0,164.0,166.0,28031
2020-01-16,164.5,164.5,166.0,164.0,166.0,28031
2020-01-17,164.5,164.5,166.0,164.0,166.0,28031
2020-01-20,164.5,164.5,166.0,164.0,166.0,28031
2020-01-30,164.5,164.5,166.0,164.0,166.0,28031
2020-01-31,164.5,164.5,166.0,164.0,166.0,28031
2020-02-03,164.5,164.5,166.0,164.0,166.0,28031
2020-02-04,164.5,164.5,166.0,164.0,166.0,28031
2020-02-05,164.5,164.5,166.0,164.0,166.0,28031
2020-02-06,164.5,164.5,166.0,164.0,166.0,28031
2020-02-07,164.5,164.5,166.0,164.0,166.0,28031
2020-02-10,164.5,164.5,166.0,164.0,166.0,28031
2020-02-11,164.5,164.5,166.0,164.0,166.0,28031
2020-02-12,164.5,164.5,166.0,164.0,166.0,28031
2020-02-13,164.5,164.5,166.0,164.0,166.0,28031
2020-02-14,164.5,164.5,166.0,164.0,166.0,28031
2020-02-17,164.5,164.5,166.0,164.0,166.0,28031
2020-02-18,164.5,164.5,166.0,164.0,166.0,28031
2020-02-19,164.5,164.5,166.0,164.0,166.0,28031
2020-02-20,164.5,164.5,166.0,164.0,166.0,28031
2020-02-21,164.5,164.5,166.0,164.0,166.0,28031
2020-02-24,164.5,164.5,166.0,164.0,166.0,28031
2020-02-25,164.5,164.5,166.0,164.0,166.0,28031
2020-02-26,164.5,164.5,166.0,164.0,166.0,28031
2020-02-27,164.5,164.5,166.0,164.0,166.0,28031
2020-03-02,164.5,164.5,166.0,164.0,166.0,28031
2020-03-03,164.5,164.5,166.0,164.0,166.0,28031
2020-03-04,164.5,164.5,166.0,164.0,166.0,28031
2020-03-05,164.5,164.5,166.0,164.0,166.0,28031
2020-03-06,164.5,164.5,166.0,164.0,166.0,28031
2020-03-09,164.5,164.5,166.0,164.0,166.0,28031
2020-03-10,164.5,164.5,166.0,164.0,166.0,28031
2020-03-11,164.5,164.5,166.0,164.0,166.0,28031
2020-03-12,164.5,164.5,166.0,164.0,166.0,28031
2020-03-13,164.5,164.5,166.0,164.0,166.0,28031
2020-03-16,164.5,164.5,166.0,164.0,166.0,28031
2020-03-17,164.5,164.5,166.0,164.0,166.0,28031
2020-03-18,164.5,164.5,166.0,164.0,166.0,28031
2020-03-19,164.5,164.5,166.0,164.0,166.0,28031
2020-03-20,164.5,164.5,166.0,164.0,166.0,28031
2020-03-23,164.5,164.5,166.0,164.0,166.0,28031
2020-03-24,164.5,164.5,166.0,164.0,166.0,28031
2020-03-25,164.5,164.5,166.0,164.0,166.0,28031
2020-03-26,164.5,164.5,166.0,164.0,166.0,28031
2020-03-27,164.5,164.5,166.0,164.0,166.0,28031
2020-03-30,164.5,164.5,166.0,164.0,166.0,28031
2020-03-31,164.5,164.5,166.0,164.0,166.0,28031
2020-04-01,164.5,164.5,166.0,164.0,166.0,28031
2020-04-07,164.5,164.5,166.0,164.0,166.0,28031
2020-04-08,164.5,164.5,166.0,164.0,166.0,28031
2020-04-09,164.5,164.5,166.0,164.0,166.0,28031
2020-04-10,164.5,164.5,166.0,164.0,166.0,28031
2020-04-13,164.5,164.5,166.0,164.0,166.0,28031
2020-04-14,164.5,164.5,166.0,164.0,166.0,28031
2020-04-15,164.5,164.5,166.0,164.0,166.0,28031
2020-04-16,164.5,164.5,166.0,164.0,166.0,28031
2020-04-17,164.5,164.5,166.0,164.0,166.0,28031
2020-04-20,164.5,164.5,166.0,164.0,166.0,28031
2020-04-21,164.5,164.5,166.0,164.0,166.0,28031
2020-04-22,164.5,164.5,166.0,164.0,166.0,28031
2020-04-23,164.5,164.5,166.0,164.0,166.0,28031
2020-04-24,164.5,164.5,166.0,164.0,166.0,28031
2020-04-27,164.5,164.5,166.0,164.0,166.0,28031
2020-04-28,164.5,164.5,166.0,164.0,166.0,28031
2020-04-29,164.5,164.5,166.0,164.0,166.0,28031
2020-05-04,164.5,164.5,166.0,164.0,166.0,28031
2020-05-05,164.5,164.5,166.0,164.0,166.0,28031
2020-05-06,164.5,164.5,166.0,164.0,166.0,28031
2020-05-07,164.5,164.5,166.0,164.0,166.0,28031
2020-05-08,164.5,164.5,166.0,164.0,166.0,28031
2020-05-11,164.5,164.5,166.0,164.0,166.0,28031
2020-05-12,164.5,164.5,166.0,164.0,166.0,28031
2020-05-13,164.5,164.5,166.0,164.0,166.0,28031
2020-05-14,164.5,164.5,166.0,164.0,166.0,28031
2020-05-15,164.5,164.5,166.0,164.0,166.0,28031
2020-05-18,164.5,164.5,166.0,164.0,166.0,28031
2020-05-19,164.5,164.5,166.0,164.0,166.0,28031
2020-05-20,164.5,164.5,166.0,164.0,166.0,28031
2020-05-21,164.5,164.5,166.0,164.0,166.0,28031
2020-05-22,164.5,164.5,166.0,164.0,166.0,28031
2020-05-25,164.5,164.5,166.0,164.0,166.0,28031
2020-05-26,164.5,164.5,166.0,164.0,166.0,28031
2020-05-27,164.5,164.5,166.0,164.0,166.0,28031
2020-05-28,164.5,164.5,166.0,164.0,166.0,28031
2020-05-29,164.5,164.5,166.0,164.0,166.0,28031
2020-06-01,164.5,164.5,166.0,164.0,166.0,28031
2020-06-02,164.5,164.5,166.0,164.0,166.0,28031
2020-06-03,164.5,164.5,166.0,164.0,166.0,28031
2020-06-04,164.5,164.5,166.0,164.0,166.0,28031
2020-06-05,164.5,164.5,166.0,164.0,166.0,28031
2020-06-08,164.5,164.5,166.0,164.0,166.0,28031
2020-06-09,164.5,164.5,166.0,164.0,166.0,28031
2020-06-10,164.5,164.5,166.0,164.0,166.0,28031
2020-06-11,164.5,164.5,166.0,164.0,166.0,28031
2020-06-12,164.5,164.5,166.0,164.0,166.0,28031
2020-06-15,164.5,164.5,166.0,164.0,166.0,28031
2020-06-16,164.5,164.5,166.0,164.0,166.0,28031
2020-06-17,164.5,164.5,166.0,164.0,166.0,28031
2020-06-18,164.5,164.5,166.0,164.0,166.0,28031
2020-06-19,164.5,164.5,166.0,164.0,166.0,28031
2020-06-22,164.5,164.5,166.0,164.0,166.0,28031
2020-06-23,164.5,164.5,166.0,164.0,166.0,28031
2020-06-24,164.5,164.5,166.0,164.0,166.0,28031
2020-06-29,164.5,164.5,166.0,164.0,166.0,28031
2020-06-30,164.5,164.5,166.0,164.0,166.0,28031
2020-07-01,164.5,164.5,166.0,164.0,166.0,28031
2020-07-02,164.5,164.5,166.0,164.0,166.0,28031
2020-07-03,164.5,164.5,166.0,164.0,166.0,28031
2020-07-06,164.5,164.5,166.0,164.0,166.0,28031
2020-07-07,164.5,164.5,166.0,164.0,166.0,28031
2020-07-08,164.5,164.5,166.0,164.0,166.0,28031
2020-07-09,164.5,164.5,166.0,164.0,166.0,28031
2020-07-10,164.5,164.5,166.0,164.0,166.0,28031
2020-07-13,164.5,164.5,166.0,164.0,166.0,28031
2020-07-14,164.5,164.5,166.0,164.0,166.0,28031
2020-07-15,164.5,164.5,166.0,164.0,166.0,28031
2020-07-16,164.5,164.5,166.0,164.0,166.0,28031
2020-07-17,164.5,164.5,166.0,164.0,166.0,28031
2020-07-20,164.5,164.5,166.0,164.0,166.0,28031
2020-07-21,164.5,164.5,166.0,164.0,166.0,28031
2020-07-22,164.5,164.5,166.0,164.0,166.0,28031
2020-07-23,164.5,164.5,166.0,164.0,166.0,28031
2020-07-24,164.5,164.5,166.0,164.0,166.0,28031
2020-07-27,164.5,164.5,166.0,164.0,166.0,28031
2020-07-28,164.5,164.5,166.0,164.0,166.0,28031
2020-07-29,164.5,164.5,166.0,164.0,166.0,28031
2020-07-30,164.5,164.5,166.0,164.0,166.0,28031
2020-07-31,164.5,164.5,166.0,164.0,166.0,28031
2020-08-03,164.5,164.5,166.0,164.0,166.0,28031
2020-08-04,164.5,164.5,166.0,164.0,166.0,28031
2020-08-05,164.5,164.5,166.0,164.0,166.0,28031
2020-08-06,164.5,164.5,166.0,164.0,166.0,28031
2020-08-07,164.5,164.5,166.0,164.0,166.0,28031
2020-08-10,164.5,164.5,166.0,164.0,166.0,28031
2020-08-11,164.5,164.5,166.0,164.0,166.0,28031
2020-08-12,164.5,164.5,166.0,164.0,166.0,28031
2020-08-13,164.5,164.5,166.0,164.0,166.0,28031
2020-08-14,164.5,164.5,166.0,164.0,166.0,28031
2020-08-17,164.5,164.5,166.0,164.0,166.0,28031
2020-08-18,164.5,164.5,166.0,164.0,166.0,28031
2020-08-19,164.5,164.5,166.0,164.0,166.0,28031
2020-08-20,164.5,164.5,166.0,164.0,166.0,28031
2020-08-21,164.5,164.5,166.0,164.0,166.0,28031
2020-08-24,164.5,164.5,166.0,164.0,166.0,28031
2020-08-25,164.5,164.5,166.0,164.0,166.0,28031
2020-08-26,164.5,164.5,166.0,164.0,166.0,28031
2020-08-27,164.5,164.5,166.0,164.0,166.0,28031
2020-08-28,164.5,164.5,166.0,164.0,166.0,28031
2020-08-31,164.5,164.5,166.0,164.0,166.0,28031
2020-09-01,164.5,164.5,166.0,164.0,166.0,28031
2020-09-02,164.5,164.5,166.0,164.0,166.0,28031
2020-09-03,164.5,164.5,166.0,164.0,166.0,28031
2020-09-04,164.5,164.5,166.0,164.0,166.0,28031
2020-09-07,164.5,164.5,166.0,164.0,166.0,28031
2020-09-08,164.5,164.5,166.0,164.0,166.0,28031
2020-09-09,164.5,164.5,166.0,164.0,166.0,28031
2020-09-10,164.5,164.5,166.0,164.0,166.0,28031
2020-09-11,164.5,164.5,166.0,164.0,166.0,28031
2020-09-14,164.5,164.5,166.0,164.0,166.0,28031
2020-09-15,164.5,164.5,166.0,164.0,166.0,28031
2020-09-16,164.5,164.5,166.0,164.0,166.0,28031
2020-09-17,164.5,164.5,166.0,164.0,166.0,28031
2020-09-18,164.5,164.5,166.0,164.0,166.0,28031
2020-09-21,164.5,164.5,166.0,164.0,166.0,28031
2020-09-22,164.5,164.5,166.0,164.0,166.0,28031
2020-09-23,164.5,164.5,166.0,164.0,166.0,28031
2020-09-24,164.5,164.5,166.0,164.0,166.0,28031
2020-09-25,164.5,164.5,166.0,164.0,166.0,28031
2020-09-28,164.5,164.5,166.0,164.0,166.0,28031
2020-09-29,164.5,164.5,166.0,164.0,166.0,28031
2020-09-30,164.5,164.5,166.0,164.0,166.0,28031
2020-10-05,164.5,164.5,166.0,164.0,166.0,28031
2020-10-06,164.5,164.5,166.0,164.0,166.0,28031
2020-10-07,164.5,164.5,166.0,164.0,166.0,28031
2020-10-08,164.5,164.5,166.0,164.0,166.0,28031
2020-10-12,164.5,164.5,166.0,164.0,166.0,28031
2020-10-13,164.5,164.5,166.0,164.0,166.0,28031
2020-10-14,164.5,164.5,166.0,164.0,166.0,28031
2020-10-15,164.5,164.5,166.0,164.0,166.0,28031
2020-10-16,164.5,164.5,166.0,164.0,166.0,28031
2020-10-19,164.5,164.5,166.0,164.0,166.0,28031
2020-10-20,164.5,164.5,166.0,164.0,166.0,28031
2020-10-21,164.5,164.5,166.0,164.0,166.0,28031
2020-10-22,164.5,164.5,166.0,164.0,166.0,28031
2020-10-23,164.5,164.5,166.0,164.0,166.0,28031
2020-10-26,164.5,164.5,166.0,164.0,166.0,28031
2020-10-27,164.5,164.5,166.0,164.0,166.0,28031
2020-10-28,164.5,164.5,166.0,164.0,166.0,28031
2020-10-29,164.5,164.5,166.0,164.0,166.0,28031
2020-10-30,164.5,164.5,166.0,164.0,166.0,28031
2020-11-02,164.5,164.5,166.0,164.0,166.0,28031
2020-11-03,164.5,164.5,166.0,164.0,166.0,28031
2020-11-04,164.5,164.5,166.0,164.0,166.0,28031
2020-11-05,164.5,164.5,166.0,164.0,166.0,28031
2020-11-06,164.5,164.5,166.0,164.0,166.0,28031
2020-11-09,164.5,164.5,166.0,164.0,166.0,28031
2020-11-10,164.5,164.5,166.0,164.0,166.0,28031
2020-11-11,164.5,164.5,166.0,164.0,166.0,28031
2020-11-12,164.5,164.5,166.0,164.0,166.0,28031
2020-11-13,164.5,164.5,166.0,164.0,166.0,28031
2020-11-16,164.5,164.5,166.0,164.0,166.0,28031
2020-11-17,164.5,164.5,166.0,164.0,166.0,28031
2020-11-18,164.5,164.5,166.0,164.0,166.0,28031
2020-11-19,164.5,164.5,166.0,164.0,166.0,28031
2020-11-20,164.5,164.5,166.0,164.0,166.0,28031
2020-11-23,164.5,164.5,166.0,164.0,166.0,28031
2020-11-24,164.5,164.5,166.0,164.0,166.0,28031
2020-11-25,164.5,164.5,166.0,164.0,166.0,28031
2020-11-26,164.5,164.5,166.0,164.0,166.0,28031
2020-11-27,164.5,164.5,166.0,164.0,166.0,28031
2020-11-30,164.5,164.5,166.0,164.0,166.0,28031
2020-12-01,164.5,164.5,166.0,164.0,166.0,28031
2020-12-02,164.5,164.5,166.0,164.0,166.0,28031
2020-12-04,164.5,164.5,166.0,164.0,166.0,28031
2020-12-07,164.5,164.5,166.0,164.0,166.0,28031
2020-12-08,164.5,164.5,166.0,164.0,166.0,28031
2020-12-09,164.5,164.5,166.0,164.0,166.0,28031
2020-12-10,164.5,164.5,166.0,164.0,166.0,28031
2020-12-11,164.5,164.5,166.0,164.0,166.0,28031
2020-12-14,164.5,164.5,166.0,164.0,166.0,28031
2020-12-15,164.5,164.5,166.0,164.0,166.0,28031
2020-12-16,164.5,164.5,166.0,164.0,166.0,28031
2020-12-17,164.5,164.5,166.0,164.0,166.0,28031
2020-12-18,164.5,164.5,166.0,164.0,166.0,28031
2020-12-21,164.5,164.5,166.0,164.0,166.0,28031
2020-12-22,164.5,164.5,166.0,164.0,166.0,28031
2020-12-23,164.5,164.5,166.0,164.0,166.0,28031
2020-12-24,164.5,164.5,166.0,164.0,166.0,28031
2020-12-25,164.5,164.5,166.0,164.0,166.0,28031
2020-12-28,164.5,164.5,166.0,164.0,166.0,28031
2020-12-29,164.5,164.5,166.0,164.0,166.0,28031
2020-12-30,164.5,164.5,166.0,164.0,166.0,28031
2020-12-31,164.5,164.5,166.0,164.0,166.0,28031
2021-01-04,164.5,164.5,166.0,164.0,166.0,28031
2021-01-05,164.5,164.5,166.0,164.0,166.0,28031
2021-01-06,164.5,164.5,166.0,164.0,166.0,28031
2021-01-07,164.5,164.5,166.0,164.0,166.0,28031
2021-01-08,164.5,164.5,166.0,164.0,166.0,28031
2021-01-11,164.5,164.5,166.0,164.0,166.0,28031
2021-01-12,164.5,164.5,166.0,164.0,166.0,28031
2021-01-13,164.5,164.5,166.0,164.0,166.0,28031
2021-01-14,164.5,164.5,166.0,164.0,166.0,28031
2021-01-15,164.5,164.5,166.0,164.0,166.0,28031
2021-01-18,164.5,164.5,166.0,164.0,166.0,28031
2021-01-19,164.5,164.5,166.0,164.0,166.0,28031
2021-01-20,164.5,164.5,166.0,164.0,166.0,28031
2021-01-21,164.5,164.5,166.0,164.0,166.0,28031
2021-01-22,164.5,164.5,166.0,164.0,166.0,28031
2021-01-25,164.5,164.5,166.0,164.0,166.0,28031
2021-01-26,164.5,164.5,166.0,164.0,166.0,28031
2021-01-27,164.5,164.5,166.0,164.0,166.0,28031
2021-01-28,164.5,164.5,166.0,164.0,166.0,28031
2021-01-29,164.5,164.5,166.0,164.0,166.0,28031
2021-02-01,164.5,164.5,166.0,164.0,166.0,28031
2021-02-02,164.5,164.5,166.0,164.0,166.0,28031
2021-02-03,164.5,164.5,166.0,164.0,166.0,28031
2021-02-04,164.5,164.5,166.0,164.0,166.0,28031
2021-02-05,164.5,164.5,166.0,164.0,166.0,28031
2021-02-17,164.5,164.5,166.0,164.0,166.0,28031
2021-02-18,164.5,164.5,166.0,164.0,166.0,28031
2021-02-19,164.5,164.5,166.0,164.0,166.0,28031
2021-02-22,164.5,164.5,166.0,164.0,166.0,28031
2021-02-23,164.5,164.5,166.0,164.0,166.0,28031
2021-02-24,164.5,164.5,166.0,164.0,166.0,28031
2021-02-25,164.5,164.5,166.0,164.0,166.0,28031
2021-02-26,164.5,164.5,166.0,164.0,166.0,28031
2021-03-02,164.5,164.5,166.0,164.0,166.0,28031
2021-03-03,164.5,164.5,166.0,164.0,166.0,28031
2021-03-04,164.5,164.5,166.0,164.0,166.0,28031
2021-03-05,164.5,164.5,166.0,164.0,166.0,28031
2021-03-08,164.5,164.5,166.0,164.0,166.0,28031
2021-03-09,164.5,164.5,166.0,164.0,166.0,28031
2021-03-10,164.5,164.5,166.0,164.0,166.0,28031
2021-03-11,164.5,164.5,166.0,164.0,166.0,28031
2021-03-12,164.5,164.5,166.0,164.0,166.0,28031
2021-03-15,164.5,164.5,166.0,164.0,166.0,28031
2021-03-16,164.5,164.5,166.0,164.0,166.0,28031
2021-03-17,164.5,164.5,166.0,164.0,166.0,28031
2021-03-18,164.5,164.5,166.0,164.0,166.0,28031
2021-03-19,164.5,164.5,166.0,164.0,166.0,28031
2021-03-22,164.5,164.5,166.0,164.0,166.0,28031
2021-03-23,164.5,164.5,166.0,164.0,166.0,28031
2021-03-24,164.5,164.5,166.0,164.0,166.0,28031
2021-03-25,164.5,164.5,166.0,164.0,166.0,28031
2021-03-26,164.5,164.5,166.0,164.0,166.0,28031
2021-03-29,164.5,164.5,166.0,164.0,166.0,28031
2021-03-30,164.5,164.5,166.0,164.0,166.0,28031
2021-03-31,164.5,164.5,166.0,164.0,166.0,28031
2021-04-01,164.5,164.5,166.0,164.0,166.0,28031
2021-04-06,164.5,164.5,166.0,164.0,166.0,28031
2021-04-07,164.5,164.5,166.0,164.0,166.0,28031
2021-04-08,164.5,164.5,166.0,164.0,166.0,28031
2021-04-09,164.5,164.5,166.0,164.0,166.0,28031
2021-04-12,164.5,164.5,166.0,164.0,166.0,28031
2021-04-13,164.5,164.5,166.0,164.0,166.0,28031
2021-04-14,164.5,164.5,166.0,164.0,166.0,28031
2021-04-15,164.5,164.5,166.0,164.0,166.0,28031
2021-04-16,164.5,164.5,166.0,164.0,166.0,28031
2021-04-19,164.5,164.5,166.0,164.0,166.0,28031
2021-04-20,164.5,164.5,166.0,164.0,166.0,28031
2021-04-21,164.5,164.5,166.0,164.0,166.0,28031
2021-04-22,164.5,164.5,166.0,164.0,166.0,28031
2021-04-23,164.5,164.5,166.0,164.0,166.0,28031
2021-04-26,164.5,164.5,166.0,164.0,166.0,28031
2021-04-27,164.5,164.5,166.0,164.0,166.0,28031
2021-04-28,164.5,164.5,166.0,164.0,166.0,28031
2021-04-29,164.5,164.5,166.0,164.0,166.0,28031
2021-05-03,164.5,164.5,166.0,164.0,166.0,28031
2021-05-04,164.5,164.5,166.0,164.0,166.0,28031
2021-05-05,164.5,164.5,166.0,164.0,166.0,28031
2021-05-06,164.5,164.5,166.0,164.0,166.0,28031
2021-05-07,164.5,164.5,166.0,164.0,166.0,28031
2021-05-10,164.5,164.5,166.0,164.0,166.0,28031
2021-05-11,164.5,164.5,166.0,164.0,166.0,28031
2021-05-12,164.5,164.5,166.0,164.0,166.0,28031
2021-05-13,164.5,164.5,166.0,164.0,166.0,28031
2021-05-14,164.5,164.5,166.0,164.0,166.0,28031
2021-05-17,164.5,164.5,166.0,164.0,166.0,28031
2021-05-18,164.5,164.5,166.0,164.0,166.0,28031
2021-05-19,164.5,164.5,166.0,164.0,166.0,28031
2021-05-20,164.5,164.5,166.0,164.0,166.0,28031
2021-05-21,164.5,164.5,166.0,164.0,166.0,28031
2021-05-24,164.5,164.5,166.0,164.0,166.0,28031
2021-05-25,164.5,164.5,166.0,164.0,166.0,28031
2021-05-26,164.5,164.5,166.0,164.0,166.0,28031
2021-05-27,164.5,164.5,166.0,164.0,166.0,28031
2021-05-28,164.5,164.5,166.0,164.0,166.0,28031
2021-05-31,164.5,164.5,166.0,164.0,166.0,28031
2021-06-01,164.5,164.5,166.0,164.0,166.0,28031
2021-06-02,164.5,164.5,166.0,164.0,166.0,28031
2021-06-03,164.5,164.5,166.0,164.0,166.0,28031
2021-06-04,164.5,164.5,166.0,164.0,166.0,28031
2021-06-07,164.5,164.5,166.0,164.0,166.0,28031
2021-06-08,164.5,164.5,166.0,164.0,166.0,28031
2021-06-09,164.5,164.5,166.0,164.0,166.0,28031
2021-06-10,164.5,164.5,166.0,164.0,166.0,28031
2021-06-11,164.5,164.5,166.0,164.0,166.0,28031
2021-06-15,164.5,164.5,166.0,164.0,166.0,28031
2021-06-16,164.5,164.5,166.0,164.0,166.0,28031
2021-06-17,164.5,164.5,166.0,164.0,166.0,28031
2021-06-18,164.5,164.5,166.0,164.0,166.0,28031
2021-06-21,164.5,164.5,166.0,164.0,166.0,28031
2021-06-22,164.5,164.5,166.0,164.0,166.0,28031
2021-06-23,164.5,164.5,166.0,164.0,166.0,28031
2021-06-24,164.5,164.5,166.0,164.0,166.0,28031
2021-06-25,164.5,164.5,166.0,164.0,166.0,28031
2021-06-28,164.5,164.5,166.0,164.0,166.0,28031
2021-06-29,164.5,164.5,166.0,164.0,166.0,28031
2021-06-30,164.5,164.5,166.0,164.0,166.0,28031
2021-07-01,164.5,164.5,166.0,164.0,166.0,28031
2021-07-02,164.5,164.5,166.0,164.0,166.0,28031
2021-07-05,164.5,164.5,166.0,164.0,166.0,28031
2021-07-06,164.5,164.5,166.0,164.0,166.0,28031
2021-07-07,164.5,164.5,166.0,164.0,166.0,28031
2021-07-08,164.5,164.5,166.0,164.0,166.0,28031
2021-07-09,164.5,164.5,166.0,164.0,166.0,28031
2021-07-12,164.5,164.5,166.0,164.0,166.0,28031
2021-07-13,164.5,164.5,166.0,164.0,166.0,28031
2021-07-14,164.5,164.5,166.0,164.0,166.0,28031
2021-07-15,164.5,164.5,166.0,164.0,166.0,28031
2021-07-16,164.5,164.5,166.0,164.0,166.0,28031
2021-07-19,164.5,164.5,166.0,164.0,166.0,28031
2021-07-20,164.5,164.5,166.0,164.0,166.0,28031
2021-07-21,164.5,164.5,166.0,164.0,166.0,28031
2021-07-22,164.5,164.5,166.0,164.0,166.0,28031
2021-07-23,164.5,164.5,166.0,164.0,166.0,28031
2021-07-26,164.5,164.5,166.0,164.0,166.0,28031
2021-07-27,164.5,164.5,166.0,164.0,166.0,28031
2021-07-28,164.5,164.5,166.0,164.0,166.0,28031
2021-07-29,164.5,164.5,166.0,164.0,166.0,28031
2021-07-30,164.5,164.5,166.0,164.0,166.0,28031
2021-08-02,164.5,164.5,166.0,164.0,166.0,28031
2021-08-03,164.5,164.5,166.0,164.0,166.0,28031
2021-08-04,164.5,164.5,166.0,164.0,166.0,28031
2021-08-05,164.5,164.5,166.0,164.0,166.0,28031
2021-08-06,164.5,164.5,166.0,164.0,166.0,28031
2021-08-09,114.0,114.0,118.0,114.0,118.0,8000
2021-08-10,116.0,116.0,117.0,115.5,117.0,4000
2021-08-11,110.0,110.0,115.5,110.0,115.5,11000
2021-08-12,112.5,112.5,114.5,109.5,109.5,8000
2021-08-13,112.5,112.5,113.5,110.5,112.0,8000
2021-08-16,109.0,109.0,110.5,108.0,108.0,13000
2021-08-17,108.5,108.5,110.0,108.0,109.0,19000
2021-08-18,109.0,109.0,109.5,106.5,106.5,33000
2021-08-19,102.0,102.0,105.0,102.0,104.5,14000
2021-08-20,100.5,100.5,102.0,100.0,102.0,37000
2021-08-23,101.5,101.5,102.5,101.0,101.0,13000
2021-08-24,102.5,102.5,104.0,101.5,104.0,6000
2021-08-25,112.0,112.0,112.5,104.0,104.0,87000
2021-08-26,112.0,112.0,114.5,108.0,112.0,33000
2021-08-27,112.0,112.0,112.5,109.5,112.5,5000
2021-08-30,109.0,109.0,112.5,109.0,112.5,4000
2021-08-31,108.5,108.5,108.5,107.0,107.5,7000
2021-09-01,109.0,109.0,111.5,109.0,110.5,11000
2021-09-02,107.5,107.5,109.5,107.5,107.5,5000
2021-09-03,108.0,108.0,110.0,108.0,108.0,9000
2021-09-06,108.5,108.5,110.0,108.5,110.0,8000
2021-09-07,109.5,109.5,109.5,108.0,108.5,6000
2021-09-08,107.0,107.0,109.0,107.0,109.0,5000
2021-09-09,109.5,109.5,109.5,107.0,109.0,20000
2021-09-10,112.5,112.5,114.5,109.5,114.5,7000
2021-09-13,113.0,113.0,116.0,112.5,114.5,16000
2021-09-14,112.0,112.0,112.5,110.0,112.5,6000
2021-09-15,111.0,111.0,113.0,111.0,113.0,5000
2021-09-16,111.0,111.0,111.0,109.0,110.0,3000
2021-09-17,110.5,110.5,110.5,110.5,110.5,1000
2021-09-22,111.5,111.5,111.5,108.5,108.5,5000
2021-09-23,110.5,110.5,111.0,110.0,111.0,11000
2021-09-24,111.0,111.0,111.0,111.0,111.0,9000
2021-09-27,111.0,111.0,111.0,109.5,110.0,3000
2021-09-28,111.5,111.5,111.5,110.0,111.0,7000
2021-09-29,112.0,112.0,112.5,112.0,112.0,6000
2021-09-30,113.0,113.0,113.0,111.0,111.0,12000
2021-10-01,109.5,109.5,112.0,109.5,112.0,9000
2021-10-04,108.5,108.5,109.0,106.5,109.0,8000
2021-10-05,108.5,108.5,108.5,106.0,106.0,3000
2021-10-06,107.5,107.5,108.5,107.5,108.5,3000
2021-10-07,110.0,110.0,111.5,110.0,111.5,3000
2021-10-08,112.0,112.0,112.5,112.0,112.5,2000
2021-10-12,111.0,111.0,111.0,109.0,109.0,3000
2021-10-13,106.0,106.0,108.5,105.5,108.5,12000
2021-10-15,106.0,106.0,108.5,101.5,106.0,13000
2021-10-18,107.0,107.0,108.5,107.0,108.5,5000
2021-10-19,108.0,108.0,108.0,107.5,107.5,4000
2021-10-20,111.5,111.5,111.5,110.0,110.5,9000
2021-10-21,110.5,110.5,110.5,107.5,107.5,3000
2021-10-22,109.0,109.0,110.5,109.0,110.5,5000
2021-10-25,110.0,110.0,118.0,110.0,118.0,10000
2021-10-26,111.0,111.0,111.0,110.0,111.0,9000
2021-10-27,110.0,110.0,111.5,110.0,111.5,5000
2021-10-28,111.0,111.0,111.0,108.5,108.5,4000
2021-10-29,110.5,110.5,110.5,109.0,109.0,3000
2021-11-01,110.5,110.5,110.5,108.5,110.5,3000
2021-11-02,110.0,110.0,110.5,110.0,110.5,3000
2021-11-04,121.0,121.0,121.0,121.0,121.0,69000
2021-11-05,121.0,121.0,125.0,121.0,124.0,117000
2021-11-08,119.0,119.0,120.5,117.5,120.5,60000
2021-11-09,115.5,115.5,118.0,115.5,118.0,61000
2021-11-10,116.5,116.5,118.5,115.5,115.5,10000
2021-11-11,117.5,117.5,118.0,117.0,117.5,14000
2021-11-12,117.5,117.5,119.0,117.5,119.0,22000
2021-11-15,118.0,118.0,118.0,117.5,117.5,15000
2021-11-16,120.0,120.0,120.5,118.5,118.5,33000
2021-11-17,118.5,118.5,120.0,118.5,120.0,10000
2021-11-18,121.0,121.0,122.0,120.0,122.0,18000
2021-11-19,119.0,119.0,121.0,119.0,121.0,13000
2021-11-22,121.5,121.5,122.0,119.5,122.0,5000
2021-11-23,121.0,121.0,121.0,119.0,120.5,13000
2021-11-24,121.0,121.0,121.0,119.0,120.0,18000
2021-11-25,120.5,120.5,121.5,120.5,121.0,12000
2021-11-26,123.5,123.5,125.5,123.5,125.0,53000
2021-11-29,122.5,122.5,123.5,121.0,123.5,20000
2021-11-30,124.0,124.0,124.0,123.0,123.0,12000
2021-12-01,126.0,126.0,126.0,123.5,123.5,20000
2021-12-02,125.5,125.5,127.0,125.0,127.0,15000
2021-12-03,125.0,125.0,126.0,125.0,125.5,14000
2021-12-06,126.5,126.5,128.5,123.0,123.5,26000
2021-12-07,125.5,125.5,127.0,125.5,126.5,25000
2021-12-08,125.0,125.0,126.0,125.0,126.0,13000
2021-12-09,125.0,125.0,127.0,125.0,127.0,11000
2021-12-10,124.5,124.5,125.5,124.5,125.5,21000
2021-12-13,124.5,124.5,125.5,124.5,124.5,7000
2021-12-14,124.5,124.5,127.0,124.5,126.0,25000
2021-12-15,125.0,125.0,126.5,124.5,124.5,10000
2021-12-16,129.0,129.0,129.0,125.5,125.5,27000
2021-12-17,127.0,127.0,129.0,127.0,129.0,11000
2021-12-20,127.0,127.0,127.0,127.0,127.0,3000
2021-12-21,126.0,126.0,127.0,126.0,127.0,16000
2021-12-22,126.5,126.5,126.5,126.5,126.5,5000
2021-12-23,127.5,127.5,127.5,126.0,126.5,14000
2021-12-24,130.0,130.0,130.0,128.0,129.0,32000
2021-12-27,131.0,131.0,131.0,130.0,130.0,32000
2021-12-28,131.5,131.5,132.0,128.5,128.5,28000
2021-12-29,130.5,130.5,130.5,129.5,130.0,13000
2021-12-30,129.5,129.5,130.5,128.0,130.5,21000
2022-01-03,129.5,129.5,130.0,129.0,130.0,8000
2022-01-04,129.5,129.5,129.5,128.5,128.5,9000
2022-01-05,129.5,129.5,131.0,129.5,131.0,6000
2022-01-06,128.5,128.5,128.5,125.0,127.0,29000
2022-01-07,128.5,128.5,128.5,125.0,127.0,32000
2022-01-10,130.5,130.5,131.0,128.5,128.5,15000
2022-01-11,129.5,129.5,129.5,128.5,129.0,4000
2022-01-12,129.0,129.0,129.5,128.5,129.0,5000
2022-01-13,128.0,128.0,128.5,127.0,128.5,15000
2022-01-14,126.5,126.5,127.0,122.5,127.0,29000
2022-01-17,126.5,126.5,126.5,126.0,126.5,6000
2022-01-19,126.5,126.5,127.0,126.5,127.0,4000
2022-01-20,126.0,126.0,126.5,126.0,126.5,2000
2022-01-21,124.5,124.5,126.0,124.5,125.0,21000
2022-01-24,123.5,123.5,124.5,122.5,124.5,7000
2022-01-25,121.5,121.5,123.5,121.5,123.5,27000
2022-01-26,124.0,124.0,125.0,123.5,123.5,4000
2022-02-07,125.0,125.0,126.5,125.0,126.5,4000
2022-02-08,125.5,125.5,125.5,125.0,125.0,6000
2022-02-09,126.0,126.0,126.0,125.0,126.0,7000
2022-02-10,126.0,126.0,128.0,126.0,127.5,20000
2022-02-11,126.0,126.0,126.0,124.5,125.0,10000
2022-02-14,124.5,124.5,125.0,122.5,123.5,12000
2022-02-15,123.5,123.5,125.0,123.5,125.0,10000
2022-02-16,124.0,124.0,124.0,123.5,123.5,8000
2022-02-17,124.5,124.5,125.0,123.5,125.0,4000
2022-02-18,124.0,124.0,124.0,122.5,124.0,3000
2022-02-21,124.5,124.5,124.5,123.0,123.0,5000
2022-02-22,122.0,122.0,122.5,120.5,121.0,20000
2022-02-23,123.0,123.0,124.0,122.0,124.0,10000
2022-02-24,120.0,120.0,121.5,119.5,120.0,14000
2022-02-25,121.0,121.0,122.5,119.5,119.5,11000
2022-03-01,121.5,121.5,122.5,121.5,122.5,23000
2022-03-02,120.0,120.0,121.0,119.5,121.0,13000
2022-03-03,120.0,120.0,122.5,119.5,122.5,17000
2022-03-04,121.0,121.0,123.5,120.0,120.0,21000
2022-03-07,122.0,122.0,123.0,118.5,120.5,36000
2022-03-08,118.0,118.0,122.0,117.5,122.0,20000
2022-03-09,119.0,119.0,121.0,118.5,121.0,6000
2022-03-10,120.0,120.0,122.0,119.0,119.0,3000
2022-03-11,121.5,121.5,121.5,121.0,121.0,2000
2022-03-14,119.5,119.5,122.5,115.0,122.5,14000
2022-03-15,120.0,120.0,122.0,116.5,122.0,6000
2022-03-16,120.5,120.5,121.0,118.0,120.5,10000
2022-03-17,120.5,120.5,121.0,120.5,121.0,3000
2022-03-18,119.5,119.5,120.0,119.5,120.0,4000
2022-03-21,118.0,118.0,120.5,118.0,120.5,7000
2022-03-22,119.0,119.0,119.5,118.0,119.5,11000
2022-03-23,117.0,117.0,119.0,117.0,118.0,16000
2022-03-24,117.0,117.0,119.0,117.0,119.0,3000
2022-03-25,117.5,117.5,118.0,117.5,117.5,5000
2022-03-28,117.0,117.0,117.5,116.0,117.5,9000
2022-03-29,117.0,117.0,117.5,117.0,117.5,4000
2022-03-30,117.0,117.0,117.5,116.0,117.5,12000
2022-03-31,116.0,116.0,117.0,116.0,117.0,9000
2022-04-01,116.5,116.5,119.5,116.5,119.5,6000
2022-04-06,117.0,117.0,118.0,117.0,118.0,3000
2022-04-07,116.0,116.0,116.5,116.0,116.5,8000
2022-04-08,119.5,119.5,122.0,119.0,121.5,34000
2022-04-11,119.0,119.0,120.0,118.0,120.0,17000
2022-04-12,121.0,121.0,121.5,119.5,121.5,13000
2022-04-13,123.5,123.5,123.5,121.5,121.5,18000
2022-04-14,122.5,122.5,123.0,121.0,123.0,11000
2022-04-15,122.5,122.5,122.5,119.5,120.5,12000
2022-04-18,122.0,122.0,123.0,121.5,121.5,12000
2022-04-19,120.0,120.0,122.5,120.0,122.5,8000
2022-04-20,120.0,120.0,120.0,119.5,120.0,9000
2022-04-21,119.5,119.5,120.0,119.5,120.0,2000
2022-04-22,120.0,120.0,120.0,117.5,118.5,13000
2022-04-25,119.5,119.5,119.5,118.0,118.0,2000
2022-04-26,117.5,117.5,119.0,117.5,119.0,12000
2022-04-27,117.0,117.0,120.5,117.0,117.0,6000
2022-04-28,118.0,118.0,119.0,118.0,119.0,7000
2022-04-29,118.0,118.0,118.5,118.0,118.5,4000
2022-05-03,117.5,117.5,117.5,116.5,116.5,3000
2022-05-04,119.0,119.0,119.0,116.5,116.5,9000
2022-05-05,118.5,118.5,119.5,117.5,119.5,5000
2022-05-06,116.5,116.5,117.5,116.0,116.5,13000
2022-05-09,117.0,117.0,120.0,117.0,120.0,6000
2022-05-10,117.0,117.0,117.0,116.5,116.5,6000
2022-05-11,115.0,115.0,117.0,114.5,116.0,9000
2022-05-12,112.5,112.5,114.0,107.0,114.0,53000
2022-05-13,109.0,109.0,112.5,109.0,109.0,26000
2022-05-16,108.5,108.5,110.0,108.5,109.5,11000
2022-05-17,108.5,108.5,109.5,107.5,107.5,18000
2022-05-18,108.5,108.5,109.0,108.0,108.5,33000
2022-05-19,108.5,108.5,108.5,106.0,106.0,7000
2022-05-20,109.0,109.0,112.0,108.0,108.0,9000
2022-05-23,108.5,108.5,111.5,106.5,110.0,28000
2022-05-24,107.0,107.0,108.0,106.5,106.5,20000
2022-05-25,107.5,107.5,108.0,107.0,108.0,12000
2022-05-26,107.5,107.5,108.5,107.5,108.0,68000
2022-05-27,104.0,104.0,104.0,103.0,103.5,41000
2022-05-30,105.0,105.0,105.0,103.5,103.5,29000
2022-05-31,105.5,105.5,105.5,104.5,104.5,12000
2022-06-01,104.5,104.5,105.0,104.0,104.0,9000
2022-06-02,105.5,105.5,106.0,105.0,105.0,8000
2022-06-06,104.5,104.5,107.0,104.0,106.5,10000
2022-06-07,106.5,106.5,106.5,104.5,106.0,33000
2022-06-08,106.0,106.0,106.5,105.5,106.5,35000
2022-06-09,104.5,104.5,106.0,104.0,105.5,31000
2022-06-10,104.5,104.5,105.0,104.5,104.5,30000
2022-06-13,103.5,103.5,105.0,103.5,103.5,20000
2022-06-14,103.0,103.0,103.5,102.0,103.0,21000
2022-06-15,102.5,102.5,103.5,102.5,103.0,14000
2022-06-16,101.5,101.5,103.0,101.5,102.5,46000
2022-06-17,100.0,100.0,101.0,100.0,101.0,11000
2022-06-20,100.0,100.0,101.0,98.0,100.0,32000
2022-06-21,101.0,101.0,101.0,100.5,101.0,5000
2022-06-22,99.0,99.0,100.0,99.0,100.0,3000
2022-06-23,98.2,98.2,100.0,98.2,99.0,4000
2022-06-24,98.5,98.5,100.0,98.4,100.0,7000
2022-06-27,97.1,97.1,97.3,96.2,96.6,169000
2022-06-28,96.0,96.0,96.8,95.9,96.7,73000
2022-06-29,96.0,96.0,96.2,95.4,96.0,35000
2022-06-30,95.2,95.2,96.2,95.2,96.2,13000
2022-07-01,95.0,95.0,95.4,93.4,95.2,26000
2022-07-04,93.0,93.0,94.9,92.0,92.3,17000
2022-07-05,95.0,95.0,96.0,93.7,95.8,12000
2022-07-06,95.5,95.5,95.8,94.5,95.8,28000
2022-07-07,96.4,96.4,96.4,94.5,96.4,11000
2022-07-08,96.2,96.2,96.6,96.0,96.5,11000
2022-07-11,96.3,96.3,96.3,95.9,96.0,6000
2022-07-12,96.2,96.2,96.2,96.2,96.2,1000
2022-07-13,95.5,95.5,96.3,95.5,96.3,7000
2022-07-14,94.8,94.8,95.1,94.7,94.7,20000
2022-07-15,95.8,95.8,95.8,95.2,95.5,9000
2022-07-18,96.2,96.2,96.4,95.7,96.3,11000
2022-07-20,96.1,96.1,96.2,95.9,96.2,19000
2022-07-21,96.1,96.1,96.1,95.9,96.1,11000
2022-07-22,95.6,95.6,96.0,95.5,96.0,10000
2022-07-25,96.8,96.8,96.9,96.0,96.5,56000
2022-07-26,96.5,96.5,96.5,96.0,96.5,4000
2022-07-27,96.2,96.2,96.6,96.1,96.5,13000
2022-07-28,96.2,96.2,96.9,96.2,96.2,8000
2022-07-29,102.0,102.0,105.5,97.0,97.0,147000
2022-08-01,100.5,100.5,101.5,99.4,101.5,28000
2022-08-02,97.6,97.6,99.9,97.6,97.8,31000
2022-08-03,98.7,98.7,100.0,96.2,97.5,37000
2022-08-04,102.5,102.5,103.0,100.5,101.0,81000
2022-08-05,105.0,105.0,108.0,104.5,105.0,176000
2022-08-08,115.5,115.5,115.5,107.0,107.0,263000
2022-08-09,127.0,127.0,127.0,119.5,123.0,308000
2022-08-10,120.5,120.5,132.0,118.5,132.0,379000
2022-08-11,118.5,118.5,120.5,113.0,120.0,265000
2022-08-12,114.0,114.0,118.0,114.0,115.5,114000
2022-08-15,125.0,125.0,125.0,115.0,116.0,211000
2022-08-16,134.0,134.0,137.0,128.0,131.0,573000
2022-08-17,131.5,131.5,135.0,128.0,131.0,181000
2022-08-18,131.0,131.0,137.0,129.0,131.5,220000
2022-08-19,126.0,126.0,131.0,126.0,131.0,157000
2022-08-22,121.5,121.5,128.0,121.5,126.0,104000
2022-08-23,122.0,122.0,124.0,120.0,121.5,78000
2022-08-24,122.5,122.5,124.0,121.0,121.5,69000
2022-08-25,120.0,120.0,124.5,120.0,122.5,74000
2022-08-26,120.5,120.5,121.5,120.0,120.0,56000
2022-08-29,117.5,117.5,120.0,117.5,120.0,74000
2022-08-30,122.0,122.0,124.0,116.5,117.5,79000
2022-08-31,121.5,121.5,123.5,120.0,123.0,65000
2022-09-01,118.5,118.5,120.5,118.0,120.5,56000
2022-09-02,117.5,117.5,118.5,117.0,118.5,39000
2022-09-05,113.5,113.5,118.0,113.5,117.5,66000
2022-09-06,114.5,114.5,117.0,113.5,117.0,86000
2022-09-07,113.5,113.5,114.5,113.5,114.5,16000
2022-09-08,116.0,116.0,116.5,113.5,116.5,34000
2022-09-12,117.5,117.5,118.5,117.0,118.0,22000
2022-09-13,117.0,117.0,120.5,116.0,119.0,50000
2022-09-14,117.0,117.0,117.5,114.5,114.5,32000
2022-09-15,119.0,119.0,120.5,116.5,118.0,44000
2022-09-16,116.5,116.5,119.5,116.0,119.5,42000
2022-09-19,115.5,115.5,117.0,115.0,115.5,33000
2022-09-20,118.0,118.0,119.0,116.0,116.0,48000
2022-09-21,117.0,117.0,119.0,117.0,119.0,23000
2022-09-22,116.0,116.0,117.0,113.5,115.5,43000
2022-09-23,113.0,113.0,115.5,113.0,115.5,43000
2022-09-26,108.0,108.0,111.0,107.5,111.0,41000
2022-09-27,107.0,107.0,107.5,105.0,106.5,24000
2022-09-28,100.5,100.5,108.0,100.5,108.0,60000
2022-09-29,101.5,101.5,104.0,100.0,102.0,44000
2022-09-30,106.5,106.5,107.0,99.5,101.0,50000
2022-10-03,107.0,107.0,107.5,105.5,106.5,20000
2022-10-04,107.5,107.5,109.5,107.0,108.0,26000
2022-10-05,109.0,109.0,109.0,108.0,109.0,17000
2022-10-06,115.0,115.0,118.0,111.5,112.0,101000
2022-10-07,111.5,111.5,114.0,111.5,113.0,43000
2022-10-11,104.0,104.0,109.0,104.0,108.0,29000
2022-10-12,105.0,105.0,107.0,103.0,103.5,17000
2022-10-13,101.0,101.0,104.0,100.5,102.5,30000
2022-10-14,104.0,104.0,104.5,103.5,104.5,17000
2022-10-17,104.5,104.5,104.5,100.5,103.0,12000
2022-10-18,105.5,105.5,107.5,105.5,106.5,19000
2022-10-19,103.0,103.0,106.5,103.0,106.5,13000
2022-10-20,104.0,104.0,105.0,102.0,104.5,14000
2022-10-21,102.5,102.5,105.0,102.5,105.0,7000
2022-10-24,103.0,103.0,104.5,103.0,103.5,7000
2022-10-25,102.5,102.5,104.0,101.0,104.0,9000
2022-10-26,102.5,102.5,103.5,101.5,103.0,15000
2022-10-27,104.0,104.0,104.0,101.5,103.5,43000
2022-10-28,101.0,101.0,102.0,100.0,102.0,17000
2022-10-31,103.0,103.0,103.0,101.5,101.5,12000
2022-11-01,103.5,103.5,103.5,101.5,101.5,17000
2022-11-02,104.5,104.5,105.0,103.5,105.0,20000
2022-11-03,112.5,112.5,112.5,103.5,103.5,68000
2022-11-04,112.0,112.0,112.5,107.5,109.0,42000
2022-11-07,107.5,107.5,110.5,107.0,109.0,36000
2022-11-08,106.0,106.0,109.0,106.0,108.0,26000
2022-11-09,108.0,108.0,108.0,106.0,106.0,24000
2022-11-10,106.0,106.0,107.0,105.5,105.5,15000
2022-11-11,107.0,107.0,107.5,105.5,107.5,30000
2022-11-14,107.0,107.0,108.0,106.0,108.0,23000
2022-11-15,107.5,107.5,107.5,106.0,106.0,11000
2022-11-16,107.5,107.5,109.0,107.0,107.0,14000
2022-11-17,109.0,109.0,109.0,107.0,107.0,18000
2022-11-18,109.0,109.0,111.0,109.0,109.5,25000
2022-11-21,110.0,110.0,112.5,109.5,109.5,16000
2022-11-22,111.0,111.0,111.0,110.5,110.5,14000
2022-11-23,111.0,111.0,112.0,109.5,112.0,24000
2022-11-24,111.0,111.0,112.0,110.5,112.0,16000
2022-11-25,111.5,111.5,113.0,111.5,112.0,28000
2022-11-28,113.5,113.5,113.5,112.0,112.0,19000
2022-11-29,117.0,117.0,117.0,113.5,114.0,46000
2022-11-30,116.5,116.5,118.0,114.0,118.0,42000
2022-12-01,115.5,115.5,117.0,114.5,117.0,31000
2022-12-02,116.0,116.0,117.0,115.5,116.0,22000
2022-12-05,116.5,116.5,117.0,116.5,116.5,17000
2022-12-06,116.5,116.5,120.0,116.5,120.0,39000
2022-12-07,116.0,116.0,118.5,116.0,117.0,43000
2022-12-08,117.5,117.5,118.5,115.5,116.5,42000
2022-12-09,118.0,118.0,119.0,118.0,118.5,24000
2022-12-12,118.0,118.0,118.5,117.5,118.5,26000
2022-12-13,117.5,117.5,119.0,117.5,119.0,17000
2022-12-14,117.5,117.5,118.5,117.0,118.0,17000
2022-12-15,117.0,117.0,117.5,116.5,117.5,10000
2022-12-16,113.5,113.5,115.5,113.5,113.5,17000
2022-12-19,113.5,113.5,113.5,111.5,112.0,15000
2022-12-20,110.0,110.0,114.0,110.0,114.0,21000
2022-12-21,110.0,110.0,113.0,110.0,113.0,17000
2022-12-22,112.0,112.0,112.0,110.5,112.0,26000
2022-12-23,112.0,112.0,112.0,111.5,111.5,4000
2022-12-26,115.5,115.5,116.5,113.5,113.5,30000
2022-12-27,115.0,115.0,115.5,115.0,115.5,7000
2022-12-28,113.5,113.5,115.0,113.0,115.0,15000
2022-12-29,113.5,113.5,114.5,110.5,112.0,13000
2022-12-30,113.5,113.5,114.5,113.5,114.5,5000
2023-01-03,114.5,114.5,114.5,112.5,112.5,6000
2023-01-04,116.5,116.5,118.0,115.0,115.0,36000
2023-01-05,117.5,117.5,117.5,117.0,117.5,18000
2023-01-06,119.5,119.5,122.5,119.5,122.0,99000
2023-01-09,118.5,118.5,121.5,117.0,120.5,63000
2023-01-10,116.5,116.5,118.5,116.5,118.5,18000
2023-01-11,117.5,117.5,118.0,116.5,116.5,18000
2023-01-12,116.5,116.5,118.0,116.5,118.0,12000
2023-01-13,117.5,117.5,118.5,117.5,118.0,20000
2023-01-16,118.5,118.5,119.0,118.5,118.5,19000
2023-01-17,117.0,117.0,119.0,117.0,119.0,20000
2023-01-30,117.0,117.0,119.5,117.0,118.5,28000
2023-01-31,117.5,117.5,117.5,117.5,117.5,6000
2023-02-01,116.0,116.0,117.0,115.5,117.0,25000
2023-02-02,121.0,121.0,121.0,116.5,116.5,72000
2023-02-03,133.0,133.0,133.0,121.0,121.0,407000
2023-02-06,126.0,126.0,130.0,124.0,129.0,260000
2023-02-07,126.0,126.0,128.0,125.5,126.0,55000
2023-02-08,132.5,132.5,136.0,126.5,126.5,243000
2023-02-09,142.0,142.0,143.0,130.0,131.5,155000
2023-02-10,143.5,143.5,147.0,138.0,143.5,243000
2023-02-13,146.0,146.0,146.5,143.0,145.0,140000
2023-02-14,144.5,144.5,149.5,142.5,146.5,179000
2023-02-15,141.5,141.5,144.5,137.5,141.0,270000
2023-02-16,153.0,153.0,155.5,142.5,142.5,486000
2023-02-17,153.0,153.0,155.0,148.0,150.0,230000
2023-02-20,153.0,153.0,153.0,149.0,153.0,145000
2023-02-21,151.5,151.5,154.0,149.5,154.0,113000
2023-02-22,164.0,164.0,164.0,150.0,150.5,239000
2023-02-23,165.0,165.0,170.5,162.0,163.0,288000
2023-02-24,166.0,166.0,170.0,159.0,164.5,225000
2023-03-01,161.5,161.5,167.0,160.5,162.5,200000
2023-03-02,161.5,161.5,163.0,157.0,163.0,199000
2023-03-03,170.0,170.0,177.5,163.0,163.0,718000
2023-03-06,169.5,169.5,170.5,164.5,170.0,382000
2023-03-07,169.5,169.5,171.5,167.0,169.5,168000
2023-03-08,176.5,176.5,178.0,168.0,169.0,315000
2023-03-09,165.5,165.5,176.5,164.5,176.0,520000
2023-03-10,164.0,164.0,165.5,159.5,165.5,281000
2023-03-13,166.0,166.0,169.0,156.0,162.0,233000
2023-03-14,168.5,168.5,173.0,165.0,166.5,302000
2023-03-15,175.5,175.5,181.0,170.0,170.0,352000
2023-03-16,172.0,172.0,176.0,169.5,175.5,193000
2023-03-17,176.0,176.0,178.5,173.0,174.0,199000
2023-03-20,187.5,187.5,190.0,176.5,178.0,622000
2023-03-21,185.0,185.0,189.0,183.0,187.5,223000
2023-03-22,188.0,188.0,192.0,184.5,186.0,250000
2023-03-23,182.5,182.5,187.0,181.0,187.0,303000
2023-03-24,183.5,183.5,189.0,182.5,184.0,279000
2023-03-27,181.0,181.0,186.0,180.0,183.5,129000
2023-03-28,176.0,176.0,181.0,172.0,181.0,227000
2023-03-29,176.0,176.0,180.5,175.0,175.0,90000
2023-03-30,183.5,183.5,183.5,176.0,176.0,181000
2023-03-31,176.5,176.5,184.0,175.0,183.5,138000
2023-04-06,175.0,175.0,178.5,175.0,176.5,122000
2023-04-07,175.5,175.5,180.5,175.0,177.0,113000
2023-04-10,185.5,185.5,189.5,177.0,178.5,387000
2023-04-11,180.5,180.5,187.5,180.0,186.0,166000
2023-04-12,179.0,179.0,182.0,176.5,182.0,166000
2023-04-13,172.0,172.0,178.5,172.0,177.0,216000
2023-04-14,179.5,179.5,185.5,172.0,172.0,353000
2023-04-17,192.5,192.5,197.0,179.5,179.5,919000
2023-04-18,200.0,200.0,211.5,195.5,200.0,1551000
2023-04-19,220.0,220.0,220.0,206.0,206.0,1286000
2023-04-20,207.5,207.5,237.0,201.5,230.0,2717000
2023-04-21,192.0,192.0,215.0,190.5,209.0,2622000
2023-04-24,197.0,197.0,208.5,190.0,194.5,1860000
2023-04-25,193.5,193.5,203.0,185.5,199.0,1891000
2023-04-26,186.0,186.0,196.5,185.0,190.0,723000
2023-04-27,186.5,186.5,193.0,186.0,189.0,418000
2023-04-28,199.0,199.0,203.5,189.5,189.5,1100000
2023-05-02,197.0,197.0,203.0,193.0,200.0,824000
2023-05-03,190.5,190.5,199.5,190.5,197.0,440000
2023-05-04,192.5,192.5,201.0,192.5,195.0,619000
2023-05-05,190.5,190.5,198.5,190.0,195.0,579000
2023-05-08,206.5,206.5,208.5,194.0,194.0,1854000
2023-05-09,199.5,199.5,216.0,198.5,212.0,1581000
2023-05-10,197.5,197.5,202.0,196.5,200.5,452000
2023-05-11,187.0,187.0,196.5,186.0,195.0,617000
2023-05-12,189.0,189.0,192.5,183.0,188.5,295000
2023-05-15,183.5,183.5,191.5,180.5,191.5,300000
2023-05-16,183.0,183.0,189.0,183.0,184.5,149000
2023-05-17,185.0,185.0,187.5,184.0,184.0,282000
2023-05-18,189.5,189.5,197.0,187.5,187.5,751000
2023-05-19,184.0,184.0,193.5,183.0,193.5,300000
2023-05-22,184.5,184.5,186.5,183.5,186.5,131000
2023-05-23,189.5,189.5,191.0,183.0,186.5,272000
2023-05-24,187.5,187.5,189.5,184.5,189.5,179000
2023-05-25,184.5,184.5,191.0,184.5,188.5,316000
2023-05-26,182.0,182.0,192.0,182.0,187.5,345000
2023-05-29,185.0,185.0,187.0,183.0,186.0,191000
2023-05-30,180.5,180.5,185.0,180.0,185.0,256000
2023-05-31,178.0,178.0,181.5,176.5,181.5,321000
2023-06-01,175.0,175.0,177.5,173.0,174.0,266000
2023-06-02,175.0,175.0,182.0,175.0,176.0,342000
2023-06-05,175.0,175.0,178.0,175.0,175.0,99000
2023-06-06,171.5,171.5,177.0,171.5,177.0,147000
2023-06-07,168.5,168.5,173.0,168.5,171.5,210000
2023-06-08,164.0,164.0,168.5,162.0,168.5,339000
2023-06-09,164.0,164.0,165.5,160.5,164.0,317000
2023-06-12,165.0,165.0,169.5,164.5,167.0,162000
2023-06-13,163.0,163.0,165.5,163.0,165.5,112000
2023-06-14,166.0,166.0,168.0,163.0,163.0,105000
2023-06-15,166.5,166.5,168.5,162.0,166.0,102000
2023-06-16,163.5,163.5,169.0,163.0,169.0,148000
2023-06-19,169.5,169.5,174.0,166.0,166.0,369000
2023-06-20,167.0,167.0,169.5,165.5,169.5,123000
2023-06-21,166.5,166.5,167.5,164.5,167.5,47000
2023-06-26,163.0,163.0,166.0,163.0,166.0,76000
2023-06-27,163.5,163.5,166.0,160.0,162.0,112000
2023-06-28,163.0,163.0,164.0,162.0,163.0,54000
2023-06-29,168.5,168.5,168.5,162.0,162.5,99000
2023-06-30,168.5,168.5,172.0,168.0,172.0,106000
2023-07-03,173.0,173.0,173.0,168.5,168.5,113000
2023-07-04,173.0,173.0,174.5,170.0,173.0,101000
2023-07-05,172.5,172.5,174.5,171.0,172.5,120000
2023-07-06,175.5,175.5,181.5,174.0,179.0,402000
2023-07-07,181.5,181.5,188.0,175.5,176.5,807000
2023-07-10,187.0,187.0,194.5,182.0,185.0,1187000
2023-07-11,187.0,187.0,191.5,186.5,190.5,351000
2023-07-12,181.5,181.5,190.0,181.0,190.0,233000
2023-07-13,185.5,185.5,189.0,181.5,183.0,345000
2023-07-14,183.0,183.0,188.5,183.0,186.0,208000
2023-07-17,183.0,183.0,187.5,179.5,183.0,245000
2023-07-18,180.0,180.0,186.5,175.5,184.5,290000
2023-07-19,184.5,184.5,191.5,180.0,181.0,602000
2023-07-20,195.0,195.0,199.0,185.5,185.5,1159000
2023-07-21,186.0,186.0,201.5,186.0,193.5,1312000
2023-07-24,186.0,186.0,190.0,180.5,189.5,644000
2023-07-25,193.0,193.0,197.5,183.5,190.0,1028000
2023-07-26,188.5,188.5,197.5,186.5,196.0,515000
2023-07-27,196.5,196.5,207.0,188.0,191.0,1923000
2023-07-28,188.0,188.0,200.5,188.0,194.0,875000
2023-07-31,178.0,178.0,192.0,176.0,192.0,765000
2023-08-01,176.5,176.5,183.0,176.0,180.0,277000
2023-08-02,170.0,170.0,178.5,169.5,176.5,307000
2023-08-04,168.5,168.5,171.5,165.0,170.0,189000
2023-08-07,169.0,169.0,169.0,164.5,167.0,150000
2023-08-08,165.5,165.5,169.5,165.0,169.5,143000
2023-08-09,164.0,164.0,165.5,162.5,165.0,121000
2023-08-10,161.5,161.5,164.0,161.0,163.0,94000
2023-08-11,161.5,161.5,163.5,161.0,161.5,97000
2023-08-14,155.5,155.5,161.5,154.0,161.5,210000
2023-08-15,157.5,157.5,159.5,156.0,156.0,73000
2023-08-16,158.0,158.0,159.5,155.0,157.0,88000
2023-08-17,162.5,162.5,165.0,153.0,156.5,229000
2023-08-18,160.0,160.0,165.0,160.0,162.5,84000
2023-08-21,159.5,159.5,161.0,158.5,160.0,69000
2023-08-22,156.5,156.5,161.5,156.0,160.0,136000
2023-08-23,157.0,157.0,158.0,156.5,157.0,38000
2023-08-24,157.0,157.0,160.5,156.5,157.0,93000
2023-08-25,156.0,156.0,157.5,155.5,156.0,38000
2023-08-28,154.0,154.0,156.5,154.0,156.0,59000
2023-08-29,155.5,155.5,156.0,154.5,155.0,20000
2023-08-30,158.5,158.5,160.0,156.5,159.0,57000
2023-08-31,164.0,164.0,166.5,157.0,158.5,108000
2023-09-01,164.5,164.5,167.5,163.5,163.5,110000
2023-09-04,166.5,166.5,173.5,166.0,167.5,311000
2023-09-05,168.0,168.0,172.5,166.5,166.5,186000
2023-09-06,171.0,171.0,171.5,168.5,168.5,102000
2023-09-07,169.5,169.5,175.0,169.0,172.0,145000
2023-09-08,168.5,168.5,169.5,166.0,169.0,81000
2023-09-11,164.5,164.5,167.0,164.0,167.0,43000
2023-09-12,164.5,164.5,167.0,163.0,167.0,34000
2023-09-13,165.0,165.0,166.5,164.0,165.0,38000
2023-09-14,171.5,171.5,172.5,165.0,166.0,172000
2023-09-15,169.5,169.5,173.0,167.5,173.0,68000
2023-09-18,166.0,166.0,169.0,166.0,168.5,35000
2023-09-19,164.0,164.0,166.5,164.0,166.5,36000
2023-09-20,163.0,163.0,164.5,163.0,163.5,23000
2023-09-21,160.5,160.5,162.0,160.0,162.0,67000
2023-09-22,162.0,162.0,162.5,159.0,160.0,39000
2023-09-25,163.5,163.5,164.0,161.5,162.0,19000
2023-09-26,160.0,160.0,162.0,160.0,162.0,40000
2023-09-27,158.5,158.5,159.5,157.0,159.5,58000
2023-09-28,159.5,159.5,161.5,159.0,160.5,21000
2023-10-02,163.0,163.0,164.5,160.0,160.0,37000
2023-10-03,160.5,160.5,163.0,160.5,162.5,34000
2023-10-04,160.0,160.0,161.5,159.0,159.0,36000
2023-10-05,165.0,165.0,169.5,164.0,165.0,199000
2023-10-06,171.0,171.0,173.0,166.0,166.5,283000
2023-10-11,171.0,171.0,177.5,168.0,174.5,440000
2023-10-12,176.5,176.5,180.5,172.5,174.5,388000
2023-10-13,171.5,171.5,177.0,170.5,176.5,229000
2023-10-16,171.0,171.0,176.5,171.0,173.0,153000
2023-10-17,177.0,177.0,180.5,172.5,173.0,399000
2023-10-18,172.0,172.0,180.5,170.0,179.5,261000
2023-10-19,165.5,165.5,169.0,164.0,169.0,209000
2023-10-20,166.5,166.5,167.0,161.0,166.0,83000
2023-10-23,165.0,165.0,166.5,164.0,166.5,40000
2023-10-24,167.5,167.5,167.5,164.5,166.0,88000
2023-10-25,168.0,168.0,169.5,166.0,169.0,59000
2023-10-26,164.5,164.5,166.0,162.0,163.5,54000
2023-10-27,163.5,163.5,167.5,163.0,167.5,65000
2023-10-30,164.0,164.0,167.5,164.0,164.5,71000
2023-10-31,160.0,160.0,167.0,159.0,164.0,108000
2023-11-01,163.5,163.5,164.0,161.5,163.5,46000
2023-11-02,166.0,166.0,167.0,165.5,165.5,56000
2023-11-03,165.0,165.0,166.5,165.0,166.0,40000
2023-11-06,167.0,167.0,167.5,166.0,166.0,74000
2023-11-07,166.0,166.0,169.5,166.0,167.0,86000
2023-11-08,164.0,164.0,166.5,163.5,166.0,65000
2023-11-09,162.5,162.5,164.0,162.0,164.0,50000
2023-11-10,161.0,161.0,164.0,161.0,162.5,64000
2023-11-13,161.5,161.5,162.0,160.5,161.0,59000
2023-11-14,165.0,165.0,165.0,161.0,161.0,41000
2023-11-15,164.0,164.0,167.0,163.5,166.0,45000
2023-11-16,165.5,165.5,168.0,164.0,164.5,58000
2023-11-17,166.0,166.0,166.5,165.5,165.5,21000
2023-11-20,168.0,168.0,169.0,165.0,165.5,51000
2023-11-21,169.5,169.5,169.5,168.0,168.0,60000
2023-11-22,176.5,176.5,179.0,171.0,171.0,321000
2023-11-23,174.5,174.5,181.0,174.5,179.0,197000
2023-11-24,173.0,173.0,178.0,171.5,174.0,65000
2023-11-27,170.5,170.5,174.5,170.5,173.0,50000
2023-11-28,171.0,171.0,172.0,170.0,171.0,50000
2023-11-29,175.5,175.5,176.0,171.0,171.0,60000
2023-11-30,174.5,174.5,177.0,174.0,176.5,40000
2023-12-01,176.5,176.5,177.0,173.0,173.5,65000
2023-12-04,178.5,178.5,188.0,178.0,178.0,629000
2023-12-05,177.0,177.0,179.5,176.0,178.5,136000
2023-12-06,182.5,182.5,188.0,181.0,181.0,522000
2023-12-07,183.0,183.0,184.5,180.0,182.5,177000
2023-12-08,180.5,180.5,188.5,180.0,183.0,337000
2023-12-11,183.0,183.0,184.0,177.5,180.5,168000
2023-12-12,192.0,192.0,196.5,183.5,186.0,831000
2023-12-13,188.5,188.5,196.0,188.0,190.5,384000
2023-12-14,189.0,189.0,191.0,187.0,187.0,128000
2023-12-15,188.5,188.5,192.5,187.5,189.0,64000
2023-12-18,188.5,188.5,191.0,185.0,191.0,135000
2023-12-19,189.5,189.5,190.5,185.5,186.5,159000
2023-12-20,191.5,191.5,192.0,189.5,189.5,46000
2023-12-21,190.5,190.5,191.0,189.0,191.0,54000
2023-12-22,190.0,190.0,192.0,189.0,190.0,68000
2023-12-25,188.5,188.5,192.0,188.0,192.0,64000
2023-12-26,192.0,192.0,192.0,188.5,188.5,86000
2023-12-27,192.5,192.5,193.5,190.5,190.5,91000
2023-12-28,193.0,193.0,196.0,191.5,195.0,188000
2023-12-29,192.5,192.5,193.0,189.5,191.5,120000
2024-01-02,198.0,198.0,204.0,194.0,194.5,386000
2024-01-03,197.5,197.5,201.5,196.5,197.0,140000
2024-01-04,194.5,194.5,199.0,193.0,199.0,104000
2024-01-05,197.5,197.5,209.5,197.0,200.5,652000
2024-01-08,194.0,194.0,201.0,193.0,198.0,170000
2024-01-09,190.0,190.0,197.0,188.5,194.5,115000
2024-01-10,190.0,190.0,191.5,189.0,191.5,87000
2024-01-11,192.0,192.0,194.0,191.0,192.0,48000
2024-01-12,191.5,191.5,192.5,189.5,191.0,72000
2024-01-15,192.5,192.5,194.0,189.5,190.0,76000
2024-01-16,189.5,189.5,193.0,189.5,190.5,75000
2024-01-17,183.5,183.5,198.5,183.5,193.0,326000
2024-01-18,184.0,184.0,187.5,183.5,186.0,98000
2024-01-19,185.0,185.0,185.5,184.5,185.5,36000
2024-01-22,187.5,187.5,188.0,185.0,185.0,35000
2024-01-23,187.0,187.0,188.5,186.5,188.0,34000
2024-01-24,189.0,189.0,191.0,187.0,187.0,46000
2024-01-25,183.5,183.5,190.5,183.5,189.0,119000
2024-01-26,181.5,181.5,184.0,179.5,183.5,109000
2024-01-29,182.5,182.5,184.5,181.0,181.0,24000
2024-01-30,186.0,186.0,186.5,181.5,183.0,74000
2024-01-31,184.0,184.0,186.5,184.0,186.5,34000
2024-02-01,182.5,182.5,182.5,181.5,182.5,38000
2024-02-02,183.0,183.0,183.5,182.5,182.5,26000
2024-02-05,180.0,180.0,183.0,179.0,183.0,88000
2024-02-15,181.0,181.0,182.0,179.0,180.5,66000
2024-02-16,183.0,183.0,184.5,180.0,181.0,39000
2024-02-19,185.0,185.0,186.0,182.5,183.0,61000
2024-02-20,191.5,191.5,197.0,185.5,185.5,297000
2024-02-21,189.0,189.0,192.0,187.0,192.0,103000
2024-02-22,189.0,189.0,193.0,188.0,188.0,87000
2024-02-23,186.5,186.5,190.0,186.0,189.0,58000
2024-02-26,187.5,187.5,188.0,185.0,187.5,61000
2024-02-27,185.0,185.0,192.5,184.5,192.5,69000
2024-02-29,185.5,185.5,187.5,185.0,185.5,69000
2024-03-01,183.5,183.5,185.5,183.5,185.0,80000
2024-03-04,180.5,180.5,185.0,180.5,185.0,92000
2024-03-05,183.0,183.0,183.5,181.0,182.5,45000
2024-03-06,187.5,187.5,189.0,184.0,185.0,126000
2024-03-07,184.5,184.5,188.5,184.5,188.5,67000
2024-03-08,180.5,180.5,186.5,180.0,186.5,108000
2024-03-11,181.0,181.0,183.5,180.0,180.5,30000
2024-03-12,183.5,183.5,184.0,181.0,181.5,33000
2024-03-13,182.5,182.5,184.0,181.0,184.0,44000
2024-03-14,183.0,183.0,184.0,182.0,182.5,48000
2024-03-15,182.5,182.5,186.5,182.5,184.5,43000
2024-03-18,181.5,181.5,183.5,181.0,183.5,68000
2024-03-19,182.0,182.0,183.5,181.5,183.5,25000
2024-03-20,180.0,180.0,181.5,179.0,181.0,103000
2024-03-21,178.5,178.5,181.0,177.0,179.5,86000
2024-03-22,177.5,177.5,178.5,176.5,177.0,49000
2024-03-25,177.5,177.5,179.5,176.0,177.0,58000
2024-03-26,174.0,174.0,179.0,174.0,179.0,85000
2024-03-27,174.5,174.5,176.0,173.5,176.0,68000
2024-03-28,175.0,175.0,176.0,174.0,175.0,26000
2024-03-29,175.0,175.0,176.0,174.5,174.5,23000
2024-04-01,177.0,177.0,179.0,175.0,175.0,45000
2024-04-02,176.0,176.0,177.5,175.0,175.5,37000
2024-04-03,176.0,176.0,176.0,174.5,175.5,29000
2024-04-08,179.0,179.0,183.0,179.0,183.0,105000
2024-04-09,179.0,179.0,181.5,178.0,179.5,51000
2024-04-10,180.5,180.5,181.5,179.0,179.0,54000
2024-04-11,179.0,179.0,181.5,179.0,181.5,31000
2024-04-12,179.0,179.0,180.5,179.0,179.0,19000
2024-04-15,175.5,175.5,179.0,175.5,179.0,58000
2024-04-16,171.0,171.0,174.5,170.5,174.5,73000
2024-04-17,172.5,172.5,174.0,171.0,172.0,26000
2024-04-18,172.5,172.5,173.5,172.5,173.5,16000
2024-04-19,169.5,169.5,172.5,167.0,172.5,67000
2024-04-22,169.0,169.0,171.0,167.5,167.5,37000
2024-04-23,168.5,168.5,170.0,168.0,169.0,43000
2024-04-24,168.5,168.5,171.0,167.5,170.0,112000
2024-04-25,167.0,167.0,168.5,167.0,168.5,61000
2024-04-26,166.5,166.5,168.0,166.5,168.0,69000
2024-04-29,168.5,168.5,168.5,167.0,168.0,53000
2024-04-30,170.5,170.5,172.0,170.0,170.0,58000
2024-05-02,175.0,175.0,176.5,170.0,170.5,92000
2024-05-03,174.0,174.0,176.5,173.5,175.5,48000
2024-05-06,176.0,176.0,176.5,173.0,174.0,50000
2024-05-07,174.5,174.5,180.0,174.5,175.5,118000
2024-05-08,174.5,174.5,176.0,174.0,174.5,31000
2024-05-09,171.5,171.5,175.0,169.0,175.0,309000
2024-05-10,172.0,172.0,174.0,171.5,172.0,30000
2024-05-13,172.5,172.5,174.0,171.0,173.0,29000
2024-05-14,173.0,173.0,174.0,172.5,172.5,19000
2024-05-15,171.5,171.5,174.5,171.0,173.5,75000
2024-05-16,172.5,172.5,173.0,171.5,171.5,46000
2024-05-17,175.5,175.5,175.5,172.5,172.5,42000
2024-05-20,177.0,177.0,177.0,174.0,174.0,36000
2024-05-21,176.5,176.5,183.5,176.5,178.0,172000
2024-05-22,175.5,175.5,178.0,175.5,176.0,29000
2024-05-23,173.5,173.5,175.5,172.5,175.5,37000
2024-05-24,174.0,174.0,174.0,172.0,172.0,20000
2024-05-27,174.0,174.0,174.0,173.0,173.0,15000
2024-05-28,175.5,175.5,176.5,175.0,175.0,13000
2024-05-29,174.0,174.0,175.0,174.0,175.0,23000
2024-05-30,173.0,173.0,173.5,172.0,173.0,35000
2024-05-31,173.0,173.0,174.5,172.5,172.5,17000
2024-06-03,175.0,175.0,175.0,173.5,174.0,22000
2024-06-04,176.0,176.0,179.0,175.5,176.5,82000
2024-06-05,178.5,178.5,179.0,175.0,176.5,64000
2024-06-06,173.5,173.5,175.5,173.5,175.0,63000
2024-06-07,175.5,175.5,175.5,171.0,173.5,45000
2024-06-11,174.0,174.0,175.0,173.0,174.0,29000
2024-06-12,175.0,175.0,175.0,173.5,173.5,40000
2024-06-13,173.5,173.5,175.5,173.5,173.5,36000
2024-06-14,175.0,175.0,176.5,174.0,174.0,72000
2024-06-17,175.5,175.5,178.0,175.0,176.0,79000
2024-06-18,176.5,176.5,177.5,176.0,176.5,23000
2024-06-19,176.5,176.5,176.5,175.0,176.0,28000
2024-06-20,178.0,178.0,178.0,175.0,175.0,58000
2024-06-21,177.5,177.5,178.5,176.5,178.0,34000
2024-06-24,177.0,177.0,178.0,176.0,177.5,36000
2024-06-25,175.5,175.5,178.5,174.5,176.0,38000
2024-06-26,175.5,175.5,176.5,175.0,175.5,27000
2024-06-27,175.5,175.5,176.5,175.0,175.5,20000
2024-06-28,177.5,177.5,177.5,175.0,175.5,37000
2024-07-01,185.5,185.5,189.0,177.5,178.0,345000
2024-07-02,197.0,197.0,200.0,183.5,187.0,455000
2024-07-03,201.0,201.0,201.0,194.0,199.5,363000
2024-07-04,202.0,202.0,214.5,201.5,205.0,473000
2024-07-05,204.0,204.0,207.5,203.5,205.0,210000
2024-07-08,210.0,210.0,213.5,204.0,204.0,409000
2024-07-09,222.0,222.0,222.5,210.5,215.0,620000
2024-07-10,222.0,222.0,224.5,218.0,222.0,296000
2024-07-11,238.0,238.0,243.0,225.5,225.5,657000
2024-07-12,239.5,239.5,246.0,235.5,238.0,404000
2024-07-15,241.5,241.5,253.0,237.5,244.5,588000
2024-07-16,265.5,265.5,265.5,247.0,248.0,611000
2024-07-17,264.0,264.0,280.5,261.5,272.0,979000
2024-07-18,263.0,263.0,274.5,255.0,264.0,687000
2024-07-19,254.5,254.5,267.0,251.5,265.0,391000
2024-07-22,258.5,258.5,260.0,250.5,256.5,296000
2024-07-23,251.5,251.5,265.5,250.0,263.0,420000
2024-07-26,250.0,250.0,252.0,238.0,245.0,217000
2024-07-29,234.0,234.0,254.0,233.5,254.0,368000
2024-07-30,245.0,245.0,248.0,235.5,236.5,213000
2024-07-31,223.5,223.5,242.0,221.0,238.0,397000
2024-08-01,224.5,224.5,231.5,220.5,228.0,190000
2024-08-02,217.5,217.5,225.0,216.0,218.0,141000
2024-08-05,202.0,202.0,209.0,197.5,209.0,389000
2024-08-06,202.0,202.0,213.5,188.0,213.5,270000
2024-08-07,208.5,208.5,215.0,202.5,202.5,217000
2024-08-08,211.5,211.5,214.0,205.5,208.0,195000
2024-08-09,206.0,206.0,219.5,206.0,216.5,239000
2024-08-12,209.0,209.0,209.5,203.5,207.0,130000
2024-08-13,207.0,207.0,208.5,205.0,207.5,66000
2024-08-14,206.5,206.5,208.5,205.0,207.5,92000
2024-08-15,209.5,209.5,213.0,209.0,209.0,101000
2024-08-16,211.0,211.0,218.0,210.5,212.5,119000
2024-08-19,216.0,216.0,217.0,209.0,209.0,76000
2024-08-20,225.5,225.5,232.0,219.5,219.5,391000
2024-08-21,225.5,225.5,228.0,221.0,223.0,149000
2024-08-22,229.0,229.0,230.5,225.5,226.5,92000
2024-08-23,224.0,224.0,227.0,224.0,226.5,85000
2024-08-26,221.0,221.0,225.0,221.0,224.0,62000
2024-08-27,225.5,225.5,228.5,220.5,222.0,72000
2024-08-28,230.5,230.5,232.0,227.0,227.5,99000
2024-08-29,230.5,230.5,231.0,226.0,227.0,61000
2024-08-30,234.0,234.0,240.0,231.0,232.5,182000
2024-09-02,229.0,229.0,237.5,228.5,237.0,79000
2024-09-03,223.0,223.0,231.5,222.0,227.5,178000
2024-09-04,222.0,222.0,224.0,210.5,216.0,94000
2024-09-05,224.0,224.0,229.5,223.0,225.0,79000
2024-09-06,227.5,227.5,227.5,220.0,221.0,94000
2024-09-09,224.0,224.0,227.0,220.0,225.5,44000
2024-09-10,224.5,224.5,230.0,218.0,226.5,186000
2024-09-11,226.0,226.0,227.0,221.0,225.0,120000
2024-09-12,229.5,229.5,229.5,224.0,226.5,195000
2024-09-13,230.0,230.0,235.5,229.5,231.0,116000
2024-09-16,237.5,237.5,239.5,233.5,233.5,167000
2024-09-18,227.5,227.5,239.0,227.5,239.0,173000
2024-09-19,230.5,230.5,232.0,228.0,228.0,62000
2024-09-20,228.5,228.5,234.5,228.5,234.5,90000
2024-09-23,226.5,226.5,229.0,225.0,227.5,79000
2024-09-24,232.5,232.5,234.5,228.5,229.5,72000
2024-09-25,231.0,231.0,233.0,229.5,233.0,44000
2024-09-26,233.0,233.0,233.0,228.5,231.0,53000
2024-09-27,233.5,233.5,236.5,232.0,236.5,88000
2024-09-30,236.5,236.5,238.5,230.0,233.5,168000
2024-10-01,235.0,235.0,238.5,232.0,238.5,123000
2024-10-04,235.0,235.0,237.0,231.5,235.0,109000
2024-10-07,222.5,222.5,235.0,222.0,235.0,336000
2024-10-08,222.0,222.0,223.0,218.5,222.5,96000
2024-10-09,218.0,218.0,224.0,216.5,224.0,111000
2024-10-11,214.0,214.0,223.5,213.5,220.0,81000
2024-10-14,215.5,215.5,218.5,212.0,217.0,89000
2024-10-15,212.0,212.0,217.0,212.0,216.0,58000
2024-10-16,215.0,215.0,217.5,212.0,216.0,42000
2024-10-17,215.5,215.5,216.5,214.5,215.0,22000
2024-10-18,214.0,214.0,217.0,214.0,215.0,31000
2024-10-21,215.0,215.0,218.0,211.5,211.5,41000
2024-10-22,217.0,217.0,218.0,215.0,215.5,27000
2024-10-23,217.5,217.5,217.5,216.0,217.0,25000
2024-10-24,222.5,222.5,228.5,218.5,218.5,171000
2024-10-25,220.0,220.0,224.0,218.5,224.0,56000
2024-10-28,221.0,221.0,223.5,220.0,222.0,40000
2024-10-29,216.0,216.0,222.0,216.0,220.0,41000
2024-10-30,230.5,230.5,233.0,217.5,217.5,365000
2024-11-01,219.0,219.0,225.0,216.5,222.5,153000
2024-11-04,223.0,223.0,223.0,217.0,218.0,56000
2024-11-05,218.5,218.5,230.0,218.5,221.0,134000
2024-11-06,217.0,217.0,223.0,217.0,218.0,54000
2024-11-07,217.5,217.5,219.0,213.5,215.0,97000
2024-11-08,215.5,215.5,218.5,215.5,217.5,49000
2024-11-11,215.0,215.0,218.0,210.5,215.5,58000
2024-11-12,211.5,211.5,215.5,211.5,212.5,51000
2024-11-13,212.0,212.0,214.5,211.0,212.0,28000
2024-11-14,209.5,209.5,212.5,209.5,212.5,24000
2024-11-15,205.0,205.0,207.5,205.0,205.0,76000
2024-11-18,201.0,201.0,206.5,200.5,205.0,100000
2024-11-19,202.5,202.5,203.5,201.0,201.5,42000
2024-11-20,201.5,201.5,205.0,201.5,204.5,33000
2024-11-21,201.5,201.5,203.0,200.0,202.5,35000
2024-11-22,204.0,204.0,205.0,202.0,202.0,27000
2024-11-25,206.0,206.0,206.0,204.5,206.0,22000
2024-11-26,206.5,206.5,206.5,205.0,205.0,23000
2024-11-27,201.5,201.5,205.0,201.0,205.0,47000
2024-11-28,201.0,201.0,203.0,200.5,201.5,23000
2024-11-29,201.5,201.5,202.5,201.0,201.0,12000
2024-12-02,204.0,204.0,205.0,201.0,203.0,35000
2024-12-03,203.5,203.5,206.0,202.0,203.0,82000
2024-12-04,209.0,209.0,209.0,205.5,205.5,43000
2024-12-05,221.5,221.5,228.0,211.0,214.0,895000
2024-12-06,224.0,224.0,230.0,218.0,223.5,823000
2024-12-09,223.5,223.5,234.5,221.0,228.0,887000
2024-12-10,215.0,215.0,224.0,215.0,224.0,329000
2024-12-11,217.0,217.0,222.0,213.0,214.0,281000
2024-12-12,213.0,213.0,221.5,211.5,217.0,244000
2024-12-13,206.5,206.5,216.0,206.5,216.0,151000
2024-12-16,201.5,201.5,208.5,201.0,207.0,148000
2024-12-17,210.0,210.0,218.5,207.0,208.0,243000
2024-12-18,213.0,213.0,213.0,205.0,208.0,76000
2024-12-19,209.5,209.5,210.5,205.0,205.5,72000
2024-12-20,209.5,209.5,221.0,209.5,209.5,266000
2024-12-23,205.5,205.5,213.5,205.5,210.0,135000
2024-12-24,202.5,202.5,207.5,202.5,203.0,422000
2024-12-25,208.0,208.0,211.0,202.5,203.0,316000
2024-12-26,205.0,205.0,209.0,205.0,209.0,154000
2024-12-27,205.0,205.0,206.0,204.0,205.0,75000
2024-12-30,205.5,205.5,211.0,205.0,207.0,157000
2024-12-31,206.5,206.5,207.0,203.0,205.5,67000
2025-01-02,207.5,207.5,211.0,206.5,207.0,180000
2025-01-03,207.0,207.0,211.0,205.0,211.0,117000
2025-01-06,209.0,209.0,211.0,207.0,208.5,126000
2025-01-07,210.0,210.0,214.0,208.5,214.0,300000
2025-01-08,211.0,211.0,215.0,208.5,208.5,143000
2025-01-09,207.0,207.0,211.0,206.5,210.0,139000
2025-01-10,207.5,207.5,210.5,207.0,210.5,62000
2025-01-13,200.5,200.5,205.5,197.0,205.5,212000
2025-01-14,202.5,202.5,204.0,200.5,202.0,51000
2025-01-15,199.0,199.0,202.5,199.0,202.5,94000
2025-01-16,200.0,200.0,202.0,199.0,202.0,64000
2025-01-17,196.0,196.0,201.5,195.0,201.5,152000
2025-01-20,196.0,196.0,199.5,194.0,199.5,47000
2025-01-21,197.0,197.0,197.0,195.5,195.5,27000
2025-01-22,195.5,195.5,197.0,195.0,197.0,50000
2025-02-03,196.0,196.0,207.0,196.0,199.0,358000
2025-02-04,206.0,206.0,207.5,197.5,198.0,235000
2025-02-05,208.0,208.0,209.0,204.0,207.5,140000
2025-02-06,207.0,207.0,207.0,203.5,206.5,89000
2025-02-07,211.0,211.0,218.0,204.5,204.5,509000
2025-02-10,210.5,210.5,213.0,209.5,210.0,121000
2025-02-11,209.0,209.0,214.0,209.0,214.0,82000
2025-02-12,209.0,209.0,213.0,206.0,209.5,137000
2025-02-13,209.5,209.5,216.0,209.0,211.0,185000
2025-02-14,208.5,208.5,212.0,208.5,210.0,87000
2025-02-17,207.5,207.5,210.0,207.5,210.0,49000
2025-02-18,210.5,210.5,211.0,207.5,208.0,49000
2025-02-19,210.5,210.5,213.0,209.0,211.0,98000
2025-02-20,208.0,208.0,211.5,207.5,211.5,75000
2025-02-21,206.0,206.0,208.5,206.0,207.0,66000
2025-02-24,206.5,206.5,206.5,204.5,206.0,53000
2025-02-25,202.0,202.0,206.5,201.5,206.5,119000
2025-02-26,210.0,210.0,215.0,202.0,208.0,516000
2025-02-27,204.5,204.5,210.0,204.5,209.0,170000
2025-03-03,202.0,202.0,208.0,201.5,204.0,240000
2025-03-04,204.5,204.5,204.5,197.0,201.0,82000
2025-03-05,205.5,205.5,213.0,203.5,206.0,210000
2025-03-06,204.0,204.0,209.5,204.0,205.5,161000
2025-03-07,201.5,201.5,206.0,200.5,204.5,101000
2025-03-10,197.5,197.5,202.5,197.0,202.5,178000
2025-03-11,190.0,190.0,195.0,186.0,195.0,284000
2025-03-12,190.0,190.0,198.0,190.0,190.0,332000
2025-03-13,188.5,188.5,194.5,187.0,192.5,107000
2025-03-14,185.0,185.0,188.5,184.0,188.5,124000
2025-03-17,186.0,186.0,187.5,185.5,186.5,92000
2025-03-18,187.0,187.0,188.0,186.5,186.5,34000
2025-03-19,187.5,187.5,188.0,186.0,186.5,36000
2025-03-20,191.0,191.0,192.0,189.0,189.0,49000
2025-03-21,192.0,192.0,193.0,191.0,192.5,50000
2025-03-24,188.5,188.5,192.5,188.5,192.0,41000
2025-03-25,189.0,189.0,192.5,189.0,190.0,42000
2025-03-26,197.5,197.5,199.0,191.5,192.0,201000
2025-03-27,198.5,198.5,199.0,195.0,197.0,87000
2025-03-28,196.0,196.0,199.5,193.5,199.5,67000
2025-03-31,180.5,180.5,192.5,180.5,192.5,157000
2025-04-01,182.0,182.0,185.0,181.5,183.0,60000
2025-04-02,184.0,184.0,185.5,180.5,182.0,50000
2025-04-07,166.0,166.0,166.0,166.0,166.0,22000
2025-04-08,155.0,155.0,156.0,150.0,150.0,406000
2025-04-09,144.5,144.5,160.0,143.5,156.5,306000
2025-04-10,158.5,158.5,158.5,158.5,158.5,47000
2025-04-11,162.0,162.0,163.0,151.5,158.0,166000
2025-04-14,167.0,167.0,171.5,162.5,162.5,115000
2025-04-15,174.0,174.0,175.0,167.5,167.5,118000
2025-04-16,171.0,171.0,175.5,170.0,175.5,88000
2025-04-17,168.5,168.5,172.5,166.5,171.0,146000
2025-04-18,170.5,170.5,172.5,168.5,168.5,32000
2025-04-21,166.0,166.0,170.0,165.0,170.0,51000
2025-04-22,165.5,165.5,170.0,165.0,166.0,41000
2025-04-23,173.0,173.0,176.5,170.5,172.0,115000
2025-04-24,181.0,181.0,183.0,174.5,175.0,176000
2025-04-25,180.5,180.5,187.5,180.5,184.5,105000
2025-04-28,193.5,193.5,198.5,182.0,182.0,573000
2025-04-29,191.5,191.5,197.0,186.5,192.0,339000
2025-04-30,185.5,185.5,194.0,185.0,191.5,405000
2025-05-02,187.5,187.5,187.5,182.0,186.5,108000
2025-05-05,182.0,182.0,187.5,178.0,187.5,123000
2025-05-06,182.0,182.0,183.0,182.0,182.5,29000
2025-05-07,184.5,184.5,188.0,182.5,182.5,89000
2025-05-08,189.0,189.0,191.0,184.5,185.0,97000
2025-05-09,189.5,189.5,192.0,187.5,192.0,68000
2025-05-12,187.5,187.5,190.0,185.5,190.0,30000
2025-05-13,186.5,186.5,190.0,186.0,188.0,45000
2025-05-14,186.0,186.0,188.0,185.5,188.0,41000
2025-05-15,184.5,184.5,187.0,184.0,187.0,33000
2025-05-16,184.0,184.0,185.5,184.0,184.5,44000
2025-05-19,183.0,183.0,189.0,182.0,184.0,159000
2025-05-20,182.5,182.5,186.5,182.5,185.0,21000
2025-05-21,189.5,189.5,191.0,185.0,185.0,112000
2025-05-22,186.0,186.0,192.0,186.0,187.0,33000
2025-05-23,184.5,184.5,186.5,184.0,186.5,26000
2025-05-26,182.5,182.5,183.5,182.5,183.5,22000
2025-05-27,182.0,182.0,183.0,181.5,183.0,33000
2025-05-28,180.0,180.0,188.0,180.0,188.0,47000
2025-05-29,180.0,180.0,183.5,179.5,183.5,48000
2025-06-02,179.0,179.0,180.0,175.5,180.0,37000
2025-06-03,180.0,180.0,184.0,177.5,178.0,154000
2025-06-04,184.0,184.0,184.0,180.5,180.5,51000
2025-06-05,182.0,182.0,184.5,181.0,184.0,23000
2025-06-06,183.0,183.0,186.5,180.5,182.5,134000
2025-06-09,185.5,185.5,186.5,181.5,183.0,53000
2025-06-10,186.0,186.0,186.5,183.5,186.0,22000
2025-06-11,185.5,185.5,186.0,184.0,185.0,27000
2025-06-12,186.5,186.5,187.0,185.5,185.5,27000
2025-06-13,183.0,183.0,187.0,183.0,187.0,46000
2025-06-16,183.0,183.0,184.0,183.0,183.5,10000
2025-06-17,181.0,181.0,184.0,181.0,184.0,120000
2025-06-18,183.5,183.5,183.5,181.0,181.0,21000
2025-06-19,180.5,180.5,182.0,180.5,182.0,42000
2025-06-20,177.0,177.0,180.5,177.0,180.5,70000
2025-06-23,176.0,176.0,176.5,173.0,176.5,27000
2025-06-24,178.5,178.5,180.0,177.5,177.5,16000
2025-06-25,179.0,179.0,180.5,177.5,180.5,46000
2025-06-26,179.5,179.5,183.0,179.5,180.5,73000
2025-06-27,178.5,178.5,180.0,178.0,180.0,20000
2025-06-30,174.0,174.0,178.5,174.0,178.5,75000
2025-07-01,178.5,178.5,179.0,174.5,175.0,53000
2025-07-02,179.0,179.0,180.0,177.5,180.0,62000
2025-07-03,177.5,177.5,177.5,175.5,176.0,49000
2025-07-04,174.0,174.0,181.0,174.0,179.5,123000
2025-07-07,168.5,168.5,172.5,168.5,171.0,185000
2025-07-08,170.0,170.0,170.5,168.0,168.0,31000
2025-07-09,172.0,172.0,173.0,169.5,170.5,19000
2025-07-10,173.0,173.0,175.0,172.0,173.0,32000
2025-07-11,175.0,175.0,178.5,174.5,174.5,21000
2025-07-14,173.5,173.5,174.5,171.0,174.5,38000
2025-07-15,172.0,172.0,173.5,171.5,173.5,12000
2025-07-16,172.5,172.5,175.0,172.5,173.0,30000
2025-07-17,176.5,176.5,177.0,172.0,172.0,44000
2025-07-18,174.5,174.5,177.5,174.5,177.5,25000
2025-07-21,173.5,173.5,174.0,172.5,173.5,23000
2025-07-22,171.5,171.5,177.0,170.0,177.0,60000
2025-07-23,172.0,172.0,173.5,172.0,172.0,12000
2025-07-24,171.5,171.5,173.0,170.5,173.0,22000
2025-07-25,171.5,171.5,172.0,170.5,171.0,26000
2025-07-28,171.5,171.5,172.0,170.0,172.0,28000
2025-07-29,169.5,169.5,171.0,168.0,171.0,78000
2025-07-30,174.5,174.5,174.5,169.5,170.0,39000
2025-07-31,172.0,172.0,175.0,171.5,175.0,80000
2025-08-01,175.0,175.0,176.0,171.0,171.5,78000
2025-08-04,177.0,177.0,178.0,173.0,173.0,57000
2025-08-05,177.0,177.0,178.0,177.0,178.0,26000
2025-08-06,176.0,176.0,181.5,176.0,178.0,114000
2025-08-07,177.5,177.5,177.5,175.5,176.5,37000
2025-08-08,177.5,177.5,177.5,176.5,177.5,18000
2025-08-11,178.0,178.0,178.5,177.5,178.5,20000
2025-08-12,182.0,182.0,182.0,178.5,178.5,82000
2025-08-13,179.5,179.5,187.0,177.0,182.5,204000
2025-08-14,181.0,181.0,181.5,178.0,178.0,43000
2025-08-15,187.5,187.5,188.5,180.0,181.5,160000
2025-08-18,186.0,186.0,187.5,184.5,187.0,45000
2025-08-19,183.5,183.5,185.5,183.0,185.0,33000
2025-08-20,180.5,180.5,181.5,178.0,181.5,63000
2025-08-21,180.5,180.5,182.0,179.5,181.0,32000
2025-08-22,179.0,179.0,180.5,179.0,180.5,17000
2025-08-25,181.0,181.0,181.5,180.0,180.0,38000
2025-08-26,182.0,182.0,183.5,181.5,181.5,25000
2025-08-27,183.5,183.5,186.5,182.5,182.5,55000
2025-08-28,186.0,186.0,190.0,185.0,185.0,101000
2025-08-29,184.5,184.5,186.0,184.5,186.0,37000
2025-09-01,183.0,183.0,185.0,180.0,185.0,145000
2025-09-02,180.0,180.0,182.0,180.0,181.5,42000
2025-09-03,182.0,182.0,182.0,180.0,180.0,5000
2025-09-04,183.5,183.5,189.5,183.0,186.0,105000
2025-09-05,186.5,186.5,188.5,185.0,185.5,35000
2025-09-08,186.5,186.5,189.0,184.0,189.0,48000
2025-09-09,182.0,182.0,185.5,182.0,185.5,66000
2025-09-10,184.5,184.5,186.0,183.5,183.5,41000
2025-09-11,182.5,182.5,186.0,182.5,185.0,45000
2025-09-12,184.0,184.0,185.0,183.5,183.5,32000
2025-09-15,180.5,180.5,183.0,180.0,183.0,80000
2025-09-16,181.0,181.0,182.0,180.0,181.0,29000
2025-09-17,179.5,179.5,181.0,179.0,181.0,46000
2025-09-18,180.5,180.5,181.5,179.5,180.0,30000
2025-09-19,180.0,180.0,181.0,179.5,181.0,32000
2025-09-22,181.0,181.0,181.0,181.0,181.0,21000
2025-09-23,180.0,180.0,182.0,179.5,182.0,41000
2025-09-24,175.0,175.0,179.0,174.5,179.0,161000
2025-09-25,174.5,174.5,177.0,174.5,174.5,52000
2025-09-26,171.5,171.5,173.5,170.5,173.0,95000
2025-09-30,173.5,173.5,175.0,172.0,172.0,23000
2025-10-01,171.0,171.0,176.0,171.0,173.5,193000
2025-10-02,172.0,172.0,175.0,172.0,175.0,35000
2025-10-03,172.0,172.0,172.0,171.5,172.0,12000
2025-10-07,176.5,176.5,178.0,173.5,174.0,45000
2025-10-08,175.0,175.0,176.0,174.5,175.5,20000
2025-10-09,183.0,183.0,185.0,180.5,180.5,227000
2025-10-13,178.0,178.0,180.5,177.0,180.5,62000
2025-10-14,173.0,173.0,180.0,173.0,180.0,70000
2025-10-15,175.5,175.5,175.5,173.5,174.5,48000
2025-10-16,176.0,176.0,179.5,175.5,179.5,27000
2025-10-17,174.0,174.0,174.5,173.5,174.0,26000
2025-10-20,173.0,173.0,178.0,173.0,178.0,26000
2025-10-21,174.0,174.0,175.0,173.0,173.5,40000
2025-10-22,174.5,174.5,176.5,174.5,176.5,26000
2025-10-23,174.0,174.0,175.0,173.5,174.5,18000
2025-10-27,174.5,174.5,175.0,173.0,175.0,47000
2025-10-28,173.5,173.5,176.0,173.5,173.5,31000
2025-10-29,173.5,173.5,175.0,173.5,174.0,41000
2025-10-30,173.5,173.5,174.5,173.0,173.5,29000
2025-10-31,176.5,176.5,179.5,174.0,174.0,69000
2025-11-03,176.5,176.5,177.5,175.0,176.5,54000
2025-11-04,176.0,176.0,178.5,176.0,176.5,43000
2025-11-05,175.5,175.5,176.0,173.0,176.0,55000
2025-11-06,174.5,174.5,176.0,174.0,176.0,17000
2025-11-07,172.5,172.5,175.5,172.0,175.5,60000
2025-11-10,172.0,172.0,173.0,171.5,173.0,16000
2025-11-11,170.5,170.5,174.0,170.5,172.0,51000
2025-11-12,172.5,172.5,173.5,171.5,172.5,18000
2025-11-13,172.0,172.0,172.5,171.5,171.5,21000
2025-11-14,170.5,170.5,172.5,170.0,170.5,31000
2025-11-17,165.0,165.0,170.5,165.0,170.5,179000
2025-11-18,161.5,161.5,164.5,161.5,163.5,74000
2025-11-19,161.0,161.0,162.5,160.5,160.5,22000
2025-11-20,163.5,163.5,163.5,161.0,161.5,31000
2025-11-21,161.0,161.0,163.5,159.0,161.0,79000
2025-11-24,163.0,163.0,163.0,161.0,161.5,12000
2025-11-25,165.0,165.0,167.5,164.0,167.5,10000
2025-11-26,166.0,166.0,166.0,164.0,165.0,12000
2025-11-27,168.5,168.5,173.0,167.5,168.0,41000
2025-11-28,169.0,169.0,170.5,169.0,169.5,15000
2025-12-01,168.5,168.5,169.0,167.5,169.0,10000
2025-12-02,171.0,171.0,171.0,170.0,170.5,24000
2025-12-03,172.5,172.5,172.5,170.0,171.0,15000
2025-12-04,173.0,173.0,177.0,173.0,173.0,61000
2025-12-05,174.0,174.0,174.0,173.0,173.0,3000
2025-12-08,173.0,173.0,176.5,172.5,176.5,26000
2025-12-09,170.5,170.5,172.5,167.5,170.0,23000
2025-12-10,173.0,173.0,174.0,169.5,169.5,42000
2025-12-11,173.0,173.0,176.0,172.0,176.0,15000
2025-12-12,172.5,172.5,172.5,171.5,172.0,7000
2025-12-15,171.5,171.5,174.0,169.0,171.5,42000
2025-12-16,170.0,170.0,173.5,169.0,173.0,24000
2025-12-17,171.5,171.5,173.5,170.0,172.5,16000
2025-12-18,171.5,171.5,172.0,170.5,171.0,8000
2025-12-19,171.0,171.0,174.5,170.5,174.5,15000
2025-12-22,171.0,171.0,171.5,170.5,170.5,14000
2025-12-23,170.5,170.5,171.5,170.0,170.0,13000
2025-12-24,170.0,170.0,170.0,169.0,170.0,24000
2025-12-26,168.5,168.5,169.0,167.5,169.0,32000
2025-12-29,168.0,168.0,171.0,168.0,168.0,66000
2025-12-30,168.0,168.0,168.0,167.0,168.0,13000
2025-12-31,174.0,174.0,174.0,168.0,168.0,46000
2026-01-02,172.0,172.0,174.5,171.5,174.0,45000
2026-01-05,171.0,171.0,173.5,169.5,173.5,45000
2026-01-06,168.0,168.0,170.0,167.0,170.0,73000
2026-01-07,169.0,169.0,173.5,169.0,173.5,82000
2026-01-08,171.5,171.5,172.0,169.0,172.0,36000
2026-01-09,170.0,170.0,171.0,169.0,171.0,13000
2026-01-12,168.0,168.0,170.0,167.5,170.0,62000
2026-01-13,169.5,169.5,171.0,168.0,168.5,28000
2026-01-14,170.0,170.0,171.0,169.5,169.5,24000
2026-01-15,169.5,169.5,170.5,169.0,170.0,13000
2026-01-16,169.5,169.5,172.0,169.0,169.5,24000
2026-01-19,168.5,168.5,170.5,168.5,169.0,43000
2026-01-20,168.5,168.5,170.5,168.5,170.5,23000
2026-01-21,168.0,168.0,169.5,167.0,169.5,27000
2026-01-22,167.5,167.5,168.0,166.5,168.0,33000
2026-01-23,167.0,167.0,168.0,167.0,167.0,16000
2026-01-26,166.5,166.5,167.5,166.0,167.5,19000
2026-01-27,166.5,166.5,167.5,165.5,165.5,13000
2026-01-28,168.5,168.5,171.5,165.0,166.5,93000
2026-01-29,165.0,165.0,169.0,164.5,169.0,61000
2026-01-30,163.0,163.0,164.5,161.0,164.5,48000
2026-02-02,161.5,161.5,167.5,161.0,167.5,60000
2026-02-03,161.5,161.5,163.5,161.0,163.5,26000
2026-02-04,162.5,162.5,163.5,162.5,163.5,18000
2026-02-05,163.0,163.0,163.5,161.0,161.0,29000
2026-02-06,161.5,161.5,162.0,159.5,160.5,40000
2026-02-09,161.5,161.5,162.0,161.0,162.0,33000
2026-02-10,161.5,161.5,162.0,161.5,162.0,15000
2026-02-11,162.0,162.0,162.5,161.0,161.0,18000
2026-02-23,163.0,163.0,165.5,161.5,162.0,43000
2026-02-24,161.0,161.0,164.0,160.0,164.0,61000
2026-02-25,159.0,159.0,162.5,157.5,162.5,171000
2026-02-26,165.0,165.0,169.5,162.5,165.0,347000
2026-03-02,169.5,169.5,170.5,165.0,165.0,120000
2026-03-03,167.5,167.5,171.5,165.5,169.5,68000
2026-03-04,162.5,162.5,167.0,160.5,163.0,94000
2026-03-05,167.0,167.0,170.0,164.5,164.5,47000
2026-03-06,167.0,167.0,168.0,165.5,167.5,40000
2026-03-09,162.0,162.0,164.0,161.0,161.0,50000
2026-03-10,162.0,162.0,166.0,162.0,166.0,33000
2026-03-11,165.0,165.0,166.5,163.0,163.0,61000
2026-03-12,169.5,169.5,171.0,167.5,167.5,96000
2026-03-13,168.5,168.5,169.5,167.5,168.5,64000
2026-03-16,169.0,169.0,171.5,167.5,168.5,52000
2026-03-17,169.5,169.5,171.0,168.5,170.0,36000
2026-03-18,171.0,171.0,171.5,169.5,171.0,58000
2026-03-19,174.0,174.0,174.0,171.0,172.0,84000
2026-03-20,171.0,171.0,174.5,171.0,174.5,60000
2026-03-23,170.0,170.0,173.0,169.0,170.0,65000
2026-03-24,166.5,166.5,171.0,166.0,170.0,64000
2026-03-25,167.5,167.5,169.5,167.0,169.5,46000
2026-03-26,167.5,167.5,170.0,167.5,170.0,37000
2026-03-27,169.0,169.0,172.0,167.5,172.0,28000
2026-03-30,167.5,167.5,168.0,165.5,166.0,37000
2026-03-31,161.5,161.5,166.0,161.5,166.0,80000
2026-04-01,163.5,163.5,165.5,163.5,164.0,23000
2026-04-02,163.0,163.0,165.0,163.0,164.0,30000
2026-04-07,164.5,164.5,166.0,163.0,163.0,29000
2026-04-08,168.5,168.5,170.5,168.0,168.0,86000
2026-04-09,169.0,169.0,171.0,169.0,169.0,51000
2026-04-10,168.5,168.5,170.0,168.5,168.5,60000
2026-04-13,169.5,169.5,172.0,168.0,168.5,43000
2026-04-14,169.0,169.0,170.5,169.0,170.0,64000
2026-04-15,169.0,169.0,171.5,169.0,169.0,64000
2026-04-16,170.5,170.5,172.0,170.0,170.0,48000
2026-04-17,170.0,170.0,171.0,170.0,171.0,34000
2026-04-20,168.5,168.5,170.0,168.0,170.0,44000
2026-04-21,167.5,167.5,168.5,167.0,168.5,38000
2026-04-22,173.0,173.0,176.0,167.5,167.5,133000
2026-04-23,167.0,167.0,176.5,162.0,176.5,243000
2026-04-24,168.0,168.0,168.0,166.5,166.5,22000
2026-04-27,168.5,168.5,168.5,164.5,166.5,70000
2026-04-28,168.0,168.0,169.0,165.5,169.0,40000
2026-04-29,166.0,166.0,168.5,166.0,166.5,71000
2026-04-30,166.5,166.5,168.5,166.5,168.0,37000
2026-05-04,168.0,168.0,168.5,166.0,167.0,37000
2026-05-05,170.5,170.5,170.5,168.0,168.0,61000
2026-05-06,168.5,168.5,171.5,168.0,171.5,61000
2026-05-07,169.0,169.0,170.0,168.5,169.0,62000
2026-05-08,170.0,170.0,172.0,168.5,170.0,126000
2026-05-11,168.0,168.0,172.0,167.5,172.0,103000
2026-05-12,168.0,168.0,168.0,166.5,168.0,64000
2026-05-13,167.5,167.5,168.0,166.0,168.0,64000
2026-05-14,167.0,167.0,167.5,166.5,167.5,53000
2026-05-15,167.5,167.5,169.0,167.5,168.0,33000
2026-05-18,168.0,168.0,168.0,165.5,167.5,39000
2026-05-19,168.5,168.5,170.0,168.0,169.5,49000
2026-05-20,166.5,166.5,169.0,165.0,168.0,93000
2026-05-21,168.5,168.5,168.5,167.5,168.0,45000
2026-05-22,171.0,171.0,171.0,168.5,168.5,81000
2026-05-25,171.0,171.0,172.5,169.0,172.5,143000
2026-05-26,170.0,170.0,172.0,168.5,171.5,51000
2026-05-27,169.5,169.5,170.0,168.0,170.0,59000
2026-05-28,169.5,169.5,170.0,167.5,169.5,83000
2026-05-29,170.5,170.5,172.0,170.0,170.0,125000
2026-06-01,187.5,187.5,187.5,174.0,174.0,615000
2026-06-02,187.5,187.5,193.5,184.0,187.0,599000
2026-06-03,183.0,183.0,187.5,182.5,187.0,239000
2026-06-04,182.5,182.5,186.0,179.0,183.0,147000
2026-06-05,182.0,182.0,185.5,180.5,185.0,181000
2026-06-08,174.0,174.0,176.0,170.0,170.5,161000
2026-06-09,174.0,174.0,177.0,172.0,177.0,146000
2026-06-10,172.0,172.0,173.5,170.0,172.5,215000
2026-06-11,177.0,177.0,185.0,172.5,172.5,454000
2026-06-12,175.5,175.5,184.0,175.5,179.0,266000
2026-06-15,180.0,180.0,183.5,178.5,183.5,623000
2026-06-16,177.5,177.5,181.5,177.0,181.0,206000
2026-06-17,178.0,178.0,178.5,174.0,176.5,92000
2026-06-18,179.0,179.0,179.5,177.5,178.0,87000
2026-06-22,179.5,179.5,182.0,178.5,181.5,183000
2026-06-23,176.0,176.0,180.0,175.5,180.0,174000
2026-06-24,173.5,173.5,176.0,173.5,176.0,185000
2026-06-25,166.0,166.0,167.0,165.0,166.0,123000
2026-06-26,162.0,162.0,166.0,162.0,166.0,97000
2026-06-29,160.5,160.5,162.5,160.5,161.5,77000
2026-06-30,162.0,162.0,163.0,160.5,162.0,56000
2026-07-01,161.0,161.0,165.0,160.5,165.0,75000
2026-07-02,164.0,164.0,165.5,161.5,163.0,80000
2026-07-03,168.5,168.5,169.0,164.0,164.5,118000
2026-07-06,166.5,166.5,169.0,166.0,168.5,87000
2026-07-07,166.0,166.0,168.5,165.5,167.5,91000
2026-07-08,166.5,166.5,167.0,165.0,166.0,30000
2026-07-09,166.5,166.5,168.0,166.5,166.5,50000
2026-07-13,165.0,165.0,166.5,163.5,166.5,78000
2026-07-14,162.5,162.5,165.0,160.0,165.0,95000
2026-07-15,163.5,163.5,165.0,163.0,164.5,49000
2026-07-16,164.0,164.0,164.5,163.0,163.0,36000
2026-07-17,159.5,159.5,166.0,159.0,163.0,119000
2026-07-20,162.5,162.5,163.0,157.5,160.5,82000
2026-07-21,165.0,165.0,165.0,162.5,163.0,45000
2026-07-22,165.5,165.5,166.0,164.0,166.0,37000
2026-07-23,165.0,165.0,166.5,163.0,166.0,39000
2026-07-24,162.5,162.5,164.5,162.0,164.5,30000
2026-07-27,162.5,162.5,163.0,162.0,162.5,11000
2026-07-28,159.5,159.5,161.5,159.5,161.5,66000
2026-07-29,156.0,156.0,161.0,155.0,160.0,91000
2026-07-30,157.5,157.5,159.0,156.5,157.0,49000
2026-07-31,161.0,161.0,161.0,159.5,159.5,56000
2026-08-03,162.5,162.5,163.5,159.5,160.5,48000
2026-08-04,161.5,161.5,162.5,159.5,159.5,39000
2026-08-05,164.5,164.5,166.0,163.0,163.0,55000
2026-08-06,165.0,165.0,166.5,164.0,166.5,40000
2026-08-07,164.5,164.5,165.0,163.5,163.5,14000
2026-08-10,164.0,164.0,165.0,164.0,164.5,20000
2026-08-11,164.0,164.0,165.5,164.0,165.0,21000
2026-08-12,163.0,163.0,164.5,162.0,164.0,46000
2026-08-13,168.0,168.0,168.0,163.5,165.0,89000
2026-08-14,165.5,165.5,168.0,165.5,168.0,17000
2026-08-17,164.5,164.5,165.5,164.0,165.5,29000
2026-08-18,162.5,162.5,166.5,162.0,166.5,18000
2026-08-19,162.5,162.5,163.5,162.5,162.5,12000
2026-08-20,162.5,162.5,163.5,162.5,163.0,26000
2026-08-21,164.0,164.0,165.0,163.0,163.0,16000
2026-08-24,164.5,164.5,166.0,164.0,166.0,28031
2026-08-25,164.5,164.5,166.0,164.5,165.0,50644
2026-08-26,164.0,164.0,165.0,163.5,165.0,32503
2026-08-27,165.0,165.0,165.0,164.5,165.0,21512
2026-08-28,165.0,165.0,166.5,163.5,165.0,43833
2026-08-31,164.5,164.5,165.0,164.0,164.5,16985
2026-09-01,164.0,164.0,165.5,164.0,165.0,30570
2026-09-02,165.5,165.5,165.5,163.0,164.0,33245
2026-09-03,162.5,162.5,166.5,162.5,166.5,30615
2026-09-04,162.5,162.5,164.5,162.0,163.0,42976
2026-09-07,163.0,163.0,163.5,162.5,163.0,20994
2026-09-08,162.0,162.0,162.5,162.0,162.0,13204
2026-09-09,161.5,161.5,162.5,161.5,162.0,17624
2026-09-10,160.5,160.5,163.0,160.5,163.0,32102
2026-09-11,171.0,171.0,174.0,165.5,165.5,484958
2026-09-14,188.0,188.0,188.0,181.0,181.0,572188
2026-09-15,183.5,183.5,201.0,182.5,201.0,2303078
2026-09-16,181.0,181.0,187.0,179.0,184.5,764700
2026-09-17,178.0,178.0,180.0,174.0,179.5,320051
2026-09-18,186.5,186.5,190.0,178.5,179.0,551958
2026-09-21,180.5,180.5,186.0,176.5,186.0,342716
2026-09-22,180.0,180.0,181.5,178.0,180.0,175740
2026-09-23,178.5,178.5,179.0,177.0,178.5,161088
2026-09-24,179.0,179.0,181.0,177.5,180.0,110003
2026-09-25,179.0,179.0,181.0,177.5,180.0,110003
2026-09-28,179.0,179.0,181.0,177.5,180.0,110003
2026-09-29,177.5,177.5,181.0,176.5,181.0,118963
2026-09-30,177.0,177.0,179.5,175.0,178.0,186684
2026-10-01,177.0,177.0,177.5,175.0,177.0,105308
2026-10-02,176.0,176.0,178.5,175.5,177.0,60105
2026-10-05,177.0,177.0,177.5,174.0,177.5,168371
2026-10-06,178.0,178.0,180.0,177.0,177.0,105499
2026-10-07,178.0,178.0,180.0,177.0,177.0,105499
2026-10-08,178.0,178.0,180.0,177.0,177.0,105499
