,Adj Close,Close,High,Low,Open,Volume,Dividends,Stock Splits
2020-01-02,28.08175277709961,33.4349250793457,33.4349250793457,33.2934684753418,33.3127555847168,24884,,
2020-01-03,27.001680374145508,32.148963928222656,32.148963928222656,31.891773223876953,31.962501525878906,21462,,
2020-01-06,26.7370662689209,31.833904266357422,32.148963928222656,31.833904266357422,31.833904266357422,10886,,
2020-01-07,27.541715621948242,32.79194259643555,33.10700225830078,32.148963928222656,32.148963928222656,17723,,
2020-01-08,27.541715621948242,32.79194259643555,33.10700225830078,32.79194259643555,33.10700225830078,2600,,
2020-01-09,27.541715621948242,32.79194259643555,33.10700225830078,32.79194259643555,33.10700225830078,2600,,
2020-01-10,27.158292770385742,32.33543014526367,32.33543014526367,31.512414932250977,31.69887924194336,31182,,
2020-01-13,26.3536434173584,31.377389907836914,31.505985260009766,30.220027923583984,31.319522857666016,107546,,
2020-01-14,25.656999588012695,30.54794692993164,30.863006591796875,30.54794692993164,30.67011260986328,20218,,
2020-01-15,25.656999588012695,30.54794692993164,30.863006591796875,30.54794692993164,30.67011260986328,20218,,
2020-01-16,25.656999588012695,30.54794692993164,30.54794692993164,30.54794692993164,30.54794692993164,0,,
2020-01-17,26.299638748168945,31.313091278076172,31.821044921875,31.313091278076172,31.821044921875,15554,,
2020-01-20,25.92161750793457,30.863006591796875,31.18449592590332,30.54151725769043,30.54794692993164,23434,,
2020-01-30,24.841548919677734,29.57704734802246,29.57704734802246,29.480600357055664,29.57704734802246,18663,,
2020-01-31,24.841548919677734,29.57704734802246,29.57704734802246,29.480600357055664,29.57704734802246,18663,,
2020-02-03,24.738941192626953,29.45488166809082,29.45488166809082,29.45488166809082,29.45488166809082,4665,,
2020-02-04,24.738941192626953,29.45488166809082,29.45488166809082,29.45488166809082,29.45488166809082,0,,
2020-02-05,24.841548919677734,29.57704734802246,30.715120315551758,29.255558013916016,29.44845199584961,15554,,
2020-02-06,25.11156463623047,29.898536682128906,29.898536682128906,29.261987686157227,29.261987686157227,1710,,
2020-02-07,25.11156463623047,29.898536682128906,29.898536682128906,29.261987686157227,29.261987686157227,1710,,
2020-02-10,25.376178741455078,30.21359634399414,30.21359634399414,30.21359634399414,30.21359634399414,1555,,
2020-02-11,25.11156463623047,29.898536682128906,30.21359634399414,29.898536682128906,30.21359634399414,4665,,
2020-02-12,25.18716812133789,29.988554000854492,30.21359634399414,29.988554000854492,30.21359634399414,12442,,
2020-02-13,24.841548919677734,29.57704734802246,29.705644607543945,29.57704734802246,29.705644607543945,18663,,
2020-02-14,25.26817512512207,30.08500099182129,30.08500099182129,29.57704734802246,29.705644607543945,20218,,
2020-02-17,25.165569305419922,29.96283531188965,30.0914306640625,29.712072372436523,30.08500099182129,26439,,
2020-02-18,26.22943687438965,31.22950553894043,31.325950622558594,31.22950553894043,31.325950622558594,6221,,
2020-02-19,26.28883934020996,31.30023193359375,31.943212509155273,30.869436264038086,31.801755905151367,40281,,
2020-02-20,26.456247329711914,31.499555587768555,31.499555587768555,31.499555587768555,31.499555587768555,1555,,
2020-02-21,26.456247329711914,31.499555587768555,31.499555587768555,31.499555587768555,31.499555587768555,1555,,
2020-02-24,26.0836238861084,31.05590057373047,31.821044921875,31.05590057373047,31.821044921875,4667,,
2020-02-25,26.72626304626465,31.821044921875,31.821044921875,31.18449592590332,31.377389907836914,18663,,
2020-02-26,25.92701530456543,30.869436264038086,31.18449592590332,30.355052947998047,31.18449592590332,9331,,
2020-02-27,25.48958969116211,30.348623275756836,30.348623275756836,30.348623275756836,30.348623275756836,3110,,
2020-03-02,25.484189987182617,30.342193603515625,30.342193603515625,30.0914306640625,30.09786033630371,15552,,
2020-03-03,25.11156463623047,29.898536682128906,29.930686950683594,29.57704734802246,29.834238052368164,18663,,
2020-03-04,22.86502456665039,27.223743438720703,29.261987686157227,26.04066276550293,29.261987686157227,128752,,
2020-03-05,23.167444229125977,27.583812713623047,27.648109436035156,27.583812713623047,27.648109436035156,20218,,
2020-03-06,23.167444229125977,27.583812713623047,27.583812713623047,27.583812713623047,27.583812713623047,0,,
2020-03-09,22.681415557861328,27.005130767822266,27.635250091552734,26.368581771850586,27.20445442199707,43547,,
2020-03-10,22.951431274414062,27.32662010192871,27.32662010192871,26.368581771850586,27.32662010192871,13997,,
2020-03-11,22.56800651550293,26.870105743408203,27.60310173034668,26.297853469848633,26.69007110595703,63765,,
2020-03-12,20.888504028320312,24.870439529418945,26.490747451782227,24.433212280273438,26.490747451782227,60221,,
2020-03-13,20.888504028320312,24.870439529418945,24.870439529418945,24.870439529418945,24.870439529418945,0,,
2020-03-16,19.009183883666992,22.632871627807617,23.018659591674805,22.504274368286133,22.504274368286133,59099,,
2020-03-17,18.631160736083984,22.18278694152832,22.504274368286133,21.50765609741211,22.504274368286133,27994,,
2020-03-18,18.890377044677734,22.491416931152344,22.491416931152344,21.546236038208008,22.491416931152344,4665,,
2020-03-19,18.361143112182617,21.861295700073242,22.18278694152832,21.289043426513672,21.37906265258789,20218,,
2020-03-20,18.6419620513916,22.19564437866211,22.19564437866211,21.861295700073242,22.047760009765625,52878,,
2020-03-23,18.361143112182617,21.861295700073242,22.054189682006836,21.861295700073242,22.054189682006836,10384,,
2020-03-24,18.52315330505371,22.054189682006836,22.150636672973633,22.054189682006836,22.054189682006836,31571,,
2020-03-25,19.17119598388672,22.82576560974121,22.89006233215332,22.18278694152832,22.82576560974121,65320,,
2020-03-26,19.44120979309082,23.147254943847656,23.372297286987305,23.147254943847656,23.372297286987305,9331,,
2020-03-27,19.44120979309082,23.147254943847656,23.4687442779541,23.147254943847656,23.372297286987305,26439,,
2020-03-30,19.44120979309082,23.147254943847656,23.147254943847656,23.147254943847656,23.147254943847656,0,,
2020-03-31,19.44120979309082,23.147254943847656,23.147254943847656,23.147254943847656,23.147254943847656,0,,
2020-04-01,19.44120979309082,23.147254943847656,23.147254943847656,23.147254943847656,23.147254943847656,0,,
2020-04-06,19.44120979309082,23.147254943847656,23.147254943847656,23.147254943847656,23.147254943847656,0,,
2020-04-07,20.629287719726562,24.561809539794922,24.65825653076172,24.433212280273438,24.65825653076172,21929,,
2020-04-08,21.034313201904297,25.044044494628906,25.044044494628906,24.368915557861328,24.754703521728516,32662,,
2020-04-09,21.034313201904297,25.044044494628906,25.044044494628906,25.044044494628906,25.044044494628906,0,,
2020-04-10,20.00824737548828,23.822383880615234,24.433212280273438,23.790233612060547,24.433212280273438,29549,,
2020-04-13,19.765230178833008,23.533042907714844,24.240318298339844,23.243701934814453,23.243701934814453,12443,,
2020-04-14,20.49427604675293,24.401063919067383,24.401063919067383,23.790233612060547,24.240318298339844,23330,,
2020-04-15,20.467275619506836,24.368915557861328,24.368915557861328,24.368915557861328,24.368915557861328,3266,,
2020-04-16,20.413272857666016,24.304616928100586,24.304616928100586,24.304616928100586,24.304616928100586,3421,,
2020-04-17,20.845298767089844,24.819000244140625,24.94759750366211,24.27246856689453,24.27246856689453,20373,,
2020-04-20,21.16931915283203,25.204788208007812,25.333383560180664,25.204788208007812,25.333383560180664,4667,,
2020-04-21,21.061315536499023,25.07619285583496,25.07619285583496,24.561809539794922,24.561809539794922,6221,,
2020-04-22,21.034313201904297,25.044044494628906,25.044044494628906,24.015277862548828,24.33676528930664,4698,,
2020-04-23,21.034313201904297,25.044044494628906,25.044044494628906,25.044044494628906,25.044044494628906,0,,
2020-04-24,21.034313201904297,25.044044494628906,25.044044494628906,25.044044494628906,25.044044494628906,0,,
2020-04-27,21.034313201904297,25.044044494628906,25.044044494628906,25.044044494628906,25.044044494628906,0,,
2020-04-28,21.034313201904297,25.044044494628906,25.044044494628906,25.044044494628906,25.044044494628906,0,,
2020-04-29,21.034313201904297,25.044044494628906,25.044044494628906,25.044044494628906,25.044044494628906,0,,
2020-04-30,21.034313201904297,25.044044494628906,25.044044494628906,25.044044494628906,25.044044494628906,0,,
2020-05-04,21.034313201904297,25.044044494628906,25.044044494628906,25.044044494628906,25.044044494628906,0,,
2020-05-05,21.034313201904297,25.044044494628906,25.044044494628906,25.044044494628906,25.044044494628906,0,,
2020-05-06,21.034313201904297,25.044044494628906,25.044044494628906,25.044044494628906,25.044044494628906,0,,
2020-05-07,21.034313201904297,25.044044494628906,25.044044494628906,25.044044494628906,25.044044494628906,0,,
2020-05-08,21.034313201904297,25.044044494628906,25.044044494628906,25.044044494628906,25.044044494628906,0,,
2020-05-11,21.034313201904297,25.044044494628906,25.044044494628906,25.044044494628906,25.044044494628906,0,,
2020-05-12,21.034313201904297,25.044044494628906,25.044044494628906,25.044044494628906,25.044044494628906,0,,
2020-05-13,21.034313201904297,25.044044494628906,25.044044494628906,25.044044494628906,25.044044494628906,0,,
2020-05-14,21.034313201904297,25.044044494628906,25.044044494628906,25.044044494628906,25.044044494628906,0,,
2020-05-15,21.034313201904297,25.044044494628906,25.044044494628906,25.044044494628906,25.044044494628906,0,,
2020-05-18,21.034313201904297,25.044044494628906,25.044044494628906,25.044044494628906,25.044044494628906,0,,
2020-05-19,21.034313201904297,25.044044494628906,25.044044494628906,25.044044494628906,25.044044494628906,0,,
2020-05-20,21.034313201904297,25.044044494628906,25.044044494628906,25.044044494628906,25.044044494628906,0,,
2020-05-21,21.034313201904297,25.044044494628906,25.044044494628906,25.044044494628906,25.044044494628906,0,,
2020-05-22,21.034313201904297,25.044044494628906,25.044044494628906,25.044044494628906,25.044044494628906,0,,
2020-05-25,21.034313201904297,25.044044494628906,25.044044494628906,25.044044494628906,25.044044494628906,0,,
2020-05-26,21.034313201904297,25.044044494628906,25.044044494628906,25.044044494628906,25.044044494628906,0,,
2020-05-27,21.034313201904297,25.044044494628906,25.044044494628906,25.044044494628906,25.044044494628906,0,,
2020-05-28,21.034313201904297,25.044044494628906,25.044044494628906,25.044044494628906,25.044044494628906,0,,
2020-05-29,21.034313201904297,25.044044494628906,25.044044494628906,25.044044494628906,25.044044494628906,0,,
2020-06-01,21.034313201904297,25.044044494628906,25.044044494628906,25.044044494628906,25.044044494628906,0,,
2020-06-02,21.034313201904297,25.044044494628906,25.044044494628906,25.044044494628906,25.044044494628906,0,,
2020-06-03,21.034313201904297,25.044044494628906,25.044044494628906,25.044044494628906,25.044044494628906,0,,
2020-06-04,21.034313201904297,25.044044494628906,25.044044494628906,25.044044494628906,25.044044494628906,0,,
2020-06-05,21.034313201904297,25.044044494628906,25.044044494628906,25.044044494628906,25.044044494628906,0,,
2020-06-08,21.034313201904297,25.044044494628906,25.044044494628906,25.044044494628906,25.044044494628906,0,,
2020-06-09,21.034313201904297,25.044044494628906,25.044044494628906,25.044044494628906,25.044044494628906,0,,
2020-06-10,21.034313201904297,25.044044494628906,25.044044494628906,25.044044494628906,25.044044494628906,0,,
2020-06-11,21.034313201904297,25.044044494628906,25.044044494628906,25.044044494628906,25.044044494628906,0,,
2020-06-12,21.034313201904297,25.044044494628906,25.044044494628906,25.044044494628906,25.044044494628906,0,,
2020-06-15,21.034313201904297,25.044044494628906,25.044044494628906,25.044044494628906,25.044044494628906,0,,
2020-06-16,21.034313201904297,25.044044494628906,25.044044494628906,25.044044494628906,25.044044494628906,0,,
2020-06-17,21.034313201904297,25.044044494628906,25.044044494628906,25.044044494628906,25.044044494628906,0,,
2020-06-18,21.034313201904297,25.044044494628906,25.044044494628906,25.044044494628906,25.044044494628906,0,,
2020-06-19,21.034313201904297,25.044044494628906,25.044044494628906,25.044044494628906,25.044044494628906,0,,
2020-06-22,21.034313201904297,25.044044494628906,25.044044494628906,25.044044494628906,25.044044494628906,0,,
2020-06-23,21.034313201904297,25.044044494628906,25.044044494628906,25.044044494628906,25.044044494628906,0,,
2020-06-24,21.034313201904297,25.044044494628906,25.044044494628906,25.044044494628906,25.044044494628906,0,,
2020-06-29,21.034313201904297,25.044044494628906,25.044044494628906,25.044044494628906,25.044044494628906,0,,
2020-06-30,21.034313201904297,25.044044494628906,25.044044494628906,25.044044494628906,25.044044494628906,0,,
2020-07-01,21.034313201904297,25.044044494628906,25.044044494628906,25.044044494628906,25.044044494628906,0,,
2020-07-02,21.034313201904297,25.044044494628906,25.044044494628906,25.044044494628906,25.044044494628906,0,,
2020-07-03,21.034313201904297,25.044044494628906,25.044044494628906,25.044044494628906,25.044044494628906,0,,
2020-07-06,21.034313201904297,25.044044494628906,25.044044494628906,25.044044494628906,25.044044494628906,0,,
2020-07-07,21.034313201904297,25.044044494628906,25.044044494628906,25.044044494628906,25.044044494628906,0,,
2020-07-08,21.034313201904297,25.044044494628906,25.044044494628906,25.044044494628906,25.044044494628906,0,,
2020-07-09,21.034313201904297,25.044044494628906,25.044044494628906,25.044044494628906,25.044044494628906,0,,
2020-07-10,21.034313201904297,25.044044494628906,25.044044494628906,25.044044494628906,25.044044494628906,0,,
2020-07-13,21.034313201904297,25.044044494628906,25.044044494628906,25.044044494628906,25.044044494628906,0,,
2020-07-14,21.034313201904297,25.044044494628906,25.044044494628906,25.044044494628906,25.044044494628906,0,,
2020-07-15,21.034313201904297,25.044044494628906,25.044044494628906,25.044044494628906,25.044044494628906,0,,
2020-07-16,21.034313201904297,25.044044494628906,25.044044494628906,25.044044494628906,25.044044494628906,0,,
2020-07-17,21.034313201904297,25.044044494628906,25.044044494628906,25.044044494628906,25.044044494628906,0,,
2020-07-20,21.034313201904297,25.044044494628906,25.044044494628906,25.044044494628906,25.044044494628906,0,,
2020-07-21,21.034313201904297,25.044044494628906,25.044044494628906,25.044044494628906,25.044044494628906,0,,
2020-07-22,22.172842025756836,25.044044494628906,25.044044494628906,25.044044494628906,25.044044494628906,0,,
2020-07-23,22.172842025756836,25.044044494628906,25.044044494628906,25.044044494628906,25.044044494628906,0,,
2020-07-24,22.172842025756836,25.044044494628906,25.044044494628906,25.044044494628906,25.044044494628906,0,,
2020-07-27,22.172842025756836,25.044044494628906,25.044044494628906,25.044044494628906,25.044044494628906,0,,
2020-07-28,25.076087951660156,28.323238372802734,29.705644607543945,26.940832138061523,29.705644607543945,54511,,
2020-07-29,26.44232177734375,29.86638832092285,29.86638832092285,29.86638832092285,29.86638832092285,15,,
2020-07-30,26.670028686523438,30.123580932617188,30.123580932617188,29.86638832092285,29.86638832092285,21789,,
2020-07-31,26.328468322753906,29.73779296875,30.220027923583984,29.73779296875,30.220027923583984,3112,,
2020-08-03,26.186153411865234,29.57704734802246,29.834238052368164,29.57704734802246,29.73779296875,31540,,
2020-08-04,25.61688804626465,28.93406867980957,28.93406867980957,28.741174697875977,28.869770050048828,24884,,
2020-08-05,25.61688804626465,28.93406867980957,29.416303634643555,28.93406867980957,28.93406867980957,13997,,
2020-08-06,27.495458602905273,31.05590057373047,31.18449592590332,28.93406867980957,28.93406867980957,59799,,
2020-08-07,27.893943786621094,31.505985260009766,31.505985260009766,30.863006591796875,31.18449592590332,66297,,
2020-08-10,27.66623878479004,31.248794555664062,33.756412506103516,31.18449592590332,31.602432250976562,141777,,
2020-08-11,27.893943786621094,31.505985260009766,31.82747459411621,30.89515495300293,31.248794555664062,27994,,
2020-08-12,27.893943786621094,31.505985260009766,31.505985260009766,30.991601943969727,31.02375030517578,21618,,
2020-08-13,27.6947021484375,31.280942916870117,31.505985260009766,30.89515495300293,31.505985260009766,52256,,
2020-08-14,27.865482330322266,31.47383689880371,31.47383689880371,30.89515495300293,30.89515495300293,11042,,
2020-08-17,27.096973419189453,30.605815887451172,30.89515495300293,29.930686950683594,30.89515495300293,38881,,
2020-08-18,27.210826873779297,30.73440933227539,30.73440933227539,30.73440933227539,30.73440933227539,1555,,
2020-08-19,26.10076332092285,29.480600357055664,30.73440933227539,29.352005004882812,30.70226287841797,62210,,
2020-08-20,26.186153411865234,29.57704734802246,29.86638832092285,29.57704734802246,29.86638832092285,10886,,
2020-08-21,26.44232177734375,29.86638832092285,29.86638832092285,29.86638832092285,29.86638832092285,4665,,
2020-08-24,26.44232177734375,29.86638832092285,29.86638832092285,29.86638832092285,29.86638832092285,0,,
2020-08-25,26.44232177734375,29.86638832092285,29.86638832092285,29.86638832092285,29.86638832092285,0,,
2020-08-26,26.44232177734375,29.86638832092285,29.86638832092285,29.86638832092285,29.86638832092285,0,,
2020-08-27,25.901521682739258,29.255558013916016,29.255558013916016,29.094812393188477,29.094812393188477,17107,,
2020-08-28,25.901521682739258,29.255558013916016,29.255558013916016,29.062664031982422,29.126962661743164,38881,,
2020-08-31,26.328468322753906,29.73779296875,29.73779296875,29.73779296875,29.73779296875,31,,
2020-09-01,26.470783233642578,29.898536682128906,30.187877655029297,29.898536682128906,30.187877655029297,7776,,
2020-09-02,26.470783233642578,29.898536682128906,29.898536682128906,29.898536682128906,29.898536682128906,0,,
2020-09-03,27.096973419189453,30.605815887451172,31.40953826904297,30.187877655029297,30.187877655029297,37792,,
2020-09-04,26.726951599121094,30.187877655029297,31.152347564697266,30.187877655029297,30.445070266723633,12442,,
2020-09-07,28.00779914855957,31.634580612182617,32.27756118774414,30.573665618896484,31.152347564697266,77881,,
2020-09-08,28.150114059448242,31.795326232910156,33.756412506103516,30.73440933227539,31.634580612182617,71230,,
2020-09-09,28.406282424926758,32.08466720581055,32.08466720581055,30.73440933227539,30.73440933227539,15708,,
2020-09-10,28.5201358795166,32.21326446533203,32.27756118774414,30.991601943969727,32.08466720581055,28305,,
2020-09-11,27.495458602905273,31.05590057373047,31.505985260009766,30.73440933227539,31.18449592590332,45569,,
2020-09-14,27.780092239379883,31.377389907836914,31.505985260009766,30.863006591796875,31.505985260009766,17107,,
2020-09-15,28.150114059448242,31.795326232910156,31.795326232910156,30.959453582763672,31.47383689880371,23688,,
2020-09-16,27.893943786621094,31.505985260009766,31.505985260009766,31.120197296142578,31.152347564697266,15552,,
2020-09-17,27.523923873901367,31.088048934936523,32.08466720581055,30.959453582763672,30.959453582763672,38587,,
2020-09-18,26.186153411865234,29.57704734802246,31.120197296142578,28.612579345703125,31.088048934936523,97981,,
2020-09-21,26.10076332092285,29.480600357055664,29.480600357055664,29.062664031982422,29.384153366088867,21285,,
2020-09-22,25.730743408203125,29.062664031982422,29.255558013916016,28.93406867980957,28.966217041015625,26439,,
2020-09-23,25.730743408203125,29.062664031982422,29.062664031982422,29.062664031982422,29.062664031982422,0,,
2020-09-24,25.61688804626465,28.93406867980957,29.030515670776367,28.64472770690918,28.64472770690918,9331,,
2020-09-25,25.389183044433594,28.676876068115234,28.93406867980957,28.676876068115234,28.93406867980957,17107,,
2020-09-28,25.61688804626465,28.93406867980957,29.898536682128906,28.93406867980957,29.898536682128906,6221,,
2020-09-29,25.61688804626465,28.93406867980957,28.93406867980957,28.93406867980957,28.93406867980957,0,,
2020-09-30,26.186153411865234,29.57704734802246,29.57704734802246,29.030515670776367,29.030515670776367,28772,,
2020-10-05,26.726951599121094,30.187877655029297,30.187877655029297,29.416303634643555,29.416303634643555,7776,,
2020-10-06,26.755414962768555,30.220027923583984,30.348623275756836,29.416303634643555,29.416303634643555,26439,,
2020-10-07,27.04004669189453,30.54151725769043,30.73440933227539,30.220027923583984,30.445070266723633,41992,,
2020-10-08,27.068511962890625,30.573665618896484,30.927303314208984,30.573665618896484,30.70226287841797,20218,,
2020-10-12,27.125438690185547,30.637964248657227,30.637964248657227,30.220027923583984,30.573665618896484,40903,,
2020-10-13,26.243080139160156,29.641345977783203,30.25217628479004,29.44845199584961,30.25217628479004,61121,,
2020-10-14,27.096973419189453,30.605815887451172,30.73440933227539,29.898536682128906,30.059282302856445,102661,,
2020-10-15,27.26775360107422,30.798707962036133,31.248794555664062,30.73440933227539,30.73440933227539,51790,,
2020-10-16,27.893943786621094,31.505985260009766,32.79194259643555,30.863006591796875,32.79194259643555,91684,,
2020-10-19,27.324682235717773,30.863006591796875,30.991601943969727,30.766559600830078,30.89515495300293,39970,,
2020-10-20,27.04004669189453,30.54151725769043,30.927303314208984,30.25217628479004,30.54151725769043,19440,,
2020-10-21,26.95465850830078,30.445070266723633,30.445070266723633,30.25217628479004,30.25217628479004,3993,,
2020-10-22,26.95465850830078,30.445070266723633,30.445070266723633,30.155729293823242,30.25217628479004,27994,,
2020-10-23,26.698490142822266,30.155729293823242,30.155729293823242,30.155729293823242,30.155729293823242,4665,,
2020-10-26,26.698490142822266,30.155729293823242,30.70226287841797,30.155729293823242,30.70226287841797,7776,,
2020-10-27,26.755414962768555,30.220027923583984,30.863006591796875,30.059282302856445,30.863006591796875,6687,,
2020-10-28,26.755414962768555,30.220027923583984,30.220027923583984,30.123580932617188,30.123580932617188,15552,,
2020-10-29,26.470783233642578,29.898536682128906,30.348623275756836,29.57704734802246,30.31647491455078,62676,,
2020-10-30,26.186153411865234,29.57704734802246,30.0914306640625,29.44845199584961,29.60919761657715,26867,,
2020-11-02,26.186153411865234,29.57704734802246,29.57704734802246,29.57704734802246,29.57704734802246,0,,
2020-11-03,26.10076332092285,29.480600357055664,29.705644607543945,29.44845199584961,29.673494338989258,15552,,
2020-11-04,26.726951599121094,30.187877655029297,30.187877655029297,29.480600357055664,29.480600357055664,466,,
2020-11-05,26.726951599121094,30.187877655029297,30.187877655029297,30.187877655029297,30.187877655029297,0,,
2020-11-06,26.726951599121094,30.187877655029297,30.348623275756836,30.0914306640625,30.187877655029297,19751,,
2020-11-09,26.783878326416016,30.25217628479004,30.54151725769043,30.123580932617188,30.509368896484375,30327,,
2020-11-10,26.64156150817871,30.0914306640625,30.0914306640625,30.0914306640625,30.0914306640625,7776,,
2020-11-11,26.271541595458984,29.673494338989258,29.769941329956055,29.44845199584961,29.57704734802246,58322,,
2020-11-12,26.04383659362793,29.416303634643555,29.86638832092285,29.384153366088867,29.86638832092285,44356,,
2020-11-13,25.929981231689453,29.28770637512207,29.705644607543945,29.28770637512207,29.705644607543945,19279,,
2020-11-16,26.41385841369629,29.834238052368164,30.830856323242188,29.705644607543945,29.705644607543945,35770,,
2020-11-17,26.470783233642578,29.898536682128906,29.994983673095703,29.80208969116211,29.994983673095703,11664,,
2020-11-18,26.356929779052734,29.769941329956055,29.80208969116211,29.769941329956055,29.80208969116211,6221,,
2020-11-19,26.470783233642578,29.898536682128906,30.187877655029297,29.898536682128906,29.96283531188965,14215,,
2020-11-20,26.385393142700195,29.80208969116211,29.80208969116211,29.60919761657715,29.769941329956055,7776,,
2020-11-23,26.385393142700195,29.80208969116211,29.96283531188965,29.57704734802246,29.60919761657715,31105,,
2020-11-24,26.726951599121094,30.187877655029297,30.187877655029297,29.57704734802246,29.57704734802246,3110,,
2020-11-25,26.271541595458984,29.673494338989258,29.673494338989258,29.480600357055664,29.57704734802246,28305,,
2020-11-26,26.271541595458984,29.673494338989258,29.673494338989258,29.673494338989258,29.673494338989258,0,,
2020-11-27,26.186153411865234,29.57704734802246,29.73779296875,29.416303634643555,29.416303634643555,26439,,
2020-11-30,25.78766632080078,29.126962661743164,29.51275062561035,29.126962661743164,29.352005004882812,45957,,
2020-12-01,26.04383659362793,29.416303634643555,29.416303634643555,29.384153366088867,29.384153366088867,12442,,
2020-12-02,26.271541595458984,29.673494338989258,29.673494338989258,29.15911102294922,29.15911102294922,66876,,
2020-12-03,25.929981231689453,29.28770637512207,29.44845199584961,29.15911102294922,29.255558013916016,31105,,
2020-12-04,25.61688804626465,28.93406867980957,29.255558013916016,28.93406867980957,28.93406867980957,7983,,
2020-12-07,25.61688804626465,28.93406867980957,29.22340965270996,28.64472770690918,28.64472770690918,17885,,
2020-12-08,25.161476135253906,28.41968536376953,28.612579345703125,28.162492752075195,28.323238372802734,67187,,
2020-12-09,25.417646408081055,28.709026336669922,28.709026336669922,27.680259704589844,28.033897399902344,168671,,
2020-12-10,25.446107864379883,28.741174697875977,28.77332305908203,28.516132354736328,28.64472770690918,30483,,
2020-12-11,26.44232177734375,29.86638832092285,29.86638832092285,28.966217041015625,29.73779296875,37372,,
2020-12-14,25.161476135253906,28.41968536376953,29.86638832092285,28.291088104248047,28.966217041015625,70002,,
2020-12-15,25.389183044433594,28.676876068115234,28.80547332763672,28.548280715942383,28.80547332763672,13235,,
2020-12-16,25.104549407958984,28.35538673400879,28.77332305908203,28.258939743041992,28.77332305908203,15358,,
2020-12-17,25.104549407958984,28.35538673400879,28.35538673400879,28.35538673400879,28.35538673400879,3110,,
2020-12-18,25.104549407958984,28.35538673400879,28.35538673400879,28.35538673400879,28.35538673400879,0,,
2020-12-21,24.762989044189453,27.9695987701416,28.35538673400879,27.9695987701416,28.226791381835938,21773,,
2020-12-22,24.42143440246582,27.583812713623047,28.35538673400879,27.583812713623047,28.35538673400879,17263,,
2020-12-23,24.592212677001953,27.77670669555664,27.937450408935547,27.101577758789062,27.937450408935547,135229,,
2020-12-24,24.250656127929688,27.390918731689453,27.455215454101562,27.32662010192871,27.455215454101562,18663,,
2020-12-25,24.364505767822266,27.519514083862305,28.291088104248047,27.519514083862305,27.6159610748291,23328,,
2020-12-28,24.250656127929688,27.390918731689453,27.937450408935547,27.390918731689453,27.937450408935547,10886,,
2020-12-29,24.279117584228516,27.423067092895508,27.6159610748291,27.230173110961914,27.6159610748291,6222,,
2020-12-30,24.279117584228516,27.423067092895508,27.423067092895508,27.423067092895508,27.423067092895508,0,,
2020-12-31,23.852169036865234,26.940832138061523,27.32662010192871,26.940832138061523,27.230173110961914,29549,,
2021-01-04,24.051410675048828,27.165874481201172,27.48736572265625,27.03727912902832,27.48736572265625,24884,,
2021-01-05,24.02294921875,27.133726119995117,27.133726119995117,26.362150192260742,27.133726119995117,34215,,
2021-01-06,23.738317489624023,26.812236785888672,27.133726119995117,26.265703201293945,27.133726119995117,62210,,
2021-01-07,23.53907585144043,26.587194442749023,26.780088424682617,26.10495948791504,26.201406478881836,26905,,
2021-01-08,24.193729400634766,27.32662010192871,27.32662010192871,26.587194442749023,26.74793815612793,78385,,
2021-01-11,24.563749313354492,27.744556427001953,28.001747131347656,27.744556427001953,28.001747131347656,17107,,
2021-01-12,23.994487762451172,27.101577758789062,27.9695987701416,26.90868377685547,27.9695987701416,56166,,
2021-01-13,23.33983039855957,26.362150192260742,27.101577758789062,26.23355484008789,27.101577758789062,26439,,
2021-01-14,23.225976943969727,26.23355484008789,26.362150192260742,25.81561851501465,26.265703201293945,37326,,
2021-01-15,22.94134521484375,25.912065505981445,26.330001831054688,25.71917152404785,26.330001831054688,69986,,
2021-01-18,22.82749366760254,25.783470153808594,26.10495948791504,25.71917152404785,26.10495948791504,27994,,
2021-01-19,22.79903221130371,25.75132179260254,25.944215774536133,25.75132179260254,25.783470153808594,18663,,
2021-01-20,22.713640213012695,25.654874801635742,25.847768783569336,25.654874801635742,25.687023162841797,46657,,
2021-01-21,23.93756103515625,27.03727912902832,27.26232147216797,25.71917152404785,25.75132179260254,84295,,
2021-01-22,23.33983039855957,26.362150192260742,27.005130767822266,26.362150192260742,27.005130767822266,32660,,
2021-01-25,23.852169036865234,26.940832138061523,26.97298240661621,26.362150192260742,26.68364143371582,34215,,
2021-01-26,24.364505767822266,27.519514083862305,27.648109436035156,27.32662010192871,27.648109436035156,38881,,
2021-01-27,24.47835922241211,27.648109436035156,27.648109436035156,26.68364143371582,27.55166244506836,52878,,
2021-01-28,24.193729400634766,27.32662010192871,27.680259704589844,27.069427490234375,27.583812713623047,45102,,
2021-01-29,24.02294921875,27.133726119995117,27.32662010192871,27.005130767822266,27.069427490234375,51323,,
2021-02-01,25.61688804626465,28.93406867980957,29.898536682128906,27.455215454101562,27.6159610748291,109039,,
2021-02-02,26.04383659362793,29.416303634643555,29.930686950683594,28.869770050048828,29.930686950683594,79318,,
2021-02-03,26.15768814086914,29.544898986816406,29.769941329956055,29.255558013916016,29.51275062561035,21773,,
2021-02-04,26.41385841369629,29.834238052368164,30.02713394165039,29.705644607543945,29.994983673095703,36548,,
2021-02-05,26.755414962768555,30.220027923583984,30.54151725769043,30.155729293823242,30.187877655029297,38103,,
2021-02-17,26.755414962768555,30.220027923583984,30.73440933227539,30.220027923583984,30.605815887451172,45102,,
2021-02-18,26.92619514465332,30.412921905517578,30.509368896484375,30.059282302856445,30.059282302856445,26439,,
2021-02-19,27.04004669189453,30.54151725769043,30.637964248657227,30.54151725769043,30.605815887451172,28305,,
2021-02-22,27.381607055664062,30.927303314208984,31.216644287109375,30.348623275756836,30.38077163696289,88649,,
2021-02-23,27.410070419311523,30.959453582763672,30.959453582763672,29.705644607543945,30.73440933227539,32660,,
2021-02-24,27.068511962890625,30.573665618896484,30.959453582763672,30.573665618896484,30.959453582763672,9331,,
2021-02-25,27.466997146606445,31.02375030517578,31.248794555664062,30.863006591796875,31.088048934936523,79318,,
2021-02-26,27.55238914489746,31.120197296142578,31.47383689880371,30.798707962036133,30.89515495300293,88649,,
2021-03-02,27.438533782958984,30.991601943969727,31.280942916870117,30.89515495300293,31.152347564697266,57544,,
2021-03-03,27.324682235717773,30.863006591796875,31.280942916870117,30.766559600830078,31.280942916870117,26750,,
2021-03-04,27.210826873779297,30.73440933227539,31.34524154663086,30.573665618896484,31.34524154663086,69986,,
2021-03-05,27.296218872070312,30.830856323242188,31.152347564697266,30.830856323242188,30.927303314208984,27994,,
2021-03-08,28.12165069580078,31.7631778717041,32.534751892089844,31.505985260009766,31.666730880737305,178864,,
2021-03-09,27.950870513916016,31.570283889770508,32.148963928222656,31.538135528564453,32.116817474365234,38881,,
2021-03-10,27.893943786621094,31.505985260009766,31.505985260009766,30.89515495300293,30.89515495300293,73097,,
2021-03-11,27.893943786621094,31.505985260009766,31.505985260009766,30.89515495300293,30.89515495300293,23328,,
2021-03-12,28.09318733215332,31.731027603149414,32.02037048339844,31.441688537597656,31.795326232910156,102686,,
2021-03-15,30.28485107421875,34.20649719238281,34.84947967529297,32.116817474365234,32.116817474365234,462224,,
2021-03-16,28.747838973999023,32.470455169677734,33.94930648803711,32.148963928222656,33.885009765625,332544,,
2021-03-17,28.577062606811523,32.27756118774414,32.72764587402344,32.148963928222656,32.72764587402344,140139,,
2021-03-18,28.463207244873047,32.148963928222656,32.79194259643555,32.08466720581055,32.66334915161133,110423,,
2021-03-19,28.577062606811523,32.27756118774414,32.59904861450195,32.27756118774414,32.59904861450195,62288,,
2021-03-22,28.63398551940918,32.34185791015625,32.534751892089844,32.02037048339844,32.534751892089844,115089,,
2021-03-23,28.747838973999023,32.470455169677734,32.79194259643555,32.27756118774414,32.534751892089844,333441,,
2021-03-24,28.747838973999023,32.470455169677734,32.92053985595703,32.27756118774414,32.27756118774414,253507,,
2021-03-25,28.91861915588379,32.66334915161133,32.85624313354492,32.34185791015625,32.72764587402344,170767,,
2021-03-26,29.60173988342285,33.4349250793457,33.49922180175781,32.34185791015625,32.470455169677734,127080,,
2021-03-29,29.317106246948242,33.113433837890625,33.885009765625,32.92053985595703,33.37062454223633,301969,,
2021-03-30,29.14632797241211,32.92053985595703,33.820709228515625,32.72764587402344,33.820709228515625,133767,,
2021-03-31,29.2032527923584,32.98483657836914,33.37062454223633,32.66334915161133,32.98483657836914,218327,,
2021-04-01,30.79719352722168,34.785179138183594,36.13543701171875,33.113433837890625,33.37062454223633,535570,,
2021-04-07,35.749794006347656,40.37910079956055,43.40110397338867,40.18620681762695,42.050846099853516,934191,,
2021-04-08,36.8883171081543,41.66505813598633,42.050846099853516,39.92901611328125,40.95778274536133,273128,,
2021-04-09,36.43290710449219,41.15067672729492,42.4366340637207,40.507694244384766,42.24374008178711,268204,,
2021-04-12,37.51451110839844,42.372337341308594,42.4366340637207,40.37910079956055,41.15067672729492,175041,,
2021-04-13,37.22987747192383,42.050846099853516,43.015316009521484,41.27927017211914,42.56523132324219,297525,,
2021-04-14,37.22987747192383,42.050846099853516,43.20820999145508,41.27927017211914,42.4366340637207,186959,,
2021-04-15,38.823814392089844,43.85118865966797,44.622764587402344,42.179443359375,42.6295280456543,500686,,
2021-04-16,39.39308547973633,44.49416732788086,45.58723449707031,43.1439094543457,44.49416732788086,484071,,
2021-04-19,40.246978759765625,45.45863723754883,46.551700592041016,44.87995529174805,45.265743255615234,699109,,
2021-04-20,39.165374755859375,44.236976623535156,45.65153121948242,44.236976623535156,45.65153121948242,303428,,
2021-04-21,40.1900520324707,45.39434051513672,46.29450988769531,44.622764587402344,44.622764587402344,143713,,
2021-04-22,38.1976203918457,43.1439094543457,45.78012466430664,43.079612731933594,45.58723449707031,457814,,
2021-04-23,38.31147766113281,43.27250671386719,43.658294677734375,42.693824768066406,43.079612731933594,99401,,
2021-04-26,39.39308547973633,44.49416732788086,44.68706130981445,42.95101547241211,43.91548538208008,42852,,
2021-04-27,39.336158752441406,44.42987060546875,45.00855255126953,43.593997955322266,45.00855255126953,31602,,
2021-04-28,37.00217056274414,41.79365539550781,43.658294677734375,40.829185485839844,43.46540069580078,294127,,
2021-04-29,37.51451110839844,42.372337341308594,42.372337341308594,41.02207946777344,41.15067672729492,38414,,
2021-05-03,34.61125946044922,39.0931396484375,41.02207946777344,38.90024948120117,40.95778274536133,128231,,
2021-05-04,33.13117599487305,37.42139434814453,39.221736907958984,36.649818420410156,39.0931396484375,145059,,
2021-05-05,34.155853271484375,38.578758239746094,39.157440185546875,37.9357795715332,37.9357795715332,20919,,
2021-05-06,36.48983383178711,41.21497344970703,41.21497344970703,39.47892761230469,39.47892761230469,37377,,
2021-05-07,36.8883171081543,41.66505813598633,41.66505813598633,39.800418853759766,41.21497344970703,15585,,
2021-05-10,34.72511291503906,39.221736907958984,40.507694244384766,39.0931396484375,40.507694244384766,71080,,
2021-05-11,33.01732635498047,37.29280090332031,39.47892761230469,36.264034271240234,38.96454620361328,268150,,
2021-05-12,31.651084899902344,35.74964904785156,37.42139434814453,32.85624313354492,36.39262771606445,230736,,
2021-05-13,30.62641143798828,34.59228515625,35.428157806396484,33.56351852416992,33.62781524658203,101328,,
2021-05-14,31.594160079956055,35.68535232543945,36.13543701171875,35.04237365722656,35.428157806396484,53194,,
2021-05-17,29.089401245117188,32.85624313354492,35.04237365722656,32.59904861450195,35.04237365722656,146102,,
2021-05-18,30.8541202545166,34.84947967529297,35.81394577026367,34.01360321044922,34.01360321044922,54606,,
2021-05-19,31.02490234375,35.04237365722656,35.87824630737305,34.52798843383789,35.74964904785156,62280,,
2021-05-20,31.992647171020508,36.13543701171875,37.35709762573242,34.720882415771484,34.720882415771484,63160,,
2021-05-21,32.44805908203125,36.649818420410156,36.649818420410156,35.235267639160156,36.13543701171875,124525,,
2021-05-24,32.44805908203125,36.649818420410156,36.649818420410156,36.649818420410156,36.649818420410156,0,,
2021-05-25,32.44805908203125,36.649818420410156,36.649818420410156,36.649818420410156,36.649818420410156,0,,
2021-05-26,32.44805908203125,36.649818420410156,36.649818420410156,36.649818420410156,36.649818420410156,0,,
2021-05-27,32.44805908203125,36.649818420410156,36.649818420410156,36.649818420410156,36.649818420410156,0,,
2021-05-28,32.44805908203125,36.649818420410156,36.649818420410156,36.649818420410156,36.649818420410156,0,,
2021-05-31,32.44805908203125,36.649818420410156,36.649818420410156,36.649818420410156,36.649818420410156,0,,
2021-06-01,32.44805908203125,36.649818420410156,36.649818420410156,36.649818420410156,36.649818420410156,0,,
2021-06-02,32.44805908203125,36.649818420410156,36.649818420410156,36.649818420410156,36.649818420410156,0,,
2021-06-03,32.44805908203125,36.649818420410156,36.649818420410156,36.649818420410156,36.649818420410156,0,,
2021-06-04,32.44805908203125,36.649818420410156,36.649818420410156,36.649818420410156,36.649818420410156,0,,
2021-06-07,32.44805908203125,36.649818420410156,36.649818420410156,36.649818420410156,36.649818420410156,0,,
2021-06-08,33.07425308227539,37.35709762573242,38.3858642578125,37.35709762573242,37.35709762573242,8868,,
2021-06-09,33.01732635498047,37.29280090332031,37.9357795715332,37.09990692138672,37.9357795715332,23627,,
2021-06-10,33.07425308227539,37.35709762573242,37.614288330078125,37.35709762573242,37.549991607666016,34526,,
2021-06-11,33.24502944946289,37.549991607666016,38.45016098022461,37.549991607666016,38.45016098022461,17,,
2021-06-15,33.07425308227539,37.35709762573242,38.45016098022461,37.35709762573242,38.45016098022461,17506,,
2021-06-16,33.07425308227539,37.35709762573242,38.3858642578125,37.035606384277344,38.3858642578125,38310,,
2021-06-17,32.960391998291016,37.22850036621094,37.22850036621094,35.74964904785156,37.16420364379883,23333,,
2021-06-18,31.992647171020508,36.13543701171875,37.22850036621094,36.07114028930664,37.22850036621094,14030,,
2021-06-21,32.163429260253906,36.328330993652344,37.42139434814453,36.006839752197266,36.264034271240234,33128,,
2021-06-22,33.13117599487305,37.42139434814453,37.42139434814453,36.649818420410156,37.42139434814453,2185,,
2021-06-23,32.960391998291016,37.22850036621094,37.42139434814453,36.006839752197266,37.42139434814453,18236,,
2021-06-24,31.992647171020508,36.13543701171875,37.22850036621094,35.68535232543945,37.22850036621094,49769,,
2021-06-25,32.10649871826172,36.264034271240234,37.22850036621094,35.74964904785156,36.649818420410156,17299,,
2021-06-28,31.878795623779297,36.006839752197266,36.264034271240234,35.68535232543945,36.264034271240234,38470,,
2021-06-29,31.252605438232422,35.299564361572266,36.07114028930664,34.84947967529297,36.07114028930664,245972,,
2021-06-30,31.480304718017578,35.55675506591797,35.55675506591797,35.299564361572266,35.299564361572266,24341,,
2021-07-01,31.878795623779297,36.006839752197266,36.649818420410156,35.81394577026367,35.942543029785156,33808,,
2021-07-02,31.537233352661133,35.62105178833008,36.328330993652344,35.299564361572266,36.328330993652344,45105,,
2021-07-05,31.878795623779297,36.006839752197266,36.264034271240234,35.235267639160156,35.55675506591797,50989,,
2021-07-06,31.13874626159668,35.17096710205078,36.649818420410156,35.17096710205078,35.942543029785156,21792,,
2021-07-07,31.309528350830078,35.363861083984375,35.87824630737305,35.17096710205078,35.87824630737305,9340,,
2021-07-08,31.821868896484375,35.942543029785156,35.942543029785156,35.10667037963867,35.81394577026367,16723,,
2021-07-09,31.309528350830078,35.363861083984375,35.942543029785156,35.235267639160156,35.942543029785156,17887,,
2021-07-12,31.13874626159668,35.17096710205078,36.264034271240234,35.04237365722656,35.81394577026367,41061,,
2021-07-13,32.10649871826172,36.264034271240234,36.264034271240234,35.17096710205078,36.13543701171875,9344,,
2021-07-14,32.163429260253906,36.328330993652344,36.328330993652344,35.17096710205078,36.264034271240234,9347,,
2021-07-15,31.252605438232422,35.299564361572266,36.264034271240234,34.720882415771484,36.264034271240234,103118,,
2021-07-16,31.309528350830078,35.363861083984375,35.942543029785156,34.84947967529297,35.55675506591797,10889,,
2021-07-19,32.10649871826172,36.264034271240234,36.328330993652344,35.68535232543945,35.942543029785156,21782,,
2021-07-20,31.93572425842285,36.07114028930664,36.264034271240234,34.97807312011719,36.264034271240234,19630,,
2021-07-21,30.740264892578125,34.720882415771484,36.07114028930664,34.59228515625,36.07114028930664,63768,,
2021-07-22,31.537233352661133,35.62105178833008,35.62105178833008,34.59228515625,34.59228515625,3578,,
2021-07-23,31.537233352661133,35.62105178833008,35.62105178833008,34.46369171142578,35.62105178833008,8326,,
2021-07-26,31.480304718017578,35.55675506591797,35.62105178833008,34.59228515625,35.62105178833008,44796,,
2021-07-27,30.62641143798828,34.59228515625,35.55675506591797,34.399391174316406,35.55675506591797,28308,,
2021-07-28,31.537233352661133,35.62105178833008,35.62105178833008,35.62105178833008,35.62105178833008,1,,
2021-07-29,31.480304718017578,35.55675506591797,35.55675506591797,34.20649719238281,35.55675506591797,21933,,
2021-07-30,30.79719352722168,34.785179138183594,35.428157806396484,34.656585693359375,35.428157806396484,21856,,
2021-08-02,31.1956787109375,35.235267639160156,35.299564361572266,34.656585693359375,35.299564361572266,14313,,
2021-08-03,31.537233352661133,35.62105178833008,35.62105178833008,34.59228515625,35.17096710205078,9342,,
2021-08-04,31.366456985473633,35.428157806396484,35.62105178833008,34.720882415771484,35.62105178833008,24890,,
2021-08-05,31.537233352661133,35.62105178833008,35.62105178833008,34.720882415771484,35.299564361572266,7782,,
2021-08-06,31.594160079956055,35.68535232543945,35.68535232543945,34.46369171142578,35.62105178833008,46819,,
2021-08-09,31.821868896484375,35.942543029785156,35.942543029785156,34.84947967529297,35.68535232543945,14002,,
2021-08-10,30.740264892578125,34.720882415771484,35.68535232543945,34.720882415771484,35.68535232543945,49928,,
2021-08-11,30.8541202545166,34.84947967529297,36.13543701171875,34.59228515625,34.656585693359375,42466,,
2021-08-12,31.309528350830078,35.363861083984375,36.13543701171875,34.720882415771484,36.006839752197266,10891,,
2021-08-13,31.309528350830078,35.363861083984375,35.363861083984375,34.59228515625,35.299564361572266,33442,,
2021-08-16,31.02490234375,35.04237365722656,36.13543701171875,34.52798843383789,35.299564361572266,42153,,
2021-08-17,31.252605438232422,35.299564361572266,35.49245834350586,34.720882415771484,35.49245834350586,32704,,
2021-08-18,30.683340072631836,34.656585693359375,35.299564361572266,33.820709228515625,35.299564361572266,36599,,
2021-08-19,30.911043167114258,34.91377639770508,34.91377639770508,34.46369171142578,34.91377639770508,15555,,
2021-08-20,31.13874626159668,35.17096710205078,35.363861083984375,34.46369171142578,34.91377639770508,28013,,
2021-08-23,31.992647171020508,36.13543701171875,36.13543701171875,35.10667037963867,35.10667037963867,49776,,
2021-08-24,32.163429260253906,36.328330993652344,36.649818420410156,36.07114028930664,36.13543701171875,103740,,
2021-08-25,32.10649871826172,36.264034271240234,36.58552169799805,35.68535232543945,36.52122497558594,98452,,
2021-08-26,33.27117156982422,36.047027587890625,36.490684509277344,35.0118293762207,36.342796325683594,193734,,
2021-08-27,33.100555419921875,35.8621711730957,36.19491195678711,35.56639862060547,36.19491195678711,35303,,
2021-08-30,32.75931167602539,35.49245834350586,36.15793991088867,34.75303268432617,36.15793991088867,43831,,
2021-08-31,32.72518539428711,35.45548629760742,35.45548629760742,34.16149139404297,35.45548629760742,29708,,
2021-09-01,32.315696716308594,35.0118293762207,35.45548629760742,34.272403717041016,35.45548629760742,9814,,
2021-09-02,32.75931167602539,35.49245834350586,35.49245834350586,34.38331985473633,35.45548629760742,11160,,
2021-09-03,32.41807174682617,35.122745513916016,35.45548629760742,34.75303268432617,35.122745513916016,14133,,
2021-09-06,32.65693283081055,35.38154220581055,35.418514251708984,34.790000915527344,35.418514251708984,8117,,
2021-09-07,32.65693283081055,35.38154220581055,35.38154220581055,35.38154220581055,35.38154220581055,677,,
2021-09-08,32.72518539428711,35.45548629760742,35.45548629760742,35.38154220581055,35.38154220581055,3544,,
2021-09-09,30.643606185913086,33.20023727416992,35.49245834350586,31.795326232910156,34.19845962524414,205597,,
2021-09-10,30.472986221313477,33.015380859375,33.015380859375,32.20201110839844,33.015380859375,7914,,
2021-09-13,30.029369354248047,32.534751892089844,32.97840881347656,32.1650390625,32.97840881347656,13728,,
2021-09-14,30.507112503051758,33.05235290527344,33.237205505371094,32.497779846191406,33.237205505371094,9063,,
2021-09-15,30.507112503051758,33.05235290527344,33.05235290527344,32.1650390625,32.312923431396484,33298,,
2021-09-16,30.165864944458008,32.68263626098633,33.27417755126953,32.68263626098633,32.90446472167969,7507,,
2021-09-17,30.67772674560547,33.237205505371094,33.237205505371094,32.017154693603516,33.237205505371094,6991,,
2021-09-22,30.67772674560547,33.237205505371094,33.237205505371094,33.237205505371094,33.237205505371094,1352,,
2021-09-23,30.71185302734375,33.27417755126953,33.27417755126953,33.237205505371094,33.237205505371094,5410,,
2021-09-24,30.199987411499023,32.719608306884766,33.42206573486328,31.610469818115234,33.27417755126953,210593,,
2021-09-27,30.37061309814453,32.90446472167969,32.90446472167969,31.795326232910156,32.719608306884766,12200,,
2021-09-28,30.67772674560547,33.237205505371094,33.348121643066406,33.20023727416992,33.237205505371094,17582,,
2021-09-29,30.71185302734375,33.27417755126953,34.34634780883789,32.68263626098633,34.34634780883789,104140,,
2021-09-30,31.053096771240234,33.643890380859375,34.30937576293945,33.643890380859375,34.12451934814453,20557,,
2021-10-01,31.633207321166992,34.272403717041016,34.272403717041016,33.643890380859375,34.272403717041016,23940,,
2021-10-04,30.916601181030273,33.49600601196289,34.272403717041016,32.64566421508789,34.272403717041016,35162,,
2021-10-05,29.72224998474121,32.20201110839844,33.97663497924805,32.12806701660156,33.45903396606445,112387,,
2021-10-06,30.3023681640625,32.83052444458008,32.86749267578125,32.09109878540039,32.719608306884766,8157,,
2021-10-07,30.33648681640625,32.86749267578125,32.86749267578125,32.86749267578125,32.86749267578125,1353,,
2021-10-08,30.3023681640625,32.83052444458008,32.83052444458008,32.83052444458008,32.83052444458008,1379,,
2021-10-12,30.234113693237305,32.7565803527832,32.7565803527832,32.7565803527832,32.7565803527832,2706,,
2021-10-13,29.654001235961914,32.12806701660156,32.86749267578125,31.75835418701172,32.86749267578125,43994,,
2021-10-14,29.58575439453125,32.05412673950195,32.12806701660156,31.05590057373047,32.12806701660156,4736,,
2021-10-15,28.698522567749023,31.092870712280273,32.09109878540039,31.01892852783203,31.12984275817871,39989,,
2021-10-18,29.58575439453125,32.05412673950195,32.05412673950195,31.092870712280273,31.092870712280273,2909,,
2021-10-19,29.17626190185547,31.610469818115234,32.05412673950195,31.092870712280273,32.05412673950195,17514,,
2021-10-20,29.5516300201416,32.017154693603516,32.017154693603516,31.12984275817871,31.46258544921875,16703,,
2021-10-21,29.58575439453125,32.05412673950195,32.27595138549805,31.795326232910156,32.1650390625,24885,,
2021-10-22,30.029369354248047,32.534751892089844,33.27417755126953,32.34989547729492,32.34989547729492,18314,,
2021-10-25,29.38100814819336,31.832298278808594,33.27417755126953,31.684412002563477,33.27417755126953,40926,,
2021-10-26,29.415132522583008,31.8692684173584,33.05235290527344,31.647441864013672,33.05235290527344,27177,,
2021-10-27,29.38100814819336,31.832298278808594,32.497779846191406,31.647441864013672,31.75835418701172,44157,,
2021-10-28,28.937393188476562,31.35167121887207,32.497779846191406,31.05590057373047,31.647441864013672,37667,,
2021-10-29,30.438861846923828,32.97840881347656,33.015380859375,32.534751892089844,32.64566421508789,32787,,
2021-11-01,30.745975494384766,33.31114959716797,33.42206573486328,32.60869598388672,33.015380859375,16439,,
2021-11-02,30.438861846923828,32.97840881347656,33.31114959716797,32.460811614990234,33.31114959716797,10487,,
2021-11-03,30.37061309814453,32.90446472167969,32.97840881347656,32.4238395690918,32.97840881347656,12290,,
2021-11-04,30.438861846923828,32.97840881347656,32.97840881347656,32.719608306884766,32.90446472167969,6898,,
2021-11-05,30.438861846923828,32.97840881347656,32.97840881347656,32.7565803527832,32.90446472167969,9332,,
2021-11-08,30.33648681640625,32.86749267578125,32.97840881347656,32.460811614990234,32.97840881347656,9944,,
2021-11-09,30.33648681640625,32.86749267578125,33.05235290527344,32.460811614990234,33.05235290527344,2707,,
2021-11-10,31.018972396850586,33.6069221496582,33.6069221496582,32.460811614990234,32.460811614990234,21816,,
2021-11-11,28.937393188476562,31.35167121887207,32.7565803527832,30.90801429748535,32.7565803527832,107292,,
2021-11-12,28.493778228759766,30.871044158935547,31.721384048461914,29.983732223510742,31.721384048461914,214010,,
2021-11-15,28.459651947021484,30.83407211303711,30.871044158935547,30.057674407958984,30.871044158935547,20292,,
2021-11-16,28.084285736083984,30.427387237548828,30.797100067138672,29.983732223510742,30.797100067138672,61834,,
2021-11-17,27.77716636657715,30.094646453857422,30.427387237548828,29.6140193939209,30.427387237548828,49933,,
2021-11-18,28.28902816772461,30.649215698242188,30.649215698242188,29.6140193939209,30.094646453857422,47228,,
2021-11-19,27.77716636657715,30.094646453857422,31.01892852783203,29.724933624267578,31.01892852783203,110157,,
2021-11-22,27.40180015563965,29.68796157836914,30.279502868652344,29.429161071777344,30.094646453857422,198632,,
2021-11-23,28.32315444946289,30.686187744140625,30.686187744140625,29.540075302124023,29.79887580871582,14880,,
2021-11-24,28.52790069580078,30.90801429748535,30.94498634338379,29.57704734802246,30.94498634338379,394,,
2021-11-25,28.493778228759766,30.871044158935547,30.90801429748535,29.57704734802246,30.90801429748535,6767,,
2021-11-26,28.630273818969727,31.01892852783203,31.01892852783203,29.983732223510742,31.01892852783203,17045,,
2021-11-29,27.981910705566406,30.31647491455078,31.01892852783203,29.983732223510742,31.01892852783203,8252,,
2021-11-30,27.333553314208984,29.6140193939209,31.01892852783203,29.6140193939209,31.01892852783203,14133,,
2021-12-01,28.050159454345703,30.390417098999023,31.01892852783203,29.872817993164062,29.872817993164062,8144,,
2021-12-02,27.572420120239258,29.872817993164062,30.427387237548828,29.724933624267578,30.390417098999023,6832,,
2021-12-03,28.630273818969727,31.01892852783203,31.01892852783203,29.57704734802246,30.31647491455078,33516,,
2021-12-06,28.630273818969727,31.01892852783203,31.01892852783203,31.01892852783203,31.01892852783203,1,,
2021-12-07,28.050159454345703,30.390417098999023,31.01892852783203,29.6140193939209,29.6140193939209,17110,,
2021-12-08,28.050159454345703,30.390417098999023,30.390417098999023,29.650989532470703,30.390417098999023,7843,,
2021-12-09,27.913663864135742,30.242530822753906,31.05590057373047,30.242530822753906,31.01892852783203,32866,,
2021-12-10,28.186656951904297,30.538301467895508,30.649215698242188,30.31647491455078,30.61224365234375,16775,,
2021-12-13,28.118410110473633,30.464359283447266,30.686187744140625,29.68796157836914,29.68796157836914,25833,,
2021-12-14,28.118410110473633,30.464359283447266,30.61224365234375,30.31647491455078,30.61224365234375,7979,,
2021-12-15,27.572420120239258,29.872817993164062,31.01892852783203,29.872817993164062,31.01892852783203,4059,,
2021-12-16,28.562026977539062,30.94498634338379,30.94498634338379,29.872817993164062,29.9097900390625,9473,,
2021-12-17,27.640670776367188,29.946760177612305,30.981958389282227,29.57704734802246,30.94498634338379,33878,,
2021-12-20,27.913663864135742,30.242530822753906,31.092870712280273,30.020702362060547,30.538301467895508,8525,,
2021-12-21,28.630273818969727,31.01892852783203,31.01892852783203,30.353445053100586,30.61224365234375,47335,,
2021-12-22,28.016035079956055,30.353445053100586,31.01892852783203,30.31647491455078,30.427387237548828,24410,,
2021-12-23,28.562026977539062,30.94498634338379,30.94498634338379,30.353445053100586,30.94498634338379,37,,
2021-12-24,27.981910705566406,30.31647491455078,31.01892852783203,30.31647491455078,31.01892852783203,13862,,
2021-12-27,28.254905700683594,30.61224365234375,30.61224365234375,30.057674407958984,30.61224365234375,1929,,
2021-12-28,28.118410110473633,30.464359283447266,30.464359283447266,29.6140193939209,30.390417098999023,9602,,
2021-12-29,28.220781326293945,30.575273513793945,30.575273513793945,30.575273513793945,30.575273513793945,1,,
2021-12-30,28.254905700683594,30.61224365234375,30.61224365234375,29.68796157836914,29.68796157836914,6901,,
2022-01-03,28.869142532348633,31.277727127075195,31.277727127075195,30.686187744140625,30.686187744140625,20559,,
2022-01-04,28.52790069580078,30.90801429748535,31.277727127075195,30.168588638305664,31.277727127075195,33622,,
2022-01-05,28.459651947021484,30.83407211303711,30.83407211303711,30.131616592407227,30.131616592407227,7210,,
2022-01-06,28.084285736083984,30.427387237548828,31.01892852783203,30.168588638305664,30.427387237548828,12308,,
2022-01-07,28.562026977539062,30.94498634338379,31.01892852783203,30.168588638305664,31.01892852783203,6141,,
2022-01-10,28.32315444946289,30.686187744140625,30.94498634338379,30.686187744140625,30.94498634338379,3382,,
2022-01-11,28.562026977539062,30.94498634338379,30.94498634338379,30.31647491455078,30.94498634338379,2707,,
2022-01-12,27.845415115356445,30.168588638305664,30.981958389282227,30.020702362060547,30.131616592407227,24616,,
2022-01-13,28.32315444946289,30.686187744140625,30.94498634338379,30.686187744140625,30.94498634338379,8115,,
2022-01-14,28.084285736083984,30.427387237548828,30.427387237548828,30.057674407958984,30.057674407958984,18933,,
2022-01-17,27.981910705566406,30.31647491455078,30.31647491455078,30.057674407958984,30.094646453857422,16228,,
2022-01-18,27.7430419921875,30.057674407958984,30.31647491455078,29.946760177612305,30.057674407958984,23126,,
2022-01-19,27.29942512512207,29.57704734802246,30.279502868652344,29.57704734802246,29.872817993164062,22990,,
2022-01-20,27.94778823852539,30.279502868652344,30.279502868652344,30.279502868652344,30.279502868652344,2706,,
2022-01-21,27.94778823852539,30.279502868652344,30.279502868652344,29.57704734802246,29.57704734802246,18538,,
2022-01-24,27.94778823852539,30.279502868652344,30.279502868652344,30.279502868652344,30.279502868652344,2706,,
2022-01-25,27.94778823852539,30.279502868652344,30.279502868652344,30.279502868652344,30.279502868652344,1,,
2022-01-26,27.94778823852539,30.279502868652344,30.279502868652344,29.50310516357422,30.279502868652344,20544,,
2022-02-07,27.981910705566406,30.31647491455078,30.31647491455078,29.57704734802246,30.279502868652344,11092,,
2022-02-08,28.835018157958984,31.24075698852539,31.24075698852539,30.057674407958984,30.427387237548828,32715,,
2022-02-09,28.835018157958984,31.24075698852539,31.24075698852539,30.094646453857422,31.24075698852539,3113,,
2022-02-10,28.971515655517578,31.388641357421875,31.388641357421875,31.05590057373047,31.24075698852539,6913,,
2022-02-11,28.971515655517578,31.388641357421875,31.388641357421875,30.2055606842041,31.35167121887207,16580,,
2022-02-14,28.971515655517578,31.388641357421875,31.388641357421875,31.388641357421875,31.388641357421875,136,,
2022-02-15,28.32315444946289,30.686187744140625,31.35167121887207,30.279502868652344,30.31647491455078,51645,,
2022-02-16,28.493778228759766,30.871044158935547,31.203784942626953,30.31647491455078,30.390417098999023,15154,,
2022-02-17,28.76677131652832,31.16681480407715,31.16681480407715,30.353445053100586,30.83407211303711,32467,,
2022-02-18,28.562026977539062,30.94498634338379,31.16681480407715,30.464359283447266,31.16681480407715,12174,,
2022-02-21,28.76677131652832,31.16681480407715,31.16681480407715,30.31647491455078,31.16681480407715,5412,,
2022-02-22,27.913663864135742,30.242530822753906,31.16681480407715,30.242530822753906,31.16681480407715,9453,,
2022-02-23,27.913663864135742,30.242530822753906,30.90801429748535,30.242530822753906,30.871044158935547,5005,,
2022-02-24,27.879541397094727,30.2055606842041,31.05590057373047,30.2055606842041,31.05590057373047,9469,,
2022-02-25,28.39140510559082,30.760129928588867,30.760129928588867,30.2055606842041,30.2055606842041,136,,
2022-03-01,27.981910705566406,30.31647491455078,30.686187744140625,30.168588638305664,30.2055606842041,25055,,
2022-03-02,27.879541397094727,30.2055606842041,30.686187744140625,30.2055606842041,30.686187744140625,6898,,
2022-03-03,27.879541397094727,30.2055606842041,30.649215698242188,30.2055606842041,30.649215698242188,2029,,
2022-03-04,27.879541397094727,30.2055606842041,30.538301467895508,30.2055606842041,30.2055606842041,6085,,
2022-03-07,27.913663864135742,30.242530822753906,30.31647491455078,29.9097900390625,30.2055606842041,47662,,
2022-03-08,27.60654640197754,29.9097900390625,30.242530822753906,29.57704734802246,30.020702362060547,33235,,
2022-03-09,27.981910705566406,30.31647491455078,30.31647491455078,30.242530822753906,30.242530822753906,6763,,
2022-03-10,28.664398193359375,31.05590057373047,31.092870712280273,31.05590057373047,31.092870712280273,1353,,
2022-03-11,27.60654640197754,29.9097900390625,31.01892852783203,29.57704734802246,29.983732223510742,23017,,
2022-03-14,27.504173278808594,29.79887580871582,29.946760177612305,29.39219093322754,29.946760177612305,46254,,
2022-03-15,26.855810165405273,29.096420288085938,29.9097900390625,29.096420288085938,29.68796157836914,47785,,
2022-03-16,27.026430130004883,29.28127670288086,29.46613311767578,28.87459373474121,29.46613311767578,56983,,
2022-03-17,27.197053909301758,29.46613311767578,29.50310516357422,28.985506057739258,29.50310516357422,2842,,
2022-03-18,27.29942512512207,29.57704734802246,29.57704734802246,29.207334518432617,29.540075302124023,8117,,
2022-03-21,26.75343894958496,28.985506057739258,29.57704734802246,28.87459373474121,29.57704734802246,32682,,
2022-03-22,27.162927627563477,29.429161071777344,29.540075302124023,29.207334518432617,29.540075302124023,14200,,
2022-03-23,27.026430130004883,29.28127670288086,29.57704734802246,29.28127670288086,29.57704734802246,4733,,
2022-03-24,27.29942512512207,29.57704734802246,29.9097900390625,29.57704734802246,29.9097900390625,5546,,
2022-03-25,27.29942512512207,29.57704734802246,29.872817993164062,29.57704734802246,29.872817993164062,4057,,
2022-03-28,26.95818328857422,29.207334518432617,29.429161071777344,29.207334518432617,29.318248748779297,27264,,
2022-03-29,27.06055450439453,29.318248748779297,29.355220794677734,28.726707458496094,29.355220794677734,12849,,
2022-03-30,26.275699615478516,28.46790885925293,29.133392333984375,28.46790885925293,29.133392333984375,61081,,
2022-03-31,26.58281707763672,28.800649642944336,28.800649642944336,28.689735412597656,28.689735412597656,6883,,
2022-04-01,26.616939544677734,28.837621688842773,28.837621688842773,28.837621688842773,28.837621688842773,25,,
2022-04-06,26.139202117919922,28.320022583007812,28.320022583007812,28.06122398376465,28.06122398376465,1441,,
2022-04-07,25.90032958984375,28.06122398376465,28.098194122314453,27.54362678527832,28.06122398376465,54768,,
2022-04-08,25.661462783813477,27.802425384521484,27.987281799316406,27.61756706237793,27.987281799316406,37679,,
2022-04-11,25.627336502075195,27.765453338623047,27.765453338623047,27.765453338623047,27.765453338623047,135,,
2022-04-12,25.934452056884766,28.098194122314453,28.430936813354492,27.765453338623047,27.765453338623047,5882,,
2022-04-13,25.934452056884766,28.098194122314453,28.098194122314453,28.098194122314453,28.098194122314453,0,,
2022-04-14,25.934452056884766,28.098194122314453,28.098194122314453,28.098194122314453,28.098194122314453,0,,
2022-04-15,25.593212127685547,27.72848129272461,27.876367568969727,27.395740509033203,27.72848129272461,14267,,
2022-04-18,25.90032958984375,28.06122398376465,28.06122398376465,28.06122398376465,28.06122398376465,1,,
2022-04-19,25.866207122802734,28.024253845214844,28.06122398376465,27.358768463134766,28.06122398376465,2799,,
2022-04-20,25.866207122802734,28.024253845214844,28.024253845214844,28.024253845214844,28.024253845214844,284,,
2022-04-21,25.90032958984375,28.06122398376465,28.06122398376465,28.024253845214844,28.024253845214844,5409,,
2022-04-22,25.28609275817871,27.395740509033203,27.395740509033203,27.395740509033203,27.395740509033203,2704,,
2022-04-25,24.77423095703125,26.841171264648438,27.580596923828125,26.841171264648438,27.21088409423828,11410,,
2022-04-26,24.671855926513672,26.730257034301758,26.730257034301758,26.730257034301758,26.730257034301758,1352,,
2022-04-27,24.842477798461914,26.91511344909668,27.284826278686523,26.730257034301758,26.730257034301758,10784,,
2022-04-28,25.21784782409668,27.32179832458496,27.32179832458496,26.693286895751953,27.062999725341797,13199,,
2022-04-29,25.21784782409668,27.32179832458496,27.32179832458496,26.841171264648438,26.878141403198242,13734,,
2022-05-03,24.91072654724121,26.989055633544922,27.21088409423828,26.989055633544922,27.21088409423828,3247,,
2022-05-04,24.91072654724121,26.989055633544922,26.989055633544922,26.989055633544922,26.989055633544922,0,,
2022-05-05,25.456714630126953,27.580596923828125,27.580596923828125,27.13694190979004,27.32179832458496,16230,,
2022-05-06,25.456714630126953,27.580596923828125,27.580596923828125,27.580596923828125,27.580596923828125,0,,
2022-05-09,24.603609085083008,26.656314849853516,27.02602767944336,26.619342803955078,27.02602767944336,15286,,
2022-05-10,24.74010467529297,26.80419921875,26.80419921875,26.80419921875,26.80419921875,405,,
2022-05-11,24.432987213134766,26.471458435058594,26.80419921875,26.138715744018555,26.80419921875,2048,,
2022-05-12,24.432987213134766,26.471458435058594,26.471458435058594,26.471458435058594,26.471458435058594,0,,
2022-05-13,23.545757293701172,25.510204315185547,25.58414649963379,25.510204315185547,25.58414649963379,4395,,
2022-05-16,23.47750473022461,25.436260223388672,26.5084285736084,25.436260223388672,25.47323226928711,2800,,
2022-05-17,23.51163101196289,25.47323226928711,25.510204315185547,25.288375854492188,25.399290084838867,26811,,
2022-05-18,24.194116592407227,26.212657928466797,26.212657928466797,26.212657928466797,26.212657928466797,1,,
2022-05-19,24.194116592407227,26.212657928466797,26.212657928466797,26.212657928466797,26.212657928466797,0,,
2022-05-20,23.545757293701172,25.510204315185547,25.510204315185547,25.288375854492188,25.288375854492188,6897,,
2022-05-23,24.228240966796875,26.249629974365234,26.249629974365234,26.249629974365234,26.249629974365234,2704,,
2022-05-24,24.228240966796875,26.249629974365234,26.249629974365234,26.249629974365234,26.249629974365234,0,,
2022-05-25,23.238636016845703,25.177461624145508,26.212657928466797,25.177461624145508,26.212657928466797,14944,,
2022-05-26,22.726770401000977,24.622892379760742,25.399290084838867,24.622892379760742,25.399290084838867,830,,
2022-05-27,23.44338035583496,25.399290084838867,25.399290084838867,24.696834564208984,24.696834564208984,2909,,
2022-05-30,23.44338035583496,25.399290084838867,25.399290084838867,24.696834564208984,25.399290084838867,4261,,
2022-05-31,23.44338035583496,25.399290084838867,25.399290084838867,25.399290084838867,25.399290084838867,1352,,
2022-06-01,23.47750473022461,25.436260223388672,25.436260223388672,25.214433670043945,25.399290084838867,8587,,
2022-06-02,23.545757293701172,25.510204315185547,25.510204315185547,25.510204315185547,25.510204315185547,1,,
2022-06-06,23.545757293701172,25.510204315185547,25.510204315185547,25.47323226928711,25.47323226928711,6762,,
2022-06-07,23.545757293701172,25.510204315185547,25.510204315185547,25.510204315185547,25.510204315185547,0,,
2022-06-08,23.545757293701172,25.510204315185547,25.510204315185547,25.510204315185547,25.510204315185547,0,,
2022-06-09,23.88699722290039,25.87991714477539,25.87991714477539,25.103519439697266,25.103519439697266,2719,,
2022-06-10,23.88699722290039,25.87991714477539,25.87991714477539,25.87991714477539,25.87991714477539,0,,
2022-06-13,23.306884765625,25.25140380859375,25.510204315185547,25.14048957824707,25.510204315185547,9466,,
2022-06-14,23.238636016845703,25.177461624145508,25.87991714477539,25.177461624145508,25.87991714477539,15011,,
2022-06-15,23.204511642456055,25.14048957824707,25.25140380859375,25.14048957824707,25.25140380859375,4598,,
2022-06-16,23.204511642456055,25.14048957824707,25.14048957824707,25.14048957824707,25.14048957824707,0,,
2022-06-17,22.999765396118164,24.918663024902344,25.288375854492188,24.770776748657227,24.881690979003906,19388,,
2022-06-20,23.306884765625,25.25140380859375,25.25140380859375,24.14226531982422,24.14226531982422,136,,
2022-06-21,23.306884765625,25.25140380859375,25.25140380859375,25.25140380859375,25.25140380859375,0,,
2022-06-22,23.306884765625,25.25140380859375,25.25140380859375,24.10529327392578,25.25140380859375,1962,,
2022-06-23,23.306884765625,25.25140380859375,25.25140380859375,25.25140380859375,25.25140380859375,1352,,
2022-06-24,22.249032974243164,24.10529327392578,25.25140380859375,24.10529327392578,25.25140380859375,1437,,
2022-06-27,22.249032974243164,24.10529327392578,24.10529327392578,24.10529327392578,24.10529327392578,0,,
2022-06-28,23.306884765625,25.25140380859375,25.25140380859375,24.401063919067383,24.401063919067383,8126,,
2022-06-29,23.306884765625,25.25140380859375,25.25140380859375,25.25140380859375,25.25140380859375,1,,
2022-06-30,23.306884765625,25.25140380859375,25.25140380859375,25.25140380859375,25.25140380859375,135,,
2022-07-01,23.306884765625,25.25140380859375,25.25140380859375,25.25140380859375,25.25140380859375,0,,
2022-07-04,23.306884765625,25.25140380859375,25.25140380859375,25.25140380859375,25.25140380859375,0,,
2022-07-05,23.306884765625,25.25140380859375,25.25140380859375,25.25140380859375,25.25140380859375,0,,
2022-07-06,23.306884765625,25.25140380859375,25.25140380859375,25.25140380859375,25.25140380859375,0,,
2022-07-07,23.306884765625,25.25140380859375,25.25140380859375,25.25140380859375,25.25140380859375,2704,,
2022-07-08,22.317279815673828,24.179235458374023,25.25140380859375,24.068321228027344,25.25140380859375,10314,,
2022-07-11,22.590272903442383,24.475006103515625,24.475006103515625,24.43803596496582,24.43803596496582,2075,,
2022-07-12,22.590272903442383,24.475006103515625,24.475006103515625,24.068321228027344,24.068321228027344,432,,
2022-07-13,22.590272903442383,24.475006103515625,24.475006103515625,24.475006103515625,24.475006103515625,3866,,
2022-07-14,23.306884765625,25.25140380859375,25.25140380859375,25.25140380859375,25.25140380859375,135,,
2022-07-15,23.306884765625,25.25140380859375,25.25140380859375,25.25140380859375,25.25140380859375,4057,,
2022-07-18,23.34100914001465,25.288375854492188,25.288375854492188,24.43803596496582,24.43803596496582,2706,,
2022-07-19,23.306884765625,25.25140380859375,25.25140380859375,25.25140380859375,25.25140380859375,192,,
2022-07-20,23.306884765625,25.25140380859375,25.25140380859375,24.43803596496582,24.43803596496582,204,,
2022-07-21,24.26236343383789,26.28660011291504,26.28660011291504,25.25140380859375,25.25140380859375,27698,,
2022-07-22,24.26236343383789,26.28660011291504,26.28660011291504,26.28660011291504,26.28660011291504,243,,
2022-07-25,24.569482803344727,26.619342803955078,26.619342803955078,26.138715744018555,26.28660011291504,28561,,
2022-07-26,25.539609909057617,26.863353729248047,26.863353729248047,25.621118545532227,25.621118545532227,117,,
2022-07-27,25.428890228271484,26.74689483642578,26.74689483642578,26.74689483642578,26.74689483642578,128,,
2022-07-28,25.428890228271484,26.74689483642578,26.74689483642578,26.74689483642578,26.74689483642578,0,,
2022-07-29,25.428890228271484,26.74689483642578,26.74689483642578,26.74689483642578,26.74689483642578,686,,
2022-08-01,24.580028533935547,25.854036331176758,25.854036331176758,25.854036331176758,25.854036331176758,4250,,
2022-08-02,24.580028533935547,25.854036331176758,26.74689483642578,25.854036331176758,26.74689483642578,3992,,
2022-08-03,25.428890228271484,26.74689483642578,26.74689483642578,26.74689483642578,26.74689483642578,128,,
2022-08-04,25.465795516967773,26.78571319580078,27.173912048339844,25.465837478637695,25.54347801208496,71265,,
2022-08-05,26.3515625,27.717390060424805,27.717390060424805,27.057453155517578,27.057453155517578,6504,,
2022-08-08,25.502704620361328,26.824533462524414,27.756210327148438,26.824533462524414,27.717390060424805,5667,,
2022-08-09,25.502704620361328,26.824533462524414,26.824533462524414,26.824533462524414,26.824533462524414,2576,,
2022-08-10,26.388469696044922,27.756210327148438,27.756210327148438,27.756210327148438,27.756210327148438,12,,
2022-08-11,25.539609909057617,26.863353729248047,26.863353729248047,26.863353729248047,26.863353729248047,2576,,
2022-08-12,25.465795516967773,26.78571319580078,27.173912048339844,26.78571319580078,26.94099235534668,55834,,
2022-08-15,24.39549446105957,25.659936904907227,26.43633460998535,24.68943977355957,26.43633460998535,78794,,
2022-08-16,24.210960388183594,25.465837478637695,25.621118545532227,25.0,25.34937858581543,54096,,
2022-08-17,24.39549446105957,25.659936904907227,25.659936904907227,24.8447208404541,24.8447208404541,7896,,
2022-08-18,24.39549446105957,25.659936904907227,25.659936904907227,25.232919692993164,25.232919692993164,2936,,
2022-08-19,24.39549446105957,25.659936904907227,25.659936904907227,25.659936904907227,25.659936904907227,128,,
2022-08-22,23.87879753112793,25.116458892822266,25.116458892822266,25.116458892822266,25.116458892822266,1288,,
2022-08-23,24.13714599609375,25.388198852539062,25.388198852539062,25.116458892822266,25.116458892822266,5152,,
2022-08-24,24.13714599609375,25.388198852539062,25.465837478637695,25.077638626098633,25.465837478637695,16872,,
2022-08-25,23.509727478027344,24.728260040283203,25.427017211914062,24.728260040283203,25.427017211914062,1352,,
2022-08-26,23.62044906616211,24.8447208404541,24.8447208404541,24.728260040283203,24.728260040283203,5345,,
2022-08-29,23.62044906616211,24.8447208404541,24.8447208404541,24.8447208404541,24.8447208404541,0,,
2022-08-30,23.62044906616211,24.8447208404541,24.8447208404541,24.8447208404541,24.8447208404541,0,,
2022-08-31,24.100238800048828,25.34937858581543,25.34937858581543,24.456520080566406,24.767080307006836,21271,,
2022-09-01,23.62044906616211,24.8447208404541,24.8447208404541,24.456520080566406,24.68943977355957,5615,,
2022-09-02,24.100238800048828,25.34937858581543,25.34937858581543,24.611801147460938,24.611801147460938,2608,,
2022-09-05,24.100238800048828,25.34937858581543,25.34937858581543,25.34937858581543,25.34937858581543,2640,,
2022-09-06,24.39549446105957,25.659936904907227,25.659936904907227,25.659936904907227,25.659936904907227,115,,
2022-09-07,24.39549446105957,25.659936904907227,25.659936904907227,25.659936904907227,25.659936904907227,0,,
2022-09-08,23.39900779724121,24.611801147460938,25.659936904907227,24.572980880737305,24.572980880737305,15729,,
2022-09-12,24.39549446105957,25.659936904907227,25.659936904907227,25.659936904907227,25.659936904907227,808,,
2022-09-13,23.989519119262695,25.232919692993164,25.427017211914062,24.49534034729004,24.8447208404541,19004,,
2022-09-14,23.989519119262695,25.232919692993164,25.232919692993164,25.232919692993164,25.232919692993164,0,,
2022-09-15,23.583541870117188,24.80590057373047,24.80590057373047,24.728260040283203,24.728260040283203,7728,,
2022-09-16,23.435916900634766,24.65062141418457,24.68943977355957,24.65062141418457,24.68943977355957,3207,,
2022-09-19,23.435916900634766,24.65062141418457,24.65062141418457,24.65062141418457,24.65062141418457,0,,
2022-09-20,23.435916900634766,24.65062141418457,24.65062141418457,24.65062141418457,24.65062141418457,0,,
2022-09-21,23.435916900634766,24.65062141418457,24.65062141418457,24.65062141418457,24.65062141418457,0,,
2022-09-22,23.435916900634766,24.65062141418457,24.65062141418457,24.65062141418457,24.65062141418457,0,,
2022-09-23,23.17756462097168,24.378881454467773,24.572980880737305,24.378881454467773,24.378881454467773,10690,,
2022-09-26,23.251379013061523,24.456520080566406,24.534160614013672,23.25310516357422,24.417701721191406,30332,,
2022-09-27,23.251379013061523,24.456520080566406,24.456520080566406,24.456520080566406,24.456520080566406,0,,
2022-09-28,22.217985153198242,23.369564056396484,24.456520080566406,23.369564056396484,24.456520080566406,7922,,
2022-09-29,22.217985153198242,23.369564056396484,23.369564056396484,23.369564056396484,23.369564056396484,0,,
2022-09-30,22.217985153198242,23.369564056396484,23.369564056396484,23.369564056396484,23.369564056396484,0,,
2022-10-03,22.1441707611084,23.29192543029785,24.417701721191406,23.25310516357422,24.417701721191406,3221,,
2022-10-04,23.251379013061523,24.456520080566406,24.456520080566406,24.456520080566406,24.456520080566406,1300,,
2022-10-05,23.2144718170166,24.417701721191406,24.417701721191406,23.29192543029785,23.330745697021484,2855,,
2022-10-06,23.2144718170166,24.417701721191406,24.417701721191406,24.417701721191406,24.417701721191406,0,,
2022-10-07,23.2144718170166,24.417701721191406,24.417701721191406,24.417701721191406,24.417701721191406,0,,
2022-10-11,22.25489044189453,23.408384323120117,24.417701721191406,23.25310516357422,23.330745697021484,34803,,
2022-10-12,22.25489044189453,23.408384323120117,24.30124282836914,23.25310516357422,23.369564056396484,25323,,
2022-10-13,22.217985153198242,23.369564056396484,23.369564056396484,23.29192543029785,23.29192543029785,10471,,
2022-10-14,23.1037540435791,24.30124282836914,24.30124282836914,24.30124282836914,24.30124282836914,1,,
2022-10-17,23.1037540435791,24.30124282836914,24.30124282836914,24.30124282836914,24.30124282836914,0,,
2022-10-18,23.1037540435791,24.30124282836914,24.30124282836914,24.30124282836914,24.30124282836914,1288,,
2022-10-19,23.1037540435791,24.30124282836914,24.30124282836914,23.25310516357422,23.25310516357422,1456,,
2022-10-20,23.1037540435791,24.30124282836914,24.30124282836914,23.25310516357422,23.25310516357422,6991,,
2022-10-21,22.1441707611084,23.29192543029785,23.680124282836914,23.25310516357422,23.25310516357422,7944,,
2022-10-24,22.10726547241211,23.25310516357422,23.29192543029785,23.25310516357422,23.29192543029785,7084,,
2022-10-25,22.070358276367188,23.214284896850586,23.25310516357422,23.13664436340332,23.175464630126953,13618,,
2022-10-26,21.147682189941406,22.24378776550293,22.24378776550293,22.127328872680664,22.204967498779297,41628,,
2022-10-27,21.22149658203125,22.321428298950195,22.321428298950195,22.204967498779297,22.204967498779297,2576,,
2022-10-28,21.258405685424805,22.360248565673828,22.360248565673828,22.321428298950195,22.321428298950195,7728,,
2022-10-31,22.1441707611084,23.29192543029785,23.29192543029785,22.43788719177246,22.43788719177246,36720,,
2022-11-01,22.62396240234375,23.79658317565918,23.79658317565918,23.25310516357422,23.29192543029785,19443,,
2022-11-02,22.62396240234375,23.79658317565918,23.79658317565918,23.25310516357422,23.79658317565918,1290,,
2022-11-03,22.1441707611084,23.29192543029785,23.29192543029785,23.214284896850586,23.25310516357422,10313,,
2022-11-04,22.1441707611084,23.29192543029785,23.29192543029785,23.29192543029785,23.29192543029785,0,,
2022-11-07,22.62396240234375,23.79658317565918,23.79658317565918,23.79658317565918,23.79658317565918,64,,
2022-11-08,22.1441707611084,23.29192543029785,23.29192543029785,22.90372657775879,22.90372657775879,10754,,
2022-11-09,22.62396240234375,23.79658317565918,23.79658317565918,23.29192543029785,23.29192543029785,3865,,
2022-11-10,22.62396240234375,23.79658317565918,23.79658317565918,23.25310516357422,23.25310516357422,12248,,
2022-11-11,22.18107795715332,23.330745697021484,23.79658317565918,23.29192543029785,23.524843215942383,12880,,
2022-11-14,22.62396240234375,23.79658317565918,23.79658317565918,23.09782600402832,23.13664436340332,18589,,
2022-11-15,22.51323890686035,23.680124282836914,23.835403442382812,23.29192543029785,23.29192543029785,16960,,
2022-11-16,22.51323890686035,23.680124282836914,23.680124282836914,23.60248374938965,23.680124282836914,28464,,
2022-11-17,23.029937744140625,24.223602294921875,24.223602294921875,24.223602294921875,24.223602294921875,1,,
2022-11-18,22.43942642211914,23.60248374938965,23.60248374938965,23.60248374938965,23.60248374938965,3155,,
2022-11-21,23.251379013061523,24.456520080566406,24.456520080566406,23.60248374938965,23.60248374938965,6446,,
2022-11-22,22.587055206298828,23.757762908935547,23.757762908935547,23.680124282836914,23.680124282836914,11592,,
2022-11-23,22.587055206298828,23.757762908935547,23.757762908935547,23.757762908935547,23.757762908935547,0,,
2022-11-24,22.587055206298828,23.757762908935547,23.757762908935547,23.60248374938965,23.60248374938965,7728,,
2022-11-25,22.365612030029297,23.524843215942383,23.757762908935547,23.524843215942383,23.64130401611328,14768,,
2022-11-28,22.365612030029297,23.524843215942383,23.524843215942383,23.524843215942383,23.524843215942383,1,,
2022-11-29,23.066844940185547,24.262422561645508,24.456520080566406,24.262422561645508,24.456520080566406,65,,
2022-11-30,23.066844940185547,24.262422561645508,24.262422561645508,24.262422561645508,24.262422561645508,0,,
2022-12-01,22.697776794433594,23.874223709106445,24.223602294921875,23.60248374938965,23.60248374938965,16652,,
2022-12-02,22.550148010253906,23.718944549560547,23.99068260192871,23.563663482666016,23.563663482666016,12427,,
2022-12-05,23.509727478027344,24.728260040283203,24.728260040283203,23.99068260192871,23.99068260192871,17407,,
2022-12-06,23.509727478027344,24.728260040283203,24.728260040283203,24.728260040283203,24.728260040283203,3864,,
2022-12-07,22.882308959960938,24.068321228027344,24.107141494750977,24.068321228027344,24.107141494750977,7728,,
2022-12-08,22.882308959960938,24.068321228027344,24.068321228027344,23.913042068481445,23.913042068481445,394,,
2022-12-09,23.989519119262695,25.232919692993164,25.815216064453125,24.068321228027344,24.68943977355957,46304,,
2022-12-12,25.724145889282227,27.057453155517578,27.329191207885742,25.776397705078125,25.776397705078125,88452,,
2022-12-13,26.720632553100586,28.1055908203125,28.959627151489258,27.057453155517578,27.057453155517578,91982,,
2022-12-14,27.27423667907715,28.68788719177246,29.580745697021484,27.756210327148438,28.84316635131836,74324,,
2022-12-15,26.3515625,27.717390060424805,27.95030975341797,27.562110900878906,27.756210327148438,26404,,
2022-12-16,27.643306732177734,29.076086044311523,29.076086044311523,27.717390060424805,27.756210327148438,94096,,
2022-12-19,27.5325870513916,28.959627151489258,28.959627151489258,28.610248565673828,28.64906883239746,9080,,
2022-12-20,27.495677947998047,28.920806884765625,28.920806884765625,27.756210327148438,27.756210327148438,1300,,
2022-12-21,27.458770751953125,28.881986618041992,28.920806884765625,27.756210327148438,28.920806884765625,151,,
2022-12-22,26.942073822021484,28.33850860595703,28.33850860595703,27.562110900878906,27.678571701049805,19023,,
2022-12-23,26.942073822021484,28.33850860595703,28.33850860595703,28.33850860595703,28.33850860595703,1,,
2022-12-26,26.942073822021484,28.33850860595703,28.33850860595703,27.717390060424805,27.717390060424805,3028,,
2022-12-27,26.942073822021484,28.33850860595703,28.33850860595703,27.717390060424805,28.33850860595703,2615,,
2022-12-28,26.720632553100586,28.1055908203125,28.33850860595703,27.717390060424805,28.33850860595703,4091,,
2022-12-29,26.09321403503418,27.44565200805664,27.44565200805664,27.44565200805664,27.44565200805664,3864,,
2022-12-30,26.3515625,27.717390060424805,27.717390060424805,27.717390060424805,27.717390060424805,1,,
2023-01-03,26.27775001525879,27.639751434326172,27.639751434326172,26.94099235534668,26.979812622070312,7753,,
2023-01-04,26.27775001525879,27.639751434326172,27.639751434326172,27.329191207885742,27.639751434326172,771,,
2023-01-05,26.1301212310791,27.484472274780273,27.484472274780273,27.329191207885742,27.329191207885742,2689,,
2023-01-06,26.27775001525879,27.639751434326172,27.639751434326172,27.639751434326172,27.639751434326172,12,,
2023-01-09,26.942073822021484,28.33850860595703,28.377328872680664,27.639751434326172,27.639751434326172,23415,,
2023-01-10,28.196910858154297,29.658384323120117,29.658384323120117,28.2996883392334,28.2996883392334,42106,,
2023-01-11,28.196910858154297,29.658384323120117,29.69720458984375,28.726707458496094,29.658384323120117,4839,,
2023-01-12,28.196910858154297,29.658384323120117,29.658384323120117,29.15372657775879,29.658384323120117,1411,,
2023-01-13,28.160003662109375,29.619564056396484,29.619564056396484,29.619564056396484,29.619564056396484,1298,,
2023-01-16,28.160003662109375,29.619564056396484,29.619564056396484,29.192546844482422,29.192546844482422,4586,,
2023-01-17,28.160003662109375,29.619564056396484,29.619564056396484,29.192546844482422,29.192546844482422,5164,,
2023-01-30,28.713607788085938,30.201862335205078,30.201862335205078,29.270185470581055,29.619564056396484,7870,,
2023-01-31,28.78742218017578,30.279502868652344,30.706520080566406,29.270185470581055,29.270185470581055,48180,,
2023-02-01,29.525562286376953,31.05590057373047,31.05590057373047,30.279502868652344,30.667701721191406,29544,,
2023-02-02,29.3779354095459,30.90062141418457,31.832298278808594,30.628881454467773,31.832298278808594,5282,,
2023-02-03,29.156492233276367,30.667701721191406,30.667701721191406,30.39596176147461,30.39596176147461,10333,,
2023-02-06,30.22679328918457,31.79347801208496,31.832298278808594,30.706520080566406,30.784160614013672,35948,,
2023-02-07,30.152978897094727,31.715837478637695,31.754657745361328,30.74534034729004,30.784160614013672,15468,,
2023-02-08,30.152978897094727,31.715837478637695,31.715837478637695,31.715837478637695,31.715837478637695,6,,
2023-02-09,29.820816040039062,31.366458892822266,31.871118545532227,30.74534034729004,31.715837478637695,13347,,
2023-02-10,29.230304718017578,30.74534034729004,31.871118545532227,30.74534034729004,30.784160614013672,5293,,
2023-02-13,30.005352020263672,31.560558319091797,32.220497131347656,30.74534034729004,30.74534034729004,33182,,
2023-02-14,29.71009635925293,31.25,32.181678771972656,31.05590057373047,31.79347801208496,23052,,
2023-02-15,29.525562286376953,31.05590057373047,31.25,30.667701721191406,31.05590057373047,15832,,
2023-02-16,29.820816040039062,31.366458892822266,31.366458892822266,29.930124282836914,30.667701721191406,19004,,
2023-02-17,29.525562286376953,31.05590057373047,31.366458892822266,31.05590057373047,31.366458892822266,3925,,
2023-02-20,29.525562286376953,31.05590057373047,31.366458892822266,31.05590057373047,31.366458892822266,1674,,
2023-02-21,29.820816040039062,31.366458892822266,31.366458892822266,31.366458892822266,31.366458892822266,1288,,
2023-02-22,29.820816040039062,31.366458892822266,31.366458892822266,31.366458892822266,31.366458892822266,2962,,
2023-02-23,29.525562286376953,31.05590057373047,31.4052791595459,29.930124282836914,31.366458892822266,18972,,
2023-02-24,29.414838790893555,30.93943977355957,32.181678771972656,30.93943977355957,31.366458892822266,42608,,
2023-03-01,29.968442916870117,31.521738052368164,31.521738052368164,30.90062141418457,30.93943977355957,2641,,
2023-03-02,29.71009635925293,31.25,31.832298278808594,30.93943977355957,30.93943977355957,25574,,
2023-03-03,30.595863342285156,32.181678771972656,32.181678771972656,31.59937858581543,31.79347801208496,34236,,
2023-03-06,30.04225730895996,31.59937858581543,32.220497131347656,31.59937858581543,31.59937858581543,21597,,
2023-03-07,30.595863342285156,32.181678771972656,32.181678771972656,31.560558319091797,32.181678771972656,15119,,
2023-03-08,30.152978897094727,31.715837478637695,32.181678771972656,31.05590057373047,32.181678771972656,810,,
2023-03-09,30.96493148803711,32.56987380981445,32.56987380981445,30.24068260192871,32.14285659790039,57617,,
2023-03-10,29.89463233947754,31.44409942626953,32.220497131347656,31.44409942626953,31.832298278808594,67106,,
2023-03-13,30.595863342285156,32.181678771972656,32.56987380981445,31.715837478637695,32.220497131347656,42203,,
2023-03-14,30.337512969970703,31.909936904907227,32.220497131347656,31.871118545532227,32.220497131347656,16744,,
2023-03-15,30.522048950195312,32.10403823852539,32.33695602416992,31.909936904907227,32.29813766479492,32625,,
2023-03-16,30.70658302307129,32.29813766479492,32.29813766479492,31.832298278808594,31.871118545532227,23490,,
2023-03-17,30.669677734375,32.259315490722656,32.259315490722656,31.172359466552734,31.172359466552734,11424,,
2023-03-20,30.595863342285156,32.181678771972656,32.181678771972656,31.754657745361328,31.754657745361328,43920,,
2023-03-21,30.7803955078125,32.37577438354492,32.56987380981445,31.987577438354492,32.220497131347656,54402,,
2023-03-22,34.06511688232422,35.830745697021484,36.490684509277344,32.49223709106445,32.49223709106445,282676,,
2023-03-23,33.585323333740234,35.32608413696289,36.33540344238281,33.96739196777344,36.29658126831055,158395,,
2023-03-24,33.21625900268555,34.937889099121094,34.937889099121094,34.510868072509766,34.58850860595703,40211,,
2023-03-27,34.36037063598633,36.14130401611328,36.14130401611328,34.58850860595703,34.58850860595703,8610,,
2023-03-28,34.39727783203125,36.18012237548828,36.18012237548828,35.71428680419922,36.14130401611328,25252,,
2023-03-29,33.95439910888672,35.71428680419922,36.29658126831055,35.71428680419922,36.18012237548828,55789,,
2023-03-30,33.32697677612305,35.05434799194336,35.32608413696289,34.937889099121094,34.937889099121094,19468,,
2023-03-31,32.84718704223633,34.54969024658203,35.015525817871094,34.16149139404297,34.937889099121094,86831,,
2023-04-06,32.6257438659668,34.316768646240234,34.937889099121094,34.16149139404297,34.89906692504883,72498,,
2023-04-07,32.699562072753906,34.3944091796875,34.6661491394043,34.16149139404297,34.510868072509766,59875,,
2023-04-10,32.588836669921875,34.277950286865234,34.89906692504883,34.277950286865234,34.89906692504883,5152,,
2023-04-11,34.06511688232422,35.830745697021484,36.10248565673828,34.937889099121094,34.937889099121094,91006,,
2023-04-12,34.13893127441406,35.90838623046875,35.90838623046875,34.82142639160156,35.71428680419922,67299,,
2023-04-13,33.585323333740234,35.32608413696289,35.90838623046875,35.32608413696289,35.90838623046875,36901,,
2023-04-14,33.290069580078125,35.015525817871094,35.830745697021484,34.937889099121094,35.79192352294922,81842,,
2023-04-17,33.47460174560547,35.209625244140625,35.59782409667969,34.86024856567383,35.32608413696289,32032,,
2023-04-18,34.02820587158203,35.79192352294922,36.10248565673828,35.55900573730469,35.55900573730469,37429,,
2023-04-19,34.54490661621094,36.33540344238281,36.84006118774414,35.59782409667969,36.21894454956055,50307,,
2023-04-20,34.65562438964844,36.45186233520508,36.45186233520508,35.94720458984375,36.18012237548828,74533,,
2023-04-21,34.54490661621094,36.33540344238281,36.490684509277344,35.71428680419922,36.490684509277344,75992,,
2023-04-24,34.692535400390625,36.490684509277344,36.60714340209961,36.33540344238281,36.568321228027344,12145,,
2023-04-25,34.13893127441406,35.90838623046875,36.10248565673828,35.79192352294922,35.830745697021484,13202,,
2023-04-26,33.65913772583008,35.403724670410156,35.75310516357422,35.09316635131836,35.75310516357422,17049,,
2023-04-27,33.585323333740234,35.32608413696289,35.48136520385742,35.209625244140625,35.24844741821289,9884,,
2023-04-28,33.65913772583008,35.403724670410156,36.568321228027344,35.28726577758789,35.28726577758789,23187,,
2023-05-02,33.95439910888672,35.71428680419922,35.869564056396484,35.209625244140625,35.209625244140625,29134,,
2023-05-03,33.84367370605469,35.59782409667969,35.71428680419922,35.59782409667969,35.63664627075195,9788,,
2023-05-04,34.54490661621094,36.33540344238281,36.84006118774414,36.33540344238281,36.41304397583008,98964,,
2023-05-05,34.692535400390625,36.490684509277344,36.723602294921875,36.490684509277344,36.529502868652344,48835,,
2023-05-08,34.84016036987305,36.64596176147461,36.87887954711914,36.10248565673828,36.80124282836914,22127,,
2023-05-09,32.92100143432617,34.6273307800293,36.490684509277344,33.96739196777344,36.490684509277344,103161,,
2023-05-10,32.47811508178711,34.16149139404297,34.976707458496094,34.16149139404297,34.16149139404297,33588,,
2023-05-11,32.588836669921875,34.277950286865234,34.3944091796875,33.92856979370117,34.277950286865234,78052,,
2023-05-12,32.51502227783203,34.20030975341797,34.54969024658203,34.16149139404297,34.316768646240234,14249,,
2023-05-15,32.47811508178711,34.16149139404297,34.54969024658203,34.16149139404297,34.20030975341797,6078,,
2023-05-16,31.924510955810547,33.579193115234375,34.316768646240234,33.579193115234375,34.20030975341797,43792,,
2023-05-17,32.588836669921875,34.277950286865234,34.277950286865234,34.20030975341797,34.20030975341797,5874,,
2023-05-18,32.55192947387695,34.23912811279297,34.3555908203125,33.65683364868164,34.3555908203125,29633,,
2023-05-19,32.03523254394531,33.69565200805664,34.277950286865234,33.69565200805664,34.277950286865234,11773,,
2023-05-22,32.810279846191406,34.510868072509766,34.89906692504883,33.65683364868164,33.65683364868164,33490,,
2023-05-23,31.99833106994629,33.65683364868164,34.16149139404297,33.65683364868164,34.0450325012207,28529,,
2023-05-24,31.001840591430664,32.60869598388672,33.773292541503906,32.065216064453125,33.65683364868164,105814,,
2023-05-25,30.522048950195312,32.10403823852539,32.84161376953125,32.10403823852539,32.220497131347656,28377,,
2023-05-26,30.817306518554688,32.41459655761719,32.41459655761719,31.832298278808594,32.10403823852539,36634,,
2023-05-29,30.854209899902344,32.45341491699219,32.45341491699219,31.44409942626953,31.754657745361328,30935,,
2023-05-30,30.854209899902344,32.45341491699219,32.45341491699219,31.4052791595459,31.482919692993164,17094,,
2023-05-31,30.595863342285156,32.181678771972656,32.45341491699219,31.44409942626953,32.45341491699219,6568,,
2023-06-01,33.03171920776367,34.74378967285156,34.74378967285156,32.60869598388672,32.60869598388672,46706,,
2023-06-02,31.62925910949707,33.26863479614258,34.74378967285156,33.26863479614258,34.74378967285156,18700,,
2023-06-05,32.44121170043945,34.1226692199707,34.54969024658203,33.26863479614258,33.26863479614258,32355,,
2023-06-06,32.47811508178711,34.16149139404297,34.510868072509766,33.850929260253906,34.510868072509766,27310,,
2023-06-07,31.99833106994629,33.65683364868164,34.472049713134766,33.423912048339844,34.472049713134766,116692,,
2023-06-08,31.739978790283203,33.385093688964844,33.773292541503906,33.385093688964844,33.73447036743164,28686,,
2023-06-09,32.44121170043945,34.1226692199707,34.1226692199707,34.1226692199707,34.1226692199707,1289,,
2023-06-12,31.85070037841797,33.50155258178711,33.773292541503906,33.26863479614258,33.462730407714844,55360,,
2023-06-13,32.47811508178711,34.16149139404297,34.16149139404297,33.92856979370117,34.0450325012207,17001,,
2023-06-14,32.47811508178711,34.16149139404297,34.89906692504883,33.812110900878906,34.89906692504883,30422,,
2023-06-15,33.2531623840332,34.976707458496094,37.34471893310547,34.89906692504883,34.89906692504883,142568,,
2023-06-16,33.290069580078125,35.015525817871094,36.33540344238281,34.89906692504883,36.33540344238281,21742,,
2023-06-19,33.585323333740234,35.32608413696289,35.67546463012695,35.32608413696289,35.67546463012695,7733,,
2023-06-20,34.02820587158203,35.79192352294922,35.79192352294922,35.32608413696289,35.67546463012695,11592,,
2023-06-21,34.212745666503906,35.98602294921875,35.98602294921875,35.71428680419922,35.98602294921875,17788,,
2023-06-26,33.84367370605469,35.59782409667969,36.490684509277344,35.32608413696289,36.024845123291016,31042,,
2023-06-27,34.102020263671875,35.869564056396484,35.869564056396484,35.59782409667969,35.59782409667969,32200,,
2023-06-28,33.95439910888672,35.71428680419922,36.063663482666016,35.59782409667969,36.063663482666016,2769,,
2023-06-29,34.692535400390625,36.490684509277344,36.490684509277344,36.18012237548828,36.18012237548828,5154,,
2023-06-30,34.13893127441406,35.90838623046875,35.90838623046875,35.59782409667969,35.59782409667969,17967,,
2023-07-03,33.95439910888672,35.71428680419922,35.79192352294922,35.59782409667969,35.59782409667969,27176,,
2023-07-04,34.39727783203125,36.18012237548828,36.45186233520508,36.024845123291016,36.45186233520508,23888,,
2023-07-05,33.84367370605469,35.59782409667969,36.29658126831055,35.59782409667969,36.29658126831055,6440,,
2023-07-06,33.88058090209961,35.63664627075195,35.71428680419922,35.52018737792969,35.59782409667969,16754,,
2023-07-07,33.73295211791992,35.48136520385742,35.52018737792969,35.24844741821289,35.52018737792969,8468,,
2023-07-10,32.47811508178711,34.16149139404297,35.67546463012695,34.0450325012207,35.63664627075195,42504,,
2023-07-11,32.994815826416016,34.7049674987793,34.78260803222656,34.6273307800293,34.78260803222656,12107,,
2023-07-12,33.179351806640625,34.89906692504883,34.937889099121094,34.0838508605957,34.937889099121094,35394,,
2023-07-13,33.21625900268555,34.937889099121094,34.937889099121094,34.937889099121094,34.937889099121094,1,,
2023-07-14,33.21625900268555,34.937889099121094,35.05434799194336,34.82142639160156,34.937889099121094,29484,,
2023-07-17,32.957908630371094,34.6661491394043,34.86024856567383,34.3555908203125,34.58850860595703,35588,,
2023-07-18,33.06862258911133,34.78260803222656,34.78260803222656,34.316768646240234,34.54969024658203,23184,,
2023-07-19,33.06862258911133,34.78260803222656,34.78260803222656,34.78260803222656,34.78260803222656,3864,,
2023-07-20,32.6257438659668,34.316768646240234,34.89906692504883,34.00621032714844,34.89906692504883,41398,,
2023-07-21,32.810279846191406,34.510868072509766,34.510868072509766,34.510868072509766,34.510868072509766,1288,,
2023-07-24,32.36739730834961,34.0450325012207,34.58850860595703,33.92856979370117,34.510868072509766,70841,,
2023-07-25,32.109046936035156,33.773292541503906,34.23912811279297,33.618011474609375,34.23912811279297,55512,,
2023-07-26,31.924510955810547,33.579193115234375,33.850929260253906,33.579193115234375,33.850929260253906,2576,,
2023-07-27,32.182861328125,33.850929260253906,33.850929260253906,33.579193115234375,33.579193115234375,12254,,
2023-07-28,32.182861328125,33.850929260253906,33.850929260253906,33.850929260253906,33.850929260253906,7728,,
2023-07-31,32.293582916259766,33.96739196777344,33.96739196777344,33.96739196777344,33.96739196777344,1,,
2023-08-01,31.81378936767578,33.462730407714844,33.579193115234375,33.22981262207031,33.30745315551758,19706,,
2023-08-02,32.47811508178711,34.16149139404297,34.16149139404297,33.26863479614258,33.26863479614258,18033,,
2023-08-04,33.179351806640625,34.89906692504883,34.89906692504883,34.20030975341797,34.20030975341797,10628,,
2023-08-07,32.51502227783203,34.20030975341797,34.89906692504883,34.20030975341797,34.89906692504883,3979,,
2023-08-08,34.58180618286133,36.37422180175781,36.490684509277344,34.58850860595703,35.67546463012695,136950,,
2023-08-09,35.06160354614258,36.87887954711914,37.422359466552734,36.490684509277344,37.07298278808594,52511,,
2023-08-10,34.54490661621094,36.33540344238281,36.37422180175781,35.67546463012695,36.14130401611328,76006,,
2023-08-11,34.692535400390625,36.490684509277344,36.723602294921875,36.10248565673828,36.33540344238281,113732,,
2023-08-14,34.212745666503906,35.98602294921875,36.41304397583008,35.98602294921875,36.10248565673828,65448,,
2023-08-15,34.471092224121094,36.25776290893555,36.25776290893555,36.024845123291016,36.024845123291016,5370,,
2023-08-16,34.102020263671875,35.869564056396484,36.024845123291016,35.71428680419922,35.98602294921875,34034,,
2023-08-17,34.102020263671875,35.869564056396484,35.869564056396484,35.869564056396484,35.869564056396484,79,,
2023-08-18,34.102020263671875,35.869564056396484,36.10248565673828,35.869564056396484,36.10248565673828,5152,,
2023-08-21,34.102020263671875,35.869564056396484,36.21894454956055,35.71428680419922,36.10248565673828,40122,,
2023-08-22,33.62222671508789,35.364906311035156,35.71428680419922,35.364906311035156,35.59782409667969,3391,,
2023-08-23,34.43418502807617,36.21894454956055,36.21894454956055,35.71428680419922,35.71428680419922,7728,,
2023-08-24,34.32347106933594,36.10248565673828,36.21894454956055,35.63664627075195,36.21894454956055,13008,,
2023-08-25,33.95439910888672,35.71428680419922,35.71428680419922,35.59782409667969,35.63664627075195,9151,,
2023-08-28,34.65562438964844,36.45186233520508,36.45186233520508,35.71428680419922,35.71428680419922,10743,,
2023-08-29,37.7220458984375,38.70535659790039,40.98214340209961,36.60714340209961,40.98214340209961,157346,,
2023-08-30,37.54800796508789,38.52678680419922,38.52678680419922,37.41071319580078,38.4375,105840,,
2023-08-31,36.982391357421875,37.94642639160156,38.08035659790039,37.5,37.94642639160156,31416,,
2023-09-01,36.721343994140625,37.67856979370117,37.90178680419922,37.5,37.63392639160156,28112,,
2023-09-04,36.460289001464844,37.41071319580078,37.54464340209961,37.27678680419922,37.41071319580078,35840,,
2023-09-05,35.80765914916992,36.74106979370117,37.32142639160156,36.74106979370117,37.1875,86576,,
2023-09-06,35.546607971191406,36.47321319580078,36.91964340209961,36.33928680419922,36.875,29123,,
2023-09-07,33.849769592285156,34.73214340209961,36.07142639160156,34.59821319580078,35.71428680419922,116923,,
2023-09-08,33.849769592285156,34.73214340209961,34.73214340209961,34.73214340209961,34.73214340209961,0,,
2023-09-11,33.93678665161133,34.82142639160156,34.82142639160156,34.41964340209961,34.41964340209961,3864,,
2023-09-12,33.93678665161133,34.82142639160156,34.82142639160156,34.6875,34.82142639160156,10080,,
2023-09-13,33.93678665161133,34.82142639160156,34.82142639160156,34.82142639160156,34.82142639160156,0,,
2023-09-14,33.93678665161133,34.82142639160156,34.82142639160156,34.82142639160156,34.82142639160156,0,,
2023-09-15,34.37187576293945,35.26785659790039,35.71428680419922,35.26785659790039,35.44642639160156,12794,,
2023-09-18,34.37187576293945,35.26785659790039,35.66964340209961,35.13392639160156,35.17856979370117,24640,,
2023-09-19,34.45888900756836,35.35714340209961,35.35714340209961,35.13392639160156,35.17856979370117,42879,,
2023-09-20,34.197837829589844,35.08928680419922,35.26785659790039,34.95535659790039,35.08928680419922,24640,,
2023-09-21,34.197837829589844,35.08928680419922,35.08928680419922,35.08928680419922,35.08928680419922,0,,
2023-09-22,34.284854888916016,35.17856979370117,35.17856979370117,35.17856979370117,35.17856979370117,1120,,
2023-09-25,33.32766342163086,34.19642639160156,35.3125,34.19642639160156,35.26785659790039,32525,,
2023-09-26,33.45819091796875,34.33035659790039,34.46428680419922,34.33035659790039,34.46428680419922,6720,,
2023-09-27,32.28345489501953,33.125,34.33035659790039,33.125,34.19642639160156,13136,,
2023-09-28,32.631526947021484,33.48214340209961,33.61606979370117,32.94642639160156,33.125,30565,,
2023-10-02,32.065914154052734,32.90178680419922,33.57142639160156,32.90178680419922,32.90178680419922,17871,,
2023-10-03,31.326265335083008,32.14285659790039,34.01785659790039,32.14285659790039,34.01785659790039,57089,,
2023-10-04,31.717844009399414,32.54464340209961,32.63392639160156,32.27678680419922,32.58928680419922,14092,,
2023-10-05,31.587316513061523,32.41071319580078,32.45535659790039,32.27678680419922,32.45535659790039,9049,,
2023-10-06,31.717844009399414,32.54464340209961,32.54464340209961,32.54464340209961,32.54464340209961,3360,,
2023-10-11,31.326265335083008,32.14285659790039,32.63392639160156,32.00892639160156,32.14285659790039,26303,,
2023-10-12,31.326265335083008,32.14285659790039,32.27678680419922,31.964284896850586,31.964284896850586,18368,,
2023-10-13,31.543806076049805,32.36606979370117,32.36606979370117,32.09821319580078,32.09821319580078,8424,,
2023-10-16,31.326265335083008,32.14285659790039,32.14285659790039,32.14285659790039,32.14285659790039,3360,,
2023-10-17,31.326265335083008,32.14285659790039,32.23214340209961,31.964284896850586,32.00892639160156,14000,,
2023-10-18,31.717844009399414,32.54464340209961,32.54464340209961,31.919641494750977,31.919641494750977,2240,,
2023-10-19,31.717844009399414,32.54464340209961,32.54464340209961,32.54464340209961,32.54464340209961,1120,,
2023-10-20,31.804859161376953,32.63392639160156,33.03571319580078,32.54464340209961,32.54464340209961,14672,,
2023-10-23,31.804859161376953,32.63392639160156,32.63392639160156,32.63392639160156,32.63392639160156,0,,
2023-10-24,31.41328239440918,32.23214340209961,32.32142639160156,32.23214340209961,32.32142639160156,10080,,
2023-10-25,31.41328239440918,32.23214340209961,32.23214340209961,32.23214340209961,32.23214340209961,0,,
2023-10-26,31.06521224975586,31.875,32.27678680419922,31.875,32.27678680419922,7519,,
2023-10-27,31.108720779418945,31.919641494750977,31.919641494750977,31.696428298950195,31.741071701049805,13188,,
2023-10-30,31.543806076049805,32.36606979370117,32.36606979370117,31.25,31.964284896850586,5600,,
2023-10-31,31.15222930908203,31.964284896850586,32.09821319580078,31.16071319580078,31.25,22414,,
2023-11-01,30.543107986450195,31.339284896850586,32.09821319580078,31.16071319580078,32.09821319580078,23778,,
2023-11-02,30.58661651611328,31.383928298950195,31.51785659790039,31.294641494750977,31.51785659790039,10125,,
2023-11-03,31.195735931396484,32.00892639160156,32.00892639160156,32.00892639160156,32.00892639160156,1,,
2023-11-06,31.28275489807129,32.09821319580078,32.09821319580078,31.116071701049805,31.116071701049805,7841,,
2023-11-07,30.456090927124023,31.25,32.09821319580078,31.25,32.09821319580078,7505,,
2023-11-08,30.456090927124023,31.25,31.339284896850586,31.116071701049805,31.339284896850586,10193,,
2023-11-09,30.543107986450195,31.339284896850586,31.428571701049805,30.982141494750977,31.428571701049805,14787,,
2023-11-10,30.195037841796875,30.982141494750977,31.339284896850586,30.669641494750977,31.339284896850586,44020,,
2023-11-13,30.456090927124023,31.25,31.25,30.669641494750977,30.669641494750977,3375,,
2023-11-14,30.456090927124023,31.25,31.25,31.25,31.25,1,,
2023-11-15,30.456090927124023,31.25,31.25,30.53571319580078,30.669641494750977,29576,,
2023-11-16,29.846969604492188,30.625,31.25,30.357141494750977,31.25,13007,,
2023-11-17,29.58591651916504,30.357141494750977,30.625,29.6875,30.491071701049805,61827,,
2023-11-20,30.15152931213379,30.9375,30.9375,30.357141494750977,30.491071701049805,16968,,
2023-11-21,30.108020782470703,30.89285659790039,31.25,30.714284896850586,30.982141494750977,20384,,
2023-11-22,30.108020782470703,30.89285659790039,30.89285659790039,30.625,30.669641494750977,18592,,
2023-11-23,30.282054901123047,31.071428298950195,31.071428298950195,30.58035659790039,30.9375,15680,,
2023-11-24,30.456090927124023,31.25,31.25,31.16071319580078,31.16071319580078,4603,,
2023-11-27,30.064512252807617,30.84821319580078,31.339284896850586,30.84821319580078,31.294641494750977,9359,,
2023-11-28,30.543107986450195,31.339284896850586,31.428571701049805,30.84821319580078,31.428571701049805,6312,,
2023-11-29,30.23854637145996,31.026784896850586,31.026784896850586,30.803571701049805,30.803571701049805,11376,,
2023-11-30,30.456090927124023,31.25,31.25,30.89285659790039,30.89285659790039,952,,
2023-12-01,30.456090927124023,31.25,31.25,31.25,31.25,2240,,
2023-12-04,31.543806076049805,32.36606979370117,32.36606979370117,31.25,31.25,13506,,
2023-12-05,31.15222930908203,31.964284896850586,32.36606979370117,31.964284896850586,32.36606979370117,4543,,
2023-12-06,31.543806076049805,32.36606979370117,32.36606979370117,31.696428298950195,32.36606979370117,11971,,
2023-12-07,30.673635482788086,31.47321319580078,31.47321319580078,31.25,31.294641494750977,7840,,
2023-12-08,30.456090927124023,31.25,31.25,31.116071701049805,31.116071701049805,6720,,
2023-12-11,30.325565338134766,31.116071701049805,31.116071701049805,30.982141494750977,31.071428298950195,7918,,
2023-12-12,30.15152931213379,30.9375,30.9375,30.9375,30.9375,1120,,
2023-12-13,30.325565338134766,31.116071701049805,31.25,30.9375,30.9375,34097,,
2023-12-14,30.543107986450195,31.339284896850586,31.339284896850586,30.9375,31.294641494750977,12342,,
2023-12-15,31.587316513061523,32.41071319580078,32.45535659790039,31.20535659790039,31.383928298950195,38326,,
2023-12-18,31.717844009399414,32.54464340209961,32.54464340209961,31.294641494750977,31.294641494750977,2257,,
2023-12-19,31.674331665039062,32.5,32.54464340209961,32.14285659790039,32.54464340209961,5972,,
2023-12-20,31.717844009399414,32.54464340209961,32.54464340209961,32.54464340209961,32.54464340209961,1121,,
2023-12-21,31.7613525390625,32.58928680419922,32.58928680419922,31.875,32.54464340209961,15683,,
2023-12-22,31.239246368408203,32.05356979370117,32.67856979370117,31.25,32.63392639160156,58611,,
2023-12-25,31.369775772094727,32.1875,32.32142639160156,31.919641494750977,32.14285659790039,30244,,
2023-12-26,31.50029754638672,32.32142639160156,32.41071319580078,31.964284896850586,32.09821319580078,22291,,
2023-12-27,31.674331665039062,32.5,32.76785659790039,32.27678680419922,32.41071319580078,72556,,
2023-12-28,32.19643783569336,33.03571319580078,33.16964340209961,32.54464340209961,32.67856979370117,43512,,
2023-12-29,32.23994827270508,33.08035659790039,33.88392639160156,33.03571319580078,33.16964340209961,105781,,
2024-01-02,34.06731414794922,34.95535659790039,35.53571319580078,33.66071319580078,33.79464340209961,269024,,
2024-01-03,33.93678665161133,34.82142639160156,35.71428680419922,34.73214340209961,34.95535659790039,95110,,
2024-01-04,32.631526947021484,33.48214340209961,34.91071319580078,33.03571319580078,34.91071319580078,142105,,
2024-01-05,32.19643783569336,33.03571319580078,33.88392639160156,32.76785659790039,33.61606979370117,117046,,
2024-01-08,32.37047576904297,33.21428680419922,33.21428680419922,33.08035659790039,33.08035659790039,53222,,
2024-01-09,32.37047576904297,33.21428680419922,33.48214340209961,32.94642639160156,33.21428680419922,22400,,
2024-01-10,32.28345489501953,33.125,33.48214340209961,32.90178680419922,33.25892639160156,44256,,
2024-01-11,32.32696533203125,33.16964340209961,33.16964340209961,32.85714340209961,32.85714340209961,5824,,
2024-01-12,32.19643783569336,33.03571319580078,33.16964340209961,32.99106979370117,33.03571319580078,28000,,
2024-01-15,32.23994827270508,33.08035659790039,33.21428680419922,32.94642639160156,32.94642639160156,48853,,
2024-01-16,31.326265335083008,32.14285659790039,33.08035659790039,32.14285659790039,33.08035659790039,50448,,
2024-01-17,31.587316513061523,32.41071319580078,32.58928680419922,32.14285659790039,32.41071319580078,80094,,
2024-01-18,30.978193283081055,31.78571319580078,32.36606979370117,31.651784896850586,32.32142639160156,29148,,
2024-01-19,30.36907196044922,31.16071319580078,31.696428298950195,30.982141494750977,31.5625,95083,,
2024-01-22,30.456090927124023,31.25,31.339284896850586,31.026784896850586,31.339284896850586,30616,,
2024-01-23,30.282054901123047,31.071428298950195,31.20535659790039,30.401784896850586,30.982141494750977,49125,,
2024-01-24,30.456090927124023,31.25,31.383928298950195,31.026784896850586,31.20535659790039,88167,,
2024-01-25,30.456090927124023,31.25,31.339284896850586,30.491071701049805,31.339284896850586,31992,,
2024-01-26,30.58661651611328,31.383928298950195,31.5625,31.116071701049805,31.383928298950195,85430,,
2024-01-29,30.58661651611328,31.383928298950195,32.00892639160156,31.25,31.5625,187382,,
2024-01-30,30.71714210510254,31.51785659790039,31.651784896850586,31.25,31.383928298950195,236742,,
2024-01-31,30.543107986450195,31.339284896850586,31.651784896850586,31.339284896850586,31.383928298950195,108950,,
2024-02-01,30.36907196044922,31.16071319580078,31.51785659790039,31.116071701049805,31.294641494750977,215654,,
2024-02-02,27.7585506439209,28.482141494750977,29.866071701049805,26.339284896850586,26.78571319580078,1825600,,
2024-02-05,26.453289031982422,27.14285659790039,28.08035659790039,26.83035659790039,27.053571701049805,896000,,
2024-02-15,25.974693298339844,26.651784896850586,27.45535659790039,26.428571701049805,27.14285659790039,579040,,
2024-02-16,26.14872932434082,26.83035659790039,26.875,26.78571319580078,26.78571319580078,400960,,
2024-02-19,26.14872932434082,26.83035659790039,27.232141494750977,26.78571319580078,26.875,507360,,
2024-02-20,26.62732696533203,27.321428298950195,27.5,26.83035659790039,27.276784896850586,271040,,
2024-02-21,27.323463439941406,28.03571319580078,28.482141494750977,27.5,27.633928298950195,305760,,
2024-02-22,27.14942741394043,27.857141494750977,28.34821319580078,27.678571701049805,28.125,196000,,
2024-02-23,27.41048240661621,28.125,28.34821319580078,27.41071319580078,27.857141494750977,192640,,
2024-02-26,27.323463439941406,28.03571319580078,28.169641494750977,27.991071701049805,28.125,142240,,
2024-02-27,26.97539710998535,27.678571701049805,28.08035659790039,27.45535659790039,28.08035659790039,164640,,
2024-02-29,28.019603729248047,28.75,28.839284896850586,27.72321319580078,27.901784896850586,282240,,
2024-03-01,27.7585506439209,28.482141494750977,29.151784896850586,28.169641494750977,28.66071319580078,304640,,
2024-03-04,27.845569610595703,28.571428298950195,28.70535659790039,28.303571701049805,28.482141494750977,172480,,
2024-03-05,27.845569610595703,28.571428298950195,28.616071701049805,28.303571701049805,28.571428298950195,164640,,
2024-03-06,27.97609519958496,28.70535659790039,28.75,28.303571701049805,28.39285659790039,118720,,
2024-03-07,26.97539710998535,27.678571701049805,28.70535659790039,27.678571701049805,28.70535659790039,217280,,
2024-03-08,26.97539710998535,27.678571701049805,27.946428298950195,27.008928298950195,27.678571701049805,134400,,
2024-03-11,26.97539710998535,27.678571701049805,27.72321319580078,27.366071701049805,27.633928298950195,39200,,
2024-03-12,26.801359176635742,27.5,27.72321319580078,27.5,27.678571701049805,30240,,
2024-03-13,26.453289031982422,27.14285659790039,27.5,26.875,27.5,136640,,
2024-03-14,26.540306091308594,27.232141494750977,27.276784896850586,26.875,27.008928298950195,182560,,
2024-03-15,26.540306091308594,27.232141494750977,27.232141494750977,26.964284896850586,27.232141494750977,38080,,
2024-03-18,26.540306091308594,27.232141494750977,27.232141494750977,27.232141494750977,27.232141494750977,0,,
2024-03-19,26.366273880004883,27.053571701049805,27.276784896850586,27.053571701049805,27.276784896850586,68320,,
2024-03-20,26.322763442993164,27.008928298950195,27.232141494750977,27.008928298950195,27.053571701049805,59360,,
2024-03-21,26.540306091308594,27.232141494750977,27.41071319580078,27.008928298950195,27.41071319580078,80640,,
2024-03-22,26.49679946899414,27.1875,27.276784896850586,27.09821319580078,27.232141494750977,86240,,
2024-03-25,26.62732696533203,27.321428298950195,27.901784896850586,27.232141494750977,27.232141494750977,137760,,
2024-03-26,26.62732696533203,27.321428298950195,27.321428298950195,27.321428298950195,27.321428298950195,0,,
2024-03-27,27.018901824951172,27.72321319580078,27.8125,27.633928298950195,27.678571701049805,48160,,
2024-03-28,27.018901824951172,27.72321319580078,27.72321319580078,27.232141494750977,27.678571701049805,204960,,
2024-03-29,26.75785255432129,27.45535659790039,27.678571701049805,27.41071319580078,27.678571701049805,13440,,
2024-04-01,26.58381462097168,27.276784896850586,27.366071701049805,27.1875,27.232141494750977,73920,,
2024-04-02,26.49679946899414,27.1875,27.366071701049805,27.1875,27.276784896850586,53760,,
2024-04-03,26.366273880004883,27.053571701049805,27.232141494750977,26.964284896850586,27.1875,52640,,
2024-04-08,26.40978240966797,27.09821319580078,27.14285659790039,27.053571701049805,27.053571701049805,60480,,
2024-04-09,26.453289031982422,27.14285659790039,27.1875,27.09821319580078,27.09821319580078,56000,,
2024-04-10,26.49679946899414,27.1875,27.232141494750977,27.053571701049805,27.14285659790039,89600,,
2024-04-11,26.279254913330078,26.964284896850586,27.1875,26.964284896850586,27.008928298950195,22400,,
2024-04-12,26.49679946899414,27.1875,27.1875,26.964284896850586,26.964284896850586,29120,,
2024-04-15,26.714340209960938,27.41071319580078,27.589284896850586,27.321428298950195,27.589284896850586,17920,,
2024-04-16,26.1052188873291,26.78571319580078,27.232141494750977,26.78571319580078,27.232141494750977,56000,,
2024-04-17,26.19223976135254,26.875,26.919641494750977,26.78571319580078,26.78571319580078,31360,,
2024-04-18,26.19223976135254,26.875,27.1875,26.875,27.1875,10080,,
2024-04-19,25.974693298339844,26.651784896850586,26.78571319580078,26.607141494750977,26.607141494750977,43680,,
2024-04-22,25.931184768676758,26.607141494750977,26.78571319580078,26.383928298950195,26.383928298950195,51520,,
2024-04-23,25.974693298339844,26.651784896850586,26.741071701049805,26.607141494750977,26.607141494750977,14560,,
2024-04-24,26.06171226501465,26.741071701049805,26.741071701049805,26.428571701049805,26.696428298950195,59360,,
2024-04-25,26.19223976135254,26.875,26.875,26.741071701049805,26.741071701049805,64960,,
2024-04-26,26.235746383666992,26.919641494750977,27.008928298950195,26.83035659790039,26.964284896850586,26880,,
2024-04-29,26.19223976135254,26.875,26.964284896850586,26.83035659790039,26.964284896850586,20160,,
2024-04-30,26.1052188873291,26.78571319580078,27.008928298950195,26.78571319580078,26.78571319580078,17920,,
2024-05-02,26.235746383666992,26.919641494750977,26.919641494750977,26.741071701049805,26.78571319580078,40320,,
2024-05-03,26.14872932434082,26.83035659790039,26.919641494750977,26.78571319580078,26.919641494750977,22400,,
2024-05-06,26.1052188873291,26.78571319580078,26.875,26.607141494750977,26.741071701049805,42560,,
2024-05-07,26.1052188873291,26.78571319580078,26.964284896850586,26.651784896850586,26.83035659790039,32480,,
2024-05-08,26.366273880004883,27.053571701049805,27.053571701049805,26.51785659790039,26.607141494750977,38080,,
2024-05-09,26.1052188873291,26.78571319580078,27.053571701049805,26.78571319580078,27.053571701049805,58240,,
2024-05-10,26.19223976135254,26.875,26.875,26.47321319580078,26.51785659790039,69440,,
2024-05-13,26.49679946899414,27.1875,27.232141494750977,26.51785659790039,27.232141494750977,42560,,
2024-05-14,26.235746383666992,26.919641494750977,27.09821319580078,26.875,27.09821319580078,59360,,
2024-05-15,26.235746383666992,26.919641494750977,26.964284896850586,26.026784896850586,26.919641494750977,34720,,
2024-05-16,26.279254913330078,26.964284896850586,27.008928298950195,26.875,26.875,22400,,
2024-05-17,26.453289031982422,27.14285659790039,27.14285659790039,26.875,26.875,33600,,
2024-05-20,26.453289031982422,27.14285659790039,27.14285659790039,27.053571701049805,27.14285659790039,29120,,
2024-05-21,26.453289031982422,27.14285659790039,27.1875,26.964284896850586,27.14285659790039,40320,,
2024-05-22,26.366273880004883,27.053571701049805,27.232141494750977,26.5625,27.232141494750977,14560,,
2024-05-23,26.279254913330078,26.964284896850586,27.053571701049805,26.78571319580078,27.053571701049805,7840,,
2024-05-24,26.1052188873291,26.78571319580078,26.919641494750977,26.696428298950195,26.696428298950195,20160,,
2024-05-27,26.19223976135254,26.875,26.875,26.78571319580078,26.875,23520,,
2024-05-28,26.19223976135254,26.875,26.919641494750977,26.607141494750977,26.607141494750977,6720,,
2024-05-29,26.1052188873291,26.78571319580078,26.875,26.78571319580078,26.875,45920,,
2024-05-30,25.974693298339844,26.651784896850586,26.78571319580078,26.51785659790039,26.651784896850586,25760,,
2024-05-31,26.06171226501465,26.741071701049805,26.919641494750977,26.651784896850586,26.78571319580078,68320,,
2024-06-03,26.19223976135254,26.875,26.919641494750977,26.741071701049805,26.78571319580078,62720,,
2024-06-04,26.06171226501465,26.741071701049805,26.875,26.741071701049805,26.741071701049805,24640,,
2024-06-05,26.14872932434082,26.83035659790039,26.875,26.78571319580078,26.78571319580078,14560,,
2024-06-06,25.931184768676758,26.607141494750977,26.78571319580078,26.5625,26.78571319580078,49280,,
2024-06-07,26.19223976135254,26.875,26.875,26.607141494750977,26.607141494750977,51520,,
2024-06-11,26.1052188873291,26.78571319580078,26.875,26.696428298950195,26.875,104160,,
2024-06-12,26.018203735351562,26.696428298950195,26.964284896850586,26.696428298950195,26.964284896850586,25760,,
2024-06-13,26.06171226501465,26.741071701049805,26.964284896850586,26.741071701049805,26.875,16800,,
2024-06-14,26.018203735351562,26.696428298950195,26.875,26.696428298950195,26.741071701049805,17920,,
2024-06-17,26.1052188873291,26.78571319580078,27.008928298950195,26.696428298950195,26.741071701049805,48160,,
2024-06-18,26.1052188873291,26.78571319580078,26.78571319580078,26.741071701049805,26.78571319580078,44800,,
2024-06-19,26.1052188873291,26.78571319580078,26.83035659790039,26.78571319580078,26.78571319580078,29120,,
2024-06-20,26.1052188873291,26.78571319580078,26.875,26.78571319580078,26.875,50400,,
2024-06-21,26.018203735351562,26.696428298950195,26.964284896850586,26.651784896850586,26.78571319580078,77280,,
2024-06-24,28.58521842956543,29.33035659790039,29.33035659790039,26.78571319580078,26.78571319580078,215040,,
2024-06-25,31.41328239440918,32.23214340209961,32.23214340209961,32.14285659790039,32.23214340209961,689920,,
2024-06-26,34.5459098815918,35.44642639160156,35.44642639160156,32.32142639160156,32.41071319580078,1471680,,
2024-06-27,33.58871841430664,34.46428680419922,38.75,33.97321319580078,35.71428680419922,1627360,,
2024-06-28,32.19643783569336,33.03571319580078,34.82142639160156,31.25,34.82142639160156,799680,,
2024-07-01,35.41608428955078,36.33928680419922,36.33928680419922,31.696428298950195,32.90178680419922,1008000,,
2024-07-02,35.6771354675293,36.60714340209961,38.25892639160156,35.35714340209961,37.5,1086400,,
2024-07-03,34.32836151123047,35.22321319580078,36.5625,34.82142639160156,36.33928680419922,627200,,
2024-07-04,34.11082458496094,35.0,36.11606979370117,34.95535659790039,35.71428680419922,367360,,
2024-07-05,33.67573547363281,34.55356979370117,35.58035659790039,34.10714340209961,35.49106979370117,322560,,
2024-07-08,33.24065017700195,34.10714340209961,34.95535659790039,33.97321319580078,33.97321319580078,165760,,
2024-07-09,34.197837829589844,35.08928680419922,35.49106979370117,32.32142639160156,34.15178680419922,215040,,
2024-07-10,33.58871841430664,34.46428680419922,36.07142639160156,34.46428680419922,36.07142639160156,211680,,
2024-07-11,32.97959518432617,33.83928680419922,34.55356979370117,33.83928680419922,33.92856979370117,161280,,
2024-07-12,33.066612243652344,33.92856979370117,34.10714340209961,33.03571319580078,33.79464340209961,128800,,
2024-07-15,36.37327194213867,37.32142639160156,37.32142639160156,37.32142639160156,37.32142639160156,617120,,
2024-07-16,39.9844970703125,41.02678680419922,41.02678680419922,41.02678680419922,41.02678680419922,684320,,
2024-07-17,43.943790435791016,45.08928680419922,45.08928680419922,41.38392639160156,45.08928680419922,2644320,,
2024-07-18,47.5985221862793,48.83928680419922,49.55356979370117,43.30356979370117,44.64285659790039,2181760,,
2024-07-19,50.731143951416016,52.05356979370117,53.48214340209961,47.76785659790039,47.76785659790039,1797600,,
2024-07-22,52.036407470703125,53.39285659790039,55.35714340209961,48.21428680419922,55.17856979370117,1415680,,
2024-07-23,46.90237808227539,48.125,52.23214340209961,48.125,52.23214340209961,953120,,
2024-07-26,45.684139251708984,46.875,48.125,43.92856979370117,48.125,539840,,
2024-07-29,44.46589279174805,45.625,48.48214340209961,45.625,46.78571319580078,392000,,
2024-07-30,46.98652267456055,48.0,49.70000076293945,46.79999923706055,48.400001525878906,366000,,
2024-07-31,46.93758010864258,47.95000076293945,50.0,47.75,47.75,354000,,
2024-08-01,49.04218292236328,50.099998474121094,51.0,47.75,49.0,336000,,
2024-08-02,46.105525970458984,47.099998474121094,49.900001525878906,46.95000076293945,46.95000076293945,261000,,
2024-08-05,41.504764556884766,42.400001525878906,42.400001525878906,42.400001525878906,42.400001525878906,142000,,
2024-08-06,37.5892219543457,38.400001525878906,41.400001525878906,38.20000076293945,38.20000076293945,418000,,
2024-08-07,39.449100494384766,40.29999923706055,41.29999923706055,37.20000076293945,37.20000076293945,285000,,
2024-08-08,38.07866287231445,38.900001525878906,41.150001525878906,36.45000076293945,40.349998474121094,398000,,
2024-08-09,38.76388168334961,39.599998474121094,40.900001525878906,39.04999923706055,39.20000076293945,350000,,
2024-08-12,37.05083084106445,37.849998474121094,39.400001525878906,37.849998474121094,38.349998474121094,379000,,
2024-08-13,37.29555130004883,38.099998474121094,39.099998474121094,36.400001525878906,37.849998474121094,337000,,
2024-08-14,41.015323638916016,41.900001525878906,41.900001525878906,37.54999923706055,37.54999923706055,340000,,
2024-08-15,43.07098388671875,44.0,45.900001525878906,42.599998474121094,45.0,677000,,
2024-08-16,41.015323638916016,41.900001525878906,43.70000076293945,41.79999923706055,43.400001525878906,384000,,
2024-08-19,42.189979553222656,43.099998474121094,45.099998474121094,42.20000076293945,42.20000076293945,288000,,
2024-08-20,46.39919662475586,47.400001525878906,47.400001525878906,42.04999923706055,44.29999923706055,806000,,
2024-08-21,46.49707794189453,47.5,48.849998474121094,44.150001525878906,45.150001525878906,704000,,
2024-08-22,43.4135856628418,44.349998474121094,47.900001525878906,44.349998474121094,47.5,462000,,
2024-08-23,44.09880828857422,45.04999923706055,46.79999923706055,43.900001525878906,44.5,414000,,
2024-08-26,44.00092315673828,44.95000076293945,47.29999923706055,44.04999923706055,45.20000076293945,431000,,
2024-08-27,42.777313232421875,43.70000076293945,44.650001525878906,42.79999923706055,44.54999923706055,316000,,
2024-08-28,41.79842758178711,42.70000076293945,43.70000076293945,42.5,43.349998474121094,270000,,
2024-08-29,41.11320877075195,42.0,43.29999923706055,42.0,42.70000076293945,169000,,
2024-08-30,41.11320877075195,42.0,42.849998474121094,41.54999923706055,42.0,113000,,
2024-09-02,40.72165298461914,41.599998474121094,42.849998474121094,41.5,42.0,87000,,
2024-09-03,39.449100494384766,40.29999923706055,42.0,40.29999923706055,42.0,127000,,
2024-09-04,38.02971649169922,38.849998474121094,39.900001525878906,36.5,38.900001525878906,288000,,
2024-09-05,36.90400314331055,37.70000076293945,39.70000076293945,37.599998474121094,39.70000076293945,134000,,
2024-09-06,39.15543746948242,40.0,41.0,37.150001525878906,37.5,163000,,
2024-09-09,38.176551818847656,39.0,39.0,37.5,39.0,132000,,
2024-09-10,36.31666564941406,37.099998474121094,39.400001525878906,36.849998474121094,38.0,244000,,
2024-09-11,37.14872360229492,37.95000076293945,38.20000076293945,37.5,37.79999923706055,76000,,
2024-09-12,37.05083084106445,37.849998474121094,38.75,37.849998474121094,38.75,114000,,
2024-09-13,37.05083084106445,37.849998474121094,38.5,37.5,37.900001525878906,86000,,
2024-09-16,37.491329193115234,38.29999923706055,39.79999923706055,37.849998474121094,37.849998474121094,94000,,
2024-09-18,38.56810760498047,39.400001525878906,40.5,37.849998474121094,38.099998474121094,184000,,
2024-09-19,38.42127227783203,39.25,40.599998474121094,39.25,40.099998474121094,158000,,
2024-09-20,37.784996032714844,38.599998474121094,39.79999923706055,38.599998474121094,39.5,101000,,
2024-09-23,38.3723258972168,39.20000076293945,40.5,38.54999923706055,38.70000076293945,176000,,
2024-09-24,38.07866287231445,38.900001525878906,39.400001525878906,38.900001525878906,39.20000076293945,54000,,
2024-09-25,38.176551818847656,39.0,39.599998474121094,38.5,39.0,105000,,
2024-09-26,38.812828063964844,39.650001525878906,41.20000076293945,39.099998474121094,39.099998474121094,316000,,
2024-09-27,39.546993255615234,40.400001525878906,40.599998474121094,39.5,40.0,151000,,
2024-09-30,40.281158447265625,41.150001525878906,42.400001525878906,40.0,40.400001525878906,407000,,
2024-10-01,41.99420928955078,42.900001525878906,42.900001525878906,41.0,41.29999923706055,291000,,
2024-10-04,40.23221206665039,41.099998474121094,43.25,41.099998474121094,43.0,235000,,
2024-10-07,40.08537673950195,40.95000076293945,42.29999923706055,40.54999923706055,42.04999923706055,165000,,
2024-10-08,40.08537673950195,40.95000076293945,41.599998474121094,39.25,40.45000076293945,132000,,
2024-10-09,39.20438003540039,40.04999923706055,41.5,40.0,41.5,105000,,
2024-10-11,43.11992263793945,44.04999923706055,44.04999923706055,44.04999923706055,44.04999923706055,394000,,
2024-10-14,42.09209442138672,43.0,48.45000076293945,43.0,48.45000076293945,1540000,,
2024-10-15,42.48365020751953,43.400001525878906,46.5,43.099998474121094,43.349998474121094,603000,,
2024-10-16,43.16886520385742,44.099998474121094,44.95000076293945,43.20000076293945,43.5,248000,,
2024-10-17,41.700538635253906,42.599998474121094,45.54999923706055,41.900001525878906,44.849998474121094,478000,,
2024-10-18,39.93854522705078,40.79999923706055,43.400001525878906,40.5,43.150001525878906,227000,,
2024-10-21,40.52587890625,41.400001525878906,41.599998474121094,40.400001525878906,40.95000076293945,115000,,
2024-10-22,40.13432312011719,41.0,41.79999923706055,40.95000076293945,41.599998474121094,87000,,
2024-10-23,40.52587890625,41.400001525878906,42.900001525878906,41.04999923706055,41.45000076293945,195000,,
2024-10-24,39.498046875,40.349998474121094,41.75,40.29999923706055,41.75,151000,,
2024-10-25,39.15543746948242,40.0,40.95000076293945,39.79999923706055,40.75,96000,,
2024-10-28,38.519161224365234,39.349998474121094,40.099998474121094,38.95000076293945,40.099998474121094,84000,,
2024-10-29,38.02971649169922,38.849998474121094,39.400001525878906,37.70000076293945,39.349998474121094,165000,,
2024-10-30,37.93183135986328,38.75,39.650001525878906,38.5,38.5,71000,,
2024-11-01,38.176551818847656,39.0,39.25,38.5,38.79999923706055,31000,,
2024-11-04,38.32338333129883,39.150001525878906,39.70000076293945,38.599998474121094,39.099998474121094,31000,,
2024-11-05,38.27444076538086,39.099998474121094,40.0,38.5,40.0,46000,,
2024-11-06,37.54027557373047,38.349998474121094,39.04999923706055,38.29999923706055,39.04999923706055,56000,,
2024-11-07,37.980770111083984,38.79999923706055,39.349998474121094,37.5,38.29999923706055,172000,,
2024-11-08,38.176551818847656,39.0,39.0,38.0,38.349998474121094,89000,,
2024-11-11,35.974056243896484,36.75,39.25,36.599998474121094,39.25,232000,,
2024-11-12,36.3656120300293,37.150001525878906,38.0,36.70000076293945,36.79999923706055,97000,,
2024-11-13,36.95294189453125,37.75,38.900001525878906,37.099998474121094,37.150001525878906,84000,,
2024-11-14,36.5613899230957,37.349998474121094,38.45000076293945,37.349998474121094,38.45000076293945,41000,,
2024-11-15,36.26771926879883,37.04999923706055,38.400001525878906,37.04999923706055,37.45000076293945,77000,,
2024-11-18,35.77827835083008,36.54999923706055,37.099998474121094,35.70000076293945,36.75,96000,,
2024-11-19,37.54027557373047,38.349998474121094,38.5,36.599998474121094,36.599998474121094,98000,,
2024-11-20,37.09977722167969,37.900001525878906,38.5,37.900001525878906,38.400001525878906,59262,,
2024-11-21,37.05083084106445,37.849998474121094,38.20000076293945,37.349998474121094,37.349998474121094,39000,,
2024-11-22,37.14872360229492,37.95000076293945,38.599998474121094,37.95000076293945,37.95000076293945,85000,,
2024-11-25,37.24660873413086,38.04999923706055,38.70000076293945,37.650001525878906,38.70000076293945,27000,,
2024-11-26,36.85505676269531,37.650001525878906,38.099998474121094,37.20000076293945,38.099998474121094,90000,,
2024-11-27,36.3656120300293,37.150001525878906,38.0,37.150001525878906,37.349998474121094,79000,,
2024-11-28,36.3656120300293,37.150001525878906,37.70000076293945,36.5,37.70000076293945,41000,,
2024-11-29,36.41455841064453,37.20000076293945,37.20000076293945,37.0,37.0,18000,,
2024-12-02,36.07194519042969,36.849998474121094,37.79999923706055,36.599998474121094,37.70000076293945,39000,,
2024-12-03,36.61033248901367,37.400001525878906,37.45000076293945,37.0,37.099998474121094,48000,,
2024-12-04,36.61033248901367,37.400001525878906,37.599998474121094,37.0,37.29999923706055,23000,,
2024-12-05,36.95294189453125,37.75,38.20000076293945,37.5,37.5,27000,,
2024-12-06,37.19766616821289,38.0,38.349998474121094,37.599998474121094,38.0,46000,,
2024-12-09,37.93183135986328,38.75,38.900001525878906,38.0,38.349998474121094,85000,,
2024-12-10,38.176551818847656,39.0,40.20000076293945,38.75,39.75,263000,,
2024-12-11,37.73604965209961,38.54999923706055,39.5,38.349998474121094,38.349998474121094,65000,,
2024-12-12,37.88288497924805,38.70000076293945,39.75,38.599998474121094,39.75,19000,,
2024-12-13,36.80611038208008,37.599998474121094,38.5,37.5,38.5,77000,,
2024-12-16,36.31666564941406,37.099998474121094,37.95000076293945,37.099998474121094,37.29999923706055,52000,,
2024-12-17,36.31666564941406,37.099998474121094,37.900001525878906,37.099998474121094,37.900001525878906,18000,,
2024-12-18,36.51244354248047,37.29999923706055,37.45000076293945,36.29999923706055,36.599998474121094,36000,,
2024-12-19,36.4635009765625,37.25,37.54999923706055,36.650001525878906,36.650001525878906,17000,,
2024-12-20,35.82722473144531,36.599998474121094,37.25,36.599998474121094,36.599998474121094,53000,,
2024-12-23,37.19766616821289,38.0,38.0,36.79999923706055,36.79999923706055,63000,,
2024-12-24,36.708221435546875,37.5,38.0,37.5,38.0,17000,,
2024-12-25,36.169837951660156,36.95000076293945,37.70000076293945,36.5,37.099998474121094,37000,,
2024-12-26,36.4635009765625,37.25,37.599998474121094,36.70000076293945,36.79999923706055,60000,,
2024-12-27,36.51244354248047,37.29999923706055,37.29999923706055,37.0,37.25,16000,,
2024-12-30,36.5613899230957,37.349998474121094,37.5,37.20000076293945,37.45000076293945,12000,,
2024-12-31,37.05083084106445,37.849998474121094,37.900001525878906,37.25,37.45000076293945,19000,,
2025-01-02,36.95294189453125,37.75,38.04999923706055,37.5,37.5,53000,,
2025-01-03,37.19766616821289,38.0,38.75,37.0,38.099998474121094,33000,,
2025-01-06,37.19766616821289,38.0,38.20000076293945,37.79999923706055,38.0,39000,,
2025-01-07,37.29555130004883,38.099998474121094,38.099998474121094,37.650001525878906,38.0,23000,,
2025-01-08,37.54027557373047,38.349998474121094,38.75,38.099998474121094,38.099998474121094,65000,,
2025-01-09,37.05083084106445,37.849998474121094,38.900001525878906,37.70000076293945,38.04999923706055,66000,,
2025-01-10,37.63816452026367,38.45000076293945,40.20000076293945,37.900001525878906,39.0,165000,,
2025-01-13,35.87617111206055,36.650001525878906,38.20000076293945,36.650001525878906,38.20000076293945,46000,,
2025-01-14,36.02299880981445,36.79999923706055,37.599998474121094,36.599998474121094,36.650001525878906,17000,,
2025-01-15,35.974056243896484,36.75,37.0,36.75,37.0,13000,,
2025-01-16,36.02299880981445,36.79999923706055,37.0,36.75,36.75,15000,,
2025-01-17,36.3656120300293,37.150001525878906,37.5,36.79999923706055,37.5,5000,,
2025-01-20,37.14872360229492,37.95000076293945,37.150001525878906,36.349998474121094,37.150001525878906,46000,,
2025-01-21,36.26771926879883,37.04999923706055,37.349998474121094,36.5,37.349998474121094,21000,,
2025-01-22,35.77827835083008,36.54999923706055,37.349998474121094,36.54999923706055,36.54999923706055,49000,,
2025-02-03,36.708221435546875,37.5,37.70000076293945,36.54999923706055,36.54999923706055,26000,,
2025-02-04,36.85505676269531,37.650001525878906,40.0,37.54999923706055,37.900001525878906,95000,,
2025-02-05,36.90400314331055,37.70000076293945,38.599998474121094,37.650001525878906,38.5,47240,,
2025-02-06,36.61033248901367,37.400001525878906,37.95000076293945,37.099998474121094,37.95000076293945,24000,,
2025-02-07,36.708221435546875,37.5,38.099998474121094,37.29999923706055,37.400001525878906,26003,,
2025-02-10,37.19766616821289,38.0,38.400001525878906,37.5,37.5,50003,,
2025-02-11,37.19766616821289,38.0,38.29999923706055,37.25,38.29999923706055,41110,,
2025-02-12,36.5613899230957,37.349998474121094,37.900001525878906,37.349998474121094,37.5,49100,,
2025-02-13,37.05083084106445,37.849998474121094,38.0,37.79999923706055,38.0,9000,,
2025-02-14,36.757164001464844,37.54999923706055,38.29999923706055,37.45000076293945,37.900001525878906,41000,,
2025-02-17,36.659278869628906,37.45000076293945,37.599998474121094,37.29999923706055,37.599998474121094,28000,,
2025-02-18,36.659278869628906,37.45000076293945,38.0,37.20000076293945,37.45000076293945,55025,,
2025-02-19,36.31666564941406,37.099998474121094,37.54999923706055,37.04999923706055,37.5,43000,,
2025-02-20,36.3656120300293,37.150001525878906,37.5,37.099998474121094,37.099998474121094,19000,,
2025-02-21,37.09977722167969,37.900001525878906,38.70000076293945,37.70000076293945,37.79999923706055,140026,,
2025-02-24,37.14872360229492,37.95000076293945,38.20000076293945,37.5,37.849998474121094,30120,,
2025-02-25,37.19766616821289,38.0,38.0,37.650001525878906,37.900001525878906,36348,,
2025-02-26,37.19766616821289,38.0,38.29999923706055,38.0,38.0,33000,,
2025-02-27,37.63816452026367,38.45000076293945,38.5,37.900001525878906,38.0,90153,,
2025-03-03,41.357933044433594,42.25,42.25,41.95000076293945,41.95000076293945,386214,,
2025-03-04,38.76388168334961,39.599998474121094,46.45000076293945,39.400001525878906,44.0,3621464,,
2025-03-05,39.05754852294922,39.900001525878906,40.45000076293945,39.0,39.25,441250,,
2025-03-06,37.93183135986328,38.75,39.79999923706055,38.75,39.79999923706055,207000,,
2025-03-07,37.88288497924805,38.70000076293945,39.400001525878906,38.29999923706055,38.75,106528,,
2025-03-10,38.27444076538086,39.099998474121094,39.70000076293945,38.54999923706055,38.70000076293945,101100,,
2025-03-11,40.036434173583984,40.900001525878906,41.400001525878906,39.79999923706055,41.0,554322,,
2025-03-12,39.64488220214844,40.5,41.5,40.29999923706055,41.5,233340,,
2025-03-13,39.4001579284668,40.25,41.25,40.25,40.5,266000,,
2025-03-14,39.84065628051758,40.70000076293945,40.95000076293945,40.25,40.29999923706055,104235,,
2025-03-17,39.93854522705078,40.79999923706055,41.0,40.0,40.95000076293945,157460,,
2025-03-18,39.69382095336914,40.54999923706055,41.0,40.25,40.95000076293945,70001,,
2025-03-19,39.449100494384766,40.29999923706055,40.75,40.25,40.54999923706055,110000,,
2025-03-20,39.64488220214844,40.5,41.0,40.45000076293945,40.900001525878906,102000,,
2025-03-21,40.52587890625,41.400001525878906,41.599998474121094,40.599998474121094,40.70000076293945,275837,,
2025-03-24,41.553707122802734,42.45000076293945,45.400001525878906,41.75,42.0,758020,,
2025-03-25,41.16215133666992,42.04999923706055,42.79999923706055,41.0,42.70000076293945,237640,,
2025-03-26,40.036434173583984,40.900001525878906,42.400001525878906,40.70000076293945,41.599998474121094,189000,,
2025-03-27,44.00092315673828,44.95000076293945,44.95000076293945,40.75,40.75,1174203,,
2025-03-28,41.357933044433594,42.25,49.400001525878906,41.79999923706055,45.79999923706055,7813260,,
2025-03-31,38.176551818847656,39.0,43.0,38.599998474121094,41.849998474121094,1234141,,
2025-04-01,40.13432312011719,41.0,42.5,39.400001525878906,39.400001525878906,616120,,
2025-04-02,41.11320877075195,42.0,42.45000076293945,40.650001525878906,40.95000076293945,287440,,
2025-04-07,37.00188446044922,37.79999923706055,37.79999923706055,37.79999923706055,37.79999923706055,266000,,
2025-04-08,35.19095230102539,35.95000076293945,36.20000076293945,34.04999923706055,34.04999923706055,703870,,
2025-04-09,31.715906143188477,32.400001525878906,35.29999923706055,32.400001525878906,34.75,455000,,
2025-04-10,34.84833908081055,35.599998474121094,35.599998474121094,34.849998474121094,35.54999923706055,345120,,
2025-04-11,34.603614807128906,35.349998474121094,35.599998474121094,32.099998474121094,33.70000076293945,244205,,
2025-04-14,34.01628494262695,34.75,37.599998474121094,34.75,36.25,215643,,
2025-04-15,35.239891052246094,36.0,36.04999923706055,34.599998474121094,34.599998474121094,117696,,
2025-04-16,35.925113677978516,36.70000076293945,38.0,36.20000076293945,36.75,315190,,
2025-04-17,35.19095230102539,35.95000076293945,36.75,35.45000076293945,36.70000076293945,108375,,
2025-04-18,35.925113677978516,36.70000076293945,37.79999923706055,36.0,36.0,100500,,
2025-04-21,35.58250045776367,36.349998474121094,37.5,36.099998474121094,37.099998474121094,177000,,
2025-04-22,35.3377799987793,36.099998474121094,37.099998474121094,35.5,35.70000076293945,141000,,
2025-04-23,36.07194519042969,36.849998474121094,38.0,36.5,36.70000076293945,180300,,
2025-04-24,35.82722473144531,36.599998474121094,37.099998474121094,36.29999923706055,36.849998474121094,88000,,
2025-04-25,35.87617111206055,36.650001525878906,37.29999923706055,36.5,37.099998474121094,128120,,
2025-04-28,36.169837951660156,36.95000076293945,37.150001525878906,36.599998474121094,36.650001525878906,62000,,
2025-04-29,36.85505676269531,37.650001525878906,37.650001525878906,36.849998474121094,37.20000076293945,146497,,
2025-04-30,37.34449768066406,38.150001525878906,40.400001525878906,37.79999923706055,37.79999923706055,345501,,
2025-05-02,39.253326416015625,40.099998474121094,41.95000076293945,38.599998474121094,38.599998474121094,1357240,,
2025-05-05,39.498046875,40.349998474121094,43.0,39.849998474121094,41.099998474121094,813300,,
2025-05-06,42.04315185546875,42.95000076293945,43.79999923706055,39.70000076293945,39.70000076293945,721000,,
2025-05-07,41.553707122802734,42.45000076293945,43.900001525878906,41.650001525878906,43.0,366000,,
2025-05-08,41.74948501586914,42.650001525878906,43.25,42.20000076293945,43.0,258200,,
2025-05-09,41.11320877075195,42.0,44.79999923706055,42.0,44.400001525878906,812960,,
2025-05-12,38.42127227783203,39.25,40.150001525878906,38.29999923706055,38.54999923706055,622062,,
2025-05-13,39.05754852294922,39.900001525878906,40.45000076293945,39.099998474121094,40.45000076293945,311060,,
2025-05-14,38.959659576416016,39.79999923706055,40.29999923706055,39.54999923706055,40.099998474121094,99200,,
2025-05-15,38.665992736816406,39.5,40.099998474121094,39.29999923706055,39.79999923706055,140151,,
2025-05-16,38.3723258972168,39.20000076293945,41.0,38.75,39.54999923706055,349199,,
2025-05-19,39.84065628051758,40.70000076293945,41.849998474121094,39.150001525878906,39.150001525878906,342100,,
2025-05-20,40.08537673950195,40.95000076293945,42.79999923706055,40.75,41.54999923706055,424041,,
2025-05-21,41.211097717285156,42.099998474121094,42.79999923706055,40.599998474121094,41.75,393005,,
2025-05-22,41.015323638916016,41.900001525878906,43.20000076293945,41.45000076293945,42.04999923706055,358120,,
2025-05-23,40.476932525634766,41.349998474121094,42.29999923706055,41.04999923706055,42.0,38600,,
2025-05-26,38.665992736816406,39.5,41.599998474121094,39.5,41.599998474121094,211081,,
2025-05-27,38.32338333129883,39.150001525878906,40.20000076293945,39.04999923706055,40.20000076293945,99400,,
2025-05-28,37.93183135986328,38.75,40.0,38.599998474121094,39.45000076293945,98219,,
2025-05-29,37.73604965209961,38.54999923706055,38.900001525878906,38.5,38.79999923706055,109065,,
2025-06-02,37.05083084106445,37.849998474121094,38.20000076293945,37.54999923706055,38.0,129120,,
2025-06-03,36.659278869628906,37.45000076293945,38.0,37.400001525878906,37.900001525878906,97081,,
2025-06-04,36.757164001464844,37.54999923706055,38.20000076293945,37.54999923706055,38.20000076293945,63000,,
2025-06-05,36.80611038208008,37.599998474121094,39.20000076293945,37.599998474121094,37.599998474121094,37033,,
2025-06-06,37.29555130004883,38.099998474121094,38.400001525878906,37.5,37.5,18200,,
2025-06-09,36.90400314331055,37.70000076293945,38.400001525878906,37.54999923706055,38.20000076293945,66420,,
2025-06-10,36.90400314331055,37.70000076293945,38.04999923706055,37.599998474121094,37.70000076293945,36431,,
2025-06-11,36.659278869628906,37.45000076293945,38.0,37.45000076293945,37.900001525878906,107300,,
2025-06-12,36.659278869628906,37.45000076293945,38.400001525878906,37.29999923706055,37.5,102200,,
2025-06-13,35.82722473144531,36.599998474121094,37.25,36.599998474121094,37.20000076293945,141342,,
2025-06-16,35.82722473144531,36.599998474121094,36.75,35.29999923706055,36.599998474121094,54300,,
2025-06-17,35.3377799987793,36.099998474121094,36.70000076293945,36.099998474121094,36.54999923706055,56000,,
2025-06-18,36.12089157104492,36.900001525878906,37.29999923706055,36.25,36.900001525878906,84300,,
2025-06-19,35.04411315917969,35.79999923706055,37.349998474121094,35.5,37.349998474121094,112114,,
2025-06-20,34.94622802734375,35.70000076293945,36.70000076293945,35.650001525878906,35.849998474121094,74400,,
2025-06-23,34.94622802734375,35.70000076293945,36.20000076293945,35.04999923706055,35.04999923706055,37010,,
2025-06-24,35.435672760009766,36.20000076293945,36.599998474121094,35.70000076293945,35.70000076293945,39464,,
2025-06-25,36.26771926879883,37.04999923706055,37.849998474121094,36.20000076293945,36.20000076293945,101023,,
2025-06-26,36.80611038208008,37.599998474121094,38.150001525878906,37.5,37.5,84300,,
2025-06-27,37.19766616821289,38.0,38.45000076293945,37.25,38.45000076293945,83120,,
2025-06-30,36.708221435546875,37.5,38.5,36.849998474121094,38.5,80240,,
2025-07-01,36.80611038208008,37.599998474121094,38.099998474121094,37.150001525878906,38.099998474121094,26000,,
2025-07-02,37.00188446044922,37.79999923706055,37.79999923706055,37.0,37.04999923706055,35000,,
2025-07-03,36.26771926879883,37.04999923706055,37.650001525878906,37.0,37.5,59254,,
2025-07-04,36.02299880981445,36.79999923706055,37.849998474121094,36.599998474121094,36.900001525878906,61285,,
2025-07-07,36.12089157104492,36.900001525878906,37.150001525878906,36.400001525878906,36.400001525878906,11000,,
2025-07-08,36.169837951660156,36.95000076293945,37.5,36.599998474121094,36.900001525878906,26325,,
2025-07-09,36.5613899230957,37.349998474121094,38.099998474121094,36.900001525878906,36.95000076293945,25000,,
2025-07-10,36.808048248291016,37.099998474121094,37.79999923706055,36.400001525878906,36.79999923706055,21000,,
2025-07-11,36.4608039855957,36.75,37.400001525878906,36.04999923706055,36.70000076293945,81030,,
2025-07-14,35.518280029296875,35.79999923706055,37.54999923706055,35.79999923706055,36.75,83880,,
2025-07-15,36.014347076416016,36.29999923706055,36.54999923706055,35.79999923706055,35.79999923706055,36500,,
2025-07-16,35.617496490478516,35.900001525878906,36.54999923706055,35.900001525878906,36.0,38300,,
2025-07-17,35.4190673828125,35.70000076293945,36.45000076293945,35.349998474121094,35.349998474121094,45360,,
2025-07-18,35.81591796875,36.099998474121094,36.54999923706055,35.5,35.70000076293945,55200,,
2025-07-21,35.319854736328125,35.599998474121094,36.099998474121094,35.54999923706055,35.900001525878906,32165,,
2025-07-22,34.3773307800293,34.650001525878906,35.70000076293945,32.5,35.599998474121094,242630,,
2025-07-23,34.72457504272461,35.0,35.0,34.0,34.900001525878906,39000,,
2025-07-24,34.426937103271484,34.70000076293945,35.04999923706055,34.0,35.04999923706055,55100,,
2025-07-25,33.78205108642578,34.04999923706055,35.20000076293945,34.04999923706055,35.20000076293945,39459,,
2025-07-28,33.137168884277344,33.400001525878906,34.25,33.349998474121094,34.04999923706055,82062,,
2025-07-29,32.74031448364258,33.0,33.5,32.599998474121094,33.45000076293945,62000,,
2025-07-30,33.93087387084961,34.20000076293945,34.79999923706055,33.0,33.0,31125,,
2025-07-31,33.43480682373047,33.70000076293945,34.0,33.599998474121094,34.0,17129,,
2025-08-04,33.58362579345703,33.849998474121094,34.599998474121094,32.599998474121094,33.70000076293945,54577,,
2025-08-05,33.83165740966797,34.099998474121094,34.349998474121094,33.70000076293945,33.900001525878906,20160,,
2025-08-06,33.58362579345703,33.849998474121094,34.400001525878906,33.849998474121094,34.400001525878906,9556,,
2025-08-07,33.732444763183594,34.0,34.75,33.599998474121094,33.70000076293945,28000,,
2025-08-08,33.18677520751953,33.45000076293945,33.849998474121094,33.400001525878906,33.79999923706055,40770,,
2025-08-11,33.534019470214844,33.79999923706055,34.099998474121094,33.099998474121094,33.099998474121094,14200,,
2025-08-12,33.08755874633789,33.349998474121094,33.5,33.150001525878906,33.349998474121094,24200,,
2025-08-13,32.83952713012695,33.099998474121094,33.849998474121094,33.04999923706055,33.20000076293945,52026,,
2025-08-14,32.34346008300781,32.599998474121094,33.099998474121094,32.29999923706055,33.099998474121094,85120,,
2025-08-15,32.34346008300781,32.599998474121094,33.25,31.75,31.75,90001,,
2025-08-18,32.34346008300781,32.599998474121094,33.150001525878906,32.349998474121094,32.599998474121094,30095,,
2025-08-19,33.83165740966797,34.099998474121094,34.599998474121094,32.349998474121094,32.349998474121094,107060,,
2025-08-20,33.534019470214844,33.79999923706055,34.45000076293945,33.79999923706055,33.900001525878906,31529,,
2025-08-21,33.682838439941406,33.95000076293945,34.400001525878906,32.900001525878906,33.04999923706055,60200,,
2025-08-22,33.9804801940918,34.25,34.400001525878906,33.099998474121094,33.099998474121094,41320,,
2025-08-25,32.83952713012695,33.099998474121094,34.25,33.099998474121094,34.20000076293945,52319,,
2025-08-26,32.83952713012695,33.099998474121094,33.150001525878906,32.599998474121094,32.75,27100,,
2025-08-27,32.83952713012695,33.099998474121094,33.599998474121094,33.0,33.04999923706055,31208,,
2025-08-28,32.591495513916016,32.849998474121094,33.349998474121094,32.70000076293945,33.099998474121094,37209,,
2025-08-29,32.74031448364258,33.0,33.0,32.650001525878906,32.79999923706055,27360,,
2025-09-01,32.54188919067383,32.79999923706055,33.25,32.599998474121094,32.599998474121094,40240,,
2025-09-02,33.23638153076172,33.5,33.70000076293945,32.70000076293945,32.70000076293945,62100,,
2025-09-03,33.23638153076172,33.5,34.0,33.349998474121094,34.0,31000,,
2025-09-04,33.23638153076172,33.5,34.400001525878906,33.5,33.5,49200,,
2025-09-05,33.38520050048828,33.650001525878906,34.0,33.5,33.599998474121094,44200,,
2025-09-08,34.32772445678711,34.599998474121094,35.0,33.79999923706055,35.0,45300,,
2025-09-09,34.32772445678711,34.599998474121094,34.70000076293945,33.70000076293945,34.599998474121094,33100,,
2025-09-10,33.83165740966797,34.099998474121094,34.95000076293945,33.70000076293945,33.900001525878906,48300,,
2025-09-11,33.732444763183594,34.0,34.0,33.150001525878906,34.0,51720,,
2025-09-12,33.732444763183594,34.0,34.349998474121094,33.5,34.0,35464,,
2025-09-15,34.228511810302734,34.5,34.650001525878906,33.349998474121094,34.25,60000,,
2025-09-16,33.534019470214844,33.79999923706055,34.5,33.54999923706055,34.5,31000,,
2025-09-17,32.83952713012695,33.099998474121094,34.150001525878906,32.599998474121094,34.150001525878906,72000,,
2025-09-18,32.74031448364258,33.0,33.099998474121094,32.849998474121094,33.099998474121094,33120,,
2025-09-19,33.08755874633789,33.349998474121094,33.349998474121094,33.0,33.0,33000,,
2025-09-22,33.43480682373047,33.70000076293945,34.150001525878906,33.70000076293945,33.95000076293945,48000,,
2025-09-23,33.137168884277344,33.400001525878906,33.79999923706055,33.0,33.79999923706055,33000,,
2025-09-24,33.285987854003906,33.54999923706055,33.79999923706055,33.400001525878906,33.54999923706055,54000,,
2025-09-25,33.137168884277344,33.400001525878906,33.54999923706055,33.400001525878906,33.54999923706055,29121,,
2025-09-26,33.137168884277344,33.400001525878906,33.70000076293945,32.95000076293945,33.04999923706055,61068,,
2025-09-30,32.938743591308594,33.20000076293945,33.400001525878906,32.79999923706055,33.400001525878906,13000,,
2025-10-01,33.484413146972656,33.75,34.20000076293945,33.599998474121094,33.650001525878906,110000,,
2025-10-02,33.33559036254883,33.599998474121094,33.70000076293945,33.5,33.70000076293945,26120,,
2025-10-03,33.732444763183594,34.0,34.20000076293945,33.29999923706055,34.20000076293945,26120,,
2025-10-07,34.12929916381836,34.400001525878906,34.5,33.29999923706055,34.0,55000,,
2025-10-08,34.03008270263672,34.29999923706055,34.400001525878906,33.54999923706055,34.29999923706055,19060,,
2025-10-09,33.93087387084961,34.20000076293945,34.400001525878906,34.04999923706055,34.400001525878906,14001,,
2025-10-13,32.938743591308594,33.20000076293945,34.20000076293945,33.099998474121094,34.20000076293945,18170,,
2025-10-14,33.23638153076172,33.5,33.5,32.900001525878906,33.29999923706055,53120,,
2025-10-15,33.08755874633789,33.349998474121094,33.5,33.0,33.20000076293945,26310,,
2025-10-16,32.83952713012695,33.099998474121094,33.5,32.900001525878906,33.5,18000,,
2025-10-17,33.08755874633789,33.349998474121094,33.79999923706055,32.849998474121094,32.849998474121094,48059,,
2025-10-20,34.87339782714844,35.150001525878906,36.650001525878906,33.400001525878906,34.29999923706055,335000,,
2025-10-21,33.732444763183594,34.0,35.5,34.0,35.04999923706055,92500,,
2025-10-22,33.33559036254883,33.599998474121094,34.099998474121094,33.54999923706055,34.0,46510,,
2025-10-23,33.93087387084961,34.20000076293945,34.349998474121094,33.599998474121094,33.599998474121094,29220,,
2025-10-27,33.682838439941406,33.95000076293945,35.20000076293945,33.79999923706055,35.20000076293945,49300,,
2025-10-28,33.633235931396484,33.900001525878906,34.150001525878906,33.70000076293945,33.900001525878906,25300,,
2025-10-29,33.9804801940918,34.25,34.650001525878906,34.04999923706055,34.54999923706055,34000,,
2025-10-30,34.079689025878906,34.349998474121094,34.75,33.900001525878906,34.75,88000,,
2025-10-31,34.47654342651367,34.75,34.95000076293945,34.349998474121094,34.349998474121094,27765,,
2025-11-03,34.228511810302734,34.5,35.45000076293945,34.45000076293945,35.45000076293945,23000,,
2025-11-04,33.484413146972656,33.75,34.5,33.75,34.5,27000,,
2025-11-05,33.285987854003906,33.54999923706055,33.75,33.25,33.75,11000,,
2025-11-06,33.33559036254883,33.599998474121094,33.599998474121094,33.5,33.599998474121094,13054,,
2025-11-07,33.33559036254883,33.599998474121094,33.599998474121094,33.599998474121094,33.599998474121094,0,,
2025-11-10,33.43480682373047,33.70000076293945,34.900001525878906,33.349998474121094,34.900001525878906,29004,,
2025-11-11,32.83952713012695,33.099998474121094,33.95000076293945,32.79999923706055,33.5,50180,,
2025-11-12,32.938743591308594,33.20000076293945,33.5,33.099998474121094,33.5,12070,,
2025-11-13,32.14503860473633,32.400001525878906,33.20000076293945,32.0,32.599998474121094,61130,,
2025-11-14,31.54975700378418,31.799999237060547,32.099998474121094,30.149999618530273,32.099998474121094,168000,,
2025-11-17,30.855266571044922,31.100000381469727,32.0,31.100000381469727,32.0,52000,,
2025-11-18,30.65683937072754,30.899999618530273,31.399999618530273,30.5,30.549999237060547,63000,,
2025-11-19,29.96234893798828,30.200000762939453,31.0,30.149999618530273,30.950000762939453,38000,,
2025-11-20,30.756053924560547,31.0,31.600000381469727,30.899999618530273,30.899999618530273,10000,,
2025-11-21,30.65683937072754,30.899999618530273,31.0,30.0,31.0,28000,,
2025-11-24,31.004085540771484,31.25,31.350000381469727,31.149999618530273,31.299999237060547,33000,,
2025-11-25,30.756053924560547,31.0,31.350000381469727,30.700000762939453,31.200000762939453,18000,,
2025-11-26,30.756053924560547,31.0,31.100000381469727,30.450000762939453,31.100000381469727,11000,,
2025-11-27,30.359201431274414,30.600000381469727,30.75,30.5,30.5,23120,,
2025-11-28,30.359201431274414,30.600000381469727,30.950000762939453,30.299999237060547,30.299999237060547,11120,,
2025-12-01,30.70644760131836,30.950000762939453,31.5,30.950000762939453,31.5,28000,,
2025-12-02,30.8056583404541,31.049999237060547,31.25,31.0,31.0,37200,,
2025-12-03,30.8056583404541,31.049999237060547,31.049999237060547,30.600000381469727,31.049999237060547,12000,,
2025-12-04,30.557626724243164,30.799999237060547,30.799999237060547,30.0,30.0,23010,,
2025-12-05,29.863136291503906,30.100000381469727,30.850000381469727,29.950000762939453,30.5,175243,,
2025-12-08,29.863136291503906,30.100000381469727,30.75,29.899999618530273,30.75,158600,,
2025-12-09,29.863136291503906,30.100000381469727,30.600000381469727,29.950000762939453,30.600000381469727,18000,,
2025-12-10,29.863136291503906,30.100000381469727,30.100000381469727,29.799999237060547,30.049999237060547,17120,,
2025-12-11,29.76392364501953,30.0,30.149999618530273,29.649999618530273,30.100000381469727,62000,,
2025-12-12,29.912742614746094,30.149999618530273,30.600000381469727,29.950000762939453,30.0,18000,,
2025-12-15,30.061561584472656,30.299999237060547,30.899999618530273,30.100000381469727,30.149999618530273,26001,,
2025-12-16,29.813528060913086,30.049999237060547,31.0,30.049999237060547,30.600000381469727,74000,,
2025-12-17,29.813528060913086,30.049999237060547,30.600000381469727,30.0,30.600000381469727,15120,,
2025-12-18,30.21038246154785,30.450000762939453,30.5,30.0,30.0,22000,,
2025-12-19,30.359201431274414,30.600000381469727,30.700000762939453,30.600000381469727,30.649999618530273,10000,,
2025-12-22,30.111167907714844,30.350000381469727,30.350000381469727,30.350000381469727,30.350000381469727,7120,,
2025-12-23,30.16077423095703,30.399999618530273,30.799999237060547,30.399999618530273,30.799999237060547,17000,,
2025-12-24,30.16077423095703,30.399999618530273,30.799999237060547,30.399999618530273,30.75,3000,,
2025-12-26,30.16077423095703,30.399999618530273,30.5,29.950000762939453,30.25,18120,,
2025-12-29,30.16077423095703,30.399999618530273,30.75,30.049999237060547,30.75,21845,,
2025-12-30,30.16077423095703,30.399999618530273,30.399999618530273,30.399999618530273,30.399999618530273,0,,
2025-12-31,29.76392364501953,30.0,30.299999237060547,29.899999618530273,30.299999237060547,45300,,
2026-01-02,29.76392364501953,30.0,30.350000381469727,29.600000381469727,30.299999237060547,53001,,
2026-01-05,28.771791458129883,29.0,29.950000762939453,29.0,29.950000762939453,74041,,
2026-01-06,27.92848014831543,28.149999618530273,29.350000381469727,28.149999618530273,29.0,73000,,
2026-01-07,27.92848014831543,28.149999618530273,28.600000381469727,27.700000762939453,28.399999618530273,86360,,
2026-01-08,27.233989715576172,27.450000762939453,28.899999618530273,27.299999237060547,28.899999618530273,78001,,
2026-01-09,29.912742614746094,30.149999618530273,30.149999618530273,27.399999618530273,27.399999618530273,105100,,
2026-01-12,30.508020401000977,30.75,33.0,30.25,33.0,214043,,
2026-01-13,31.54975700378418,31.799999237060547,31.950000762939453,30.450000762939453,31.299999237060547,109126,,
2026-01-14,32.14503860473633,32.400001525878906,33.099998474121094,31.700000762939453,33.0,99100,,
2026-01-15,32.095428466796875,32.349998474121094,32.5,31.5,32.5,27200,,
2026-01-16,32.393070220947266,32.650001525878906,33.0,32.0,32.349998474121094,57000,,
2026-01-19,32.54188919067383,32.79999923706055,32.900001525878906,31.799999237060547,32.150001525878906,30001,,
2026-01-20,32.04582214355469,32.29999923706055,32.70000076293945,31.899999618530273,32.70000076293945,32360,,
2026-01-21,30.8056583404541,31.049999237060547,32.29999923706055,30.850000381469727,32.29999923706055,40000,,
2026-01-22,31.252119064331055,31.5,31.549999237060547,30.299999237060547,30.350000381469727,37000,,
2026-01-23,31.648971557617188,31.899999618530273,32.04999923706055,31.600000381469727,31.600000381469727,20112,,
2026-01-26,31.946611404418945,32.20000076293945,32.29999923706055,31.200000762939453,31.5,44200,,
2026-01-27,31.54975700378418,31.799999237060547,32.0,31.149999618530273,31.799999237060547,12200,,
2026-01-28,31.450546264648438,31.700000762939453,31.700000762939453,31.350000381469727,31.350000381469727,20000,,
2026-01-29,31.599365234375,31.850000381469727,31.899999618530273,31.100000381469727,31.850000381469727,10000,,
2026-01-30,31.500150680541992,31.75,31.899999618530273,31.0,31.0,42320,,
2026-02-02,30.061561584472656,30.299999237060547,31.600000381469727,30.299999237060547,31.100000381469727,16200,,
2026-02-03,30.607234954833984,30.850000381469727,33.29999923706055,30.799999237060547,31.950000762939453,165088,,
2026-02-04,31.301725387573242,31.549999237060547,31.700000762939453,30.0,30.0,43000,,
2026-02-05,30.855266571044922,31.100000381469727,31.450000762939453,30.5,30.700000762939453,20000,,
2026-02-06,29.863136291503906,30.100000381469727,30.950000762939453,29.899999618530273,30.850000381469727,23140,,
2026-02-09,31.35133171081543,31.600000381469727,33.0,30.600000381469727,32.099998474121094,124800,,
2026-02-10,29.912742614746094,30.149999618530273,32.20000076293945,30.149999618530273,31.5,45355,,
2026-02-11,31.053691864013672,31.299999237060547,31.5,29.600000381469727,29.649999618530273,30021,,
2026-02-23,30.309593200683594,30.549999237060547,31.149999618530273,30.100000381469727,30.5,34077,,
2026-02-24,29.96234893798828,30.200000762939453,31.0,30.0,30.0,36000,,
2026-02-25,31.252119064331055,31.5,32.25,30.100000381469727,30.200000762939453,66000,,
2026-02-26,31.053691864013672,31.299999237060547,31.5,30.25,31.0,41000,,
2026-03-02,30.061561584472656,30.299999237060547,30.700000762939453,30.299999237060547,30.350000381469727,18139,,
2026-03-03,30.16077423095703,30.399999618530273,30.700000762939453,30.0,30.700000762939453,50131,,
2026-03-04,29.813528060913086,30.049999237060547,31.549999237060547,30.049999237060547,30.600000381469727,75035,,
2026-03-05,30.111167907714844,30.350000381469727,30.850000381469727,30.0,30.850000381469727,35000,,
2026-03-06,30.061561584472656,30.299999237060547,30.299999237060547,30.25,30.299999237060547,8000,,
2026-03-09,29.06943130493164,29.299999237060547,30.049999237060547,29.299999237060547,29.850000381469727,38102,,
2026-03-10,30.359201431274414,30.600000381469727,30.600000381469727,29.25,29.450000762939453,311000,,
2026-03-11,31.946611404418945,32.20000076293945,33.0,30.700000762939453,31.600000381469727,145000,,
2026-03-12,31.54975700378418,31.799999237060547,32.04999923706055,31.600000381469727,31.75,31090,,
2026-03-13,30.45841407775879,30.700000762939453,31.100000381469727,30.200000762939453,31.100000381469727,38001,,
2026-03-16,30.45841407775879,30.700000762939453,30.899999618530273,30.299999237060547,30.700000762939453,39000,,
2026-03-17,30.65683937072754,30.899999618530273,31.25,30.799999237060547,31.149999618530273,37000,,
2026-03-18,30.359201431274414,30.600000381469727,32.0,30.600000381469727,32.0,20000,,
2026-03-19,31.301725387573242,31.549999237060547,32.75,30.299999237060547,30.950000762939453,48002,,
2026-03-20,30.557626724243164,30.799999237060547,31.0,30.5,30.950000762939453,29017,,
2026-03-23,30.25998878479004,30.5,30.600000381469727,30.100000381469727,30.149999618530273,24000,,
2026-03-24,29.912742614746094,30.149999618530273,30.5,30.049999237060547,30.5,40000,,
2026-03-25,30.061561584472656,30.299999237060547,30.600000381469727,30.149999618530273,30.600000381469727,19000,,
2026-03-26,30.557626724243164,30.799999237060547,30.850000381469727,30.049999237060547,30.350000381469727,52000,,
2026-03-27,30.508020401000977,30.75,30.799999237060547,30.5,30.799999237060547,27000,,
2026-03-30,30.45841407775879,30.700000762939453,30.700000762939453,30.200000762939453,30.200000762939453,11132,,
2026-03-31,29.813528060913086,30.049999237060547,30.5,30.0,30.5,17000,,
2026-04-01,30.359201431274414,30.600000381469727,30.850000381469727,30.149999618530273,30.149999618530273,56000,,
2026-04-02,31.54975700378418,31.799999237060547,32.099998474121094,30.600000381469727,30.600000381469727,37254,,
2026-04-07,32.095428466796875,32.349998474121094,32.900001525878906,30.950000762939453,31.75,78000,,
2026-04-08,32.393070220947266,32.650001525878906,32.95000076293945,32.20000076293945,32.400001525878906,94560,,
2026-04-09,32.2442512512207,32.5,33.25,32.45000076293945,32.900001525878906,81000,,
2026-04-10,32.2442512512207,32.5,32.70000076293945,32.20000076293945,32.70000076293945,54100,,
2026-04-13,32.194644927978516,32.45000076293945,32.79999923706055,32.45000076293945,32.650001525878906,89030,,
2026-04-14,32.34346008300781,32.599998474121094,33.25,32.400001525878906,32.45000076293945,58075,,
2026-04-15,31.599365234375,31.850000381469727,32.5,31.850000381469727,32.5,58050,,
2026-04-16,31.946611404418945,32.20000076293945,32.95000076293945,31.950000762939453,32.54999923706055,57112,,
2026-04-17,31.79779052734375,32.04999923706055,32.45000076293945,32.0,32.29999923706055,55008,,
2026-04-20,32.14503860473633,32.400001525878906,33.5,32.400001525878906,32.95000076293945,49240,,
2026-04-21,31.996217727661133,32.25,32.54999923706055,32.0,32.54999923706055,42336,,
2026-04-22,32.14503860473633,32.400001525878906,32.70000076293945,32.349998474121094,32.400001525878906,24000,,
2026-04-23,32.095428466796875,32.349998474121094,32.5,31.850000381469727,32.400001525878906,54360,,
2026-04-24,32.095428466796875,32.349998474121094,32.70000076293945,32.25,32.70000076293945,32000,,
2026-04-27,32.095428466796875,32.349998474121094,32.70000076293945,32.150001525878906,32.349998474121094,70200,,
2026-04-28,31.79779052734375,32.04999923706055,32.349998474121094,32.0,32.25,41400,,
2026-04-29,31.847394943237305,32.099998474121094,32.70000076293945,32.0,32.099998474121094,38000,,
2026-04-30,32.095428466796875,32.349998474121094,32.599998474121094,30.899999618530273,32.29999923706055,52578,,
2026-05-04,31.599365234375,31.850000381469727,31.950000762939453,31.600000381469727,31.950000762939453,35646,,
2026-05-05,31.450546264648438,31.700000762939453,32.70000076293945,31.700000762939453,32.70000076293945,11300,,
2026-05-06,31.004085540771484,31.25,32.400001525878906,31.200000762939453,31.799999237060547,76200,,
2026-05-07,31.252119064331055,31.5,31.700000762939453,31.149999618530273,31.700000762939453,64100,,
2026-05-08,31.152904510498047,31.399999618530273,32.0,31.100000381469727,31.5,50000,,
2026-05-11,31.053691864013672,31.299999237060547,31.950000762939453,31.299999237060547,31.600000381469727,36024,,
2026-05-12,29.813528060913086,30.049999237060547,31.5,30.049999237060547,31.5,86744,,
2026-05-13,29.615102767944336,29.850000381469727,30.049999237060547,29.649999618530273,30.0,62557,,
2026-05-14,29.26785659790039,29.5,30.0,28.799999237060547,30.0,60030,,
2026-05-15,28.325332641601562,28.549999237060547,29.450000762939453,27.799999237060547,29.450000762939453,73090,,
2026-05-18,28.672578811645508,28.899999618530273,28.899999618530273,28.549999237060547,28.549999237060547,7880,,
2026-05-19,28.771791458129883,29.0,29.0,28.5,28.549999237060547,21137,,
2026-05-20,28.672578811645508,28.899999618530273,29.899999618530273,28.899999618530273,29.899999618530273,16000,,
2026-05-21,28.474153518676758,28.700000762939453,28.850000381469727,28.450000762939453,28.850000381469727,37002,,
2026-05-22,28.62297248840332,28.850000381469727,29.25,28.299999237060547,29.25,21093,,
2026-05-25,27.829267501831055,28.049999237060547,28.5,27.5,28.5,83240,,
2026-05-26,27.333202362060547,27.549999237060547,27.850000381469727,27.549999237060547,27.75,56000,,
2026-05-27,27.333202362060547,27.549999237060547,27.549999237060547,27.399999618530273,27.549999237060547,27240,,
2026-05-28,26.78753089904785,27.0,27.350000381469727,27.0,27.350000381469727,49000,,
2026-05-29,26.53949737548828,26.75,27.25,26.600000381469727,27.0,51087,,
2026-06-01,25.20012092590332,25.399999618530273,26.799999237060547,25.25,26.75,105021,,
2026-06-02,25.00169563293457,25.200000762939453,25.350000381469727,25.049999237060547,25.350000381469727,40120,,
2026-06-03,25.299333572387695,25.5,26.549999237060547,25.149999618530273,25.200000762939453,66000,,
2026-06-04,27.18438148498535,27.399999618530273,27.399999618530273,25.200000762939453,25.399999618530273,50469,,
2026-06-05,25.547367095947266,25.75,26.399999618530273,25.600000381469727,26.399999618530273,28000,,
2026-06-08,25.497760772705078,25.700000762939453,26.0,23.950000762939453,23.950000762939453,40000,,
2026-06-09,25.547367095947266,25.75,25.950000762939453,25.399999618530273,25.700000762939453,42050,,
2026-06-10,25.150514602661133,25.350000381469727,26.450000762939453,25.0,25.200000762939453,52000,,
2026-06-11,24.803268432617188,25.0,25.5,25.0,25.0,36000,,
2026-06-12,24.95208740234375,25.149999618530273,25.5,25.0,25.100000381469727,26000,,
2026-06-15,25.00169563293457,25.200000762939453,25.5,25.100000381469727,25.149999618530273,30664,,
2026-06-16,26.09303855895996,26.299999237060547,27.549999237060547,24.850000381469727,25.200000762939453,75020,,
2026-06-17,26.737924575805664,26.950000762939453,27.200000762939453,26.0,27.049999237060547,38100,,
2026-06-18,26.78753089904785,27.0,27.0,26.0,27.0,67100,,
2026-06-22,26.241859436035156,26.450000762939453,26.950000762939453,26.25,26.950000762939453,28000,,
2026-06-23,25.84500503540039,26.049999237060547,26.450000762939453,26.0,26.450000762939453,12000,,
2026-06-24,26.39067840576172,26.600000381469727,26.799999237060547,26.0,26.799999237060547,44075,,
2026-06-25,25.84500503540039,26.049999237060547,26.600000381469727,25.600000381469727,26.25,37200,,
2026-06-26,25.497760772705078,25.700000762939453,26.299999237060547,25.700000762939453,25.950000762939453,19000,,
2026-06-29,26.14264488220215,26.350000381469727,26.399999618530273,25.200000762939453,25.200000762939453,20300,,
2026-06-30,26.14264488220215,26.350000381469727,27.899999618530273,26.350000381469727,26.950000762939453,42360,,
2026-07-01,25.348939895629883,25.549999237060547,25.950000762939453,25.549999237060547,25.649999618530273,23000,,
2026-07-02,25.497760772705078,25.700000762939453,25.850000381469727,25.399999618530273,25.399999618530273,11000,,
2026-07-03,25.348939895629883,25.549999237060547,25.75,25.549999237060547,25.700000762939453,5000,,
2026-07-06,25.20012092590332,25.399999618530273,25.899999618530273,25.350000381469727,25.350000381469727,16000,,
2026-07-07,24.108776092529297,24.299999237060547,25.200000762939453,24.299999237060547,25.200000762939453,45057,,
2026-07-08,25.596973419189453,25.799999237060547,25.799999237060547,24.299999237060547,24.299999237060547,21000,,
2026-07-09,25.0,25.0,25.0,24.700000762939453,24.700000762939453,7000,,
2026-07-10,25.0,25.0,25.0,25.0,25.0,0,,
2026-07-13,24.600000381469727,24.600000381469727,24.649999618530273,24.5,24.649999618530273,6000,,
2026-07-14,24.299999237060547,24.299999237060547,24.299999237060547,23.899999618530273,24.149999618530273,19000,,
2026-07-15,24.799999237060547,24.799999237060547,24.850000381469727,24.299999237060547,24.299999237060547,8000,,
2026-07-16,24.850000381469727,24.850000381469727,24.950000762939453,24.299999237060547,24.950000762939453,6000,,
2026-07-17,22.75,22.75,24.399999618530273,22.450000762939453,24.299999237060547,68010,,
2026-07-20,22.5,22.5,23.0,22.450000762939453,23.0,15000,,
2026-07-21,23.850000381469727,23.850000381469727,23.850000381469727,22.799999237060547,22.799999237060547,17000,,
2026-07-22,23.950000762939453,23.950000762939453,23.950000762939453,23.5,23.899999618530273,10000,,
2026-07-23,23.299999237060547,23.299999237060547,23.5,23.0,23.5,10000,,
2026-07-24,23.0,23.0,23.0,22.600000381469727,22.600000381469727,11000,,
2026-07-27,23.049999237060547,23.049999237060547,23.75,22.950000762939453,23.049999237060547,5000,,
2026-07-28,23.049999237060547,23.049999237060547,23.049999237060547,23.049999237060547,23.049999237060547,0,,
2026-07-29,22.350000381469727,22.350000381469727,22.549999237060547,22.0,22.450000762939453,28000,,
2026-07-30,22.25,22.25,22.299999237060547,21.600000381469727,21.799999237060547,6000,,
2026-07-31,22.850000381469727,22.850000381469727,22.850000381469727,22.200000762939453,22.200000762939453,12000,,
2026-08-03,23.0,23.0,23.0,22.850000381469727,22.850000381469727,4000,,
2026-08-04,22.899999618530273,22.899999618530273,23.0,22.200000762939453,23.0,11240,,
2026-08-05,22.799999237060547,22.799999237060547,23.700000762939453,22.200000762939453,23.700000762939453,30004,,
2026-08-06,22.200000762939453,22.200000762939453,22.350000381469727,22.0,22.350000381469727,32000,,
2026-08-07,23.0,23.0,23.600000381469727,21.600000381469727,21.75,30000,,
2026-08-10,24.25,24.25,24.5,23.0,23.1,63798,,
2026-08-11,23.6,23.6,24.55,23.6,24.25,16368,,
2026-08-12,23.6,23.6,24.0,22.85,23.05,17441,,
2026-08-13,24.0,24.0,24.35,23.8,24.0,33050,,
2026-08-14,23.950000762939453,23.950000762939453,24.100000381469727,23.600000381469727,23.600000381469727,6000,0.0,0.0
2026-08-17,24.5,24.5,24.5,23.649999618530273,23.950000762939453,12000,0.0,0.0
2026-08-18,24.450000762939453,24.450000762939453,24.450000762939453,23.75,24.0,18060,0.0,0.0
2026-08-19,24.5,24.5,25.200000762939453,24.299999237060547,24.649999618530273,35200,0.0,0.0
2026-08-20,24.299999237060547,24.299999237060547,24.549999237060547,24.299999237060547,24.5,10040,0.0,0.0
