Price,Adj Close,Close,High,Low,Open,Volume
Ticker,6794.TW,6794.TW,6794.TW,6794.TW,6794.TW,6794.TW
Date,,,,,,
2020-12-25,43.316375732421875,43.316375732421875,46.34306335449219,42.47287368774414,45.648414611816406,281945
2020-12-28,42.67134475708008,42.67134475708008,44.55682373046875,42.175167083740234,44.55682373046875,34050
2020-12-29,42.175167083740234,42.175167083740234,42.969051361083984,42.175167083740234,42.47287368774414,21643
2020-12-30,39.79351043701172,39.79351043701172,42.175167083740234,39.79351043701172,42.175167083740234,44819
2020-12-31,40.885101318359375,40.885101318359375,41.77822494506836,39.396568298339844,40.68663024902344,72554
2021-01-04,40.4881591796875,40.4881591796875,41.67898941040039,39.198097229003906,40.537776947021484,39566
2021-01-05,39.198097229003906,39.198097229003906,40.38892364501953,39.14847946166992,39.991981506347656,21510
2021-01-06,38.9996223449707,38.9996223449707,39.198097229003906,38.60268020629883,38.9996223449707,29585
2021-01-07,39.69427490234375,39.69427490234375,39.991981506347656,38.801151275634766,39.59503936767578,32246
2021-01-08,39.69427490234375,39.69427490234375,39.79351043701172,39.297332763671875,39.297332763671875,16377
2021-01-11,38.7019157409668,38.7019157409668,39.59503936767578,38.7019157409668,39.297332763671875,38293
2021-01-12,38.30497360229492,38.30497360229492,38.900390625,37.06452941894531,38.7019157409668,45204
2021-01-13,38.20573806762695,38.20573806762695,38.801151275634766,38.20573806762695,38.7019157409668,7712
2021-01-14,38.50344467163086,38.50344467163086,38.50344467163086,37.90803146362305,38.106502532958984,11186
2021-01-15,39.79351043701172,39.79351043701172,39.79351043701172,38.007266998291016,38.007266998291016,1540
2021-01-18,39.79351043701172,39.79351043701172,39.79351043701172,38.007266998291016,38.007266998291016,1661
2021-01-19,39.198097229003906,39.198097229003906,39.89274597167969,38.20573806762695,39.89274597167969,11152
2021-01-20,38.7019157409668,38.7019157409668,39.198097229003906,38.25535583496094,38.30497360229492,27207
2021-01-21,38.50344467163086,38.50344467163086,38.50344467163086,38.50344467163086,38.50344467163086,1007
2021-01-22,38.801151275634766,38.801151275634766,39.69427490234375,38.801151275634766,39.49580383300781,5088
2021-01-25,39.59503936767578,39.59503936767578,39.59503936767578,38.801151275634766,38.801151275634766,12693
2021-01-26,39.59503936767578,39.59503936767578,39.59503936767578,39.59503936767578,39.59503936767578,0
2021-01-27,38.801151275634766,38.801151275634766,38.801151275634766,38.801151275634766,38.801151275634766,329
2021-01-28,39.198097229003906,39.198097229003906,39.59503936767578,38.801151275634766,38.801151275634766,44866
2021-01-29,39.198097229003906,39.198097229003906,39.297332763671875,38.7019157409668,38.801151275634766,8061
2021-02-01,39.198097229003906,39.198097229003906,39.198097229003906,39.198097229003906,39.198097229003906,0
2021-02-02,39.59503936767578,39.59503936767578,39.59503936767578,38.801151275634766,38.801151275634766,4276
2021-02-03,39.09886169433594,39.09886169433594,39.59503936767578,39.09886169433594,39.59503936767578,3828
2021-02-04,39.09886169433594,39.09886169433594,39.09886169433594,39.09886169433594,39.09886169433594,0
2021-02-05,39.396568298339844,39.396568298339844,39.59503936767578,39.198097229003906,39.59503936767578,10077
2021-02-17,39.8431282043457,39.8431282043457,39.8431282043457,39.198097229003906,39.69427490234375,10077
2021-02-18,39.69427490234375,39.69427490234375,39.69427490234375,39.297332763671875,39.297332763671875,3339
2021-02-19,39.09886169433594,39.09886169433594,39.49580383300781,38.9996223449707,39.297332763671875,4442
2021-02-22,38.9996223449707,38.9996223449707,39.69427490234375,38.900390625,39.69427490234375,10015
2021-02-23,39.198097229003906,39.198097229003906,39.198097229003906,39.198097229003906,39.198097229003906,2015
2021-02-24,39.198097229003906,39.198097229003906,39.198097229003906,38.7019157409668,38.7019157409668,13402
2021-02-25,39.59503936767578,39.59503936767578,39.59503936767578,37.80879592895508,37.80879592895508,4030
2021-02-26,38.20573806762695,38.20573806762695,38.20573806762695,37.70956039428711,37.80879592895508,8061
2021-03-02,38.30497360229492,38.30497360229492,38.60268020629883,37.01491165161133,37.01491165161133,4030
2021-03-03,38.50344467163086,38.50344467163086,38.50344467163086,38.50344467163086,38.50344467163086,10
2021-03-04,36.71720504760742,36.71720504760742,37.213382720947266,36.71720504760742,37.01491165161133,10695
2021-03-05,36.71720504760742,36.71720504760742,36.71720504760742,36.71720504760742,36.71720504760742,0
2021-03-08,35.6256103515625,35.6256103515625,36.419498443603516,33.938602447509766,35.923316955566406,28549
2021-03-09,35.37752151489258,35.37752151489258,37.213382720947266,33.88898849487305,33.88898849487305,61838
2021-03-10,33.39280700683594,33.39280700683594,34.534019470214844,32.05312728881836,34.534019470214844,51392
2021-03-11,31.75541877746582,31.75541877746582,33.1943359375,31.75541877746582,32.5493049621582,37284
2021-03-12,32.74777603149414,32.74777603149414,33.243953704833984,32.450069427490234,32.5493049621582,34218
2021-03-15,33.243953704833984,33.243953704833984,34.23631286621094,33.243953704833984,33.243953704833984,20254
2021-03-16,33.44242477416992,33.44242477416992,34.13707733154297,32.74777603149414,32.74777603149414,9035
2021-03-17,34.037841796875,34.037841796875,34.9805793762207,34.037841796875,34.9805793762207,6046
2021-03-18,32.74777603149414,32.74777603149414,34.23631286621094,31.606565475463867,34.23631286621094,32641
2021-03-19,32.74777603149414,32.74777603149414,32.74777603149414,32.74777603149414,32.74777603149414,0
2021-03-22,31.457712173461914,31.457712173461914,31.457712173461914,31.110387802124023,31.160005569458008,9069
2021-03-23,29.919559478759766,29.919559478759766,30.167648315429688,29.919559478759766,30.167648315429688,7053
2021-03-24,30.06841278076172,30.06841278076172,30.266883850097656,29.770706176757812,30.167648315429688,32896
2021-03-25,30.06841278076172,30.06841278076172,30.06841278076172,30.06841278076172,30.06841278076172,0
2021-03-26,30.266883850097656,30.266883850097656,30.266883850097656,28.778348922729492,28.87758445739746,62562
2021-03-29,30.266883850097656,30.266883850097656,30.266883850097656,29.0760555267334,29.0760555267334,7011
2021-03-30,30.266883850097656,30.266883850097656,30.564590454101562,30.266883850097656,30.564590454101562,19650
2021-03-31,30.564590454101562,30.564590454101562,30.564590454101562,30.564590454101562,30.564590454101562,2015
2021-04-01,29.770706176757812,29.770706176757812,30.564590454101562,29.572233200073242,29.770706176757812,763838
2021-04-07,29.770706176757812,29.770706176757812,31.85465431213379,29.62185287475586,30.7630615234375,778350
2021-04-08,30.167648315429688,30.167648315429688,30.167648315429688,29.274526596069336,29.274526596069336,3843486
2021-04-09,37.312618255615234,37.312618255615234,38.60268020629883,30.465354919433594,30.911916732788086,126468
2021-04-12,43.96141052246094,43.96141052246094,43.96141052246094,37.70956039428711,37.80879592895508,293683
2021-04-13,40.4881591796875,40.4881591796875,46.938480377197266,35.77446365356445,44.65605926513672,198823
2021-04-14,39.14847946166992,39.14847946166992,41.67898941040039,37.312618255615234,40.4881591796875,34886
2021-04-15,37.213382720947266,37.213382720947266,39.14847946166992,37.01491165161133,39.14847946166992,23378
2021-04-16,40.190452575683594,40.190452575683594,40.68663024902344,38.950008392333984,38.950008392333984,29424
2021-04-19,36.71720504760742,36.71720504760742,38.65229797363281,34.881343841552734,38.65229797363281,82282
2021-04-20,35.37752151489258,35.37752151489258,36.71720504760742,33.83937072753906,36.71720504760742,48369
2021-04-21,37.06452941894531,37.06452941894531,37.06452941894531,36.022552490234375,36.022552490234375,7053
2021-04-22,36.71720504760742,36.71720504760742,38.50344467163086,36.71720504760742,37.06452941894531,17634
2021-04-23,37.70956039428711,37.70956039428711,37.70956039428711,36.022552490234375,36.022552490234375,4097
2021-04-26,37.70956039428711,37.70956039428711,37.80879592895508,36.022552490234375,37.70956039428711,16123
2021-04-27,37.80879592895508,37.80879592895508,37.80879592895508,37.213382720947266,37.80879592895508,16173
2021-04-28,37.70956039428711,37.70956039428711,37.85841369628906,36.022552490234375,36.022552490234375,7053
2021-04-29,38.056884765625,38.056884765625,38.056884765625,36.32025909423828,36.32025909423828,1008
2021-05-03,37.70956039428711,37.70956039428711,38.056884765625,37.70956039428711,38.056884765625,8061
2021-05-04,36.22102355957031,36.22102355957031,38.056884765625,34.73249053955078,38.056884765625,47361
2021-05-05,36.22102355957031,36.22102355957031,36.22102355957031,36.22102355957031,36.22102355957031,3023
2021-05-06,35.228668212890625,35.228668212890625,36.61796951293945,34.534019470214844,36.61796951293945,22169
2021-05-07,36.22102355957031,36.22102355957031,36.22102355957031,34.73249053955078,35.47675704956055,12096
2021-05-10,36.32025909423828,36.32025909423828,36.32025909423828,34.73249053955078,34.73249053955078,7053
2021-05-11,37.213382720947266,37.213382720947266,37.213382720947266,35.72484588623047,36.766822814941406,7255
2021-05-12,37.560707092285156,37.560707092285156,37.560707092285156,35.675228118896484,37.213382720947266,36501
2021-05-13,36.71720504760742,36.71720504760742,37.560707092285156,35.72484588623047,37.560707092285156,29858
2021-05-14,35.923316955566406,35.923316955566406,38.007266998291016,35.923316955566406,37.213382720947266,18844
2021-05-17,37.61032485961914,37.61032485961914,37.80879592895508,35.923316955566406,37.213382720947266,19448
2021-05-18,37.61032485961914,37.61032485961914,37.61032485961914,37.61032485961914,37.61032485961914,2015
2021-05-19,41.57975387573242,41.57975387573242,44.259117126464844,37.61032485961914,37.61032485961914,137048
2021-05-20,40.68663024902344,40.68663024902344,41.629371643066406,39.198097229003906,41.629371643066406,22420
2021-05-21,40.68663024902344,40.68663024902344,40.885101318359375,39.69427490234375,40.68663024902344,31744
2021-05-24,40.68663024902344,40.68663024902344,40.68663024902344,40.68663024902344,40.68663024902344,0
2021-05-25,40.68663024902344,40.68663024902344,40.68663024902344,40.68663024902344,40.68663024902344,0
2021-05-26,40.68663024902344,40.68663024902344,40.68663024902344,40.68663024902344,40.68663024902344,0
2021-05-27,40.68663024902344,40.68663024902344,40.68663024902344,40.68663024902344,40.68663024902344,0
2021-05-28,40.68663024902344,40.68663024902344,40.68663024902344,40.68663024902344,40.68663024902344,0
2021-05-31,40.68663024902344,40.68663024902344,40.68663024902344,40.68663024902344,40.68663024902344,0
2021-06-01,40.68663024902344,40.68663024902344,40.68663024902344,40.68663024902344,40.68663024902344,0
2021-06-02,40.68663024902344,40.68663024902344,40.68663024902344,40.68663024902344,40.68663024902344,0
2021-06-03,40.68663024902344,40.68663024902344,40.68663024902344,40.68663024902344,40.68663024902344,0
2021-06-04,40.68663024902344,40.68663024902344,40.68663024902344,40.68663024902344,40.68663024902344,0
2021-06-07,40.68663024902344,40.68663024902344,40.68663024902344,40.68663024902344,40.68663024902344,0
2021-06-08,39.09886169433594,39.09886169433594,39.09886169433594,39.09886169433594,39.09886169433594,2015
2021-06-09,37.312618255615234,37.312618255615234,37.70956039428711,37.312618255615234,37.70956039428711,3224
2021-06-10,39.09886169433594,39.09886169433594,39.09886169433594,37.312618255615234,37.312618255615234,3023
2021-06-11,37.70956039428711,37.70956039428711,37.70956039428711,37.26300048828125,37.70956039428711,9069
2021-06-15,38.60268020629883,38.60268020629883,38.60268020629883,37.06452941894531,37.06452941894531,9069
2021-06-16,38.007266998291016,38.007266998291016,38.60268020629883,36.766822814941406,37.213382720947266,16425
2021-06-17,38.007266998291016,38.007266998291016,38.007266998291016,38.007266998291016,38.007266998291016,0
2021-06-18,40.38892364501953,40.38892364501953,40.38892364501953,37.90803146362305,37.90803146362305,96739
2021-06-21,36.419498443603516,36.419498443603516,39.59503936767578,36.32025909423828,39.59503936767578,44842
2021-06-22,37.70956039428711,37.70956039428711,37.70956039428711,37.70956039428711,37.70956039428711,1007
2021-06-23,37.70956039428711,37.70956039428711,37.70956039428711,37.70956039428711,37.70956039428711,0
2021-06-24,37.70956039428711,37.70956039428711,37.70956039428711,37.70956039428711,37.70956039428711,0
2021-06-25,37.51108932495117,37.51108932495117,37.51108932495117,36.121788024902344,36.32025909423828,13641
2021-06-28,37.51108932495117,37.51108932495117,37.51108932495117,35.72484588623047,36.32025909423828,24487
2021-06-29,37.51108932495117,37.51108932495117,37.51108932495117,35.923316955566406,37.51108932495117,6046
2021-06-30,36.71720504760742,36.71720504760742,36.71720504760742,35.52637481689453,35.923316955566406,14107
2021-07-01,36.121788024902344,36.121788024902344,36.121788024902344,35.42713928222656,35.52637481689453,7053
2021-07-02,36.51873016357422,36.51873016357422,36.51873016357422,35.327903747558594,35.327903747558594,9069
2021-07-05,36.61796951293945,36.61796951293945,36.61796951293945,35.327903747558594,36.61796951293945,10077
2021-07-06,37.06452941894531,37.06452941894531,37.06452941894531,35.72484588623047,35.72484588623047,4030
2021-07-07,36.22102355957031,36.22102355957031,37.01491165161133,36.22102355957031,36.71720504760742,10077
2021-07-08,37.36223602294922,37.36223602294922,37.36223602294922,36.71720504760742,37.213382720947266,6046
2021-07-09,36.22102355957031,36.22102355957031,36.71720504760742,35.82408142089844,36.71720504760742,5038
2021-07-12,36.22102355957031,36.22102355957031,36.22102355957031,36.22102355957031,36.22102355957031,0
2021-07-13,36.81644058227539,36.81644058227539,36.81644058227539,36.81644058227539,36.81644058227539,1007
2021-07-14,35.675228118896484,35.675228118896484,36.71720504760742,35.675228118896484,35.923316955566406,8061
2021-07-15,37.4118537902832,37.4118537902832,37.4118537902832,35.72484588623047,36.81644058227539,26200
2021-07-16,36.22102355957031,36.22102355957031,36.71720504760742,36.022552490234375,36.71720504760742,10077
2021-07-19,35.72484588623047,35.72484588623047,35.72484588623047,35.228668212890625,35.228668212890625,10077
2021-07-20,35.6256103515625,35.6256103515625,35.72484588623047,34.037841796875,35.72484588623047,9069
2021-07-21,37.61032485961914,37.61032485961914,37.80879592895508,35.03019714355469,35.72484588623047,31238
2021-07-22,35.129432678222656,35.129432678222656,36.71720504760742,35.129432678222656,35.923316955566406,17130
2021-07-23,36.32025909423828,36.32025909423828,36.32025909423828,34.73249053955078,34.73249053955078,3526
2021-07-26,36.32025909423828,36.32025909423828,36.32025909423828,36.32025909423828,36.32025909423828,2015
2021-07-27,37.06452941894531,37.06452941894531,37.06452941894531,37.01491165161133,37.01491165161133,2015
2021-07-28,37.01491165161133,37.01491165161133,37.06452941894531,35.27828598022461,37.06452941894531,8061
2021-07-29,37.213382720947266,37.213382720947266,37.213382720947266,37.213382720947266,37.213382720947266,1007
2021-07-30,35.82408142089844,35.82408142089844,37.312618255615234,35.82408142089844,37.312618255615234,4030
2021-08-02,36.866058349609375,36.866058349609375,36.866058349609375,35.72484588623047,35.82408142089844,8088
2021-08-03,36.91567611694336,36.91567611694336,36.91567611694336,35.129432678222656,35.129432678222656,1510
2021-08-04,36.91567611694336,36.91567611694336,36.91567611694336,36.91567611694336,36.91567611694336,1007
2021-08-05,37.4118537902832,37.4118537902832,37.4118537902832,37.1141471862793,37.1141471862793,4030
2021-08-06,36.71720504760742,36.71720504760742,37.213382720947266,35.72484588623047,37.213382720947266,5038
2021-08-09,37.36223602294922,37.36223602294922,37.36223602294922,36.71720504760742,36.71720504760742,4030
2021-08-10,37.36223602294922,37.36223602294922,37.36223602294922,37.36223602294922,37.36223602294922,1007
2021-08-11,37.4118537902832,37.4118537902832,37.4118537902832,35.72484588623047,35.72484588623047,1106
2021-08-12,37.4118537902832,37.4118537902832,37.4118537902832,37.4118537902832,37.4118537902832,1007
2021-08-13,36.71720504760742,36.71720504760742,36.71720504760742,35.72484588623047,35.72484588623047,4030
2021-08-16,37.213382720947266,37.213382720947266,37.213382720947266,35.72484588623047,37.213382720947266,3023
2021-08-17,37.312618255615234,37.312618255615234,37.312618255615234,37.312618255615234,37.312618255615234,2015
2021-08-18,37.312618255615234,37.312618255615234,37.312618255615234,37.312618255615234,37.312618255615234,1007
2021-08-19,37.36223602294922,37.36223602294922,37.36223602294922,37.36223602294922,37.36223602294922,1007
2021-08-20,36.71720504760742,36.71720504760742,36.71720504760742,35.72484588623047,35.72484588623047,6046
2021-08-23,36.71720504760742,36.71720504760742,36.71720504760742,36.71720504760742,36.71720504760742,1007
2021-08-24,36.71720504760742,36.71720504760742,36.71720504760742,36.71720504760742,36.71720504760742,0
2021-08-25,36.71720504760742,36.71720504760742,36.71720504760742,35.72484588623047,36.22102355957031,4030
2021-08-26,36.71720504760742,36.71720504760742,36.71720504760742,36.71720504760742,36.71720504760742,1007
2021-08-27,36.71720504760742,36.71720504760742,36.71720504760742,36.71720504760742,36.71720504760742,1007
2021-08-30,36.71720504760742,36.71720504760742,36.71720504760742,36.71720504760742,36.71720504760742,1007
2021-08-31,36.61796951293945,36.61796951293945,36.61796951293945,34.9805793762207,34.9805793762207,5038
2021-09-01,36.22102355957031,36.22102355957031,36.22102355957031,36.22102355957031,36.22102355957031,1007
2021-09-02,36.22102355957031,36.22102355957031,36.22102355957031,34.73249053955078,36.22102355957031,9069
2021-09-03,36.22102355957031,36.22102355957031,36.22102355957031,36.22102355957031,36.22102355957031,1007
2021-09-06,36.22102355957031,36.22102355957031,36.22102355957031,34.73249053955078,34.73249053955078,9069
2021-09-07,36.22102355957031,36.22102355957031,36.22102355957031,36.22102355957031,36.22102355957031,1007
2021-09-08,36.22102355957031,36.22102355957031,36.22102355957031,36.22102355957031,36.22102355957031,1007
2021-09-09,36.22102355957031,36.22102355957031,36.22102355957031,36.22102355957031,36.22102355957031,1007
2021-09-10,35.72484588623047,35.72484588623047,36.419498443603516,34.037841796875,34.73249053955078,10077
2021-09-13,35.72484588623047,35.72484588623047,35.72484588623047,35.72484588623047,35.72484588623047,1007
2021-09-14,35.72484588623047,35.72484588623047,35.72484588623047,35.72484588623047,35.72484588623047,0
2021-09-15,35.72484588623047,35.72484588623047,35.72484588623047,34.037841796875,34.037841796875,3023
2021-09-16,35.47675704956055,35.47675704956055,35.47675704956055,34.037841796875,34.037841796875,2015
2021-09-17,35.47675704956055,35.47675704956055,35.47675704956055,35.47675704956055,35.47675704956055,3023
2021-09-22,35.6256103515625,35.6256103515625,35.6256103515625,35.52637481689453,35.52637481689453,4030
2021-09-23,35.6256103515625,35.6256103515625,35.6256103515625,34.23631286621094,34.23631286621094,4030
2021-09-24,35.52637481689453,35.52637481689453,35.52637481689453,34.23631286621094,34.23631286621094,9069
2021-09-27,35.228668212890625,35.228668212890625,35.228668212890625,34.13707733154297,34.13707733154297,8061
2021-09-28,35.228668212890625,35.228668212890625,35.228668212890625,33.64089584350586,33.64089584350586,10077
2021-09-29,34.434783935546875,34.434783935546875,34.434783935546875,34.434783935546875,34.434783935546875,3023
2021-09-30,35.228668212890625,35.228668212890625,35.228668212890625,33.64089584350586,33.64089584350586,3023
2021-10-01,35.27828598022461,35.27828598022461,35.27828598022461,35.27828598022461,35.27828598022461,1007
2021-10-04,35.27828598022461,35.27828598022461,35.27828598022461,34.037841796875,34.037841796875,4030
2021-10-05,36.121788024902344,36.121788024902344,36.121788024902344,34.73249053955078,35.72484588623047,11456
2021-10-06,36.121788024902344,36.121788024902344,36.121788024902344,34.73249053955078,34.73249053955078,2509
2021-10-07,34.73249053955078,34.73249053955078,34.73249053955078,34.73249053955078,34.73249053955078,13100
2021-10-08,36.07217025756836,36.07217025756836,36.07217025756836,34.73249053955078,34.73249053955078,4030
2021-10-12,37.213382720947266,37.213382720947266,37.213382720947266,36.07217025756836,36.07217025756836,57018
2021-10-13,38.106502532958984,38.106502532958984,38.20573806762695,36.81644058227539,37.61032485961914,34261
2021-10-14,37.70956039428711,37.70956039428711,38.40420913696289,37.1141471862793,37.213382720947266,17130
2021-10-15,37.213382720947266,37.213382720947266,37.213382720947266,36.91567611694336,36.91567611694336,4030
2021-10-18,37.213382720947266,37.213382720947266,37.213382720947266,37.213382720947266,37.213382720947266,2015
2021-10-19,37.213382720947266,37.213382720947266,37.213382720947266,37.213382720947266,37.213382720947266,1007
2021-10-20,37.1141471862793,37.1141471862793,37.1141471862793,37.1141471862793,37.1141471862793,1007
2021-10-21,37.1141471862793,37.1141471862793,37.1141471862793,37.1141471862793,37.1141471862793,1007
2021-10-22,37.1141471862793,37.1141471862793,37.1141471862793,37.1141471862793,37.1141471862793,1007
2021-10-25,37.70956039428711,37.70956039428711,38.40420913696289,37.659942626953125,37.70956039428711,11084
2021-10-26,38.354591369628906,38.354591369628906,38.354591369628906,38.354591369628906,38.354591369628906,5038
2021-10-27,38.30497360229492,38.30497360229492,38.354591369628906,37.70956039428711,38.354591369628906,5038
2021-10-28,38.354591369628906,38.354591369628906,38.354591369628906,36.71720504760742,36.71720504760742,2015
2021-10-29,38.60268020629883,38.60268020629883,38.60268020629883,38.354591369628906,38.354591369628906,8061
2021-11-01,38.60268020629883,38.60268020629883,38.7019157409668,37.51108932495117,38.65229797363281,5038
2021-11-02,38.30497360229492,38.30497360229492,38.801151275634766,37.61032485961914,38.60268020629883,10077
2021-11-03,38.801151275634766,38.801151275634766,38.801151275634766,37.70956039428711,38.30497360229492,7053
2021-11-04,38.801151275634766,38.801151275634766,38.801151275634766,38.801151275634766,38.801151275634766,0
2021-11-05,38.801151275634766,38.801151275634766,38.801151275634766,37.70956039428711,37.70956039428711,3023
2021-11-08,39.09886169433594,39.09886169433594,39.198097229003906,37.70956039428711,38.850772857666016,22169
2021-11-09,39.198097229003906,39.198097229003906,39.198097229003906,38.7019157409668,39.09886169433594,6046
2021-11-10,38.7019157409668,38.7019157409668,39.49580383300781,38.7019157409668,39.49580383300781,6046
2021-11-11,38.106502532958984,38.106502532958984,39.59503936767578,38.106502532958984,39.396568298339844,7503
2021-11-12,38.7019157409668,38.7019157409668,38.7019157409668,38.20573806762695,38.20573806762695,2015
2021-11-15,39.59503936767578,39.59503936767578,39.59503936767578,38.20573806762695,38.20573806762695,1497
2021-11-16,40.091217041015625,40.091217041015625,40.091217041015625,39.198097229003906,39.59503936767578,11084
2021-11-17,39.991981506347656,39.991981506347656,40.091217041015625,38.106502532958984,38.801151275634766,29223
2021-11-18,39.89274597167969,39.89274597167969,39.89274597167969,39.89274597167969,39.89274597167969,1007
2021-11-19,40.63701248168945,40.63701248168945,40.63701248168945,39.89274597167969,39.89274597167969,19146
2021-11-22,40.190452575683594,40.190452575683594,41.18280792236328,39.69427490234375,40.885101318359375,14108
2021-11-23,40.785865783691406,40.785865783691406,41.1331901550293,39.297332763671875,41.1331901550293,9573
2021-11-24,41.1331901550293,41.1331901550293,41.1331901550293,41.1331901550293,41.1331901550293,1007
2021-11-25,39.198097229003906,39.198097229003906,41.1331901550293,39.198097229003906,41.1331901550293,12596
2021-11-26,40.68663024902344,40.68663024902344,40.68663024902344,40.68663024902344,40.68663024902344,1007
2021-11-29,40.091217041015625,40.091217041015625,40.190452575683594,39.04924011230469,39.04924011230469,7053
2021-11-30,40.4881591796875,40.4881591796875,40.4881591796875,40.091217041015625,40.091217041015625,11711
2021-12-01,40.68663024902344,40.68663024902344,42.2744026184082,40.4881591796875,40.68663024902344,74982
2021-12-02,41.67898941040039,41.67898941040039,42.2744026184082,41.18280792236328,41.67898941040039,30802
2021-12-03,42.57210922241211,42.57210922241211,42.57210922241211,41.48051834106445,41.87746047973633,31819
2021-12-06,42.57210922241211,42.57210922241211,42.57210922241211,42.57210922241211,42.57210922241211,0
2021-12-07,44.159881591796875,44.159881591796875,44.45758819580078,42.67134475708008,43.16752243041992,23298
2021-12-08,44.65605926513672,44.65605926513672,44.65605926513672,43.16752243041992,44.159881591796875,15796
2021-12-09,43.16752243041992,43.16752243041992,43.16752243041992,43.16752243041992,43.16752243041992,3023
2021-12-10,43.26675796508789,43.26675796508789,43.26675796508789,42.22478485107422,42.37363815307617,4033
2021-12-13,45.54917907714844,45.54917907714844,45.54917907714844,43.26675796508789,43.26675796508789,55181
2021-12-14,45.44994354248047,45.44994354248047,46.04535675048828,44.65605926513672,45.54917907714844,48435
2021-12-15,44.854530334472656,44.854530334472656,45.648414611816406,43.8621711730957,45.648414611816406,19650
2021-12-16,44.854530334472656,44.854530334472656,44.854530334472656,43.36599349975586,43.46522903442383,26600
2021-12-17,44.854530334472656,44.854530334472656,44.854530334472656,44.854530334472656,44.854530334472656,50
2021-12-20,45.54917907714844,45.54917907714844,45.54917907714844,44.854530334472656,44.854530334472656,7053
2021-12-21,44.65605926513672,44.65605926513672,45.54917907714844,44.159881591796875,45.54917907714844,27267
2021-12-22,45.15223693847656,45.15223693847656,45.15223693847656,45.15223693847656,45.15223693847656,3023
2021-12-23,43.5644645690918,43.5644645690918,43.5644645690918,41.67898941040039,43.46522903442383,78689
2021-12-24,42.77058029174805,42.77058029174805,43.5644645690918,41.67898941040039,43.5644645690918,8351
2021-12-27,42.37363815307617,42.37363815307617,42.67134475708008,40.984336853027344,42.67134475708008,27621
2021-12-28,42.67134475708008,42.67134475708008,43.11790466308594,41.18280792236328,42.67134475708008,26200
2021-12-29,42.969051361083984,42.969051361083984,42.969051361083984,42.969051361083984,42.969051361083984,1007
2021-12-30,42.969051361083984,42.969051361083984,42.969051361083984,42.969051361083984,42.969051361083984,1007
2022-01-03,42.37363815307617,42.37363815307617,42.969051361083984,42.37363815307617,42.969051361083984,5038
2022-01-04,42.37363815307617,42.37363815307617,42.37363815307617,42.37363815307617,42.37363815307617,0
2022-01-05,42.37363815307617,42.37363815307617,42.37363815307617,41.67898941040039,41.77822494506836,9069
2022-01-06,42.2744026184082,42.2744026184082,42.2744026184082,41.381282806396484,42.2744026184082,6146
2022-01-07,42.2744026184082,42.2744026184082,42.2744026184082,42.2744026184082,42.2744026184082,0
2022-01-10,41.18280792236328,41.18280792236328,42.2744026184082,40.68663024902344,42.2744026184082,16425
2022-01-11,40.68663024902344,40.68663024902344,40.68663024902344,39.89274597167969,39.89274597167969,2103
2022-01-12,38.50344467163086,38.50344467163086,40.68663024902344,38.20573806762695,40.68663024902344,68524
2022-01-13,36.91567611694336,36.91567611694336,38.30497360229492,36.71720504760742,38.25535583496094,35283
2022-01-14,38.20573806762695,38.20573806762695,38.20573806762695,37.213382720947266,37.213382720947266,3024
2022-01-17,37.51108932495117,37.51108932495117,37.90803146362305,37.213382720947266,37.90803146362305,4063
2022-01-18,38.106502532958984,38.106502532958984,38.106502532958984,36.91567611694336,37.51108932495117,4031
2022-01-19,35.72484588623047,35.72484588623047,36.22102355957031,34.434783935546875,35.03019714355469,5870
2022-01-20,36.121788024902344,36.121788024902344,36.121788024902344,34.534019470214844,34.534019470214844,1108
2022-01-21,36.121788024902344,36.121788024902344,36.121788024902344,34.534019470214844,36.121788024902344,1317
2022-01-24,36.22102355957031,36.22102355957031,36.22102355957031,34.73249053955078,36.121788024902344,11800
2022-01-25,36.022552490234375,36.022552490234375,36.022552490234375,35.228668212890625,35.72484588623047,4433
2022-01-26,36.022552490234375,36.022552490234375,36.17140579223633,34.73249053955078,36.17140579223633,14107
2022-02-07,36.61796951293945,36.61796951293945,36.61796951293945,35.228668212890625,36.022552490234375,71376
2022-02-08,37.70956039428711,37.70956039428711,38.007266998291016,35.72484588623047,36.22102355957031,46072
2022-02-09,37.70000076293945,37.70000076293945,38.25,36.54999923706055,38.0,14822
2022-02-10,37.0,37.0,37.29999923706055,36.29999923706055,36.599998474121094,33800
2022-02-11,37.0,37.0,37.0,37.0,37.0,200
2022-02-14,37.25,37.25,37.25,36.400001525878906,37.25,11600
2022-02-15,36.79999923706055,36.79999923706055,37.0,35.849998474121094,36.400001525878906,7880
2022-02-16,36.79999923706055,36.79999923706055,36.79999923706055,36.29999923706055,36.79999923706055,39500
2022-02-17,35.5,35.5,36.650001525878906,35.5,36.20000076293945,19100
2022-02-18,36.400001525878906,36.400001525878906,36.79999923706055,35.5,36.400001525878906,35606
2022-02-21,37.0,37.0,37.5,36.0,36.29999923706055,46500
2022-02-22,36.099998474121094,36.099998474121094,36.70000076293945,35.5,36.599998474121094,18900
2022-02-23,36.29999923706055,36.29999923706055,36.29999923706055,36.0,36.0,25500
2022-02-24,36.0,36.0,36.20000076293945,35.099998474121094,36.099998474121094,9452
2022-02-25,36.0,36.0,36.29999923706055,36.0,36.0,11200
2022-03-01,36.0,36.0,36.20000076293945,34.599998474121094,36.0,8500
2022-03-02,36.0,36.0,36.29999923706055,35.0,36.29999923706055,14380
2022-03-03,35.900001525878906,35.900001525878906,36.0,34.849998474121094,36.0,36900
2022-03-04,35.70000076293945,35.70000076293945,35.70000076293945,34.599998474121094,35.0,23733
2022-03-07,35.400001525878906,35.400001525878906,35.5,34.29999923706055,35.5,10800
2022-03-08,35.29999923706055,35.29999923706055,35.29999923706055,34.79999923706055,35.20000076293945,15605
2022-03-09,35.20000076293945,35.20000076293945,35.29999923706055,35.20000076293945,35.29999923706055,3200
2022-03-10,35.5,35.5,35.5,35.099998474121094,35.099998474121094,3200
2022-03-11,35.20000076293945,35.20000076293945,35.400001525878906,35.0,35.400001525878906,5600
2022-03-14,35.20000076293945,35.20000076293945,35.20000076293945,35.20000076293945,35.20000076293945,2200
2022-03-15,35.5,35.5,35.5,34.29999923706055,35.20000076293945,3500
2022-03-16,35.5,35.5,35.5,35.0,35.20000076293945,10100
2022-03-17,35.5,35.5,35.5,35.29999923706055,35.5,3400
2022-03-18,35.5,35.5,35.79999923706055,35.099998474121094,35.099998474121094,5400
2022-03-21,35.5,35.5,35.5,34.5,34.5,2600
2022-03-22,35.70000076293945,35.70000076293945,35.70000076293945,35.70000076293945,35.70000076293945,400
2022-03-23,35.5,35.5,35.79999923706055,35.0,35.5,7500
2022-03-24,35.79999923706055,35.79999923706055,35.79999923706055,34.79999923706055,35.5,3002
2022-03-25,35.79999923706055,35.79999923706055,35.79999923706055,34.79999923706055,35.79999923706055,710
2022-03-28,35.79999923706055,35.79999923706055,35.79999923706055,35.79999923706055,35.79999923706055,300
2022-03-29,35.5,35.5,35.79999923706055,35.20000076293945,35.79999923706055,10400
2022-03-30,35.5,35.5,35.5,35.5,35.5,1300
2022-03-31,35.20000076293945,35.20000076293945,35.20000076293945,35.20000076293945,35.20000076293945,1010
2022-04-01,35.20000076293945,35.20000076293945,35.20000076293945,35.20000076293945,35.20000076293945,200
2022-04-06,35.29999923706055,35.29999923706055,35.29999923706055,34.54999923706055,35.20000076293945,7300
2022-04-07,35.400001525878906,35.400001525878906,35.400001525878906,35.29999923706055,35.29999923706055,4100
2022-04-08,35.400001525878906,35.400001525878906,36.599998474121094,34.70000076293945,35.400001525878906,17400
2022-04-11,35.400001525878906,35.400001525878906,35.400001525878906,34.5,35.29999923706055,7204
2022-04-12,35.400001525878906,35.400001525878906,35.400001525878906,35.400001525878906,35.400001525878906,1000
2022-04-13,35.29999923706055,35.29999923706055,35.29999923706055,34.349998474121094,35.29999923706055,6000
2022-04-14,35.150001525878906,35.150001525878906,35.29999923706055,34.29999923706055,35.29999923706055,6200
2022-04-15,35.0,35.0,35.20000076293945,34.20000076293945,35.20000076293945,18100
2022-04-18,35.0,35.0,35.0,34.0,35.0,7200
2022-04-19,34.70000076293945,34.70000076293945,35.0,33.25,34.900001525878906,17360
2022-04-20,34.79999923706055,34.79999923706055,34.79999923706055,34.0,34.70000076293945,4300
2022-04-21,34.400001525878906,34.400001525878906,34.79999923706055,33.29999923706055,34.79999923706055,4400
2022-04-22,34.79999923706055,34.79999923706055,34.79999923706055,34.29999923706055,34.79999923706055,280
2022-04-25,34.900001525878906,34.900001525878906,34.900001525878906,33.29999923706055,34.79999923706055,3703
2022-04-26,34.900001525878906,34.900001525878906,34.900001525878906,34.900001525878906,34.900001525878906,1300
2022-04-27,34.900001525878906,34.900001525878906,34.900001525878906,33.29999923706055,34.900001525878906,500
2022-04-28,34.79999923706055,34.79999923706055,34.79999923706055,34.0,34.79999923706055,3550
2022-04-29,34.79999923706055,34.79999923706055,34.79999923706055,34.5,34.79999923706055,1250
2022-05-03,34.79999923706055,34.79999923706055,34.79999923706055,34.79999923706055,34.79999923706055,210
2022-05-04,34.79999923706055,34.79999923706055,34.79999923706055,34.0,34.79999923706055,3200
2022-05-05,34.79999923706055,34.79999923706055,34.900001525878906,34.0,34.79999923706055,8251
2022-05-06,34.79999923706055,34.79999923706055,34.79999923706055,34.79999923706055,34.79999923706055,100
2022-05-09,34.79999923706055,34.79999923706055,34.79999923706055,33.29999923706055,34.79999923706055,320
2022-05-10,34.79999923706055,34.79999923706055,34.79999923706055,34.79999923706055,34.79999923706055,100
2022-05-11,34.0,34.0,34.79999923706055,33.849998474121094,34.79999923706055,3220
2022-05-12,34.79999923706055,34.79999923706055,34.79999923706055,33.29999923706055,34.79999923706055,1200
2022-05-13,34.5,34.5,34.5,33.29999923706055,33.29999923706055,310
2022-05-16,34.79999923706055,34.79999923706055,34.79999923706055,34.79999923706055,34.79999923706055,100
2022-05-17,34.79999923706055,34.79999923706055,34.79999923706055,33.29999923706055,34.79999923706055,2200
2022-05-18,33.900001525878906,33.900001525878906,34.20000076293945,33.20000076293945,34.20000076293945,4300
2022-05-19,33.400001525878906,33.400001525878906,33.900001525878906,32.29999923706055,33.900001525878906,3300
2022-05-20,33.29999923706055,33.29999923706055,33.29999923706055,31.75,33.29999923706055,1522
2022-05-23,34.599998474121094,34.599998474121094,34.599998474121094,32.0,33.099998474121094,11800
2022-05-24,34.599998474121094,34.599998474121094,34.599998474121094,34.599998474121094,34.599998474121094,200
2022-05-25,34.400001525878906,34.400001525878906,34.599998474121094,33.0,34.599998474121094,3200
2022-05-26,34.099998474121094,34.099998474121094,34.349998474121094,32.650001525878906,34.349998474121094,6500
2022-05-27,33.95000076293945,33.95000076293945,34.0,32.5,34.0,8101
2022-05-30,33.75,33.75,33.79999923706055,32.20000076293945,33.79999923706055,3300
2022-05-31,33.5,33.5,33.599998474121094,32.0,33.599998474121094,14400
2022-06-01,33.45000076293945,33.45000076293945,33.5,31.899999618530273,33.5,5200
2022-06-02,33.400001525878906,33.400001525878906,33.400001525878906,33.400001525878906,33.400001525878906,100
2022-06-06,33.45000076293945,33.45000076293945,33.45000076293945,33.400001525878906,33.400001525878906,3100
2022-06-07,33.45000076293945,33.45000076293945,33.45000076293945,33.45000076293945,33.45000076293945,100
2022-06-08,33.400001525878906,33.400001525878906,33.400001525878906,32.099998474121094,33.400001525878906,1407
2022-06-09,33.400001525878906,33.400001525878906,33.400001525878906,33.400001525878906,33.400001525878906,100
2022-06-10,33.349998474121094,33.349998474121094,33.400001525878906,31.299999237060547,33.400001525878906,19200
2022-06-13,34.20000076293945,34.20000076293945,34.20000076293945,32.900001525878906,32.900001525878906,9300
2022-06-14,34.150001525878906,34.150001525878906,34.150001525878906,34.150001525878906,34.150001525878906,100
2022-06-15,34.099998474121094,34.099998474121094,34.099998474121094,32.79999923706055,32.79999923706055,3200
2022-06-16,34.099998474121094,34.099998474121094,34.099998474121094,34.099998474121094,34.099998474121094,100
2022-06-17,34.099998474121094,34.099998474121094,34.099998474121094,34.099998474121094,34.099998474121094,100
2022-06-20,34.099998474121094,34.099998474121094,34.099998474121094,34.099998474121094,34.099998474121094,100
2022-06-21,34.70000076293945,34.70000076293945,34.70000076293945,34.099998474121094,34.099998474121094,6300
2022-06-22,34.599998474121094,34.599998474121094,34.70000076293945,33.20000076293945,34.70000076293945,2300
2022-06-23,34.599998474121094,34.599998474121094,34.599998474121094,34.599998474121094,34.599998474121094,100
2022-06-24,34.599998474121094,34.599998474121094,34.599998474121094,34.599998474121094,34.599998474121094,100
2022-06-27,35.0,35.0,35.25,34.0,34.599998474121094,8500
2022-06-28,35.0,35.0,35.0,35.0,35.0,100
2022-06-29,35.0,35.0,35.0,35.0,35.0,100
2022-06-30,34.900001525878906,34.900001525878906,34.900001525878906,33.900001525878906,34.900001525878906,2200
2022-07-01,33.900001525878906,33.900001525878906,34.900001525878906,33.0,34.900001525878906,8400
2022-07-04,33.45000076293945,33.45000076293945,33.5,33.45000076293945,33.5,300
2022-07-05,33.54999923706055,33.54999923706055,33.599998474121094,33.5,33.5,2465
2022-07-06,33.54999923706055,33.54999923706055,33.54999923706055,33.54999923706055,33.54999923706055,100
2022-07-07,33.54999923706055,33.54999923706055,33.54999923706055,33.54999923706055,33.54999923706055,100
2022-07-08,34.0,34.0,34.0,33.650001525878906,33.650001525878906,300
2022-07-11,34.0,34.0,34.0,34.0,34.0,1100
2022-07-12,33.79999923706055,33.79999923706055,34.0,32.349998474121094,34.0,1400
2022-07-13,33.79999923706055,33.79999923706055,33.79999923706055,32.349998474121094,33.79999923706055,2200
2022-07-14,33.79999923706055,33.79999923706055,33.79999923706055,33.79999923706055,33.79999923706055,100
2022-07-15,33.5,33.5,33.79999923706055,32.29999923706055,33.79999923706055,2300
2022-07-18,33.5,33.5,33.5,33.5,33.5,100
2022-07-19,33.599998474121094,33.599998474121094,33.599998474121094,32.0,33.29999923706055,3420
2022-07-20,33.54999923706055,33.54999923706055,33.599998474121094,32.0,33.599998474121094,1200
2022-07-21,33.54999923706055,33.54999923706055,33.599998474121094,33.54999923706055,33.599998474121094,600
2022-07-22,33.54999923706055,33.54999923706055,33.54999923706055,33.54999923706055,33.54999923706055,100
2022-07-25,34.20000076293945,34.20000076293945,34.20000076293945,33.5,33.54999923706055,12100
2022-07-26,34.20000076293945,34.20000076293945,34.900001525878906,34.20000076293945,34.20000076293945,14000
2022-07-27,35.20000076293945,35.20000076293945,35.20000076293945,35.20000076293945,35.20000076293945,3000
2022-07-28,35.900001525878906,35.900001525878906,36.0,34.25,35.79999923706055,17873
2022-07-29,35.900001525878906,35.900001525878906,36.0,34.25,36.0,3100
2022-08-01,36.0,36.0,36.0,35.79999923706055,35.79999923706055,3100
2022-08-02,35.95000076293945,35.95000076293945,36.0,35.95000076293945,36.0,1100
2022-08-03,35.95000076293945,35.95000076293945,35.95000076293945,35.0,35.95000076293945,3200
2022-08-04,34.400001525878906,34.400001525878906,35.0,33.25,34.95000076293945,20602
2022-08-05,34.95000076293945,34.95000076293945,35.0,33.29999923706055,34.599998474121094,7200
2022-08-08,35.45000076293945,35.45000076293945,35.54999923706055,34.95000076293945,34.95000076293945,8450
2022-08-09,35.20000076293945,35.20000076293945,35.5,35.0,35.0,18400
2022-08-10,34.95000076293945,34.95000076293945,35.0,33.599998474121094,35.0,11400
2022-08-11,34.95000076293945,34.95000076293945,34.95000076293945,33.54999923706055,34.95000076293945,4300
2022-08-12,34.95000076293945,34.95000076293945,34.95000076293945,33.599998474121094,34.95000076293945,3200
2022-08-15,35.0,35.0,35.0,33.5,35.0,17400
2022-08-16,34.95000076293945,34.95000076293945,34.95000076293945,33.54999923706055,33.54999923706055,14500
2022-08-17,35.0,35.0,35.20000076293945,33.599998474121094,34.95000076293945,25100
2022-08-18,35.099998474121094,35.099998474121094,35.099998474121094,34.0,35.099998474121094,6430
2022-08-19,35.150001525878906,35.150001525878906,35.150001525878906,35.150001525878906,35.150001525878906,2300
2022-08-22,35.150001525878906,35.150001525878906,35.150001525878906,35.150001525878906,35.150001525878906,3593
2022-08-23,34.5,34.5,35.150001525878906,33.599998474121094,34.0,12500
2022-08-24,35.0,35.0,35.150001525878906,34.0,35.150001525878906,17810
2022-08-25,34.79999923706055,34.79999923706055,35.099998474121094,33.599998474121094,35.0,7000
2022-08-26,35.150001525878906,35.150001525878906,35.75,34.0,34.0,11300
2022-08-29,34.900001525878906,34.900001525878906,35.0,33.25,33.95000076293945,41900
2022-08-30,34.5,34.5,35.0,34.0,34.95000076293945,35500
2022-08-31,34.95000076293945,34.95000076293945,35.0,34.0,34.95000076293945,24400
2022-09-01,34.79999923706055,34.79999923706055,34.95000076293945,34.0,34.0,2100
2022-09-02,34.0,34.0,35.75,34.0,35.0,29300
2022-09-05,34.95000076293945,34.95000076293945,34.95000076293945,34.0,34.95000076293945,7100
2022-09-06,34.95000076293945,34.95000076293945,34.95000076293945,34.5,34.900001525878906,3200
2022-09-07,34.79999923706055,34.79999923706055,34.95000076293945,33.5,34.95000076293945,14400
2022-09-08,34.75,34.75,34.79999923706055,33.20000076293945,34.79999923706055,6200
2022-09-12,34.75,34.75,34.79999923706055,33.5,34.79999923706055,3200
2022-09-13,34.75,34.75,34.75,34.75,34.75,100
2022-09-14,35.75,35.75,35.75,33.0,33.20000076293945,41900
2022-09-15,35.70000076293945,35.70000076293945,35.75,34.04999923706055,35.70000076293945,6000
2022-09-16,35.900001525878906,35.900001525878906,35.900001525878906,34.20000076293945,35.900001525878906,1250
2022-09-19,35.900001525878906,35.900001525878906,35.900001525878906,35.900001525878906,35.900001525878906,0
2022-09-20,35.900001525878906,35.900001525878906,35.900001525878906,35.900001525878906,35.900001525878906,0
2022-09-21,35.900001525878906,35.900001525878906,35.900001525878906,35.900001525878906,35.900001525878906,0
2022-09-22,35.900001525878906,35.900001525878906,35.900001525878906,35.900001525878906,35.900001525878906,0
2022-09-23,35.900001525878906,35.900001525878906,35.900001525878906,35.900001525878906,35.900001525878906,0
2022-09-26,38.5,38.5,38.5,38.29999923706055,38.400001525878906,3200
2022-09-27,38.5,38.5,39.20000076293945,38.5,38.5,6200
2022-09-28,38.599998474121094,38.599998474121094,39.0,37.0,37.54999923706055,6800
2022-09-29,39.150001525878906,39.150001525878906,39.150001525878906,38.650001525878906,38.650001525878906,5200
2022-09-30,39.20000076293945,39.20000076293945,39.25,38.20000076293945,39.25,4200
2022-10-03,39.25,39.25,39.25,39.20000076293945,39.20000076293945,3100
2022-10-04,39.5,39.5,39.5,39.25,39.25,4108
2022-10-05,39.5,39.5,39.5,39.5,39.5,100
2022-10-06,39.5,39.5,39.5,38.400001525878906,39.5,5500
2022-10-07,39.45000076293945,39.45000076293945,39.5,38.20000076293945,39.5,4200
2022-10-11,39.0,39.0,39.0,37.20000076293945,39.0,6300
2022-10-12,38.95000076293945,38.95000076293945,39.0,37.54999923706055,39.0,1676
2022-10-13,38.20000076293945,38.20000076293945,39.0,36.70000076293945,39.0,13100
2022-10-14,38.0,38.0,38.0,38.0,38.0,1100
2022-10-17,38.0,38.0,38.0,38.0,38.0,100
2022-10-18,38.20000076293945,38.20000076293945,38.20000076293945,38.0,38.0,6100
2022-10-19,38.20000076293945,38.20000076293945,38.20000076293945,36.54999923706055,38.20000076293945,1201
2022-10-20,37.5,37.5,38.20000076293945,36.5,38.20000076293945,5200
2022-10-21,37.5,37.5,37.5,37.5,37.5,100
2022-10-24,38.0,38.0,38.0,37.5,37.5,4300
2022-10-25,38.349998474121094,38.349998474121094,38.349998474121094,36.54999923706055,38.0,3300
2022-10-26,38.0,38.0,38.29999923706055,38.0,38.29999923706055,6100
2022-10-27,38.29999923706055,38.29999923706055,38.349998474121094,36.70000076293945,38.349998474121094,1200
2022-10-28,38.29999923706055,38.29999923706055,38.29999923706055,38.29999923706055,38.29999923706055,100
2022-10-31,38.20000076293945,38.20000076293945,38.29999923706055,36.70000076293945,38.29999923706055,415
2022-11-01,36.70000076293945,36.70000076293945,38.20000076293945,36.70000076293945,38.20000076293945,1100
2022-11-02,38.400001525878906,38.400001525878906,38.400001525878906,37.70000076293945,37.70000076293945,3100
2022-11-03,38.349998474121094,38.349998474121094,38.349998474121094,38.349998474121094,38.349998474121094,100
2022-11-04,36.54999923706055,36.54999923706055,38.349998474121094,36.54999923706055,38.349998474121094,3200
2022-11-07,37.79999923706055,37.79999923706055,38.0,36.79999923706055,37.599998474121094,4200
2022-11-08,38.349998474121094,38.349998474121094,38.349998474121094,37.20000076293945,38.0,6300
2022-11-09,38.349998474121094,38.349998474121094,38.349998474121094,36.54999923706055,38.349998474121094,2200
2022-11-10,37.849998474121094,37.849998474121094,38.349998474121094,36.5,38.349998474121094,8600
2022-11-11,37.849998474121094,37.849998474121094,37.849998474121094,37.849998474121094,37.849998474121094,100
2022-11-14,37.5,37.5,37.5,37.5,37.5,100
2022-11-15,37.5,37.5,37.79999923706055,36.0,37.79999923706055,5700
2022-11-16,37.0,37.0,37.20000076293945,37.0,37.20000076293945,1100
2022-11-17,37.25,37.25,37.25,36.29999923706055,37.20000076293945,4202
2022-11-18,36.0,36.0,37.25,36.0,37.25,6564
2022-11-21,35.79999923706055,35.79999923706055,36.0,35.54999923706055,35.599998474121094,10000
2022-11-22,35.0,35.0,36.0,35.0,35.20000076293945,14000
2022-11-23,34.20000076293945,34.20000076293945,35.75,34.20000076293945,34.29999923706055,25000
2022-11-24,34.5,34.5,35.70000076293945,34.04999923706055,35.70000076293945,8296
2022-11-25,34.0,34.0,35.0,33.54999923706055,34.0,22000
2022-11-28,34.0,34.0,34.0,32.599998474121094,33.29999923706055,17300
2022-11-29,35.5,35.5,36.20000076293945,34.5,34.5,63000
2022-11-30,35.29999923706055,35.29999923706055,35.5,34.0,34.54999923706055,117011
2022-12-01,34.29999923706055,34.29999923706055,34.29999923706055,33.5,33.849998474121094,18000
2022-12-02,32.599998474121094,32.599998474121094,35.54999923706055,32.29999923706055,33.29999923706055,70250
2022-12-05,32.29999923706055,32.29999923706055,33.75,32.25,33.5,20147
2022-12-06,32.95000076293945,32.95000076293945,33.0,32.20000076293945,32.25,14034
2022-12-07,32.45000076293945,32.45000076293945,33.0,31.350000381469727,33.0,17300
2022-12-08,32.45000076293945,32.45000076293945,32.5,32.0,32.5,16344
2022-12-09,32.0,32.0,32.20000076293945,31.350000381469727,31.5,7450
2022-12-12,32.0,32.0,32.20000076293945,31.5,32.0,6350
2022-12-13,32.29999923706055,32.29999923706055,32.29999923706055,31.100000381469727,32.25,11300
2022-12-14,31.700000762939453,31.700000762939453,32.29999923706055,31.200000762939453,32.29999923706055,10300
2022-12-15,32.0,32.0,32.25,31.299999237060547,32.25,9301
2022-12-16,32.0,32.0,32.29999923706055,31.5,32.25,15200
2022-12-19,31.200000762939453,31.200000762939453,32.45000076293945,31.200000762939453,32.0,15300
2022-12-20,31.799999237060547,31.799999237060547,32.29999923706055,31.200000762939453,32.29999923706055,9400
2022-12-21,32.45000076293945,32.45000076293945,32.45000076293945,32.45000076293945,32.45000076293945,2100
2022-12-22,31.950000762939453,31.950000762939453,32.0,31.350000381469727,31.350000381469727,4101
2022-12-23,32.45000076293945,32.45000076293945,32.45000076293945,31.299999237060547,32.45000076293945,7300
2022-12-26,32.0,32.0,32.45000076293945,32.0,32.45000076293945,5100
2022-12-27,33.75,33.75,34.900001525878906,32.45000076293945,32.45000076293945,40980
2022-12-28,32.599998474121094,32.599998474121094,33.599998474121094,31.700000762939453,33.04999923706055,32900
2022-12-29,32.54999923706055,32.54999923706055,32.54999923706055,32.54999923706055,32.54999923706055,200
2022-12-30,32.0,32.0,32.29999923706055,31.5,31.899999618530273,16202
2023-01-03,31.649999618530273,31.649999618530273,32.0,31.0,31.049999237060547,30900
2023-01-04,32.150001525878906,32.150001525878906,32.150001525878906,31.0,31.0,5200
2023-01-05,31.0,31.0,31.899999618530273,31.0,31.75,29150
2023-01-06,31.5,31.5,32.0,31.5,32.0,9200
2023-01-09,31.5,31.5,32.0,31.5,32.0,8100
2023-01-10,32.20000076293945,32.20000076293945,32.25,32.20000076293945,32.25,204
2023-01-11,32.25,32.25,32.25,31.5,32.25,15000
2023-01-12,32.25,32.25,32.25,31.5,31.5,43100
2023-01-13,32.25,32.25,32.25,31.350000381469727,31.549999237060547,10200
2023-01-16,32.29999923706055,32.29999923706055,32.29999923706055,32.0,32.25,11200
2023-01-17,33.45000076293945,33.45000076293945,33.45000076293945,32.70000076293945,32.70000076293945,6000
2023-01-30,37.20000076293945,37.20000076293945,39.150001525878906,33.5,34.0,187304
2023-01-31,41.599998474121094,41.599998474121094,41.599998474121094,37.54999923706055,37.54999923706055,239609
2023-02-01,49.0,49.0,52.5,41.5,41.5,341370
2023-02-02,50.29999923706055,50.29999923706055,51.79999923706055,46.79999923706055,48.5,211553
2023-02-03,48.400001525878906,48.400001525878906,51.0,48.25,51.0,87465
2023-02-06,51.20000076293945,51.20000076293945,52.20000076293945,49.20000076293945,49.20000076293945,209440
2023-02-07,51.5,51.5,53.20000076293945,50.900001525878906,51.5,136537
2023-02-08,50.20000076293945,50.20000076293945,51.599998474121094,49.900001525878906,51.599998474121094,109641
2023-02-09,55.20000076293945,55.20000076293945,55.5,50.5,51.0,250882
2023-02-10,61.0,61.0,62.5,55.20000076293945,56.29999923706055,315732
2023-02-13,65.0,65.0,65.0,60.5,61.5,176541
2023-02-14,70.69999694824219,70.69999694824219,71.30000305175781,65.0,65.5,349408
2023-02-15,88.19999694824219,88.19999694824219,89.19999694824219,72.0,72.0,555647
2023-02-16,81.5,81.5,91.30000305175781,69.0,88.5,651446
2023-02-17,75.4000015258789,75.4000015258789,83.0,70.0,83.0,239535
2023-02-20,78.19999694824219,78.19999694824219,80.80000305175781,75.0,75.30000305175781,242028
2023-02-21,79.19999694824219,79.19999694824219,80.5,76.5,79.4000015258789,195259
2023-02-22,79.0,79.0,80.30000305175781,77.5999984741211,78.30000305175781,137616
2023-02-23,77.80000305175781,77.80000305175781,82.0,77.0999984741211,81.0,166489
2023-02-24,79.9000015258789,79.9000015258789,80.0,76.80000305175781,80.0,36042
2023-03-01,74.0,74.0,79.9000015258789,71.0999984741211,79.5,121794
2023-03-02,74.5,74.5,77.5,72.80000305175781,76.0,77212
2023-03-03,75.69999694824219,75.69999694824219,76.0,73.5,75.0,74124
2023-03-06,82.30000305175781,82.30000305175781,84.0,78.0,80.0,253758
2023-03-07,83.0,83.0,84.9000015258789,81.0,84.0,88310
2023-03-08,80.0,80.0,84.0,80.0,84.0,74582
2023-03-09,83.4000015258789,83.4000015258789,83.5,80.0,80.5,136762
2023-03-10,80.9000015258789,80.9000015258789,83.5,78.0999984741211,83.5,98397
2023-03-13,79.0,79.0,81.19999694824219,70.0,81.19999694824219,93161
2023-03-14,76.30000305175781,76.30000305175781,79.0,74.0999984741211,78.9000015258789,37881
2023-03-15,77.5,77.5,78.9000015258789,75.5,78.9000015258789,14652
2023-03-16,74.0999984741211,74.0999984741211,78.0,74.0999984741211,78.0,39772
2023-03-17,77.5,77.5,77.5,74.0999984741211,76.0,34006
2023-03-20,76.9000015258789,76.9000015258789,77.69999694824219,75.0999984741211,77.69999694824219,43247
2023-03-21,75.80000305175781,75.80000305175781,77.0,75.69999694824219,77.0,67862
2023-03-22,76.80000305175781,76.80000305175781,77.5,75.5999984741211,76.80000305175781,67819
2023-03-23,76.19999694824219,76.19999694824219,77.80000305175781,75.80000305175781,76.9000015258789,48824
2023-03-24,77.9000015258789,77.9000015258789,77.9000015258789,75.5,77.69999694824219,64140
2023-03-27,76.0,76.0,76.9000015258789,72.0,75.5,56600
2023-03-28,75.0,75.0,76.0,73.80000305175781,76.0,33867
2023-03-29,75.80000305175781,75.80000305175781,78.30000305175781,75.0,76.9000015258789,42509
2023-03-30,75.69999694824219,75.69999694824219,76.9000015258789,73.30000305175781,73.30000305175781,30300
2023-03-31,76.5,76.5,76.9000015258789,74.0,76.9000015258789,20600
2023-04-06,76.0,76.0,77.0,73.5,77.0,35168
2023-04-07,75.80000305175781,75.80000305175781,76.80000305175781,75.0,75.5,39237
2023-04-10,76.19999694824219,76.19999694824219,76.30000305175781,75.4000015258789,75.5,29390
2023-04-11,76.0999984741211,76.0999984741211,77.0,75.5,77.0,22302
2023-04-12,76.0,76.0,77.0,75.80000305175781,77.0,66913
2023-04-13,76.5999984741211,76.5999984741211,76.69999694824219,75.30000305175781,76.69999694824219,20011
2023-04-14,76.5999984741211,76.5999984741211,76.69999694824219,75.30000305175781,76.69999694824219,39305
2023-04-17,76.80000305175781,76.80000305175781,77.9000015258789,76.0,77.0,69348
2023-04-18,76.5,76.5,76.9000015258789,75.9000015258789,76.9000015258789,30522
2023-04-19,76.4000015258789,76.4000015258789,77.30000305175781,75.69999694824219,76.5,73338
2023-04-20,76.5,76.5,76.9000015258789,75.5999984741211,76.5,40506
2023-04-21,76.5,76.5,76.69999694824219,75.69999694824219,75.69999694824219,42105
2023-04-24,75.5999984741211,75.5999984741211,76.5999984741211,75.5,76.5999984741211,20691
2023-04-25,77.0,77.0,77.30000305175781,75.5,76.4000015258789,36699
2023-04-26,76.30000305175781,76.30000305175781,76.4000015258789,75.0999984741211,75.69999694824219,39257
2023-04-27,75.9000015258789,75.9000015258789,76.5999984741211,75.5999984741211,75.5999984741211,35121
2023-04-28,76.9000015258789,76.9000015258789,77.0,75.69999694824219,76.5999984741211,28771
2023-05-02,76.5,76.5,76.9000015258789,75.5,76.80000305175781,16524
2023-05-03,76.30000305175781,76.30000305175781,76.5,75.0999984741211,76.5,16938
2023-05-04,75.69999694824219,75.69999694824219,76.30000305175781,74.69999694824219,76.30000305175781,54600
2023-05-05,75.69999694824219,75.69999694824219,76.30000305175781,74.80000305175781,76.0,23793
2023-05-08,76.9000015258789,76.9000015258789,76.9000015258789,76.0,76.19999694824219,8782
2023-05-09,74.80000305175781,74.80000305175781,77.0,73.0,77.0,46935
2023-05-10,74.80000305175781,74.80000305175781,75.69999694824219,71.30000305175781,75.69999694824219,31378
2023-05-11,71.5,71.5,75.9000015258789,68.0,75.0,105404
2023-05-12,71.5,71.5,72.9000015258789,70.9000015258789,72.5,25324
2023-05-15,74.30000305175781,74.30000305175781,76.30000305175781,71.0,72.0,96950
2023-05-16,74.19999694824219,74.19999694824219,74.5,72.19999694824219,73.69999694824219,28860
2023-05-17,74.0,74.0,74.9000015258789,72.5,74.9000015258789,34483
2023-05-18,74.30000305175781,74.30000305175781,74.30000305175781,72.5,74.30000305175781,12186
2023-05-19,74.5,74.5,76.9000015258789,73.5,74.4000015258789,30223
2023-05-22,78.9000015258789,78.9000015258789,79.9000015258789,76.0,76.5,184422
2023-05-23,81.9000015258789,81.9000015258789,81.9000015258789,78.0999984741211,79.5,151050
2023-05-24,83.19999694824219,83.19999694824219,83.5,80.80000305175781,81.30000305175781,191192
2023-05-25,94.30000305175781,94.30000305175781,98.30000305175781,84.5,86.0,651019
2023-05-26,88.5,88.5,104.0,84.5999984741211,98.0,476704
2023-05-29,88.9000015258789,88.9000015258789,91.0,87.0,88.5,263627
2023-05-30,87.19999694824219,87.19999694824219,88.5,85.0,87.5999984741211,54560
2023-05-31,84.4000015258789,84.4000015258789,87.0,80.30000305175781,86.9000015258789,194424
2023-06-01,82.9000015258789,82.9000015258789,85.4000015258789,80.0,84.5,68174
2023-06-02,83.0,83.0,83.0,81.0,82.9000015258789,23332
2023-06-05,83.9000015258789,83.9000015258789,84.19999694824219,82.69999694824219,83.0,48927
2023-06-06,84.80000305175781,84.80000305175781,85.4000015258789,83.19999694824219,84.0,41006
2023-06-07,84.5,84.5,85.0,83.0,85.0,44469
2023-06-08,83.19999694824219,83.19999694824219,84.0,82.0,84.0,36205
2023-06-09,83.69999694824219,83.69999694824219,85.9000015258789,83.0,83.30000305175781,31325
2023-06-12,86.0,86.0,86.9000015258789,82.80000305175781,82.80000305175781,77822
2023-06-13,88.30000305175781,88.30000305175781,88.30000305175781,85.0,85.0,220593
2023-06-14,87.5,87.5,87.80000305175781,86.19999694824219,87.80000305175781,94251
2023-06-15,84.9000015258789,84.9000015258789,87.9000015258789,84.0,87.5999984741211,192827
2023-06-16,85.19999694824219,85.19999694824219,86.9000015258789,84.19999694824219,86.5999984741211,160123
2023-06-19,85.69999694824219,85.69999694824219,85.80000305175781,84.0,85.80000305175781,43216
2023-06-20,84.30000305175781,84.30000305175781,85.9000015258789,84.30000305175781,85.9000015258789,40460
2023-06-21,85.80000305175781,85.80000305175781,85.9000015258789,84.5,85.9000015258789,15513
2023-06-26,88.30000305175781,88.30000305175781,88.4000015258789,84.5,85.9000015258789,221518
2023-06-27,92.69999694824219,92.69999694824219,94.80000305175781,91.0,92.0,300404
2023-06-28,91.30000305175781,91.30000305175781,94.30000305175781,90.0,92.69999694824219,223588
2023-06-29,91.80000305175781,91.80000305175781,92.80000305175781,90.80000305175781,91.30000305175781,90381
2023-06-30,92.0999984741211,92.0999984741211,92.30000305175781,91.0,91.80000305175781,93728
2023-07-03,92.5,92.5,92.5999984741211,91.5,92.5,36936
2023-07-04,90.0999984741211,90.0999984741211,92.5999984741211,89.0,92.5,169043
2023-07-05,88.30000305175781,88.30000305175781,90.4000015258789,87.5,90.4000015258789,148698
2023-07-06,86.30000305175781,86.30000305175781,89.0,84.69999694824219,88.30000305175781,146166
2023-07-07,85.9000015258789,85.9000015258789,87.0,84.0999984741211,87.0,37724
2023-07-10,87.9000015258789,87.9000015258789,88.19999694824219,85.30000305175781,86.4000015258789,61810
2023-07-11,89.9000015258789,89.9000015258789,89.9000015258789,87.0,87.9000015258789,67414
2023-07-12,91.30000305175781,91.30000305175781,91.9000015258789,88.5,90.0,22931
2023-07-13,86.5,86.5,92.0,85.30000305175781,92.0,85683
2023-07-14,87.9000015258789,87.9000015258789,88.9000015258789,85.0,88.9000015258789,42305
2023-07-17,87.9000015258789,87.9000015258789,89.5,86.5,88.0,29668
2023-07-18,86.19999694824219,86.19999694824219,88.0,85.69999694824219,88.0,48414
2023-07-19,85.4000015258789,85.4000015258789,86.4000015258789,84.80000305175781,86.30000305175781,82687
2023-07-20,84.30000305175781,84.30000305175781,85.30000305175781,82.5,85.30000305175781,51916
2023-07-21,83.0,83.0,84.9000015258789,83.0,84.9000015258789,24633
2023-07-24,85.5,85.5,86.5,84.0,85.0,64026
2023-07-25,85.5999984741211,85.5999984741211,86.0,82.0,86.0,33452
2023-07-26,85.80000305175781,85.80000305175781,86.30000305175781,83.30000305175781,85.4000015258789,2302
2023-07-27,85.5999984741211,85.5999984741211,86.4000015258789,84.19999694824219,86.30000305175781,11310
2023-07-28,86.30000305175781,86.30000305175781,86.5,85.0,86.19999694824219,12009
2023-07-31,85.30000305175781,85.30000305175781,86.30000305175781,84.19999694824219,85.0,62307
2023-08-01,83.30000305175781,83.30000305175781,85.5999984741211,83.0999984741211,85.5999984741211,22812
2023-08-02,83.30000305175781,83.30000305175781,86.0,80.30000305175781,84.5999984741211,45738
2023-08-04,81.5,81.5,85.0,79.0,83.4000015258789,83809
2023-08-07,80.5,80.5,81.0,77.0999984741211,81.0,38107
2023-08-08,80.9000015258789,80.9000015258789,81.0,79.5,81.0,18257
2023-08-09,79.19999694824219,79.19999694824219,81.0,79.0,81.0,36964
2023-08-10,78.5,78.5,80.5999984741211,75.19999694824219,80.5999984741211,60466
2023-08-11,79.30000305175781,79.30000305175781,80.0,75.19999694824219,75.19999694824219,55669
2023-08-14,76.80000305175781,76.80000305175781,81.0,73.19999694824219,79.5,38500
2023-08-15,78.5,78.5,78.9000015258789,74.0,76.80000305175781,80552
2023-08-16,77.5,77.5,78.5999984741211,75.0999984741211,78.5999984741211,11749
2023-08-17,77.80000305175781,77.80000305175781,77.9000015258789,75.19999694824219,77.9000015258789,4853
2023-08-18,77.5,77.5,77.5,75.19999694824219,77.5,1327
2023-08-21,75.9000015258789,75.9000015258789,77.4000015258789,73.0,77.4000015258789,23561
2023-08-22,73.9000015258789,73.9000015258789,76.19999694824219,72.0999984741211,76.0,45442
2023-08-23,72.5999984741211,72.5999984741211,74.0,71.0999984741211,74.0,41498
2023-08-24,71.5,71.5,73.0,70.5999984741211,71.0,15395
2023-08-25,72.4000015258789,72.4000015258789,73.0,70.5999984741211,72.5999984741211,9045
2023-08-28,72.9000015258789,72.9000015258789,73.0,71.0,72.5,14902
2023-08-29,73.4000015258789,73.4000015258789,73.5,71.9000015258789,72.9000015258789,21084
2023-08-30,71.4000015258789,71.4000015258789,72.4000015258789,70.0,72.30000305175781,44728
2023-08-31,72.0,72.0,72.5,70.5999984741211,71.5,7022
2023-09-01,70.9000015258789,70.9000015258789,72.5,68.5,72.5,35310
2023-09-04,72.0,72.0,72.5999984741211,68.5,71.0,37804
2023-09-05,74.5,74.5,74.69999694824219,71.0,73.19999694824219,34320
2023-09-06,75.0999984741211,75.0999984741211,75.0999984741211,72.0,75.0999984741211,9785
2023-09-07,74.5,74.5,75.0999984741211,71.5999984741211,75.0999984741211,16519
2023-09-08,74.5,74.5,74.5,74.5,74.5,0
2023-09-11,75.0,75.0,75.19999694824219,73.0,75.0999984741211,20106
2023-09-12,75.0,75.0,75.19999694824219,73.0,75.0,12498
2023-09-13,75.0999984741211,75.0999984741211,75.0999984741211,72.0,75.0999984741211,2052
2023-09-14,75.19999694824219,75.19999694824219,75.19999694824219,72.80000305175781,75.0999984741211,4501
2023-09-15,76.80000305175781,76.80000305175781,76.80000305175781,72.0,72.0,41653
2023-09-18,76.80000305175781,76.80000305175781,76.80000305175781,74.9000015258789,76.80000305175781,22107
2023-09-19,76.80000305175781,76.80000305175781,76.80000305175781,74.9000015258789,75.5,17107
2023-09-20,76.80000305175781,76.80000305175781,76.80000305175781,75.0,76.80000305175781,5504
2023-09-21,75.19999694824219,75.19999694824219,76.80000305175781,74.0999984741211,76.80000305175781,13415
2023-09-22,75.80000305175781,75.80000305175781,75.80000305175781,74.0999984741211,75.4000015258789,16105
2023-09-25,74.9000015258789,74.9000015258789,75.69999694824219,74.5,75.69999694824219,3261
2023-09-26,74.69999694824219,74.69999694824219,75.0,74.0,75.0,14966
2023-09-27,76.19999694824219,76.19999694824219,76.5,74.19999694824219,76.5,8402
2023-09-28,75.4000015258789,75.4000015258789,76.19999694824219,74.19999694824219,76.19999694824219,14860
2023-10-02,74.5,74.5,75.5,73.0999984741211,75.5,13589
2023-10-03,73.9000015258789,73.9000015258789,75.30000305175781,71.5,75.30000305175781,33287
2023-10-04,73.9000015258789,73.9000015258789,73.9000015258789,72.0,73.9000015258789,14618
2023-10-05,74.5,74.5,75.0,73.0999984741211,73.9000015258789,10999
2023-10-06,75.0,75.0,75.0,75.0,75.0,1101
2023-10-11,75.0999984741211,75.0999984741211,75.5,74.0,75.0,14005
2023-10-12,76.0,76.0,76.0,73.5,75.19999694824219,18009
2023-10-13,75.4000015258789,75.4000015258789,75.4000015258789,73.4000015258789,74.9000015258789,24256
2023-10-16,73.69999694824219,73.69999694824219,75.5,73.0,75.5,16972
2023-10-17,73.5,73.5,73.80000305175781,73.0,73.80000305175781,8273
2023-10-18,73.5,73.5,73.5999984741211,72.19999694824219,73.5999984741211,1016
2023-10-19,72.9000015258789,72.9000015258789,73.0999984741211,71.80000305175781,73.0999984741211,5250
2023-10-20,72.4000015258789,72.4000015258789,73.0,71.30000305175781,73.0,6145
2023-10-23,72.5,72.5,73.0,71.0,73.0,9898
2023-10-24,72.5999984741211,72.5999984741211,72.69999694824219,70.80000305175781,72.69999694824219,6305
2023-10-25,72.5999984741211,72.5999984741211,72.69999694824219,71.30000305175781,72.5999984741211,6026
2023-10-26,73.30000305175781,73.30000305175781,73.9000015258789,71.19999694824219,72.69999694824219,11224
2023-10-27,73.19999694824219,73.19999694824219,73.30000305175781,71.30000305175781,73.30000305175781,3102
2023-10-30,75.19999694824219,75.19999694824219,75.19999694824219,71.4000015258789,73.30000305175781,31214
2023-10-31,75.0,75.0,75.30000305175781,72.5999984741211,75.19999694824219,31192
2023-11-01,75.19999694824219,75.19999694824219,75.19999694824219,73.0,75.19999694824219,3354
2023-11-02,75.19999694824219,75.19999694824219,75.30000305175781,72.9000015258789,75.30000305175781,16303
2023-11-03,75.80000305175781,75.80000305175781,75.80000305175781,73.69999694824219,75.30000305175781,19547
2023-11-06,75.5,75.5,76.0,74.0,76.0,34149
2023-11-07,76.0,76.0,76.0,74.0,76.0,7067
2023-11-08,79.5,79.5,79.80000305175781,76.0,76.0,71865
2023-11-09,83.69999694824219,83.69999694824219,85.19999694824219,81.0,81.0,83331
2023-11-10,83.30000305175781,83.30000305175781,85.0,82.0,83.80000305175781,39614
2023-11-13,83.5999984741211,83.5999984741211,84.0,82.0999984741211,83.30000305175781,36633
2023-11-14,87.80000305175781,87.80000305175781,87.9000015258789,83.69999694824219,83.69999694824219,135466
2023-11-15,88.0,88.0,89.0,87.0,87.5,54859
2023-11-16,88.5999984741211,88.5999984741211,89.0,87.30000305175781,89.0,48736
2023-11-17,86.9000015258789,86.9000015258789,88.69999694824219,85.0999984741211,88.69999694824219,71404
2023-11-20,87.0,87.0,87.4000015258789,85.5,86.80000305175781,142369
2023-11-21,86.4000015258789,86.4000015258789,86.5,85.0999984741211,86.4000015258789,11405
2023-11-22,86.0999984741211,86.0999984741211,86.5,85.4000015258789,86.5,4326
2023-11-23,85.5999984741211,85.5999984741211,86.0999984741211,84.5,86.0999984741211,37605
2023-11-24,85.0,85.0,85.80000305175781,84.5,85.5,43043
2023-11-27,86.0,86.0,87.0,84.69999694824219,85.4000015258789,25866
2023-11-28,86.5,86.5,86.80000305175781,84.5,86.80000305175781,12183
2023-11-29,88.4000015258789,88.4000015258789,90.0,87.0,87.5,127131
2023-11-30,88.5,88.5,89.0,87.69999694824219,88.4000015258789,31720
2023-12-01,87.9000015258789,87.9000015258789,88.9000015258789,87.80000305175781,88.5999984741211,76233
2023-12-04,88.9000015258789,88.9000015258789,89.0,87.5999984741211,87.80000305175781,21710
2023-12-05,88.5,88.5,88.9000015258789,87.5999984741211,87.5999984741211,43981
2023-12-06,88.30000305175781,88.30000305175781,88.5999984741211,87.69999694824219,88.5999984741211,17415
2023-12-07,88.30000305175781,88.30000305175781,88.80000305175781,87.5999984741211,88.30000305175781,9424
2023-12-08,88.69999694824219,88.69999694824219,88.69999694824219,87.69999694824219,88.5999984741211,12188
2023-12-11,87.80000305175781,87.80000305175781,88.69999694824219,86.0999984741211,88.0,68322
2023-12-12,85.30000305175781,85.30000305175781,88.30000305175781,85.0999984741211,88.30000305175781,15506
2023-12-13,86.69999694824219,86.69999694824219,87.19999694824219,86.0,87.19999694824219,40459
2023-12-14,85.30000305175781,85.30000305175781,87.0,84.0,86.69999694824219,80584
2023-12-15,84.19999694824219,84.19999694824219,84.80000305175781,83.19999694824219,84.30000305175781,56554
2023-12-18,83.5,83.5,84.30000305175781,82.80000305175781,84.30000305175781,35054
2023-12-19,83.30000305175781,83.30000305175781,83.5,82.0,83.5,26395
2023-12-20,82.5,82.5,83.30000305175781,80.80000305175781,83.30000305175781,33513
2023-12-21,82.69999694824219,82.69999694824219,83.30000305175781,81.0,82.0,15102
2023-12-22,82.30000305175781,82.30000305175781,82.69999694824219,81.0,82.69999694824219,27142
2023-12-25,82.0,82.0,82.9000015258789,81.69999694824219,82.30000305175781,35205
2023-12-26,82.30000305175781,82.30000305175781,82.5,81.30000305175781,82.5,14433
2023-12-27,82.30000305175781,82.30000305175781,82.30000305175781,81.30000305175781,82.30000305175781,15216
2023-12-28,82.69999694824219,82.69999694824219,82.69999694824219,81.30000305175781,82.30000305175781,10850
2023-12-29,82.5999984741211,82.5999984741211,82.80000305175781,81.5,82.69999694824219,15303
2024-01-02,82.80000305175781,82.80000305175781,83.0,81.5,83.0,27738
2024-01-03,83.5,83.5,83.5,81.5,83.0,14752
2024-01-04,84.80000305175781,84.80000305175781,84.9000015258789,82.0,84.0,28722
2024-01-05,83.19999694824219,83.19999694824219,84.9000015258789,83.0,84.80000305175781,10098
2024-01-08,85.0999984741211,85.0999984741211,85.9000015258789,84.0,85.0,40534
2024-01-09,84.80000305175781,84.80000305175781,85.5,84.0,85.19999694824219,33329
2024-01-10,85.0,85.0,85.0,83.0,85.0,16427
2024-01-11,84.80000305175781,84.80000305175781,85.0,83.5,85.0,20306
2024-01-12,83.9000015258789,83.9000015258789,85.0,83.0,84.80000305175781,18791
2024-01-15,83.9000015258789,83.9000015258789,83.9000015258789,83.9000015258789,83.9000015258789,0
2024-01-16,86.30000305175781,86.30000305175781,86.9000015258789,84.19999694824219,85.5,146235
2024-01-17,86.0,86.0,86.5,84.5999984741211,86.4000015258789,20854
2024-01-18,85.5,85.5,85.80000305175781,84.0,85.80000305175781,40811
2024-01-19,85.4000015258789,85.4000015258789,85.5,84.19999694824219,85.30000305175781,22205
2024-01-22,86.9000015258789,86.9000015258789,87.4000015258789,85.5,86.0,27006
2024-01-23,87.69999694824219,87.69999694824219,88.0,86.5,87.4000015258789,61402
2024-01-24,88.4000015258789,88.4000015258789,88.4000015258789,87.0,87.0,63404
2024-01-25,90.30000305175781,90.30000305175781,90.4000015258789,88.30000305175781,88.5999984741211,128928
2024-01-26,88.5999984741211,88.5999984741211,90.5,88.5999984741211,90.5,69558
2024-01-29,89.5,89.5,90.30000305175781,88.5,90.0,45343
2024-01-30,90.0,90.0,90.69999694824219,89.0,89.4000015258789,47222
2024-01-31,90.69999694824219,90.69999694824219,90.69999694824219,88.5999984741211,90.0,25492
2024-02-01,90.19999694824219,90.19999694824219,90.69999694824219,88.5,90.69999694824219,71292
2024-02-02,90.19999694824219,90.19999694824219,90.19999694824219,88.5,90.19999694824219,10976
2024-02-05,90.5999984741211,90.5999984741211,91.0,89.0,90.19999694824219,22905
2024-02-15,90.30000305175781,90.30000305175781,90.5999984741211,89.0999984741211,90.0,37109
2024-02-16,90.0,90.0,90.4000015258789,88.0,90.4000015258789,20215
2024-02-19,89.0,89.0,90.0,88.19999694824219,90.0,55619
2024-02-20,88.30000305175781,88.30000305175781,90.30000305175781,87.0,89.0,49421
2024-02-21,88.5,88.5,88.5,87.0,87.0,20299
2024-02-22,88.30000305175781,88.30000305175781,88.5999984741211,87.80000305175781,88.5999984741211,6580
2024-02-23,88.30000305175781,88.30000305175781,88.9000015258789,87.19999694824219,88.4000015258789,39798
2024-02-26,89.5,89.5,90.0,87.5,89.0,15868
2024-02-27,90.19999694824219,90.19999694824219,90.19999694824219,89.0,89.9000015258789,42522
2024-02-29,90.30000305175781,90.30000305175781,90.30000305175781,88.80000305175781,90.30000305175781,21565
2024-03-01,90.5,90.5,90.5,89.5,90.30000305175781,17237
2024-03-04,89.9000015258789,89.9000015258789,90.5,85.0999984741211,89.0,52967
2024-03-05,89.80000305175781,89.80000305175781,90.0,87.30000305175781,90.0,6705
2024-03-06,89.5999984741211,89.5999984741211,90.0,87.19999694824219,87.30000305175781,19324
2024-03-07,88.30000305175781,88.30000305175781,89.69999694824219,86.0,89.69999694824219,55627
2024-03-08,88.19999694824219,88.19999694824219,88.30000305175781,86.80000305175781,88.30000305175781,17625
2024-03-11,88.30000305175781,88.30000305175781,88.30000305175781,88.30000305175781,88.30000305175781,101
2024-03-12,87.9000015258789,87.9000015258789,88.30000305175781,85.0,88.30000305175781,46797
2024-03-13,87.9000015258789,87.9000015258789,88.0,85.80000305175781,88.0,6602
2024-03-14,87.0,87.0,88.30000305175781,84.0999984741211,88.30000305175781,53536
2024-03-15,87.0,87.0,90.0,85.5,87.0,24712
2024-03-18,88.5,88.5,88.5,86.0,88.5,56306
2024-03-19,87.19999694824219,87.19999694824219,88.5999984741211,86.0,88.5999984741211,68383
2024-03-20,87.30000305175781,87.30000305175781,87.30000305175781,85.0,87.19999694824219,32572
2024-03-21,86.0,86.0,86.5,84.5,86.0,31807
2024-03-22,87.0,87.0,87.0,85.0,87.0,8571
2024-03-25,87.0,87.0,87.0,87.0,87.0,0
2024-03-26,86.80000305175781,86.80000305175781,89.0,85.5999984741211,87.19999694824219,27853
2024-03-27,86.9000015258789,86.9000015258789,87.0,85.0,87.0,41114
2024-03-28,87.19999694824219,87.19999694824219,87.30000305175781,86.30000305175781,87.0,38492
2024-03-29,86.9000015258789,86.9000015258789,87.19999694824219,86.0999984741211,87.19999694824219,10104
2024-04-01,86.30000305175781,86.30000305175781,86.69999694824219,85.5999984741211,86.69999694824219,16105
2024-04-02,86.0,86.0,86.80000305175781,85.19999694824219,86.30000305175781,40298
2024-04-03,85.5999984741211,85.5999984741211,86.0,84.80000305175781,85.19999694824219,8669
2024-04-08,86.9000015258789,86.9000015258789,87.0,85.5,85.69999694824219,9201
2024-04-09,86.0,86.0,86.9000015258789,85.0,86.9000015258789,15201
2024-04-10,86.30000305175781,86.30000305175781,86.80000305175781,85.5,86.0,22025
2024-04-11,84.0,84.0,86.0,81.0,85.19999694824219,49992
2024-04-12,82.9000015258789,82.9000015258789,85.0,81.4000015258789,85.0,30009
2024-04-15,80.0,80.0,83.0,77.5,82.80000305175781,53628
2024-04-16,78.30000305175781,78.30000305175781,80.0,76.0,80.0,17387
2024-04-17,84.19999694824219,84.19999694824219,84.19999694824219,76.0,77.0,63993
2024-04-18,86.19999694824219,86.19999694824219,86.9000015258789,84.19999694824219,84.19999694824219,59729
2024-04-19,85.0,85.0,86.9000015258789,83.5,86.19999694824219,60363
2024-04-22,84.9000015258789,84.9000015258789,85.0,83.0999984741211,85.0,12379
2024-04-23,85.80000305175781,85.80000305175781,85.9000015258789,83.30000305175781,84.9000015258789,13293
2024-04-24,85.69999694824219,85.69999694824219,86.0,83.69999694824219,86.0,13404
2024-04-25,85.5,85.5,86.0,84.0,85.9000015258789,5627
2024-04-26,88.0,88.0,91.0,86.30000305175781,86.30000305175781,57177
2024-04-29,88.0,88.0,88.0,85.69999694824219,87.19999694824219,19006
2024-04-30,86.4000015258789,86.4000015258789,86.5,85.0,85.69999694824219,25577
2024-05-02,85.5,85.5,86.4000015258789,84.69999694824219,85.0,14080
2024-05-03,83.80000305175781,83.80000305175781,85.5,82.5,84.5,43612
2024-05-06,83.0,83.0,84.0,82.0999984741211,84.0,12228
2024-05-07,82.0,82.0,83.80000305175781,80.0999984741211,83.80000305175781,43384
2024-05-08,80.19999694824219,80.19999694824219,82.0,78.69999694824219,81.9000015258789,84392
2024-05-09,82.80000305175781,82.80000305175781,82.9000015258789,80.0,80.0,12314
2024-05-10,82.80000305175781,82.80000305175781,83.0,80.5,80.5,29407
2024-05-13,83.5,83.5,84.0,82.0,83.0,23055
2024-05-14,84.30000305175781,84.30000305175781,84.4000015258789,82.80000305175781,83.9000015258789,23216
2024-05-15,83.5,83.5,85.0,82.5999984741211,84.9000015258789,28503
2024-05-16,84.69999694824219,84.69999694824219,84.9000015258789,84.69999694824219,84.9000015258789,5730
2024-05-17,83.0,83.0,84.0,79.0,84.0,42327
2024-05-20,82.9000015258789,82.9000015258789,83.5,81.0,83.0,35535
2024-05-21,73.9000015258789,73.9000015258789,75.0,68.0,68.0,211100
2024-05-22,85.5,85.5,87.0,75.0,75.0,152000
2024-05-23,83.0,83.0,87.5,79.9000015258789,87.5,55000
2024-05-24,82.5,82.5,86.0,82.5,85.0,29000
2024-05-27,85.9000015258789,85.9000015258789,88.0,83.0,88.0,8000
2024-05-28,84.0,84.0,85.5999984741211,82.0,85.5999984741211,26000
2024-05-29,83.0,83.0,83.5,81.0999984741211,83.5,9000
2024-05-30,83.5,83.5,83.9000015258789,81.0,82.0,22000
2024-05-31,83.4000015258789,83.4000015258789,84.80000305175781,82.5,84.80000305175781,13000
2024-06-03,83.4000015258789,83.4000015258789,83.5,81.0,83.5,33000
2024-06-04,83.9000015258789,83.9000015258789,83.9000015258789,81.80000305175781,83.4000015258789,35000
2024-06-05,84.69999694824219,84.69999694824219,85.80000305175781,82.0,84.30000305175781,16000
2024-06-06,83.9000015258789,83.9000015258789,85.69999694824219,83.19999694824219,85.69999694824219,12000
2024-06-07,84.9000015258789,84.9000015258789,85.4000015258789,83.5,85.4000015258789,16000
2024-06-11,84.0,84.0,85.80000305175781,82.0,85.80000305175781,23000
2024-06-12,83.80000305175781,83.80000305175781,85.69999694824219,82.0,85.69999694824219,10000
2024-06-13,83.19999694824219,83.19999694824219,84.4000015258789,81.9000015258789,84.4000015258789,25000
2024-06-14,81.4000015258789,81.4000015258789,83.30000305175781,79.0999984741211,83.30000305175781,41000
2024-06-17,81.80000305175781,81.80000305175781,83.80000305175781,80.80000305175781,83.80000305175781,16000
2024-06-18,81.4000015258789,81.4000015258789,83.30000305175781,80.5,81.19999694824219,19120
2024-06-19,81.0,81.0,81.80000305175781,78.19999694824219,81.80000305175781,26000
2024-06-20,80.4000015258789,80.4000015258789,81.19999694824219,78.5999984741211,81.19999694824219,9000
2024-06-21,79.80000305175781,79.80000305175781,80.4000015258789,78.5,80.4000015258789,18038
2024-06-24,80.69999694824219,80.69999694824219,80.69999694824219,80.69999694824219,80.69999694824219,1000
2024-06-25,81.0999984741211,81.0999984741211,81.4000015258789,75.0999984741211,75.0999984741211,12000
2024-06-26,80.9000015258789,80.9000015258789,81.4000015258789,79.0,81.0999984741211,18000
2024-06-27,81.80000305175781,81.80000305175781,82.9000015258789,80.0,82.0,23000
2024-06-28,81.4000015258789,81.4000015258789,81.5,79.5,81.5,24008
2024-07-01,81.30000305175781,81.30000305175781,81.4000015258789,80.0,81.4000015258789,24000
2024-07-02,83.0,83.0,86.5,80.0,86.5,47000
2024-07-03,82.4000015258789,82.4000015258789,83.5,82.4000015258789,83.5,4000
2024-07-04,81.9000015258789,81.9000015258789,82.30000305175781,81.0,81.0,35187
2024-07-05,81.69999694824219,81.69999694824219,82.80000305175781,80.30000305175781,82.80000305175781,13000
2024-07-08,82.0,82.0,82.19999694824219,80.0999984741211,81.0999984741211,13000
2024-07-09,80.19999694824219,80.19999694824219,81.80000305175781,80.0,80.30000305175781,29000
2024-07-10,79.9000015258789,79.9000015258789,81.80000305175781,79.0,80.0,19000
2024-07-11,81.30000305175781,81.30000305175781,81.69999694824219,79.5,80.0,18000
2024-07-12,80.0,80.0,81.5,79.0999984741211,80.0,23030
2024-07-15,80.4000015258789,80.4000015258789,81.0,79.19999694824219,81.0,9000
2024-07-16,80.0,80.0,80.4000015258789,79.19999694824219,80.4000015258789,7000
2024-07-17,81.0,81.0,81.19999694824219,79.19999694824219,81.19999694824219,12206
2024-07-18,81.0,81.0,81.0999984741211,80.5,80.9000015258789,4559
2024-07-19,81.4000015258789,81.4000015258789,82.5,79.0,82.5,11250
2024-07-22,79.5999984741211,79.5999984741211,81.69999694824219,79.0999984741211,79.5,8621
2024-07-23,80.0,80.0,80.69999694824219,80.0,80.0999984741211,5000
2024-07-26,79.5,79.5,81.4000015258789,78.19999694824219,81.4000015258789,17020
2024-07-29,80.0999984741211,80.0999984741211,80.9000015258789,80.0999984741211,80.9000015258789,3000
2024-07-30,80.19999694824219,80.19999694824219,80.19999694824219,79.0,80.19999694824219,4000
2024-07-31,81.4000015258789,81.4000015258789,82.9000015258789,81.4000015258789,82.9000015258789,4100
2024-08-01,81.69999694824219,81.69999694824219,82.5,81.0,82.5,28099
2024-08-02,81.30000305175781,81.30000305175781,82.4000015258789,79.0,79.80000305175781,23000
2024-08-05,79.0,79.0,83.0,79.0,82.9000015258789,67000
2024-08-06,80.80000305175781,80.80000305175781,82.4000015258789,79.0,82.4000015258789,18000
2024-08-07,80.9000015258789,80.9000015258789,82.0,79.0999984741211,82.0,9000
2024-08-08,80.9000015258789,80.9000015258789,81.80000305175781,79.0999984741211,80.9000015258789,8000
2024-08-09,81.0,81.0,81.80000305175781,79.0999984741211,81.80000305175781,8000
2024-08-12,81.4000015258789,81.4000015258789,81.80000305175781,79.30000305175781,81.80000305175781,7000
2024-08-13,80.5999984741211,80.5999984741211,81.0,79.30000305175781,81.0,4000
2024-08-14,80.19999694824219,80.19999694824219,80.69999694824219,80.0,80.69999694824219,3099
2024-08-15,79.9000015258789,79.9000015258789,80.0,79.5,79.5,6000
2024-08-16,80.0,80.0,80.0,78.0,80.0,41000
2024-08-19,79.9000015258789,79.9000015258789,80.9000015258789,78.5,80.0,10070
2024-08-20,81.80000305175781,81.80000305175781,81.80000305175781,81.80000305175781,81.80000305175781,1050
2024-08-21,80.4000015258789,80.4000015258789,81.0,78.5,80.0,14150
2024-08-22,80.19999694824219,80.19999694824219,81.30000305175781,79.0,81.30000305175781,12006
2024-08-23,82.9000015258789,82.9000015258789,82.9000015258789,80.5,80.5,15171
2024-08-26,80.0,80.0,81.9000015258789,79.80000305175781,80.0,19000
2024-08-27,79.9000015258789,79.9000015258789,80.0,79.0,80.0,3000
2024-08-28,79.9000015258789,79.9000015258789,80.0,79.9000015258789,80.0,2000
2024-08-29,79.9000015258789,79.9000015258789,79.9000015258789,78.5,79.0,7000
2024-08-30,80.0,80.0,80.0,78.0999984741211,79.9000015258789,8000
2024-09-02,79.5,79.5,79.9000015258789,77.5999984741211,79.9000015258789,13000
2024-09-03,79.4000015258789,79.4000015258789,79.5,78.5,79.4000015258789,7000
2024-09-04,78.0,78.0,79.19999694824219,78.0,79.19999694824219,145000
2024-09-05,79.4000015258789,79.4000015258789,80.0,77.30000305175781,80.0,11000
2024-09-06,80.0,80.0,80.0,78.0,78.0,4000
2024-09-09,78.4000015258789,78.4000015258789,79.80000305175781,76.9000015258789,79.80000305175781,19000
2024-09-10,79.9000015258789,79.9000015258789,79.9000015258789,77.5999984741211,79.80000305175781,11200
2024-09-11,78.69999694824219,78.69999694824219,79.5,77.0,78.0,12000
2024-09-12,79.0,79.0,79.4000015258789,77.5,79.4000015258789,25030
2024-09-13,78.5,78.5,78.80000305175781,78.0,78.30000305175781,11020
2024-09-16,78.80000305175781,78.80000305175781,79.30000305175781,76.5,79.30000305175781,18000
2024-09-18,78.69999694824219,78.69999694824219,78.80000305175781,76.0999984741211,77.0,15000
2024-09-19,78.4000015258789,78.4000015258789,78.5,76.0999984741211,76.5,10030
2024-09-20,78.4000015258789,78.4000015258789,78.4000015258789,77.9000015258789,78.30000305175781,7000
2024-09-23,77.9000015258789,77.9000015258789,77.9000015258789,76.69999694824219,76.69999694824219,2020
2024-09-24,77.4000015258789,77.4000015258789,78.0,75.5,78.0,8000
2024-09-25,77.69999694824219,77.69999694824219,77.9000015258789,75.19999694824219,75.5999984741211,22030
2024-09-26,77.80000305175781,77.80000305175781,77.80000305175781,76.0999984741211,77.80000305175781,11086
2024-09-27,77.69999694824219,77.69999694824219,77.80000305175781,75.80000305175781,77.80000305175781,17000
2024-09-30,77.69999694824219,77.69999694824219,77.69999694824219,76.0,77.5,12000
2024-10-01,77.69999694824219,77.69999694824219,77.9000015258789,76.0,76.19999694824219,16010
2024-10-04,76.5,76.5,77.5,75.5,76.80000305175781,28000
2024-10-07,75.0,75.0,77.0,75.0,77.0,25000
2024-10-08,75.0,75.0,76.9000015258789,73.5,76.30000305175781,37000
2024-10-09,74.80000305175781,74.80000305175781,75.9000015258789,73.0,75.9000015258789,25005
2024-10-11,75.9000015258789,75.9000015258789,75.9000015258789,75.9000015258789,75.9000015258789,1000
2024-10-14,75.0,75.0,77.9000015258789,74.0,77.9000015258789,4049
2024-10-15,76.0,76.0,76.0,75.0,75.0,4000
2024-10-16,76.4000015258789,76.4000015258789,76.5999984741211,72.5,75.9000015258789,37453
2024-10-17,76.69999694824219,76.69999694824219,78.30000305175781,76.19999694824219,76.19999694824219,6000
2024-10-18,76.4000015258789,76.4000015258789,76.80000305175781,74.5999984741211,76.80000305175781,11130
2024-10-21,75.0,75.0,76.69999694824219,74.0,76.69999694824219,9030
2024-10-22,76.0,76.0,78.0,73.9000015258789,75.5,34179
2024-10-23,75.5999984741211,75.5999984741211,76.19999694824219,74.0,75.9000015258789,51780
2024-10-24,75.0,75.0,75.4000015258789,73.0,75.4000015258789,45000
2024-10-25,75.30000305175781,75.30000305175781,75.69999694824219,74.0,75.69999694824219,7000
2024-10-28,74.69999694824219,74.69999694824219,75.19999694824219,73.0,74.80000305175781,34280
2024-10-29,75.0,75.0,75.19999694824219,74.5999984741211,75.19999694824219,11001
2024-10-30,75.4000015258789,75.4000015258789,75.4000015258789,75.0,75.0,6027
2024-11-01,75.0,75.0,75.0,73.0,74.9000015258789,20000
2024-11-04,76.0999984741211,76.0999984741211,77.0,73.9000015258789,76.9000015258789,11000
2024-11-05,75.5,75.5,75.9000015258789,74.0,74.0,13000
2024-11-06,75.19999694824219,75.19999694824219,75.19999694824219,75.19999694824219,75.19999694824219,1030
2024-11-07,74.80000305175781,74.80000305175781,75.5,73.80000305175781,75.5,7000
2024-11-08,74.30000305175781,74.30000305175781,74.80000305175781,73.0999984741211,74.80000305175781,12000
2024-11-11,73.0999984741211,73.0999984741211,76.5,70.0,76.5,33450
2024-11-12,72.5,72.5,73.0,70.5,73.0,19030
2024-11-13,71.9000015258789,71.9000015258789,71.9000015258789,71.9000015258789,71.9000015258789,1000
2024-11-14,72.30000305175781,72.30000305175781,73.4000015258789,70.19999694824219,72.9000015258789,23000
2024-11-15,75.30000305175781,75.30000305175781,79.5,72.5,79.5,6036
2024-11-18,73.80000305175781,73.80000305175781,80.9000015258789,73.0,80.9000015258789,27000
2024-11-19,73.0,73.0,79.30000305175781,72.0,79.30000305175781,20030
2024-11-20,73.0,73.0,73.0,73.0,73.0,0
2024-11-21,74.4000015258789,74.4000015258789,78.4000015258789,72.0,78.4000015258789,20000
2024-11-22,73.5,73.5,77.5,71.19999694824219,77.5,32055
2024-11-25,74.0,74.0,74.19999694824219,72.0,74.19999694824219,9000
2024-11-26,73.69999694824219,73.69999694824219,75.0999984741211,71.5,75.0999984741211,18150
2024-11-27,73.9000015258789,73.9000015258789,73.9000015258789,73.9000015258789,73.9000015258789,1045
2024-11-28,73.5,73.5,73.80000305175781,72.0,73.80000305175781,12240
2024-11-29,73.19999694824219,73.19999694824219,75.19999694824219,71.5,74.4000015258789,21000
2024-12-02,72.30000305175781,72.30000305175781,73.69999694824219,72.0,73.0,8000
2024-12-03,72.19999694824219,72.19999694824219,72.80000305175781,71.0,72.19999694824219,18000
2024-12-04,73.0,73.0,73.4000015258789,71.0999984741211,73.4000015258789,11003
2024-12-05,72.0999984741211,72.0999984741211,72.9000015258789,71.0,72.9000015258789,16006
2024-12-06,71.5999984741211,71.5999984741211,71.9000015258789,69.5,70.19999694824219,44006
2024-12-09,71.30000305175781,71.30000305175781,73.4000015258789,70.0,71.30000305175781,16000
2024-12-10,70.80000305175781,70.80000305175781,71.19999694824219,70.0,70.0,13006
2024-12-11,70.5,70.5,70.5,69.80000305175781,70.4000015258789,11000
2024-12-12,70.69999694824219,70.69999694824219,72.69999694824219,69.80000305175781,70.5,33000
2024-12-13,70.5999984741211,70.5999984741211,70.69999694824219,69.5,70.0,11000
2024-12-16,70.30000305175781,70.30000305175781,70.4000015258789,69.5,70.0,7000
2024-12-17,70.5999984741211,70.5999984741211,72.0999984741211,69.5,72.0999984741211,14000
2024-12-18,70.5999984741211,70.5999984741211,70.5999984741211,69.0,70.0,22000
2024-12-19,70.80000305175781,70.80000305175781,71.69999694824219,68.5,71.69999694824219,23000
2024-12-20,70.30000305175781,70.30000305175781,71.0999984741211,67.80000305175781,71.0999984741211,18282
2024-12-23,70.5999984741211,70.5999984741211,70.9000015258789,69.5,69.5,15000
2024-12-24,70.9000015258789,70.9000015258789,71.0,69.5,70.9000015258789,14150
2024-12-25,70.0,70.0,70.4000015258789,68.4000015258789,68.5,8000
2024-12-26,71.80000305175781,71.80000305175781,71.80000305175781,70.5,70.5,3000
2024-12-27,70.4000015258789,70.4000015258789,72.30000305175781,68.0,72.30000305175781,15100
2024-12-30,70.80000305175781,70.80000305175781,70.80000305175781,68.0,68.30000305175781,11000
2024-12-31,68.30000305175781,68.30000305175781,70.5999984741211,67.69999694824219,70.5999984741211,48000
2025-01-02,69.19999694824219,69.19999694824219,70.0,68.0,69.9000015258789,33000
2025-01-03,69.0,69.0,69.69999694824219,67.9000015258789,69.69999694824219,39000
2025-01-06,68.9000015258789,68.9000015258789,70.4000015258789,67.4000015258789,70.4000015258789,30020
2025-01-07,68.80000305175781,68.80000305175781,68.9000015258789,68.0,68.9000015258789,25000
2025-01-08,68.0999984741211,68.0999984741211,69.5,68.0,69.5,4000
2025-01-09,68.4000015258789,68.4000015258789,69.0999984741211,66.69999694824219,69.0999984741211,22000
2025-01-10,68.9000015258789,68.9000015258789,69.0,67.19999694824219,69.0,20000
2025-01-13,69.0,69.0,71.0,67.69999694824219,71.0,9000
2025-01-14,69.4000015258789,69.4000015258789,71.0,67.69999694824219,68.19999694824219,9394
2025-01-15,69.9000015258789,69.9000015258789,71.5,67.9000015258789,71.5,11000
2025-01-16,68.80000305175781,68.80000305175781,69.19999694824219,67.5,68.0,8000
2025-01-17,68.69999694824219,68.69999694824219,69.30000305175781,67.5999984741211,69.30000305175781,9000
2025-01-20,69.0,69.0,69.69999694824219,68.5,68.5,3001
2025-01-21,68.69999694824219,68.69999694824219,71.5,67.80000305175781,70.0,25000
2025-01-22,68.69999694824219,68.69999694824219,69.30000305175781,67.19999694824219,69.30000305175781,23000
2025-02-03,69.4000015258789,69.4000015258789,70.0,67.5,69.69999694824219,14000
2025-02-04,67.5999984741211,67.5999984741211,68.9000015258789,67.5999984741211,68.9000015258789,5000
2025-02-05,68.69999694824219,68.69999694824219,69.0,67.5999984741211,67.5999984741211,29000
2025-02-06,69.4000015258789,69.4000015258789,70.4000015258789,67.9000015258789,69.9000015258789,54000
2025-02-07,69.30000305175781,69.30000305175781,69.4000015258789,68.0,69.30000305175781,49000
2025-02-10,68.19999694824219,68.19999694824219,69.80000305175781,68.0,69.80000305175781,18000
2025-02-11,68.5,68.5,69.5,67.0,68.80000305175781,15000
2025-02-12,69.0,69.0,69.0,67.0,68.80000305175781,34000
2025-02-13,69.5,69.5,69.5,67.5999984741211,68.9000015258789,40459
2025-02-14,69.5,69.5,70.30000305175781,69.30000305175781,70.19999694824219,107000
2025-02-17,69.9000015258789,69.9000015258789,70.19999694824219,68.5,70.19999694824219,33000
2025-02-18,69.80000305175781,69.80000305175781,69.9000015258789,68.30000305175781,68.69999694824219,50000
2025-02-19,69.5,69.5,69.9000015258789,68.5,69.5999984741211,30000
2025-02-20,69.19999694824219,69.19999694824219,69.19999694824219,68.30000305175781,68.5,30000
2025-02-21,69.4000015258789,69.4000015258789,69.9000015258789,68.0999984741211,69.5999984741211,26000
2025-02-24,70.80000305175781,70.80000305175781,71.0,69.5,70.80000305175781,95000
2025-02-25,72.0999984741211,72.0999984741211,73.9000015258789,70.80000305175781,73.0,116000
2025-02-26,72.5,72.5,72.5,71.0,71.9000015258789,44000
2025-02-27,71.80000305175781,71.80000305175781,72.30000305175781,71.0,71.5,28000
2025-03-03,71.5999984741211,71.5999984741211,71.80000305175781,70.5999984741211,71.69999694824219,26000
2025-03-04,72.30000305175781,72.30000305175781,72.80000305175781,70.80000305175781,71.5,18000
2025-03-05,71.5,71.5,72.0,70.69999694824219,72.0,7000
2025-03-06,73.5,73.5,73.80000305175781,71.30000305175781,71.30000305175781,61000
2025-03-07,73.5,73.5,73.5,73.4000015258789,73.4000015258789,2000
2025-03-10,73.19999694824219,73.19999694824219,74.19999694824219,71.80000305175781,74.19999694824219,28000
2025-03-11,71.80000305175781,71.80000305175781,72.80000305175781,70.0999984741211,72.80000305175781,42000
2025-03-12,71.30000305175781,71.30000305175781,71.69999694824219,69.80000305175781,71.19999694824219,21000
2025-03-13,71.9000015258789,71.9000015258789,73.4000015258789,70.4000015258789,71.69999694824219,98000
2025-03-14,71.69999694824219,71.69999694824219,71.80000305175781,69.9000015258789,71.5999984741211,37000
2025-03-17,71.30000305175781,71.30000305175781,71.80000305175781,70.0,71.80000305175781,24000
2025-03-18,70.9000015258789,70.9000015258789,71.19999694824219,69.9000015258789,71.19999694824219,14000
2025-03-19,70.80000305175781,70.80000305175781,71.19999694824219,70.0,71.0999984741211,15100
2025-03-20,70.5999984741211,70.5999984741211,71.0999984741211,69.80000305175781,71.0999984741211,15000
2025-03-21,70.69999694824219,70.69999694824219,70.80000305175781,70.0,70.69999694824219,17000
2025-03-24,70.4000015258789,70.4000015258789,70.80000305175781,69.9000015258789,70.80000305175781,19000
2025-03-25,70.0999984741211,70.0999984741211,70.69999694824219,69.0,70.69999694824219,18000
2025-03-26,70.30000305175781,70.30000305175781,70.4000015258789,69.4000015258789,70.4000015258789,7000
2025-03-27,70.69999694824219,70.69999694824219,70.9000015258789,69.0999984741211,70.30000305175781,16000
2025-03-28,70.0999984741211,70.0999984741211,70.5999984741211,69.0999984741211,70.5999984741211,13000
2025-03-31,69.0,69.0,70.5,68.0,69.0,22000
2025-04-01,67.5,67.5,69.9000015258789,66.0999984741211,69.9000015258789,42000
2025-04-02,68.5,68.5,68.80000305175781,67.5,67.5,4000
2025-04-07,65.5999984741211,65.5999984741211,68.0,63.099998474121094,66.0,32000
2025-04-08,65.80000305175781,65.80000305175781,66.0,64.0999984741211,65.5999984741211,13000
2025-04-09,63.5,63.5,67.69999694824219,62.5,67.69999694824219,29000
2025-04-10,66.4000015258789,66.4000015258789,67.9000015258789,66.0,66.0,8000
2025-04-11,66.0,66.0,66.5,63.900001525878906,66.30000305175781,4000
2025-04-14,65.19999694824219,65.19999694824219,67.5,63.20000076293945,66.0,23000
2025-04-15,65.80000305175781,65.80000305175781,66.30000305175781,64.5,64.5,5000
2025-04-16,63.29999923706055,63.29999923706055,65.80000305175781,63.29999923706055,65.0,12000
2025-04-17,64.80000305175781,64.80000305175781,64.80000305175781,63.400001525878906,63.400001525878906,8000
2025-04-18,66.0,66.0,66.0,64.19999694824219,64.19999694824219,5000
2025-04-21,65.9000015258789,65.9000015258789,66.19999694824219,63.79999923706055,65.5,18000
2025-04-22,65.69999694824219,65.69999694824219,65.9000015258789,65.0,65.30000305175781,7000
2025-04-23,65.80000305175781,65.80000305175781,66.0,64.4000015258789,65.30000305175781,13000
2025-04-24,65.5,65.5,65.80000305175781,64.0,65.19999694824219,6000
2025-04-25,65.5,65.5,65.5,64.9000015258789,64.9000015258789,8000
2025-04-28,65.5,65.5,65.5,64.5,65.0,14000
2025-04-29,65.9000015258789,65.9000015258789,66.0999984741211,65.0,66.0999984741211,6000
2025-04-30,66.0999984741211,66.0999984741211,66.30000305175781,64.30000305175781,65.0999984741211,16000
2025-05-02,65.30000305175781,65.30000305175781,65.80000305175781,64.0,65.0999984741211,24000
2025-05-05,65.5,65.5,65.5999984741211,64.0,65.0,29000
2025-05-06,65.0999984741211,65.0999984741211,65.19999694824219,64.0,64.9000015258789,16000
2025-05-07,65.0999984741211,65.0999984741211,65.4000015258789,64.0,64.5,25000
2025-05-08,65.4000015258789,65.4000015258789,65.9000015258789,64.5,65.9000015258789,7000
2025-05-09,65.5,65.5,66.0,64.0,66.0,26000
2025-05-12,64.80000305175781,64.80000305175781,65.30000305175781,63.900001525878906,65.30000305175781,7153
2025-05-13,63.900001525878906,63.900001525878906,64.80000305175781,63.0,64.80000305175781,33000
2025-05-14,64.19999694824219,64.19999694824219,64.5999984741211,63.20000076293945,64.5999984741211,9000
2025-05-15,64.0,64.0,64.19999694824219,64.0,64.0,4000
2025-05-16,64.4000015258789,64.4000015258789,64.69999694824219,63.5,64.69999694824219,16000
2025-05-19,63.79999923706055,63.79999923706055,64.4000015258789,63.29999923706055,64.4000015258789,5000
2025-05-20,64.4000015258789,64.4000015258789,64.5,64.4000015258789,64.5,3000
2025-05-21,64.4000015258789,64.4000015258789,64.4000015258789,64.4000015258789,64.4000015258789,3000
2025-05-22,64.19999694824219,64.19999694824219,64.4000015258789,64.19999694824219,64.4000015258789,7000
2025-05-23,64.0999984741211,64.0999984741211,64.0999984741211,64.0999984741211,64.0999984741211,0
2025-05-26,63.900001525878906,63.900001525878906,64.4000015258789,63.599998474121094,64.4000015258789,8000
2025-05-27,63.900001525878906,63.900001525878906,63.900001525878906,63.0,63.900001525878906,4000
2025-05-28,63.900001525878906,63.900001525878906,64.0999984741211,62.900001525878906,64.0999984741211,7000
2025-05-29,63.900001525878906,63.900001525878906,63.900001525878906,63.900001525878906,63.900001525878906,1000
2025-06-02,62.20000076293945,62.20000076293945,64.0,62.20000076293945,64.0,14000
2025-06-03,63.099998474121094,63.099998474121094,63.5,62.20000076293945,63.5,19000
2025-06-04,63.099998474121094,63.099998474121094,63.599998474121094,62.5,63.599998474121094,5000
2025-06-05,63.400001525878906,63.400001525878906,63.599998474121094,62.79999923706055,63.599998474121094,7000
2025-06-06,64.0,64.0,64.9000015258789,64.0,64.9000015258789,6030
2025-06-09,63.79999923706055,63.79999923706055,64.69999694824219,62.79999923706055,64.69999694824219,6000
2025-06-10,63.20000076293945,63.20000076293945,64.69999694824219,62.79999923706055,64.5,46000
2025-06-11,63.29999923706055,63.29999923706055,63.400001525878906,63.0,63.400001525878906,3000
2025-06-12,63.29999923706055,63.29999923706055,63.900001525878906,62.79999923706055,63.900001525878906,6000
2025-06-13,63.599998474121094,63.599998474121094,63.599998474121094,63.20000076293945,63.599998474121094,4000
2025-06-16,63.400001525878906,63.400001525878906,63.70000076293945,62.5,63.70000076293945,18000
2025-06-17,63.400001525878906,63.400001525878906,63.400001525878906,62.20000076293945,63.400001525878906,17000
2025-06-18,63.20000076293945,63.20000076293945,63.79999923706055,62.099998474121094,63.79999923706055,14000
2025-06-19,62.599998474121094,62.599998474121094,63.20000076293945,62.099998474121094,63.20000076293945,11000
2025-06-20,63.29999923706055,63.29999923706055,63.599998474121094,62.29999923706055,63.599998474121094,6000
2025-06-23,62.70000076293945,62.70000076293945,63.599998474121094,62.099998474121094,63.599998474121094,7000
2025-06-24,62.20000076293945,62.20000076293945,63.599998474121094,62.0,63.0,53000
2025-06-25,62.29999923706055,62.29999923706055,62.599998474121094,61.79999923706055,62.599998474121094,5000
2025-06-26,62.20000076293945,62.20000076293945,63.599998474121094,61.70000076293945,63.20000076293945,31000
2025-06-27,62.79999923706055,62.79999923706055,62.900001525878906,61.599998474121094,62.900001525878906,23000
2025-06-30,62.099998474121094,62.099998474121094,63.099998474121094,61.900001525878906,63.099998474121094,15000
2025-07-01,61.79999923706055,61.79999923706055,62.5,61.0,62.5,26000
2025-07-02,61.900001525878906,61.900001525878906,62.0,61.5,62.0,6000
2025-07-03,61.900001525878906,61.900001525878906,62.599998474121094,61.099998474121094,62.599998474121094,19000
2025-07-04,62.20000076293945,62.20000076293945,62.400001525878906,61.29999923706055,62.400001525878906,13006
2025-07-07,62.0,62.0,62.70000076293945,61.20000076293945,62.70000076293945,10000
2025-07-08,62.0,62.0,62.0,61.400001525878906,62.0,6000
2025-07-09,62.0,62.0,62.29999923706055,60.79999923706055,62.0,21000
2025-07-10,62.29999923706055,62.29999923706055,62.29999923706055,61.29999923706055,62.0,22001
2025-07-11,62.0,62.0,62.0,61.5,62.0,5000
2025-07-14,62.099998474121094,62.099998474121094,62.29999923706055,61.0,62.0,16000
2025-07-15,62.099998474121094,62.099998474121094,62.099998474121094,62.099998474121094,62.099998474121094,5000
2025-07-16,61.900001525878906,61.900001525878906,62.0,60.900001525878906,62.0,18000
2025-07-17,61.79999923706055,61.79999923706055,62.0,61.70000076293945,61.70000076293945,5000
2025-07-18,61.79999923706055,61.79999923706055,62.099998474121094,61.0,62.099998474121094,3000
2025-07-21,62.0,62.0,63.0,61.099998474121094,62.900001525878906,21000
2025-07-22,62.5,62.5,62.79999923706055,61.20000076293945,62.79999923706055,24000
2025-07-23,62.599998474121094,62.599998474121094,62.599998474121094,61.79999923706055,62.5,11000
2025-07-24,62.599998474121094,62.599998474121094,62.79999923706055,62.20000076293945,62.79999923706055,9000
2025-07-25,62.900001525878906,62.900001525878906,63.20000076293945,62.0,63.0,40000
2025-07-28,63.0,63.0,63.099998474121094,62.0,63.0,19000
2025-07-29,63.099998474121094,63.099998474121094,63.20000076293945,63.0,63.0,4000
2025-07-30,69.4000015258789,69.4000015258789,69.4000015258789,62.900001525878906,63.900001525878906,75000
2025-07-31,76.30000305175781,76.30000305175781,76.30000305175781,69.5,69.5,88035
2025-08-04,74.4000015258789,74.4000015258789,78.9000015258789,73.69999694824219,75.19999694824219,62000
2025-08-05,78.0999984741211,78.0999984741211,78.30000305175781,75.19999694824219,78.30000305175781,52010
2025-08-06,77.30000305175781,77.30000305175781,78.0,76.0999984741211,78.0,16000
2025-08-07,77.19999694824219,77.19999694824219,77.80000305175781,76.0999984741211,77.80000305175781,14000
2025-08-08,74.0,74.0,77.19999694824219,74.0,77.19999694824219,18022
2025-08-11,74.0,74.0,76.5,73.0,75.69999694824219,28009
2025-08-12,75.19999694824219,75.19999694824219,76.69999694824219,73.0,74.0,37000
2025-08-13,76.4000015258789,76.4000015258789,77.5,74.0,77.4000015258789,29005
2025-08-14,76.80000305175781,76.80000305175781,77.5,74.0,77.5,37000
2025-08-15,76.69999694824219,76.69999694824219,77.5999984741211,75.0,77.5999984741211,20000
2025-08-18,76.5999984741211,76.5999984741211,77.30000305175781,75.0,77.30000305175781,34000
2025-08-19,75.9000015258789,75.9000015258789,76.9000015258789,74.9000015258789,75.0,30000
2025-08-20,76.9000015258789,76.9000015258789,77.9000015258789,75.80000305175781,76.0,39000
2025-08-21,76.9000015258789,76.9000015258789,77.5,75.5,77.5,33000
2025-08-22,76.80000305175781,76.80000305175781,77.0999984741211,75.5999984741211,77.0999984741211,23000
2025-08-25,76.5,76.5,78.80000305175781,75.80000305175781,78.80000305175781,37000
2025-08-26,76.5,76.5,76.69999694824219,75.80000305175781,76.19999694824219,27000
2025-08-27,76.0,76.0,76.5,75.80000305175781,76.5,25005
2025-08-28,76.5,76.5,76.5999984741211,75.5999984741211,75.80000305175781,16000
2025-08-29,76.69999694824219,76.69999694824219,78.9000015258789,75.9000015258789,77.0,16000
2025-09-01,76.9000015258789,76.9000015258789,77.30000305175781,75.69999694824219,76.69999694824219,28000
2025-09-02,77.4000015258789,77.4000015258789,77.69999694824219,76.0,76.9000015258789,38000
2025-09-03,77.5999984741211,77.5999984741211,77.80000305175781,76.0,77.80000305175781,27000
2025-09-04,77.80000305175781,77.80000305175781,77.9000015258789,76.4000015258789,77.30000305175781,20000
2025-09-05,78.0,78.0,78.30000305175781,76.80000305175781,78.30000305175781,30000
2025-09-08,77.5999984741211,77.5999984741211,77.9000015258789,76.5999984741211,77.9000015258789,19000
2025-09-09,78.0,78.0,78.0,76.30000305175781,77.9000015258789,23060
2025-09-10,79.19999694824219,79.19999694824219,80.0,78.5999984741211,79.5,25000
2025-09-11,78.69999694824219,78.69999694824219,80.4000015258789,78.30000305175781,79.80000305175781,17000
2025-09-12,78.80000305175781,78.80000305175781,79.19999694824219,76.0999984741211,78.5,30001
2025-09-15,78.5,78.5,78.80000305175781,75.80000305175781,78.69999694824219,51000
2025-09-16,79.80000305175781,79.80000305175781,79.9000015258789,78.5,78.5,18000
2025-09-17,80.0,80.0,80.4000015258789,78.19999694824219,80.0,28000
2025-09-18,80.5999984741211,80.5999984741211,81.9000015258789,78.5,81.9000015258789,32000
2025-09-19,88.5999984741211,88.5999984741211,88.5999984741211,79.5,79.9000015258789,190000
2025-09-22,95.0,95.0,96.0,92.5,92.80000305175781,189469
2025-09-23,93.0,93.0,94.5,89.0999984741211,94.30000305175781,188000
2025-09-24,91.5999984741211,91.5999984741211,94.0,90.0999984741211,93.0,91000
2025-09-25,90.0999984741211,90.0999984741211,92.0,89.19999694824219,91.0,106022
2025-09-26,85.5999984741211,85.5999984741211,90.19999694824219,84.5,90.0999984741211,139000
2025-09-30,80.80000305175781,80.80000305175781,86.9000015258789,79.9000015258789,86.9000015258789,99000
2025-10-01,80.9000015258789,80.9000015258789,84.69999694824219,79.9000015258789,80.80000305175781,50050
2025-10-02,80.9000015258789,80.9000015258789,84.69999694824219,80.0,84.69999694824219,40100
2025-10-03,81.69999694824219,81.69999694824219,82.19999694824219,80.69999694824219,82.19999694824219,70025
2025-10-07,81.5999984741211,81.5999984741211,83.0,81.0,82.9000015258789,61221
2025-10-08,81.5999984741211,81.5999984741211,82.0999984741211,81.0,82.0,44000
2025-10-09,81.30000305175781,81.30000305175781,83.5999984741211,80.0,83.5999984741211,46000
2025-10-13,80.0,80.0,81.19999694824219,78.9000015258789,81.19999694824219,28029
2025-10-14,77.80000305175781,77.80000305175781,81.69999694824219,77.0,80.4000015258789,38000
2025-10-15,78.0999984741211,78.0999984741211,82.30000305175781,77.80000305175781,82.30000305175781,15000
2025-10-16,70.30000305175781,70.30000305175781,72.0,70.30000305175781,70.30000305175781,683113
2025-10-17,70.19999694824219,70.19999694824219,71.80000305175781,66.30000305175781,66.30000305175781,259000
2025-10-20,70.0,70.0,71.0999984741211,69.69999694824219,70.5,105050
2025-10-21,70.5999984741211,70.5999984741211,70.9000015258789,70.0,70.9000015258789,58000
2025-10-22,70.0,70.0,70.5999984741211,69.69999694824219,70.5,48000
2025-10-23,69.30000305175781,69.30000305175781,70.4000015258789,68.0999984741211,70.4000015258789,59000
2025-10-27,67.80000305175781,67.80000305175781,69.5999984741211,67.5,69.19999694824219,69388
2025-10-28,67.0999984741211,67.0999984741211,67.80000305175781,66.80000305175781,67.5,46000
2025-10-29,67.80000305175781,67.80000305175781,69.30000305175781,66.5999984741211,66.5999984741211,24000
2025-10-30,68.0,68.0,69.0999984741211,67.30000305175781,67.80000305175781,70000
2025-10-31,68.69999694824219,68.69999694824219,69.4000015258789,68.5,69.4000015258789,15000
2025-11-03,68.5999984741211,68.5999984741211,69.19999694824219,67.69999694824219,68.80000305175781,21000
2025-11-04,68.0,68.0,68.5999984741211,66.5,68.5999984741211,17251
2025-11-05,67.0,67.0,68.0,65.5999984741211,68.0,30000
2025-11-06,68.19999694824219,68.19999694824219,68.4000015258789,66.80000305175781,67.30000305175781,31400
2025-11-07,68.0999984741211,68.0999984741211,68.80000305175781,66.5,68.80000305175781,13000
2025-11-10,66.80000305175781,66.80000305175781,68.0999984741211,66.0,67.69999694824219,30000
2025-11-11,66.4000015258789,66.4000015258789,66.9000015258789,66.0,66.4000015258789,23000
2025-11-12,67.0,67.0,69.0999984741211,66.4000015258789,66.4000015258789,17000
2025-11-13,71.0,71.0,72.19999694824219,68.0,68.0,83004
2025-11-14,70.5,70.5,70.9000015258789,67.80000305175781,67.80000305175781,40000
2025-11-17,69.9000015258789,69.9000015258789,71.0,69.30000305175781,70.69999694824219,40000
2025-11-18,70.5,70.5,70.80000305175781,69.5999984741211,70.80000305175781,36000
2025-11-19,70.5999984741211,70.5999984741211,70.80000305175781,69.80000305175781,70.80000305175781,31002
2025-11-20,70.9000015258789,70.9000015258789,72.0,70.0,71.0,33015
2025-11-21,70.80000305175781,70.80000305175781,71.0,70.0,71.0,22001
2025-11-24,71.80000305175781,71.80000305175781,74.4000015258789,70.5999984741211,70.9000015258789,82024
2025-11-25,78.80000305175781,78.80000305175781,78.9000015258789,72.0,72.5,108001
2025-11-26,80.80000305175781,80.80000305175781,82.5,77.5999984741211,78.69999694824219,145000
2025-11-27,79.69999694824219,79.69999694824219,81.0,78.0999984741211,80.9000015258789,69001
2025-11-28,79.19999694824219,79.19999694824219,80.5999984741211,78.0,80.5999984741211,38015
2025-12-01,78.5,78.5,79.80000305175781,78.0999984741211,79.80000305175781,22000
2025-12-02,78.5,78.5,80.0,77.80000305175781,80.0,35032
2025-12-03,80.0999984741211,80.0999984741211,80.5,79.0,79.0,57031
2025-12-04,80.19999694824219,80.19999694824219,80.80000305175781,79.69999694824219,80.0999984741211,48000
2025-12-05,80.19999694824219,80.19999694824219,80.4000015258789,79.5,80.19999694824219,54043
2025-12-08,80.5999984741211,80.5999984741211,81.0999984741211,80.19999694824219,80.30000305175781,67000
2025-12-09,81.0999984741211,81.0999984741211,81.5,80.0,80.5999984741211,101000
2025-12-10,80.80000305175781,80.80000305175781,81.5,80.4000015258789,81.0,49000
2025-12-11,81.4000015258789,81.4000015258789,82.30000305175781,80.80000305175781,82.30000305175781,74000
2025-12-12,81.5999984741211,81.5999984741211,82.9000015258789,81.0,82.9000015258789,29055
2025-12-15,80.80000305175781,80.80000305175781,81.9000015258789,80.19999694824219,80.19999694824219,32000
2025-12-16,80.19999694824219,80.19999694824219,81.9000015258789,79.0999984741211,81.4000015258789,59000
2025-12-17,79.69999694824219,79.69999694824219,81.9000015258789,78.19999694824219,80.69999694824219,63016
2025-12-18,79.5,79.5,80.0,78.0999984741211,80.0,40000
2025-12-19,80.0,80.0,80.30000305175781,79.0,80.0999984741211,29001
2025-12-22,81.4000015258789,81.4000015258789,81.5,79.30000305175781,81.4000015258789,57000
2025-12-23,83.30000305175781,83.30000305175781,84.9000015258789,80.69999694824219,81.4000015258789,128000
2025-12-24,85.4000015258789,85.4000015258789,86.0,81.19999694824219,83.5,161550
2025-12-26,88.80000305175781,88.80000305175781,89.0999984741211,86.5,86.5,161000
2025-12-29,89.30000305175781,89.30000305175781,90.69999694824219,88.0999984741211,89.0,214000
2025-12-30,89.80000305175781,89.80000305175781,90.9000015258789,88.80000305175781,90.9000015258789,59000
2025-12-31,89.5999984741211,89.5999984741211,91.4000015258789,88.0,91.4000015258789,52000
2026-01-02,89.69999694824219,89.69999694824219,90.80000305175781,87.9000015258789,90.80000305175781,58000
2026-01-05,89.0,89.0,90.30000305175781,88.0,89.69999694824219,68001
2026-01-06,87.9000015258789,87.9000015258789,89.9000015258789,87.0,89.9000015258789,57076
2026-01-07,84.5999984741211,84.5999984741211,88.0,83.0,87.9000015258789,95000
2026-01-08,86.5999984741211,86.5999984741211,86.9000015258789,82.30000305175781,85.0,86001
2026-01-09,86.0,86.0,87.30000305175781,83.80000305175781,85.0,56000
2026-01-12,88.5999984741211,88.5999984741211,89.5999984741211,86.0,89.5999984741211,93000
2026-01-13,88.5999984741211,88.5999984741211,89.19999694824219,87.80000305175781,89.0,57000
2026-01-14,89.0,89.0,89.80000305175781,88.4000015258789,89.30000305175781,58000
2026-01-15,89.4000015258789,89.4000015258789,89.69999694824219,88.0999984741211,89.69999694824219,50000
2026-01-16,89.5,89.5,89.9000015258789,88.80000305175781,89.9000015258789,38000
2026-01-19,86.4000015258789,86.4000015258789,89.9000015258789,85.69999694824219,89.9000015258789,64000
2026-01-20,86.5,86.5,89.30000305175781,86.0999984741211,89.30000305175781,30000
2026-01-21,87.9000015258789,87.9000015258789,88.5,86.0999984741211,86.0999984741211,59000
2026-01-22,89.9000015258789,89.9000015258789,90.4000015258789,86.5,88.19999694824219,105000
2026-01-23,89.5999984741211,89.5999984741211,90.0,88.80000305175781,90.0,38000
2026-01-26,87.5999984741211,87.5999984741211,89.9000015258789,87.30000305175781,89.9000015258789,44000
2026-01-27,87.5999984741211,87.5999984741211,88.9000015258789,87.0,88.9000015258789,46000
2026-01-28,89.0999984741211,89.0999984741211,89.80000305175781,87.80000305175781,88.80000305175781,97000
2026-01-29,89.30000305175781,89.30000305175781,89.69999694824219,88.5,89.0,59003
2026-01-30,88.5,88.5,89.69999694824219,87.0,89.69999694824219,57000
2026-02-02,88.0,88.0,88.80000305175781,87.0,88.5,41000
2026-02-03,89.0,89.0,89.9000015258789,88.0999984741211,88.0999984741211,83000
2026-02-04,88.5999984741211,88.5999984741211,89.4000015258789,87.5999984741211,89.4000015258789,56000
2026-02-05,87.9000015258789,87.9000015258789,88.5,87.0,88.4000015258789,25000
2026-02-06,86.69999694824219,86.69999694824219,89.0,85.19999694824219,89.0,12000
2026-02-09,86.0,86.0,88.9000015258789,84.5,88.9000015258789,67231
2026-02-10,86.9000015258789,86.9000015258789,88.0,85.19999694824219,88.0,27001
2026-02-11,87.0,87.0,88.19999694824219,85.0999984741211,88.19999694824219,22000
2026-02-23,88.9000015258789,88.9000015258789,89.4000015258789,86.4000015258789,87.0,73199
2026-02-24,90.69999694824219,90.69999694824219,90.9000015258789,88.9000015258789,88.9000015258789,184000
2026-02-25,92.0,92.0,93.19999694824219,90.69999694824219,90.80000305175781,193053
2026-02-26,86.0999984741211,86.0999984741211,92.0,85.0,91.9000015258789,435908
2026-03-02,87.69999694824219,87.69999694824219,88.19999694824219,85.0,88.0999984741211,94000
2026-03-03,85.19999694824219,85.19999694824219,89.4000015258789,85.19999694824219,89.4000015258789,76000
2026-03-04,83.5999984741211,83.5999984741211,87.19999694824219,83.5,87.19999694824219,44000
2026-03-05,85.0999984741211,85.0999984741211,85.4000015258789,83.0999984741211,85.30000305175781,36000
2026-03-06,83.9000015258789,83.9000015258789,85.9000015258789,83.0,85.9000015258789,61000
2026-03-09,82.0,82.0,83.80000305175781,80.5,82.0,64000
2026-03-10,83.30000305175781,83.30000305175781,84.80000305175781,81.9000015258789,84.80000305175781,35001
2026-03-11,82.9000015258789,82.9000015258789,85.19999694824219,82.30000305175781,85.19999694824219,43000
2026-03-12,81.0,81.0,84.0999984741211,81.0,84.0999984741211,51000
2026-03-13,78.5999984741211,78.5999984741211,82.5,78.5999984741211,82.5,121000
2026-03-16,81.30000305175781,81.30000305175781,81.69999694824219,77.80000305175781,81.0,49000
2026-03-17,80.0,80.0,82.80000305175781,80.0,82.80000305175781,90001
2026-03-18,80.69999694824219,80.69999694824219,82.5,78.9000015258789,80.0,92000
2026-03-19,81.5,81.5,82.30000305175781,80.0,82.30000305175781,23000
2026-03-20,79.5999984741211,79.5999984741211,82.4000015258789,79.5999984741211,82.4000015258789,28000
2026-03-23,80.0,80.0,82.0,78.5,82.0,13001
2026-03-24,80.0,80.0,82.0999984741211,79.0,82.0999984741211,21001
2026-03-25,79.30000305175781,79.30000305175781,81.5,78.5,81.5,52000
2026-03-26,79.19999694824219,79.19999694824219,81.0,78.19999694824219,81.0,20000
2026-03-27,79.19999694824219,79.19999694824219,80.5999984741211,77.5999984741211,80.5999984741211,35010
2026-03-30,79.5,79.5,79.69999694824219,77.4000015258789,79.69999694824219,22000
2026-03-31,79.0,79.0,80.9000015258789,78.4000015258789,80.69999694824219,25001
2026-04-01,80.69999694824219,80.69999694824219,80.69999694824219,78.5,80.69999694824219,16000
2026-04-02,81.5999984741211,81.5999984741211,81.5999984741211,79.5999984741211,81.19999694824219,23091
2026-04-07,83.0,83.0,84.9000015258789,80.9000015258789,80.9000015258789,64000
2026-04-08,82.5,82.5,85.80000305175781,82.0,85.80000305175781,29002
2026-04-09,81.0,81.0,83.30000305175781,80.69999694824219,83.30000305175781,45000
2026-04-10,80.69999694824219,80.69999694824219,81.19999694824219,79.9000015258789,81.19999694824219,29000
2026-04-13,83.19999694824219,83.19999694824219,84.30000305175781,81.0,81.69999694824219,67000
2026-04-14,83.30000305175781,83.30000305175781,85.0,82.0999984741211,83.4000015258789,63000
2026-04-15,83.0999984741211,83.0999984741211,84.5,82.5999984741211,84.5,26000
2026-04-16,81.0,81.0,84.5,80.0999984741211,84.5,47000
2026-04-17,81.19999694824219,81.19999694824219,82.5,79.0999984741211,82.5,23000
2026-04-20,81.19999694824219,81.19999694824219,82.9000015258789,81.0,82.9000015258789,28000
2026-04-21,82.0,82.0,83.0,81.4000015258789,83.0,21000
2026-04-22,80.5,80.5,82.69999694824219,80.5,82.69999694824219,31000
2026-04-23,80.80000305175781,80.80000305175781,82.0,79.80000305175781,82.0,18000
2026-04-24,80.80000305175781,80.80000305175781,81.80000305175781,79.80000305175781,81.80000305175781,22000
2026-04-27,80.5,80.5,81.80000305175781,80.0999984741211,81.69999694824219,25000
2026-04-28,81.5999984741211,81.5999984741211,81.5999984741211,80.0,81.5999984741211,43000
2026-04-29,81.30000305175781,81.30000305175781,82.0999984741211,80.9000015258789,81.69999694824219,14000
2026-04-30,81.5,81.5,83.0999984741211,81.0,83.0999984741211,19000
2026-05-04,81.19999694824219,81.19999694824219,82.9000015258789,81.19999694824219,82.9000015258789,55000
2026-05-05,81.69999694824219,81.69999694824219,81.80000305175781,80.69999694824219,81.80000305175781,24000
2026-05-06,86.9000015258789,86.9000015258789,89.0,81.69999694824219,82.30000305175781,174250
2026-05-07,83.0999984741211,83.0999984741211,87.9000015258789,81.69999694824219,87.9000015258789,92026
2026-05-08,83.30000305175781,83.30000305175781,84.69999694824219,82.19999694824219,82.19999694824219,44001
2026-05-11,82.5999984741211,82.5999984741211,84.0,82.0,83.0999984741211,64245
2026-05-12,81.4000015258789,81.4000015258789,84.0,81.0,84.0,46000
2026-05-13,81.80000305175781,81.80000305175781,84.0,80.69999694824219,83.4000015258789,64169
2026-05-14,79.0,79.0,83.0999984741211,78.0,83.0999984741211,89010
2026-05-15,79.80000305175781,79.80000305175781,81.5999984741211,78.69999694824219,81.5999984741211,56000
2026-05-18,80.5999984741211,80.5999984741211,80.5999984741211,79.69999694824219,79.80000305175781,48012
2026-05-19,80.19999694824219,80.19999694824219,81.5,79.5,81.5,40001
2026-05-20,78.5,78.5,81.69999694824219,78.5,81.69999694824219,36000
2026-05-21,80.0,80.0,80.19999694824219,79.0999984741211,80.19999694824219,32000
2026-05-22,79.5,79.5,81.5,79.0,81.5,41000
2026-05-25,79.9000015258789,79.9000015258789,80.80000305175781,79.4000015258789,79.5,20000
2026-05-26,78.69999694824219,78.69999694824219,80.0,78.5,80.0,30000
2026-05-27,79.0,79.0,80.0,78.0999984741211,78.19999694824219,81000
2026-05-28,79.80000305175781,79.80000305175781,80.9000015258789,79.30000305175781,80.9000015258789,29000
2026-05-29,79.9000015258789,79.9000015258789,80.5,79.5999984741211,80.5,25000
2026-06-01,82.69999694824219,82.69999694824219,84.5,80.19999694824219,80.5,106041
2026-06-02,82.80000305175781,82.80000305175781,84.69999694824219,81.0999984741211,82.0,48007
2026-06-03,83.19999694824219,83.19999694824219,84.5,82.5,83.80000305175781,60000
2026-06-04,83.19999694824219,83.19999694824219,84.5,82.0999984741211,84.5,43000
2026-06-05,82.80000305175781,82.80000305175781,83.5,78.9000015258789,82.5,32000
2026-06-08,81.9000015258789,81.9000015258789,82.5,80.80000305175781,82.5,40000
2026-06-09,80.80000305175781,80.80000305175781,83.19999694824219,80.69999694824219,80.69999694824219,45000
2026-06-10,80.69999694824219,80.69999694824219,81.9000015258789,79.80000305175781,81.9000015258789,60000
2026-06-11,80.69999694824219,80.69999694824219,81.0,79.5,79.9000015258789,37000
2026-06-12,80.0999984741211,80.0999984741211,81.0,79.69999694824219,80.5999984741211,51000
2026-06-15,79.0,79.0,81.0,79.0,81.0,36000
2026-06-16,79.9000015258789,79.9000015258789,80.80000305175781,79.0,79.0,30000
2026-06-17,78.80000305175781,78.80000305175781,81.19999694824219,78.5,79.9000015258789,54000
2026-06-18,79.4000015258789,79.4000015258789,80.69999694824219,78.69999694824219,80.69999694824219,41000
2026-06-22,79.19999694824219,79.19999694824219,80.0,78.5,79.5,52000
2026-06-23,79.19999694824219,79.19999694824219,79.30000305175781,78.0,79.0,61000
2026-06-24,78.9000015258789,78.9000015258789,79.5,78.0,79.5,27000
2026-06-25,78.4000015258789,78.4000015258789,79.19999694824219,77.80000305175781,79.19999694824219,39000
2026-06-26,78.19999694824219,78.19999694824219,79.19999694824219,77.80000305175781,79.19999694824219,43000
2026-06-29,79.0,79.0,79.9000015258789,77.5,77.5,39003
2026-06-30,79.5,79.5,79.5,78.5,79.0,42000
2026-07-01,78.9000015258789,78.9000015258789,79.5,77.5,79.5,34000
2026-07-02,77.5,77.5,78.80000305175781,76.5999984741211,78.80000305175781,45000
2026-07-03,82.5999984741211,82.5999984741211,85.19999694824219,79.0,81.9000015258789,187000
2026-07-06,81.4000015258789,81.4000015258789,84.0999984741211,81.30000305175781,83.19999694824219,69000
2026-07-07,85.19999694824219,85.19999694824219,85.19999694824219,81.4000015258789,81.80000305175781,161000
2026-07-08,82.30000305175781,82.30000305175781,85.19999694824219,82.30000305175781,85.0999984741211,70000
2026-07-09,82.4000015258789,82.4000015258789,83.5,81.0,83.5,59131
2026-07-10,82.4000015258789,82.4000015258789,82.4000015258789,82.4000015258789,82.4000015258789,0
2026-07-13,79.80000305175781,79.80000305175781,82.0999984741211,79.0,82.0,63000
2026-07-14,78.4000015258789,78.4000015258789,79.80000305175781,77.5,79.80000305175781,41000
2026-07-15,79.0999984741211,79.0999984741211,81.0,77.5999984741211,81.0,55000
2026-07-16,78.30000305175781,78.30000305175781,79.30000305175781,78.0,79.30000305175781,20000
2026-07-17,77.4000015258789,77.4000015258789,81.0,77.0,78.80000305175781,57038
2026-07-20,76.80000305175781,76.80000305175781,78.4000015258789,76.80000305175781,77.0,18000
2026-07-21,77.5,77.5,78.30000305175781,76.69999694824219,76.80000305175781,27120
2026-07-22,77.9000015258789,77.9000015258789,78.0999984741211,77.0999984741211,78.0999984741211,33000
2026-07-23,77.69999694824219,77.69999694824219,78.5999984741211,76.30000305175781,78.5999984741211,38000
2026-07-24,77.69999694824219,77.69999694824219,77.9000015258789,76.5,77.9000015258789,37000
2026-07-27,77.5,77.5,78.5999984741211,76.69999694824219,78.5999984741211,15000
2026-07-28,76.30000305175781,76.30000305175781,77.4000015258789,74.80000305175781,77.4000015258789,35000
2026-07-29,75.30000305175781,75.30000305175781,76.30000305175781,73.69999694824219,76.30000305175781,34000
2026-07-30,75.80000305175781,75.80000305175781,76.0,73.5999984741211,76.0,34000
2026-07-31,77.4000015258789,77.4000015258789,77.5999984741211,75.69999694824219,77.5999984741211,32000
2026-08-03,76.9000015258789,76.9000015258789,77.4000015258789,75.69999694824219,77.4000015258789,32000
2026-08-04,75.80000305175781,75.80000305175781,76.5,74.30000305175781,76.5,50000
2026-08-05,74.30000305175781,74.30000305175781,76.0,73.80000305175781,76.0,82000
2026-08-06,74.5999984741211,74.5999984741211,75.69999694824219,73.9000015258789,74.9000015258789,33000
2026-08-07,74.4000015258789,74.4000015258789,74.69999694824219,73.4000015258789,74.69999694824219,33000
2026-08-10,74.69999694824219,74.69999694824219,75.80000305175781,73.80000305175781,73.80000305175781,30000
2026-08-11,74.69999694824219,74.69999694824219,75.0,73.80000305175781,75.0,30000
2026-08-12,75.0,75.0,75.5,74.0,74.69999694824219,30000
2026-08-13,71.0,71.0,75.30000305175781,70.0999984741211,75.30000305175781,116000
2026-08-14,71.19999694824219,71.19999694824219,73.30000305175781,69.5,73.30000305175781,47000
2026-08-17,68.80000305175781,68.80000305175781,72.0999984741211,68.0999984741211,71.0,71001
2026-08-18,68.0999984741211,68.0999984741211,70.0,67.0,70.0,56000
2026-08-19,68.69999694824219,68.69999694824219,68.80000305175781,67.0,68.80000305175781,35000
2026-08-20,70.80000305175781,70.80000305175781,70.80000305175781,68.0,68.80000305175781,33000
2026-08-21,71.80000305175781,71.80000305175781,72.0,68.9000015258789,68.9000015258789,54000
