Date,Adj Close,Close,High,Low,Open,Volume
2016-08-12,35.35,35.35,35.35,34.8,35.0,439751
2016-08-15,35.45,35.45,35.6,34.85,35.1,525231
2016-08-16,35.4,35.4,35.6,35.3,35.6,378258
2016-08-17,35.5,35.5,35.5,35.1,35.15,584764
2016-08-18,35.5,35.5,36.15,35.2,35.5,2182078
2016-08-19,33.0,33.0,33.2,33.0,33.05,1064524
2016-08-22,32.6,32.6,33.0,32.6,33.0,346823
2016-08-23,32.7,32.7,32.85,32.6,32.6,218745
2016-08-24,32.55,32.55,32.9,32.5,32.55,312988
2016-08-25,32.7,32.7,32.8,32.55,32.55,221381
2016-08-26,32.75,32.75,32.85,32.7,32.7,205769
2016-08-29,32.7,32.7,32.85,32.55,32.8,190306
2016-08-30,32.8,32.8,32.9,32.6,32.8,240021
2016-08-31,33.0,33.0,33.0,32.6,32.75,266100
2016-09-01,32.6,32.6,33.1,32.6,33.0,257100
2016-09-02,32.4,32.4,32.85,32.4,32.8,207892
2016-09-05,32.3,32.3,32.55,32.2,32.4,202705
2016-09-06,32.6,32.6,32.65,32.3,32.3,219255
2016-09-07,32.65,32.65,32.7,32.5,32.7,118613
2016-09-08,32.8,32.8,32.85,32.65,32.7,205076
2016-09-09,32.8,32.8,32.9,32.6,32.85,122064
2016-09-12,32.45,32.45,32.55,32.3,32.35,218002
2016-09-13,32.05,32.05,32.45,32.05,32.45,175000
2016-09-14,32.7,32.7,32.7,31.9,32.05,289617
2016-09-19,32.4,32.4,32.85,32.4,32.7,242832
2016-09-20,32.4,32.4,32.7,32.4,32.45,129929
2016-09-21,32.5,32.5,32.7,32.4,32.55,291283
2016-09-22,32.7,32.7,32.8,32.65,32.7,184573
2016-09-23,32.8,32.8,32.9,32.6,32.75,268983
2016-09-26,32.45,32.45,32.8,32.45,32.8,145531
2016-09-29,32.4,32.4,32.85,32.4,32.85,170604
2016-09-30,32.35,32.35,32.7,32.2,32.65,189645
2016-10-03,32.4,32.4,32.65,32.4,32.45,116075
2016-10-04,32.85,32.85,32.85,32.4,32.5,316019
2016-10-05,32.9,32.9,32.9,32.65,32.85,326072
2016-10-06,32.75,32.75,33.1,32.75,32.9,279124
2016-10-07,32.5,32.5,32.8,32.45,32.75,176747
2016-10-11,31.95,31.95,32.5,31.8,32.5,361110
2016-10-12,31.55,31.55,31.95,31.4,31.9,421138
2016-10-13,31.6,31.6,31.75,31.4,31.65,244962
2016-10-14,30.85,30.85,31.7,30.85,31.7,339143
2016-10-17,30.5,30.5,30.85,30.45,30.85,345065
2016-10-18,30.65,30.65,30.8,30.55,30.7,114949
2016-10-19,30.4,30.4,30.65,30.4,30.4,300825
2016-10-20,30.5,30.5,30.7,30.4,30.4,259757
2016-10-21,28.95,28.95,30.7,28.95,30.5,1702677
2016-10-24,30.0,30.0,30.5,29.4,29.4,854335
2016-10-25,29.95,29.95,30.15,29.8,30.0,502733
2016-10-26,30.0,30.0,30.1,29.9,29.9,217920
2016-10-27,30.1,30.1,30.2,29.9,30.0,197361
2016-10-28,30.3,30.3,30.65,30.0,30.2,412611
2016-10-31,30.0,30.0,30.3,30.0,30.2,216695
2016-11-01,30.45,30.45,30.5,29.95,30.0,393645
2016-11-02,30.25,30.25,30.6,30.05,30.45,380240
2016-11-03,30.1,30.1,30.5,30.05,30.2,204905
2016-11-04,29.8,29.8,30.2,29.65,30.05,473840
2016-11-07,30.15,30.15,30.45,30.0,30.0,201240
2016-11-08,30.15,30.15,30.3,30.1,30.25,197568
2016-11-09,29.1,29.1,30.25,29.0,30.15,545602
2016-11-10,29.85,29.85,30.1,29.55,29.55,348298
2016-11-11,29.9,29.9,30.1,29.6,29.8,274917
2016-11-14,29.7,29.7,30.0,29.6,29.9,181760
2016-11-15,29.8,29.8,30.0,29.6,29.65,350995
2016-11-16,29.65,29.65,29.95,29.65,29.75,327393
2016-11-17,29.4,29.4,29.8,29.4,29.65,412400
2016-11-18,29.8,29.8,29.9,29.05,29.15,773593
2016-11-21,29.65,29.65,29.9,29.55,29.85,224246
2016-11-22,29.7,29.7,30.05,29.65,29.7,555931
2016-11-23,30.15,30.15,30.4,29.95,30.0,914888
2016-11-24,30.45,30.45,31.0,30.2,30.2,985444
2016-11-25,31.2,31.2,31.4,30.55,30.55,1019530
2016-11-28,31.1,31.1,31.4,31.05,31.2,745745
2016-11-29,30.95,30.95,31.15,30.8,31.15,429485
2016-11-30,32.45,32.45,32.45,31.05,31.3,3069568
2016-12-01,32.3,32.3,32.45,32.05,32.45,680138
2016-12-02,32.4,32.4,32.5,31.8,32.1,692962
2016-12-05,33.25,33.25,33.4,32.4,32.4,1752169
2016-12-06,32.75,32.75,33.7,32.75,33.55,2666346
2016-12-07,32.9,32.9,33.4,32.75,32.95,867718
2016-12-08,33.2,33.2,33.5,33.1,33.2,585001
2016-12-09,33.7,33.7,33.7,33.2,33.45,938149
2016-12-12,34.05,34.05,34.65,34.05,34.3,1818356
2016-12-13,34.0,34.0,34.0,33.7,34.0,672621
2016-12-14,33.95,33.95,34.25,33.85,34.15,520593
2016-12-15,34.5,34.5,34.65,33.75,33.95,859649
2016-12-16,34.45,34.45,35.0,34.45,34.5,859884
2016-12-19,33.85,33.85,34.45,33.75,34.45,493485
2016-12-20,34.05,34.05,34.5,33.95,34.5,316265
2016-12-21,33.9,33.9,34.5,33.75,34.45,362220
2016-12-22,33.6,33.6,33.9,33.55,33.9,343500
2016-12-23,33.6,33.6,33.8,33.35,33.5,293931
2016-12-26,33.55,33.55,34.0,33.45,33.6,145965
2016-12-27,33.9,33.9,34.0,33.5,33.55,265950
2016-12-28,33.7,33.7,34.0,33.7,33.75,270657
2016-12-29,33.7,33.7,33.95,33.6,33.7,216278
2016-12-30,33.95,33.95,34.1,33.85,33.85,303167
2017-01-03,34.55,34.55,34.65,33.85,34.0,405920
2017-01-04,35.25,35.25,35.4,34.65,34.9,1150286
2017-01-05,35.2,35.2,35.45,35.1,35.3,599388
2017-01-06,36.1,36.1,36.2,35.35,35.35,1830898
2017-01-09,36.6,36.6,37.8,36.5,37.0,3783268
2017-01-10,36.25,36.25,36.75,35.9,36.6,724354
2017-01-11,36.45,36.45,36.7,36.25,36.4,674354
2017-01-12,36.75,36.75,36.9,36.5,36.6,676151
2017-01-13,36.5,36.5,36.7,36.15,36.5,302016
2017-01-16,36.55,36.55,37.0,36.1,36.3,680296
2017-01-17,36.55,36.55,36.75,36.45,36.6,554039
2017-01-18,36.5,36.5,37.1,36.4,36.55,482170
2017-01-19,36.55,36.55,37.1,36.4,36.5,784061
2017-01-20,36.85,36.85,37.5,36.55,36.55,1337488
2017-01-23,37.1,37.1,37.3,36.9,36.9,810711
2017-01-24,37.1,37.1,37.45,36.95,37.1,671973
2017-02-02,37.5,37.5,37.6,37.2,37.2,1098138
2017-02-03,38.2,38.2,38.25,37.7,37.7,1460638
2017-02-06,38.6,38.6,38.8,38.3,38.4,1060785
2017-02-07,38.35,38.35,38.75,37.8,37.9,1230200
2017-02-08,37.1,37.1,38.4,37.0,38.4,1313657
2017-02-09,37.8,37.8,37.8,37.0,37.0,717386
2017-02-10,37.8,37.8,37.9,37.25,37.9,622830
2017-02-13,37.95,37.95,38.1,37.4,37.85,627906
2017-02-14,37.85,37.85,38.2,37.7,38.2,366298
2017-02-15,37.8,37.8,38.15,37.8,38.05,550860
2017-02-16,37.7,37.7,38.1,37.6,37.8,395602
2017-02-17,37.8,37.8,37.9,37.55,37.55,368272
2017-02-20,39.75,39.75,40.7,39.5,40.2,2183563
2017-02-21,40.4,40.4,41.5,40.1,40.5,3207524
2017-02-22,40.15,40.15,41.55,40.1,41.0,3325056
2017-02-23,40.2,40.2,40.4,38.8,40.1,2688688
2017-02-24,38.75,38.75,39.7,38.75,39.3,2736147
2017-03-01,38.15,38.15,38.95,37.6,38.75,1215158
2017-03-02,38.1,38.1,38.6,37.9,38.25,785653
2017-03-03,37.7,37.7,38.15,37.65,37.9,696020
2017-03-06,38.2,38.2,38.9,37.9,38.0,716359
2017-03-07,37.9,37.9,38.7,37.85,38.7,463432
2017-03-08,38.1,38.1,38.2,37.65,37.9,528088
2017-03-09,37.7,37.7,38.2,37.65,37.9,456646
2017-03-10,37.3,37.3,37.7,37.1,37.7,479173
2017-03-13,37.9,37.9,38.35,37.3,37.3,375920
2017-03-14,38.15,38.15,38.7,37.9,38.05,550405
2017-03-15,38.1,38.1,38.5,38.05,38.5,241776
2017-03-16,38.05,38.05,38.3,38.05,38.1,246567
2017-03-17,38.7,38.7,38.7,37.75,38.1,957315
2017-03-20,38.45,38.45,38.6,38.3,38.6,300379
2017-03-21,37.9,37.9,38.6,37.8,38.45,549059
2017-03-22,38.0,38.0,38.25,37.45,37.9,578742
2017-03-23,37.8,37.8,38.1,37.7,38.1,361349
2017-03-24,37.3,37.3,37.8,37.15,37.8,724836
2017-03-27,37.05,37.05,37.5,37.05,37.5,407866
2017-03-28,36.6,36.6,37.5,36.35,37.5,694825
2017-03-29,36.85,36.85,36.95,36.65,36.85,160046
2017-03-30,37.0,37.0,37.3,36.8,36.8,176175
2017-03-31,37.25,37.25,37.45,37.0,37.0,169798
2017-04-05,36.95,36.95,37.2,36.9,37.15,582635
2017-04-06,37.3,37.3,37.45,37.1,37.2,267072
2017-04-07,37.75,37.75,37.8,37.25,37.3,439134
2017-04-10,37.8,37.8,38.15,37.7,37.95,439685
2017-04-11,37.3,37.3,38.15,37.3,38.0,386573
2017-04-12,36.95,36.95,37.4,36.85,37.4,222551
2017-04-13,36.7,36.7,37.0,36.65,37.0,547602
2017-04-14,35.55,35.55,36.7,35.35,36.7,898236
2017-04-17,35.9,35.9,36.2,35.1,35.3,367948
2017-04-18,36.15,36.15,36.3,35.95,36.0,141686
2017-04-19,35.8,35.8,36.4,35.8,36.15,253342
2017-04-21,35.85,35.85,36.2,35.65,35.65,137421
2017-04-24,35.8,35.8,36.1,35.8,35.9,130022
2017-04-25,36.15,36.15,36.3,35.8,36.1,135987
2017-04-26,36.7,36.7,36.9,36.25,36.3,370102
2017-04-27,37.4,37.4,37.45,36.7,36.7,512602
2017-04-28,37.1,37.1,37.3,36.8,37.05,443501
2017-05-02,38.7,38.7,38.95,37.4,37.4,2016492
2017-05-03,38.3,38.3,38.95,38.25,38.8,663544
2017-05-04,38.6,38.6,38.9,38.3,38.3,590038
2017-05-05,38.5,38.5,38.6,38.3,38.5,392646
2017-05-08,38.3,38.3,38.8,38.1,38.8,345801
2017-05-09,37.75,37.75,38.65,37.7,38.1,320160
2017-05-10,38.0,38.0,38.5,37.75,37.75,317652
2017-05-11,38.05,38.05,38.25,37.8,38.2,186262
2017-05-12,37.85,37.85,38.1,37.85,37.85,268874
2017-05-15,38.15,38.15,38.3,37.75,37.75,276738
2017-05-16,38.4,38.4,39.0,38.35,38.35,661705
2017-05-17,38.25,38.25,38.55,38.0,38.4,274921
2017-05-18,38.05,38.05,38.2,37.8,38.05,198609
2017-05-19,38.0,38.0,38.3,37.9,38.0,288600
2017-05-22,38.05,38.05,38.25,38.0,38.1,198420
2017-05-23,38.8,38.8,38.9,38.1,38.2,771437
2017-05-24,39.55,39.55,39.95,39.0,39.0,1818844
2017-05-25,39.25,39.25,39.7,39.1,39.7,952765
2017-05-26,39.2,39.2,39.5,39.15,39.5,415580
2017-05-31,39.5,39.5,40.05,39.25,39.35,982831
2017-06-01,39.1,39.1,39.75,39.0,39.6,847621
2017-06-02,39.2,39.2,39.45,39.15,39.3,322300
2017-06-05,41.25,41.25,41.95,39.85,39.85,5332424
2017-06-06,40.95,40.95,41.6,40.7,41.4,1347196
2017-06-07,40.2,40.2,41.4,39.5,41.2,1696908
2017-06-08,40.55,40.55,40.8,40.3,40.5,813312
2017-06-09,40.5,40.5,41.2,40.3,41.0,839746
2017-06-12,40.4,40.4,41.2,40.2,40.5,674883
2017-06-13,41.2,41.2,41.45,40.4,40.4,1086919
2017-06-14,40.35,40.35,41.95,40.3,41.5,1221840
2017-06-15,39.9,39.9,40.45,39.0,40.25,916237
2017-06-16,40.05,40.05,40.5,39.85,39.85,304739
2017-06-19,40.65,40.65,40.95,40.05,40.05,461125
2017-06-20,40.25,40.25,40.9,40.25,40.85,399630
2017-06-21,40.45,40.45,40.65,39.5,40.25,638005
2017-06-22,39.9,39.9,40.5,39.75,40.3,622571
2017-06-23,39.3,39.3,39.8,39.15,39.45,714956
2017-06-26,39.05,39.05,39.3,38.8,39.0,689433
2017-06-27,39.7,39.7,39.9,39.1,39.2,428572
2017-06-28,39.05,39.05,39.55,39.05,39.5,478156
2017-06-29,39.0,39.0,39.25,38.9,39.2,308888
2017-06-30,38.85,38.85,39.0,38.35,39.0,442128
2017-07-03,38.65,38.65,38.85,38.5,38.85,255705
2017-07-04,38.7,38.7,38.9,38.5,38.6,221060
2017-07-05,38.7,38.7,39.1,38.3,38.85,298658
2017-07-06,38.75,38.75,39.2,38.7,39.0,471860
2017-07-07,38.5,38.5,39.0,38.5,38.75,270908
2017-07-10,38.2,38.2,39.0,38.2,39.0,343271
2017-07-11,38.4,38.4,38.45,38.1,38.15,229700
2017-07-12,38.25,38.25,38.45,38.1,38.4,354866
2017-07-13,38.75,38.75,38.8,38.25,38.25,273031
2017-07-14,38.9,38.9,39.1,38.75,38.8,236225
2017-07-17,38.7,38.7,39.0,38.55,39.0,215546
2017-07-18,39.5,39.5,40.0,38.8,39.0,716456
2017-07-19,39.6,39.6,40.2,39.6,39.8,870622
2017-07-20,39.75,39.75,39.9,39.6,39.6,243462
2017-07-21,39.9,39.9,40.0,39.75,39.75,366965
2017-07-24,40.05,40.05,40.4,40.0,40.0,511115
2017-07-25,40.0,40.0,40.4,40.0,40.4,453181
2017-07-26,40.5,40.5,40.7,40.15,40.2,662243
2017-07-27,44.55,44.55,44.55,41.1,41.1,8930751
2017-07-28,42.75,42.75,44.85,42.75,44.2,5450464
2017-07-31,44.4,44.4,44.5,43.05,43.05,2539913
2017-08-01,44.05,44.05,45.5,43.95,45.25,3156463
2017-08-02,44.9,44.9,45.25,44.2,44.3,4082343
2017-08-03,47.0,47.0,48.3,45.1,45.55,9721616
2017-08-04,47.7,47.7,48.65,47.0,47.5,4241697
2017-08-07,48.4,48.4,49.0,48.15,48.25,4406225
2017-08-08,47.6,47.6,48.5,46.9,48.5,3382434
2017-08-09,46.3,46.3,47.5,46.0,47.45,2765148
2017-08-10,45.7,45.7,46.8,44.9,46.45,2366340
2017-08-11,46.5,46.5,46.5,44.9,45.2,1594705
2017-08-14,44.95,44.95,46.5,44.9,46.5,2011959
2017-08-15,46.5,46.5,46.5,45.35,45.6,2752166
2017-08-16,47.55,47.55,48.25,47.0,47.15,5854400
2017-08-17,46.2,46.2,46.35,45.9,46.2,2472340
2017-08-18,47.55,47.55,47.9,45.75,45.9,5222174
2017-08-21,49.9,49.9,51.7,48.3,48.3,11392736
2017-08-22,51.5,51.5,52.4,50.4,50.9,11043112
2017-08-23,51.0,51.0,52.3,50.4,52.0,5583828
2017-08-24,51.3,51.3,52.6,51.1,52.0,4376520
2017-08-25,51.9,51.9,51.9,50.1,51.5,4177858
2017-08-28,51.7,51.7,53.1,51.4,52.5,4466970
2017-08-29,51.8,51.8,52.1,50.7,51.7,2295259
2017-08-30,52.1,52.1,52.5,51.4,52.2,2789101
2017-08-31,52.1,52.1,54.5,51.9,52.2,9041218
2017-09-01,52.5,52.5,53.0,52.1,52.3,2655205
2017-09-04,52.6,52.6,53.5,52.2,52.2,2760512
2017-09-05,54.1,54.1,54.2,52.5,53.0,3774064
2017-09-06,53.1,53.1,54.6,52.4,54.5,4993201
2017-09-07,51.6,51.6,53.5,51.3,53.4,3537698
2017-09-08,51.9,51.9,52.5,51.6,51.6,1706036
2017-09-11,51.4,51.4,52.6,51.4,52.4,1308279
2017-09-12,51.7,51.7,52.3,51.5,51.5,1177772
2017-09-13,51.5,51.5,52.3,51.4,51.7,868495
2017-09-14,51.0,51.0,51.5,49.5,50.7,3413553
2017-09-15,51.3,51.3,51.6,50.7,51.0,2306467
2017-09-18,51.1,51.1,52.4,51.1,52.0,1982050
2017-09-19,50.0,50.0,51.5,49.9,51.2,1782535
2017-09-20,49.0,49.0,50.5,49.0,50.1,2018861
2017-09-21,49.8,49.8,50.5,48.8,48.8,1325373
2017-09-22,48.9,48.9,49.9,48.7,49.7,1249692
2017-09-25,48.85,48.85,49.6,48.55,49.5,1959982
2017-09-26,45.7,45.7,48.6,44.95,48.4,4011655
2017-09-27,47.9,47.9,48.2,46.05,46.05,1730788
2017-09-28,47.15,47.15,48.1,46.75,48.0,1020676
2017-09-29,47.3,47.3,47.3,46.2,47.15,715456
2017-10-02,48.75,48.75,49.5,48.5,48.75,814508
2017-10-03,47.85,47.85,49.45,47.85,48.85,2335867
2017-10-05,48.75,48.75,49.0,48.1,48.15,875419
2017-10-06,50.2,50.2,51.5,49.45,49.6,3510426
2017-10-11,49.1,49.1,50.6,49.1,50.4,1669630
2017-10-12,49.75,49.75,50.1,49.0,49.0,1121363
2017-10-13,50.5,50.5,51.3,49.8,49.95,2262963
2017-10-16,49.75,49.75,50.7,49.6,50.6,1181081
2017-10-17,49.1,49.1,50.2,49.1,49.95,931678
2017-10-18,48.1,48.1,49.9,48.0,49.2,1341609
2017-10-19,48.65,48.65,49.3,48.3,48.5,581519
2017-10-20,48.75,48.75,48.75,47.65,48.3,1321587
2017-10-23,50.3,50.3,50.9,48.8,48.8,2304341
2017-10-24,51.9,51.9,52.1,50.1,50.5,5183894
2017-10-25,51.1,51.1,52.2,50.9,51.7,2307820
2017-10-26,52.4,52.4,52.4,50.6,51.3,5224297
2017-10-27,48.7,48.7,54.4,48.5,52.5,14749323
2017-10-30,48.25,48.25,49.95,47.6,49.7,3613987
2017-10-31,48.4,48.4,48.9,47.65,48.15,2080672
2017-11-01,48.05,48.05,49.3,47.85,48.5,2200883
2017-11-02,47.8,47.8,48.75,47.75,48.2,1321520
2017-11-03,48.0,48.0,48.65,47.85,48.0,1506310
2017-11-06,48.5,48.5,48.85,48.0,48.4,1252431
2017-11-07,46.75,46.75,48.55,46.75,48.5,4002569
2017-11-08,47.3,47.3,47.45,46.2,46.8,2223596
2017-11-09,46.55,46.55,48.1,46.25,47.4,2122511
2017-11-10,46.45,46.45,46.8,46.2,46.3,1173300
2017-11-13,46.5,46.5,47.35,46.3,46.7,1045683
2017-11-14,46.35,46.35,46.85,46.2,46.5,714481
2017-11-15,46.25,46.25,46.5,46.1,46.4,496149
2017-11-16,46.25,46.25,46.65,46.1,46.1,406628
2017-11-17,46.6,46.6,46.8,46.4,46.6,695454
2017-11-20,46.2,46.2,46.65,46.2,46.6,693707
2017-11-21,45.75,45.75,46.45,45.4,46.2,2120120
2017-11-22,45.75,45.75,46.5,45.6,45.85,1400959
2017-11-23,48.9,48.9,49.5,45.8,45.8,5478994
2017-11-24,49.8,49.8,50.0,48.6,49.1,5840985
2017-11-27,49.1,49.1,50.7,49.0,50.2,2728447
2017-11-28,50.2,50.2,51.4,49.25,49.3,4595294
2017-11-29,51.8,51.8,52.8,51.0,51.4,9485882
2017-11-30,51.4,51.4,53.5,50.8,52.3,8143765
2017-12-01,49.5,49.5,52.2,48.2,51.7,5819040
2017-12-04,51.9,51.9,52.7,50.1,50.7,4972465
2017-12-05,50.2,50.2,52.2,49.2,51.5,3812374
2017-12-06,47.15,47.15,49.5,47.0,49.5,6116840
2017-12-07,46.4,46.4,48.0,45.7,47.5,1817786
2017-12-08,46.85,46.85,47.2,46.15,47.2,1171462
2017-12-11,47.9,47.9,48.45,46.8,47.3,1612163
2017-12-12,47.4,47.4,48.35,47.2,47.65,902462
2017-12-13,47.7,47.7,47.8,47.05,47.05,774021
2017-12-14,48.4,48.4,50.1,47.85,48.1,3266415
2017-12-15,48.7,48.7,49.1,48.2,48.3,1310832
2017-12-18,48.85,48.85,49.5,48.7,49.4,938659
2017-12-19,49.7,49.7,50.9,49.0,49.1,3773393
2017-12-20,52.2,52.2,52.4,49.85,49.9,7216208
2017-12-21,53.6,53.6,55.2,53.3,53.3,17902611
2017-12-22,55.5,55.5,56.3,54.6,55.3,16452724
2017-12-25,60.9,60.9,61.0,57.0,57.3,25541941
2017-12-26,60.1,60.1,61.1,58.8,61.0,13909447
2017-12-27,61.5,61.5,61.7,58.4,59.6,15262878
2017-12-28,61.3,61.3,64.9,61.0,63.1,21228068
2017-12-29,59.8,59.8,62.1,58.5,61.9,11438012
2018-01-02,63.9,63.9,64.2,60.6,61.0,13505226
2018-01-03,63.4,63.4,64.9,62.9,64.3,11526731
2018-01-04,63.5,63.5,64.0,62.0,63.6,4885732
2018-01-05,62.1,62.1,64.8,62.1,63.2,6607561
2018-01-08,59.1,59.1,61.0,57.9,61.0,8554657
2018-01-09,60.2,60.2,60.8,58.6,59.5,4658689
2018-01-10,58.6,58.6,60.6,58.0,60.2,3649726
2018-01-11,56.7,56.7,58.8,56.1,58.1,6985798
2018-01-12,58.5,58.5,58.7,57.3,57.3,3488068
2018-01-15,57.0,57.0,59.3,57.0,59.0,4076389
2018-01-16,58.5,58.5,58.8,56.1,57.0,5282673
2018-01-17,56.5,56.5,57.8,56.1,57.7,5647150
2018-01-18,55.8,55.8,57.1,55.8,57.0,3994793
2018-01-19,54.8,54.8,56.2,53.0,55.6,7016564
2018-01-22,55.5,55.5,56.6,54.4,54.8,4508979
2018-01-23,53.2,53.2,55.7,53.1,55.5,5652383
2018-01-24,53.6,53.6,54.1,52.9,53.1,3043111
2018-01-25,51.5,51.5,53.1,50.0,53.1,11444494
2018-01-26,52.0,52.0,52.7,51.6,51.6,3114931
2018-01-29,52.5,52.5,53.3,51.3,52.0,2506583
2018-01-30,52.0,52.0,52.9,51.4,52.6,2257042
2018-01-31,53.1,53.1,53.7,52.0,52.3,3838464
2018-02-01,52.5,52.5,53.5,52.5,53.1,1702162
2018-02-02,52.6,52.6,53.1,52.3,52.6,1258320
2018-02-05,50.4,50.4,51.5,50.1,50.6,3793268
2018-02-06,45.45,45.45,48.0,45.4,48.0,8209841
2018-02-07,47.5,47.5,48.95,46.2,46.85,3878860
2018-02-08,46.65,46.65,48.75,46.35,48.6,1973430
2018-02-09,46.25,46.25,46.5,43.55,44.1,2033020
2018-02-12,45.75,45.75,46.9,45.4,46.5,1502989
2018-02-21,47.35,47.35,48.0,46.2,46.2,1464677
2018-02-22,47.9,47.9,48.55,46.85,47.1,1436731
2018-02-23,48.1,48.1,48.75,47.85,47.9,1248846
2018-02-26,47.3,47.3,48.3,47.3,48.3,1198830
2018-02-27,48.8,48.8,49.35,47.55,47.55,2501643
2018-03-01,47.9,47.9,48.7,47.8,48.0,1802398
2018-03-02,46.7,46.7,47.8,46.7,47.45,1556222
2018-03-05,46.0,46.0,47.3,46.0,47.0,1214418
2018-03-06,45.7,45.7,46.4,45.5,46.2,1443981
2018-03-07,45.7,45.7,46.15,45.4,45.4,992437
2018-03-08,45.45,45.45,46.05,45.0,45.7,1383800
2018-03-09,45.1,45.1,45.6,44.85,45.45,1394798
2018-03-12,45.5,45.5,45.6,45.1,45.4,880749
2018-03-13,45.3,45.3,45.9,44.95,45.6,1548599
2018-03-14,48.05,48.05,48.3,45.2,45.3,5642910
2018-03-15,47.15,47.15,47.85,46.9,47.85,2958668
2018-03-16,46.65,46.65,47.5,46.6,47.5,1628534
2018-03-19,45.95,45.95,46.8,45.9,46.7,1448478
2018-03-20,45.75,45.75,46.55,45.55,46.0,1350110
2018-03-21,45.4,45.4,46.05,45.35,45.9,1281509
2018-03-22,45.3,45.3,46.05,45.3,45.85,874373
2018-03-23,43.5,43.5,44.4,43.0,44.4,2603151
2018-03-26,43.3,43.3,44.2,43.05,43.05,878130
2018-03-27,44.0,44.0,44.2,43.7,44.1,810010
2018-03-28,43.2,43.2,43.9,43.2,43.7,935661
2018-03-29,42.9,42.9,43.9,42.9,43.2,1202683
2018-03-30,43.45,43.45,43.8,43.25,43.25,1184700
2018-04-02,43.9,43.9,44.35,43.55,43.55,967822
2018-04-03,42.95,42.95,43.7,42.9,43.7,953280
2018-04-09,41.7,41.7,43.15,41.7,43.0,1937162
2018-04-10,41.9,41.9,42.45,41.7,41.8,768378
2018-04-11,42.15,42.15,42.4,42.05,42.1,651263
2018-04-12,43.45,43.45,43.45,42.15,42.15,869750
2018-04-13,42.75,42.75,44.0,42.7,43.85,1015742
2018-04-16,42.4,42.4,43.35,42.4,42.9,498326
2018-04-17,41.7,41.7,42.7,41.45,42.4,715719
2018-04-18,42.2,42.2,43.6,42.2,42.2,1469616
2018-04-19,43.05,43.05,43.55,43.0,43.0,1074491
2018-04-20,42.9,42.9,43.3,42.5,43.05,434553
2018-04-23,42.1,42.1,43.6,42.05,43.6,1431380
2018-04-24,40.3,40.3,41.85,39.6,41.75,2981443
2018-04-25,40.15,40.15,40.3,39.65,39.9,986345
2018-04-26,38.75,38.75,40.6,38.65,40.45,2011611
2018-04-27,38.55,38.55,39.3,38.4,39.0,1835060
2018-04-30,39.0,39.0,39.15,38.4,38.9,1488460
2018-05-02,39.6,39.6,39.9,38.95,39.05,1607207
2018-05-03,39.95,39.95,41.45,39.75,40.4,4683687
2018-05-04,40.7,40.7,41.45,40.55,40.9,3361166
2018-05-07,40.15,40.15,41.3,40.05,41.1,3162845
2018-05-08,40.2,40.2,40.5,40.0,40.0,1599048
2018-05-09,41.1,41.1,41.85,40.9,40.9,3859344
2018-05-10,43.6,43.6,44.8,41.95,42.3,8305362
2018-05-11,43.35,43.35,44.55,43.0,43.8,4015119
2018-05-14,43.65,43.65,44.55,42.85,43.65,3395101
2018-05-15,44.5,44.5,44.7,43.45,43.9,3022492
2018-05-16,44.1,44.1,45.4,44.05,44.3,3042933
2018-05-17,44.0,44.0,44.3,43.75,43.9,1683250
2018-05-18,45.0,45.0,45.45,44.1,44.1,3431099
2018-05-21,45.9,45.9,46.15,44.6,45.0,3567451
2018-05-22,45.65,45.65,46.7,45.3,46.1,3293208
2018-05-23,44.6,44.6,45.7,44.6,45.5,2231890
2018-05-24,45.0,45.0,45.8,44.6,44.8,1620205
2018-05-25,44.3,44.3,45.55,44.2,45.55,1760764
2018-05-28,44.8,44.8,45.2,43.65,44.1,2018669
2018-05-29,43.8,43.8,45.0,43.65,44.45,2183485
2018-05-30,44.3,44.3,44.8,43.6,43.6,1750828
2018-05-31,45.1,45.1,45.2,44.1,44.4,2053151
2018-06-01,46.0,46.0,47.0,44.65,45.0,3873361
2018-06-04,46.65,46.65,46.9,45.55,46.0,2782030
2018-06-05,45.75,45.75,47.0,45.7,46.95,1838660
2018-06-06,46.2,46.2,46.5,45.95,46.0,1182529
2018-06-07,46.05,46.05,46.65,45.7,46.65,1283248
2018-06-08,45.5,45.5,46.6,45.5,46.2,1159081
2018-06-11,44.5,44.5,45.95,44.3,45.95,1598752
2018-06-12,44.5,44.5,45.0,44.35,44.4,1053402
2018-06-13,45.8,45.8,45.9,44.55,44.55,1438433
2018-06-14,45.7,45.7,46.5,45.7,45.8,1848971
2018-06-15,46.4,46.4,46.8,45.6,45.7,1968131
2018-06-19,44.55,44.55,46.3,44.15,46.0,2412265
2018-06-20,42.75,42.75,44.65,42.35,44.65,2313534
2018-06-21,42.7,42.7,43.35,42.4,43.15,1321762
2018-06-22,42.65,42.65,43.15,41.6,42.2,1126060
2018-06-25,41.6,41.6,42.65,41.55,42.65,1201427
2018-06-26,42.2,42.2,42.4,40.85,40.95,920100
2018-06-27,42.2,42.2,42.6,41.9,41.95,504470
2018-06-28,41.6,41.6,42.2,41.3,41.8,497378
2018-06-29,42.1,42.1,42.55,41.8,41.8,521040
2018-07-02,42.8,42.8,43.65,42.15,42.15,739441
2018-07-03,41.7,41.7,43.3,41.6,42.95,764253
2018-07-04,42.75,42.75,42.8,41.5,41.8,565168
2018-07-05,42.1,42.1,44.65,42.05,43.0,1628598
2018-07-06,42.05,42.05,42.7,41.65,42.35,785326
2018-07-09,42.55,42.55,43.1,42.15,42.15,419492
2018-07-10,42.0,42.0,42.9,42.0,42.55,431420
2018-07-11,42.0,42.0,42.45,41.9,42.0,364040
2018-07-12,42.7,42.7,42.8,41.9,41.9,459191
2018-07-13,43.8,43.8,43.95,42.9,43.1,1150150
2018-07-16,43.65,43.65,44.0,43.3,43.8,629439
2018-07-17,44.0,44.0,44.45,43.45,43.7,992224
2018-07-18,44.8,44.8,45.4,44.15,44.15,2018500
2018-07-19,45.05,45.05,45.3,44.8,44.8,1450251
2018-07-20,44.35,44.35,45.5,44.25,45.4,1084627
2018-07-23,44.25,44.25,45.2,44.1,44.7,885442
2018-07-24,45.05,45.05,45.25,44.0,44.0,1076096
2018-07-25,43.45,43.45,45.4,43.25,45.2,2253337
2018-07-26,42.7,42.7,43.6,42.7,43.45,1816480
2018-07-27,42.4,42.4,42.75,42.2,42.75,1485226
2018-07-30,42.4,42.4,43.1,42.3,42.3,1142515
2018-07-31,44.0,44.0,44.2,42.3,42.3,2654125
2018-08-01,44.8,44.8,45.2,43.75,44.05,3595586
2018-08-02,44.1,44.1,45.4,43.9,45.25,2262986
2018-08-03,45.35,45.35,45.4,44.6,44.8,2839499
2018-08-06,45.1,45.1,45.5,44.95,45.35,1882351
2018-08-07,45.7,45.7,46.4,45.3,45.5,4214123
2018-08-08,46.15,46.15,46.8,45.8,45.8,6739627
2018-08-09,44.35,44.35,45.25,44.05,45.15,3997931
2018-08-10,44.0,44.0,45.1,43.85,44.95,2181214
2018-08-13,42.65,42.65,44.15,41.6,44.15,2092228
2018-08-14,42.6,42.6,43.3,42.1,42.8,826329
2018-08-15,42.05,42.05,42.85,41.7,42.85,1165425
2018-08-16,41.7,41.7,42.25,41.05,41.3,1433075
2018-08-17,41.75,41.75,42.4,41.55,42.3,1145736
2018-08-20,40.9,40.9,42.0,40.8,42.0,1305301
2018-08-21,42.0,42.0,42.15,40.4,40.5,1203113
2018-08-22,41.65,41.65,42.7,41.6,42.05,1031721
2018-08-23,41.3,41.3,41.9,41.15,41.9,465434
2018-08-24,41.05,41.05,41.6,40.7,41.3,503580
2018-08-27,41.45,41.45,41.6,41.05,41.05,428439
2018-08-28,41.65,41.65,42.15,41.6,41.75,727227
2018-08-29,42.6,42.6,42.7,41.65,41.65,1156354
2018-08-30,41.8,41.8,43.05,41.8,42.4,1262103
2018-08-31,41.5,41.5,41.75,41.35,41.7,610083
2018-09-03,41.4,41.4,42.1,41.35,41.7,499338
2018-09-04,41.65,41.65,41.75,41.35,41.55,296860
2018-09-05,41.6,41.6,42.0,41.55,41.75,339896
2018-09-06,39.6,39.6,41.2,39.45,41.2,3740570
2018-09-07,38.0,38.0,39.9,36.65,39.6,3354263
2018-09-10,34.5,34.5,38.0,34.2,38.0,4538032
2018-09-11,35.6,35.6,35.7,34.2,35.0,1409483
2018-09-12,34.75,34.75,35.8,34.1,35.8,1430504
2018-09-13,35.0,35.0,35.3,34.65,34.65,787200
2018-09-14,35.7,35.7,35.75,34.85,35.5,1322002
2018-09-17,35.05,35.05,35.7,35.0,35.7,473238
2018-09-18,34.0,34.0,34.75,33.85,34.6,2036190
2018-09-19,34.4,34.4,34.95,34.25,34.35,887553
2018-09-20,34.15,34.15,34.55,34.1,34.5,645221
2018-09-21,34.2,34.2,34.45,34.15,34.3,486969
2018-09-25,34.85,34.85,35.0,34.05,34.2,648266
2018-09-26,34.65,34.65,35.1,34.5,34.9,653040
2018-09-27,34.5,34.5,34.75,34.35,34.7,448481
2018-09-28,33.1,33.1,34.55,33.0,34.5,3797104
2018-10-01,34.5,34.5,34.7,33.0,33.05,2203342
2018-10-02,34.7,34.7,35.4,34.15,34.5,1252000
2018-10-03,34.3,34.3,34.9,34.2,34.7,624003
2018-10-04,34.3,34.3,34.55,34.05,34.3,535961
2018-10-05,33.0,33.0,34.25,32.5,34.1,2412063
2018-10-08,32.6,32.6,33.4,32.35,32.4,1020261
2018-10-09,32.5,32.5,33.1,32.05,33.0,1073218
2018-10-11,29.5,29.5,30.3,29.25,29.5,4779873
2018-10-12,30.3,30.3,30.4,28.8,28.9,2901548
2018-10-15,31.4,31.4,31.5,30.0,30.3,1138521
2018-10-16,32.0,32.0,32.9,31.6,32.0,1705644
2018-10-17,32.95,32.95,33.1,32.25,32.25,1139649
2018-10-18,33.15,33.15,33.2,32.75,32.95,831690
2018-10-19,33.75,33.75,33.75,31.6,32.8,1777202
2018-10-22,33.7,33.7,33.95,33.25,33.3,995700
2018-10-23,32.7,32.7,33.75,32.65,33.7,709021
2018-10-24,32.25,32.25,33.7,32.25,33.7,1452159
2018-10-25,30.1,30.1,31.4,30.0,30.9,1969106
2018-10-26,29.65,29.65,30.6,28.85,30.5,3169737
2018-10-29,29.8,29.8,30.2,29.25,30.2,1134671
2018-10-30,29.55,29.55,30.0,29.25,29.8,1293501
2018-10-31,30.15,30.15,30.7,29.95,30.0,1023041
2018-11-01,31.7,31.7,31.8,30.2,30.3,1507043
2018-11-02,31.75,31.75,32.6,31.45,32.0,1593099
2018-11-05,32.1,32.1,32.75,31.95,32.4,1202229
2018-11-06,31.85,31.85,32.6,31.55,32.4,1070003
2018-11-07,32.35,32.35,32.7,32.05,32.1,791907
2018-11-08,32.2,32.2,33.15,32.15,33.0,925369
2018-11-09,32.55,32.55,32.7,31.95,32.5,582471
2018-11-12,32.65,32.65,32.8,32.1,32.45,540100
2018-11-13,33.15,33.15,33.15,31.65,31.85,718292
2018-11-14,33.35,33.35,33.75,33.0,33.25,1906426
2018-11-15,33.95,33.95,34.3,33.6,33.6,1492501
2018-11-16,35.0,35.0,36.3,34.05,34.4,5615561
2018-11-19,35.45,35.45,37.0,34.85,36.1,5586985
2018-11-20,35.4,35.4,35.7,34.6,35.05,2190539
2018-11-21,36.35,36.35,36.45,35.1,35.1,4278290
2018-11-22,35.35,35.35,37.1,35.0,36.3,5741500
2018-11-23,34.65,34.65,35.7,34.6,35.45,2413150
2018-11-26,34.6,34.6,35.3,34.25,34.6,1346100
2018-11-27,35.5,35.5,35.7,34.7,34.95,1711921
2018-11-28,36.45,36.45,36.9,36.05,36.2,4099394
2018-11-29,36.25,36.25,37.35,36.1,36.75,3148231
2018-11-30,36.6,36.6,36.9,36.2,36.55,1732601
2018-12-03,37.85,37.85,38.3,37.05,37.05,5791077
2018-12-04,37.85,37.85,38.55,37.4,37.9,2513002
2018-12-05,36.85,36.85,37.35,36.65,37.0,1841352
2018-12-06,34.25,34.25,36.85,33.6,36.85,3930469
2018-12-07,34.8,34.8,35.5,34.5,35.5,1330111
2018-12-10,34.3,34.3,34.65,33.65,34.15,950778
2018-12-11,34.2,34.2,34.6,33.95,34.3,518140
2018-12-12,34.4,34.4,34.9,34.4,34.4,952311
2018-12-13,34.65,34.65,34.95,34.4,34.55,769360
2018-12-14,34.15,34.15,34.55,34.0,34.5,795120
2018-12-17,34.75,34.75,34.85,34.0,34.05,617037
2018-12-18,35.4,35.4,35.85,34.55,34.8,3185651
2018-12-19,35.05,35.05,35.8,34.75,35.6,1468860
2018-12-20,34.1,34.1,34.6,33.75,34.5,1936201
2018-12-21,34.75,34.75,34.75,33.8,33.85,1102549
2018-12-24,35.0,35.0,35.1,34.45,34.5,1620002
2018-12-25,34.2,34.2,34.35,33.8,34.25,1225112
2018-12-26,33.8,33.8,34.55,33.8,34.35,557204
2018-12-27,33.8,33.8,34.5,33.8,34.4,723208
2018-12-28,34.0,34.0,34.15,33.65,33.9,562168
2019-01-02,34.45,34.45,34.7,34.2,34.3,769580
2019-01-03,35.0,35.0,35.6,34.3,34.5,1506158
2019-01-04,36.0,36.0,36.15,34.15,34.65,3749715
2019-01-07,35.7,35.7,36.3,35.1,36.0,4557507
2019-01-08,35.6,35.6,36.15,35.6,36.0,2632681
2019-01-09,35.75,35.75,36.15,35.75,36.0,1680586
2019-01-10,35.2,35.2,36.2,35.1,36.05,971962
2019-01-11,34.4,34.4,35.5,34.35,35.5,1436060
2019-01-14,34.35,34.35,34.7,34.2,34.4,798161
2019-01-15,34.5,34.5,34.85,34.3,34.3,686510
2019-01-16,35.0,35.0,35.15,34.55,34.75,1014114
2019-01-17,34.7,34.7,35.35,34.65,35.05,679171
2019-01-18,34.6,34.6,35.05,34.5,34.8,538004
2019-01-21,34.6,34.6,34.95,34.5,34.85,634003
2019-01-22,35.65,35.65,35.8,34.6,34.6,2529593
2019-01-23,36.6,36.6,36.8,35.35,35.45,3286333
2019-01-24,36.2,36.2,37.3,36.2,37.2,3746348
2019-01-25,36.5,36.5,36.85,36.35,36.4,1916857
2019-01-28,35.9,35.9,36.75,35.8,36.7,1587635
2019-01-29,36.85,36.85,36.9,35.9,36.3,3248601
2019-01-30,36.5,36.5,37.5,36.5,36.85,2913012
2019-02-11,37.15,37.15,37.2,36.5,37.0,1271752
2019-02-12,37.55,37.55,38.1,37.3,37.65,2216388
2019-02-13,37.15,37.15,37.75,36.9,37.7,1282700
2019-02-14,36.5,36.5,36.6,36.1,36.1,2156786
2019-02-15,36.4,36.4,37.1,36.35,36.35,1172705
2019-02-18,38.05,38.05,38.5,36.45,36.65,6187006
2019-02-19,38.5,38.5,39.1,38.3,38.45,5955903
2019-02-20,38.3,38.3,39.25,38.05,38.75,4722932
2019-02-21,38.75,38.75,40.2,38.65,39.0,8293564
2019-02-22,38.5,38.5,38.8,38.25,38.8,1895379
2019-02-25,38.5,38.5,39.0,38.15,38.95,2215271
2019-02-26,38.35,38.35,38.8,38.25,38.75,1562700
2019-02-27,37.9,37.9,38.4,37.6,38.35,1589024
2019-03-04,38.65,38.65,38.85,37.45,37.85,1846675
2019-03-05,38.45,38.45,38.8,38.2,38.65,1041596
2019-03-06,38.2,38.2,38.5,38.0,38.35,1241459
2019-03-07,37.05,37.05,38.15,36.95,38.0,1432592
2019-03-08,37.55,37.55,37.6,36.6,36.95,656440
2019-03-11,37.8,37.8,37.8,37.4,37.55,472445
2019-03-12,37.55,37.55,38.1,37.55,38.1,755210
2019-03-13,37.65,37.65,37.85,37.5,37.55,485540
2019-03-14,37.8,37.8,38.3,37.7,37.8,808054
2019-03-15,38.1,38.1,38.25,37.9,37.9,734392
2019-03-18,38.5,38.5,38.55,38.2,38.2,936660
2019-03-19,38.5,38.5,38.8,38.3,38.6,909666
2019-03-20,38.45,38.45,38.65,38.4,38.5,577301
2019-03-21,39.1,39.1,39.3,38.45,38.55,2055578
2019-03-22,38.8,38.8,39.45,38.5,39.3,1619481
2019-03-25,38.1,38.1,38.45,37.85,38.0,742201
2019-03-26,38.15,38.15,38.5,38.1,38.2,489544
2019-03-27,38.9,38.9,39.0,38.15,38.2,1001161
2019-03-28,38.15,38.15,38.8,38.1,38.7,809780
2019-03-29,38.55,38.55,38.8,38.1,38.3,862989
2019-04-01,39.4,39.4,39.65,38.55,38.8,3314073
2019-04-02,39.7,39.7,40.8,39.4,39.7,3955162
2019-04-03,40.2,40.2,40.6,39.25,39.7,2745706
2019-04-08,40.2,40.2,40.65,39.8,40.6,1760304
2019-04-09,39.7,39.7,40.1,39.65,40.0,1384751
2019-04-10,39.95,39.95,40.25,39.7,39.8,1631652
2019-04-11,39.95,39.95,40.4,39.8,39.95,1156856
2019-04-12,39.7,39.7,40.15,39.55,40.05,1255961
2019-04-15,40.15,40.15,40.45,39.85,40.0,1188179
2019-04-16,40.1,40.1,41.15,40.1,40.5,2143587
2019-04-17,40.5,40.5,40.6,40.05,40.1,1464363
2019-04-18,39.95,39.95,41.15,39.85,40.65,1756041
2019-04-19,41.15,41.15,41.15,40.0,40.05,1865217
2019-04-22,40.6,40.6,41.35,40.55,41.25,1035449
2019-04-23,40.15,40.15,40.75,40.0,40.75,737048
2019-04-24,39.95,39.95,40.4,39.8,40.2,875707
2019-04-25,40.3,40.3,40.3,39.9,40.05,391257
2019-04-26,39.7,39.7,39.9,39.6,39.9,2084770
2019-04-29,39.7,39.7,40.0,39.5,39.75,840598
2019-04-30,39.7,39.7,39.8,39.6,39.7,670300
2019-05-02,43.25,43.25,43.65,40.5,40.5,10462314
2019-05-03,45.85,45.85,46.5,44.0,44.0,18706247
2019-05-06,45.55,45.55,46.75,45.25,45.35,10830759
2019-05-07,46.5,46.5,48.2,45.75,46.25,10572876
2019-05-08,47.6,47.6,47.8,45.8,45.9,7558554
2019-05-09,46.95,46.95,48.3,45.8,47.6,6772111
2019-05-10,46.7,46.7,47.8,45.5,47.7,5551687
2019-05-13,45.4,45.4,47.15,45.05,46.55,4300055
2019-05-14,45.55,45.55,46.25,43.25,44.0,6363850
2019-05-15,45.55,45.55,46.2,44.8,45.6,2627804
2019-05-16,43.65,43.65,46.3,43.35,45.65,4293178
2019-05-17,41.7,41.7,44.15,41.5,43.8,4359819
2019-05-20,40.85,40.85,42.8,40.6,42.8,2623000
2019-05-21,40.8,40.8,41.2,39.5,40.1,3510231
2019-05-22,40.15,40.15,41.6,40.05,41.6,1544616
2019-05-23,38.5,38.5,40.0,38.3,39.85,2753090
2019-05-24,38.1,38.1,38.75,37.7,38.5,1692918
2019-05-27,37.7,37.7,39.2,37.3,39.2,2267350
2019-05-28,37.25,37.25,37.95,37.05,37.7,1667053
2019-05-29,37.25,37.25,37.7,37.15,37.35,2300227
2019-05-30,38.8,38.8,38.8,37.35,37.45,4836548
2019-05-31,38.65,38.65,39.3,38.4,38.5,5955464
2019-06-03,37.65,37.65,38.3,37.3,38.3,1891959
2019-06-04,37.95,37.95,38.3,37.65,37.65,1377550
2019-06-05,37.8,37.8,38.65,37.8,38.45,1065472
2019-06-06,37.4,37.4,38.15,37.2,37.85,1093660
2019-06-10,38.15,38.15,38.4,37.5,37.6,989399
2019-06-11,39.0,39.0,39.3,38.5,38.85,3111912
2019-06-12,39.45,39.45,39.85,38.8,39.2,1907540
2019-06-13,39.7,39.7,40.35,39.55,39.8,2460701
2019-06-14,40.45,40.45,40.5,39.85,40.4,2087744
2019-06-17,41.05,41.05,41.2,40.35,40.75,2696919
2019-06-18,41.0,41.0,41.2,40.55,41.05,1577052
2019-06-19,42.2,42.2,42.3,41.25,41.4,3672409
2019-06-20,42.4,42.4,42.6,41.85,42.2,2104388
2019-06-21,41.5,41.5,43.2,41.5,42.6,2348001
2019-06-24,42.4,42.4,42.5,41.4,41.5,1234071
2019-06-25,41.8,41.8,42.8,41.45,42.5,1150667
2019-06-26,42.0,42.0,42.3,41.7,41.8,732639
2019-06-27,42.9,42.9,42.95,42.1,42.2,1575102
2019-06-28,43.2,43.2,43.35,42.6,42.9,2727659
2019-07-01,41.3,41.3,41.85,40.65,41.4,4101790
2019-07-02,41.3,41.3,42.5,41.1,41.3,2432069
2019-07-03,40.8,40.8,41.7,40.8,41.7,1609877
2019-07-04,40.8,40.8,41.35,40.8,41.1,1527780
2019-07-05,41.3,41.3,41.3,40.75,41.0,741581
2019-07-08,40.5,40.5,41.55,40.5,41.25,1337411
2019-07-09,40.0,40.0,40.65,39.8,40.5,1142146
2019-07-10,42.1,42.1,42.35,40.1,40.1,3192824
2019-07-11,42.0,42.0,42.45,41.6,42.35,1388830
2019-07-12,41.9,41.9,42.7,41.9,42.4,1041260
2019-07-15,42.15,42.15,42.3,41.65,41.95,763250
2019-07-16,42.45,42.45,43.2,42.15,42.35,2412608
2019-07-17,42.3,42.3,42.75,42.2,42.5,775700
2019-07-18,43.15,43.15,43.85,43.0,43.0,4018328
2019-07-19,44.75,44.75,44.8,43.7,44.0,5860482
2019-07-22,44.75,44.75,45.15,44.3,44.75,2573978
2019-07-23,46.9,46.9,47.1,44.55,44.9,6529027
2019-07-24,46.45,46.45,47.75,45.9,47.0,4232720
2019-07-25,47.1,47.1,47.45,46.3,46.55,2902653
2019-07-26,46.95,46.95,47.65,46.75,47.3,2575743
2019-07-29,45.55,45.55,47.1,45.1,46.95,3643970
2019-07-30,46.75,46.75,47.8,46.1,46.1,6909193
2019-07-31,48.5,48.5,49.2,47.45,47.55,17773702
2019-08-01,44.9,44.9,47.25,44.8,46.2,15129453
2019-08-02,42.15,42.15,43.5,41.65,43.5,7103775
2019-08-05,41.15,41.15,42.35,40.95,42.35,4165945
2019-08-06,41.05,41.05,41.2,39.15,39.55,3369102
2019-08-07,41.35,41.35,42.1,41.05,42.0,2462300
2019-08-08,41.3,41.3,41.95,41.15,41.15,2480559
2019-08-12,42.35,42.35,42.7,41.0,41.5,2835991
2019-08-13,42.6,42.6,42.8,42.1,42.15,1953145
2019-08-14,42.75,42.75,43.6,42.65,43.3,2337646
2019-08-15,41.7,41.7,42.35,41.45,42.0,1894009
2019-08-16,41.9,41.9,42.25,41.8,42.0,1148466
2019-08-19,42.5,42.5,42.85,42.0,42.1,2386307
2019-08-20,42.05,42.05,42.75,41.75,42.5,3158828
2019-08-21,43.0,43.0,43.2,41.8,41.9,1942476
2019-08-22,43.45,43.45,44.3,43.2,43.2,3631990
2019-08-23,43.05,43.05,43.75,43.0,43.55,1373194
2019-08-26,42.9,42.9,43.2,41.8,42.0,2139585
2019-08-27,42.65,42.65,43.5,42.65,43.15,1638675
2019-08-28,42.35,42.35,43.15,42.3,42.65,948503
2019-08-29,43.6,43.6,43.6,42.4,42.45,1668901
2019-08-30,43.6,43.6,44.6,43.4,44.3,2017761
2019-09-02,44.95,44.95,44.95,43.6,43.9,2076763
2019-09-03,44.3,44.3,45.2,44.1,45.2,1677872
2019-09-04,44.3,44.3,44.7,44.15,44.3,988802
2019-09-05,45.1,45.1,45.2,44.4,44.7,2773598
2019-09-06,43.85,43.85,44.9,43.3,44.9,3089101
2019-09-09,43.1,43.1,43.95,42.95,43.9,1388554
2019-09-10,43.5,43.5,43.65,43.1,43.1,558479
2019-09-11,43.45,43.45,43.9,43.35,43.8,646357
2019-09-12,45.55,45.55,45.55,43.5,43.5,4007345
2019-09-16,45.3,45.3,45.55,44.7,45.55,1636914
2019-09-17,44.7,44.7,45.7,44.7,45.3,1219923
2019-09-18,44.25,44.25,45.0,44.2,45.0,875775
2019-09-19,44.3,44.3,44.55,44.1,44.3,568759
2019-09-20,43.7,43.7,44.65,43.7,44.45,1316341
2019-09-23,44.85,44.85,45.2,43.5,43.65,1935920
2019-09-24,44.05,44.05,45.8,44.05,45.1,4485520
2019-09-25,43.8,43.8,44.0,43.55,43.9,704271
2019-09-26,44.0,44.0,44.4,43.6,43.8,899415
2019-09-27,42.55,42.55,44.2,42.2,44.2,1957293
2019-10-01,42.85,42.85,43.35,42.8,42.95,796201
2019-10-02,43.35,43.35,43.55,42.7,42.75,965051
2019-10-03,43.6,43.6,43.6,42.8,42.85,622050
2019-10-04,43.7,43.7,44.05,43.45,43.85,846366
2019-10-07,42.9,42.9,43.8,42.65,43.8,1209922
2019-10-08,41.2,41.2,42.45,40.55,42.45,4930934
2019-10-09,41.45,41.45,41.6,40.25,40.6,1664590
2019-10-14,41.1,41.1,42.15,41.1,42.15,1118860
2019-10-15,41.35,41.35,41.6,41.1,41.5,658148
2019-10-16,41.45,41.45,41.8,41.25,41.35,764744
2019-10-17,41.55,41.55,41.8,41.35,41.65,853881
2019-10-18,42.2,42.2,42.2,41.8,42.0,1407639
2019-10-21,42.05,42.05,42.5,41.85,42.5,415349
2019-10-22,42.3,42.3,42.6,42.1,42.3,793001
2019-10-23,42.4,42.4,43.2,42.3,42.4,1011000
2019-10-24,43.15,43.15,43.15,42.6,42.75,1023226
2019-10-25,42.9,42.9,43.15,42.75,43.15,865153
2019-10-28,43.5,43.5,44.1,43.5,43.55,1719983
2019-10-29,43.25,43.25,44.1,43.1,43.6,1432253
2019-10-30,43.25,43.25,43.6,43.2,43.3,418706
2019-10-31,42.9,42.9,43.75,42.75,43.55,721676
2019-11-01,44.2,44.2,44.25,42.9,43.05,1864228
2019-11-04,44.2,44.2,44.5,43.75,44.4,1025744
2019-11-05,43.75,43.75,44.3,43.7,44.2,539431
2019-11-06,43.3,43.3,43.5,42.7,43.2,1514315
2019-11-07,43.55,43.55,44.1,43.1,43.3,694460
2019-11-08,43.95,43.95,44.15,43.4,43.6,914430
2019-11-11,43.2,43.2,43.95,42.85,43.95,840001
2019-11-12,44.1,44.1,44.1,43.2,43.25,934047
2019-11-13,43.95,43.95,44.45,43.7,44.25,647520
2019-11-14,43.75,43.75,44.65,43.4,44.25,1406209
2019-11-20,43.0,43.0,44.0,42.9,43.65,1537988
2019-11-21,42.9,42.9,43.3,42.4,42.5,1036397
2019-11-22,42.4,42.4,43.05,42.2,43.0,1283060
2019-11-25,42.2,42.2,42.7,42.05,42.45,1090742
2019-11-26,42.3,42.3,42.5,42.05,42.5,825047
2019-11-27,42.9,42.9,43.1,42.4,42.4,899993
2019-11-28,45.35,45.35,45.6,43.0,43.05,6948848
2019-11-29,44.85,44.85,47.2,44.65,45.35,8050033
2019-12-02,45.75,45.75,45.95,43.6,45.1,2546076
2019-12-03,45.65,45.65,46.05,45.15,45.4,2311211
2019-12-04,45.3,45.3,45.95,45.3,45.65,1172558
2019-12-05,46.4,46.4,46.4,45.1,45.35,3582300
2019-12-06,45.55,45.55,46.4,45.3,46.4,2219617
2019-12-09,45.05,45.05,45.95,45.0,45.7,1437149
2019-12-10,45.5,45.5,46.4,45.3,45.3,3006122
2019-12-11,46.95,46.95,47.3,45.55,45.55,5001719
2019-12-12,46.55,46.55,47.45,46.2,47.1,3035283
2019-12-13,46.0,46.0,46.75,45.55,46.5,1678090
2019-12-16,46.35,46.35,47.1,46.3,46.4,1593764
2019-12-17,45.95,45.95,46.95,45.9,46.4,1343331
2019-12-18,46.0,46.0,46.35,45.65,46.25,735861
2019-12-19,45.55,45.55,46.05,45.4,46.05,774042
2019-12-20,45.8,45.8,46.2,45.4,45.65,727081
2019-12-23,45.65,45.65,46.25,45.55,46.05,501631
2019-12-24,46.95,46.95,47.25,45.75,45.75,3500560
2019-12-25,46.7,46.7,47.65,46.45,47.45,2879656
2019-12-26,47.0,47.0,49.05,46.9,47.2,6845245
2019-12-27,48.0,48.0,48.0,46.7,46.7,3937265
2019-12-30,47.7,47.7,48.25,46.85,47.7,4190207
2019-12-31,48.0,48.0,48.4,47.35,47.55,2692799
2020-01-02,50.7,50.7,50.8,48.3,48.5,7355176
2020-01-03,51.4,51.4,52.3,49.7,50.7,8542424
2020-01-06,50.5,50.5,53.2,49.85,52.5,8556184
2020-01-07,50.8,50.8,51.1,48.8,50.5,5756285
2020-01-08,51.2,51.2,51.3,49.3,50.0,4817190
2020-01-09,51.6,51.6,52.0,50.5,51.5,4876593
2020-01-10,52.0,52.0,52.3,51.0,51.8,3365074
2020-01-13,51.8,51.8,53.4,51.4,52.5,2972853
2020-01-14,52.2,52.2,52.7,51.2,52.2,2820672
2020-01-15,50.6,50.6,52.7,50.5,51.8,3307427
2020-01-16,50.4,50.4,50.8,50.0,50.6,1633856
2020-01-17,50.0,50.0,50.8,49.75,50.4,3246896
2020-01-20,51.0,51.0,51.2,50.1,50.2,2239472
2020-01-30,45.9,45.9,48.25,45.9,47.4,4915182
2020-01-31,44.9,44.9,47.0,44.05,46.5,3358663
2020-02-03,42.5,42.5,43.5,40.45,43.0,4053179
2020-02-04,42.9,42.9,43.6,42.2,43.4,3358053
2020-02-05,42.7,42.7,43.35,42.2,43.2,3474249
2020-02-06,43.15,43.15,43.35,42.55,43.1,2717385
2020-02-07,42.5,42.5,43.0,42.3,42.85,2418397
2020-02-10,41.7,41.7,41.9,40.85,41.9,3108735
2020-02-11,43.1,43.1,43.15,41.95,41.95,1822715
2020-02-12,44.1,44.1,44.2,43.3,43.3,4420631
2020-02-13,43.55,43.55,44.3,43.25,44.2,2759045
2020-02-14,45.2,45.2,45.9,43.6,43.6,4556741
2020-02-17,45.6,45.6,46.6,45.6,46.3,7402875
2020-02-18,45.65,45.65,46.7,45.5,45.55,4864761
2020-02-19,45.95,45.95,46.25,45.55,46.2,1478723
2020-02-20,47.3,47.3,47.55,46.0,46.0,5707455
2020-02-21,47.0,47.0,47.5,46.65,47.05,3319037
2020-02-24,46.9,46.9,47.3,46.1,46.3,1695451
2020-02-25,47.1,47.1,47.3,46.3,46.5,1873308
2020-02-26,47.3,47.3,48.15,46.75,46.8,2413310
2020-02-27,47.0,47.0,48.8,46.6,47.6,6175733
2020-03-02,48.15,48.15,48.65,46.5,46.5,5545460
2020-03-03,51.3,51.3,51.3,48.9,50.0,7648628
2020-03-04,51.8,51.8,52.1,49.95,51.7,6402524
2020-03-05,51.4,51.4,52.6,51.3,52.6,4150352
2020-03-06,52.2,52.2,52.2,50.9,50.9,3384729
2020-03-09,49.25,49.25,52.2,49.25,52.2,4513524
2020-03-10,51.4,51.4,51.5,48.5,48.5,4390158
2020-03-11,49.8,49.8,51.6,49.3,51.5,3359192
2020-03-12,46.9,46.9,49.0,45.7,49.0,5239965
2020-03-13,44.3,44.3,44.85,42.25,43.3,6030089
2020-03-16,42.4,42.4,45.45,41.75,44.4,3528912
2020-03-17,41.0,41.0,42.4,40.2,40.3,3418843
2020-03-18,39.55,39.55,41.85,39.5,41.4,3668344
2020-03-19,35.6,35.6,39.85,35.6,39.1,5227021
2020-03-20,38.5,38.5,39.05,36.8,38.0,3209280
2020-03-23,37.7,37.7,38.15,35.5,35.7,1529570
2020-03-24,40.6,40.6,40.95,39.3,39.3,2090888
2020-03-25,42.15,42.15,43.3,41.45,41.5,3610222
2020-03-26,42.45,42.45,42.9,40.9,42.4,1739362
2020-03-27,41.55,41.55,43.7,41.5,43.35,2004740
2020-03-30,42.2,42.2,42.35,40.0,40.0,1235325
2020-03-31,41.9,41.9,43.0,41.8,42.5,988115
2020-04-01,42.0,42.0,42.3,41.5,41.85,816556
2020-04-07,45.55,45.55,45.75,43.55,43.8,3988204
2020-04-08,46.05,46.05,46.85,45.25,45.45,3464050
2020-04-09,45.3,45.3,46.4,45.05,46.0,1348050
2020-04-10,45.05,45.05,45.45,44.55,45.2,693250
2020-04-13,44.65,44.65,45.15,44.35,44.7,1042236
2020-04-14,45.6,45.6,45.85,44.7,45.0,1250432
2020-04-15,45.3,45.3,46.4,45.0,45.9,1923521
2020-04-16,45.05,45.05,45.3,44.65,44.65,1378266
2020-04-17,45.9,45.9,46.7,45.15,45.7,4256416
2020-04-20,47.6,47.6,47.7,45.25,46.15,7608403
2020-04-21,45.1,45.1,47.3,44.75,47.0,4492359
2020-04-22,45.3,45.3,45.6,44.2,44.25,1896200
2020-04-23,45.3,45.3,46.1,45.25,45.8,1673106
2020-04-24,45.0,45.0,45.65,44.9,45.5,1061107
2020-04-27,46.05,46.05,46.45,45.2,45.45,1901021
2020-04-28,45.9,45.9,46.7,45.55,46.2,1415701
2020-04-29,46.7,46.7,47.2,46.15,46.6,2694691
2020-05-04,46.45,46.45,46.85,45.6,45.8,1255682
2020-05-05,47.05,47.05,48.15,46.75,47.1,2728424
2020-05-06,47.1,47.1,47.8,46.9,47.5,1502094
2020-05-07,48.05,48.05,49.25,47.8,47.8,3749928
2020-05-08,48.9,48.9,49.45,48.25,48.75,2711759
2020-05-11,49.4,49.4,50.9,49.15,50.3,3765003
2020-05-12,48.5,48.5,49.8,48.45,49.3,2351705
2020-05-13,49.7,49.7,49.8,48.2,48.75,2209582
2020-05-14,48.05,48.05,49.75,47.95,49.4,2189131
2020-05-15,47.55,47.55,49.2,47.45,48.8,1584928
2020-05-18,46.45,46.45,48.0,46.35,48.0,1448560
2020-05-19,46.7,46.7,47.4,46.65,47.4,1023800
2020-05-20,46.75,46.75,47.1,46.2,46.9,924667
2020-05-21,47.15,47.15,47.8,46.9,47.5,1315152
2020-05-22,46.1,46.1,47.15,46.05,47.15,1467728
2020-05-25,46.55,46.55,46.75,45.35,46.5,1106696
2020-05-26,46.95,46.95,47.4,46.7,46.95,1180762
2020-05-27,47.75,47.75,48.35,46.8,47.05,2021878
2020-05-28,46.9,46.9,48.25,46.8,48.05,1392081
2020-05-29,47.0,47.0,47.55,46.65,47.0,854940
2020-06-01,47.45,47.45,47.8,47.0,47.0,1081385
2020-06-02,47.25,47.25,47.8,47.05,47.75,1448420
2020-06-03,47.4,47.4,47.9,47.05,47.6,1393589
2020-06-04,47.55,47.55,47.9,47.3,47.7,1037502
2020-06-05,48.55,48.55,49.05,47.85,48.1,3691538
2020-06-08,46.8,46.8,47.8,46.25,47.8,3971368
2020-06-09,46.5,46.5,47.1,46.45,46.75,1778926
2020-06-10,47.0,47.0,47.1,46.25,46.5,1476752
2020-06-11,46.45,46.45,47.15,46.3,47.15,1268801
2020-06-12,45.9,45.9,46.1,44.7,45.0,1298836
2020-06-15,46.0,46.0,46.1,45.5,45.85,951061
2020-06-16,46.7,46.7,46.9,46.3,46.5,604476
2020-06-17,46.6,46.6,47.15,46.5,46.9,689080
2020-06-18,47.8,47.8,47.9,46.6,46.6,2221052
2020-06-19,47.15,47.15,47.9,47.15,47.9,1853230
2020-06-22,48.0,48.0,48.3,47.15,47.15,1501800
2020-06-23,48.0,48.0,48.5,47.95,48.4,1614093
2020-06-24,48.1,48.1,48.2,47.55,48.0,1138002
2020-06-29,48.1,48.1,48.55,47.1,47.8,1617454
2020-06-30,49.0,49.0,49.15,48.3,48.35,2268547
2020-07-01,48.9,48.9,49.7,48.7,49.1,1980926
2020-07-02,49.75,49.75,49.9,49.1,49.4,2195898
2020-07-03,50.6,50.6,50.8,49.75,49.75,5303278
2020-07-06,49.65,49.65,49.7,48.1,49.0,4743056
2020-07-07,49.0,49.0,51.4,48.9,50.9,3943795
2020-07-08,53.3,53.3,53.9,49.5,49.5,10784146
2020-07-09,53.7,53.7,54.3,52.2,53.3,6139703
2020-07-10,53.9,53.9,55.6,51.4,54.9,7249419
2020-07-13,55.7,55.7,56.5,54.2,55.1,7679650
2020-07-14,55.3,55.3,56.5,54.5,55.9,5048120
2020-07-15,53.0,53.0,55.9,52.5,55.2,4211587
2020-07-16,53.5,53.5,53.9,52.1,53.8,2994532
2020-07-17,50.6,50.6,54.3,50.6,54.2,4108909
2020-07-20,53.5,53.5,54.2,50.5,51.0,6628116
2020-07-21,56.5,56.5,57.2,54.7,55.0,12043948
2020-07-22,56.3,56.3,57.6,55.9,57.1,6450124
2020-07-23,55.4,55.4,56.3,54.4,56.3,3706722
2020-07-24,52.7,52.7,55.4,52.5,55.0,4409582
2020-07-27,52.5,52.5,54.0,52.0,54.0,2099100
2020-07-28,51.1,51.1,53.2,50.2,53.0,3115555
2020-07-29,51.4,51.4,51.9,50.7,51.0,1358409
2020-07-30,50.7,50.7,52.2,50.6,51.7,1756125
2020-07-31,51.3,51.3,52.2,50.1,50.8,1891902
2020-08-03,50.1,50.1,52.2,49.95,51.9,3220557
2020-08-04,51.2,51.2,51.3,50.2,50.7,1739400
2020-08-05,51.5,51.5,52.0,51.2,51.3,2012123
2020-08-06,53.7,53.7,54.6,51.4,52.4,8393664
2020-08-07,51.6,51.6,53.4,50.9,53.3,5350210
2020-08-10,51.9,51.9,52.4,50.9,51.1,3730712
2020-08-11,51.5,51.5,52.4,50.8,51.6,3657833
2020-08-12,53.5,53.5,53.8,50.6,51.2,4747144
2020-08-13,54.3,54.3,54.5,52.7,53.1,5129053
2020-08-14,54.7,54.7,54.9,53.2,54.2,2892662
2020-08-17,57.0,57.0,57.5,54.6,55.2,8649940
2020-08-18,56.7,56.7,57.1,54.6,56.5,6166259
2020-08-19,53.9,53.9,57.4,53.9,56.1,4071697
2020-08-20,50.5,50.5,54.3,49.2,53.7,4994251
2020-08-21,52.0,52.0,52.6,51.0,51.5,1596425
2020-08-24,52.2,52.2,52.5,51.1,52.0,1174742
2020-08-25,52.1,52.1,53.0,52.0,52.3,873973
2020-08-26,53.4,53.4,54.0,52.2,52.4,1864842
2020-08-27,51.9,51.9,53.5,51.9,53.4,1685062
2020-08-28,52.1,52.1,52.4,51.3,51.9,705794
2020-08-31,51.6,51.6,52.5,51.2,52.5,1016406
2020-09-01,51.4,51.4,51.7,50.7,51.7,897022
2020-09-02,51.8,51.8,52.5,51.6,51.7,873686
2020-09-03,52.0,52.0,52.8,51.5,51.6,1480968
2020-09-04,51.4,51.4,51.7,50.4,50.6,1053283
2020-09-07,50.2,50.2,51.4,50.0,51.4,1771206
2020-09-08,50.9,50.9,51.2,50.5,51.0,644523
2020-09-09,51.9,51.9,52.0,50.3,50.9,870736
2020-09-10,51.2,51.2,52.4,51.1,52.2,722203
2020-09-11,50.5,50.5,51.4,50.4,51.4,705200
2020-09-14,51.3,51.3,51.3,50.7,51.2,420605
2020-09-15,51.8,51.8,51.8,51.3,51.4,623847
2020-09-16,51.3,51.3,52.6,51.3,52.0,895329
2020-09-17,52.2,52.2,52.4,51.4,51.4,1259451
2020-09-18,51.8,51.8,52.5,51.8,52.5,458129
2020-09-21,51.9,51.9,52.4,51.7,52.3,773296
2020-09-22,50.1,50.1,51.8,49.95,51.8,2521436
2020-09-23,50.1,50.1,50.4,49.7,50.2,1200690
2020-09-24,49.25,49.25,50.0,49.0,49.8,1133551
2020-09-25,48.35,48.35,49.9,47.8,49.55,1627101
2020-09-28,49.0,49.0,49.65,48.6,49.05,563273
2020-09-29,48.35,48.35,49.85,48.25,49.6,921152
2020-09-30,49.0,49.0,49.0,48.15,48.8,554204
2020-10-05,49.2,49.2,49.5,48.8,49.0,456398
2020-10-06,50.5,50.5,51.4,50.5,50.6,1369402
2020-10-07,50.8,50.8,51.4,50.2,50.5,486567
2020-10-08,51.0,51.0,51.4,50.7,51.4,560297
2020-10-12,50.9,50.9,51.6,50.6,51.6,477006
2020-10-13,50.7,50.7,51.1,50.5,51.0,364747
2020-10-14,50.1,50.1,51.0,49.5,50.8,867034
2020-10-15,50.4,50.4,51.0,50.1,50.1,435933
2020-10-16,49.75,49.75,50.3,49.7,50.2,618585
2020-10-19,50.5,50.5,51.0,49.65,49.65,662295
2020-10-20,50.4,50.4,50.9,50.0,50.0,433734
2020-10-21,50.4,50.4,51.1,50.3,50.8,694153
2020-10-22,50.1,50.1,50.7,49.7,50.2,1318635
2020-10-23,50.7,50.7,50.7,49.9,50.1,411205
2020-10-26,50.5,50.5,51.0,50.3,50.7,268921
2020-10-27,50.4,50.4,50.7,50.1,50.1,292429
2020-10-28,49.6,49.6,50.6,49.5,50.4,648794
2020-10-29,49.4,49.4,49.45,48.5,49.2,598562
2020-10-30,50.1,50.1,51.6,50.1,50.3,2478640
2020-11-02,51.5,51.5,51.5,50.5,51.0,2018582
2020-11-03,52.7,52.7,52.8,51.5,52.0,2840719
2020-11-04,53.4,53.4,53.5,52.2,53.0,2455319
2020-11-05,54.1,54.1,54.5,52.8,53.5,2298777
2020-11-06,54.1,54.1,54.4,53.5,53.6,1605428
2020-11-09,54.0,54.0,54.9,53.7,54.8,1208373
2020-11-10,54.1,54.1,54.9,53.6,54.6,1558265
2020-11-11,55.3,55.3,55.7,53.8,54.1,3066390
2020-11-12,55.0,55.0,56.3,54.1,55.5,3612305
2020-11-13,54.9,54.9,55.3,54.0,55.0,2514522
2020-11-16,56.4,56.4,57.0,55.3,55.8,5008700
2020-11-17,55.9,55.9,56.7,55.7,56.3,1857440
2020-11-18,55.5,55.5,56.5,55.1,56.2,2333447
2020-11-19,56.0,56.0,56.7,55.3,55.7,2110919
2020-11-20,56.5,56.5,57.0,56.0,56.5,1940686
2020-11-23,56.8,56.8,57.0,56.2,56.9,1453947
2020-11-24,55.2,55.2,57.9,55.1,57.2,4794429
2020-11-25,55.9,55.9,56.8,55.3,55.8,2871359
2020-11-26,57.9,57.9,58.0,56.3,56.5,3036527
2020-11-27,56.3,56.3,58.0,56.0,58.0,3695383
2020-11-30,55.3,55.3,56.3,55.2,56.3,1701917
2020-12-01,55.8,55.8,56.0,54.4,55.3,1874017
2020-12-02,55.5,55.5,56.1,55.2,56.0,1172735
2020-12-04,55.3,55.3,56.2,55.3,55.6,1140663
2020-12-07,54.8,54.8,55.5,54.3,55.5,1520010
2020-12-08,54.7,54.7,55.4,54.3,54.5,635109
2020-12-09,56.0,56.0,56.0,54.7,54.7,1623607
2020-12-10,55.2,55.2,55.5,54.8,55.4,1213303
2020-12-11,54.2,54.2,55.7,53.4,55.3,1250179
2020-12-14,54.6,54.6,55.9,53.9,54.1,775457
2020-12-15,54.3,54.3,54.9,54.1,54.6,752552
2020-12-16,54.7,54.7,55.4,54.3,54.3,855934
2020-12-17,55.0,55.0,55.1,54.3,54.6,500807
2020-12-18,54.8,54.8,55.3,54.4,54.8,648336
2020-12-21,53.7,53.7,54.6,53.1,54.6,1120720
2020-12-22,53.3,53.3,54.5,53.1,54.2,753727
2020-12-23,53.8,53.8,54.1,53.4,53.4,541410
2020-12-24,54.7,54.7,56.1,54.2,54.4,2673218
2020-12-25,54.9,54.9,55.7,54.6,55.1,1390486
2020-12-28,54.9,54.9,55.2,54.5,55.0,625808
2020-12-29,54.3,54.3,54.9,54.2,54.9,729215
2020-12-30,54.3,54.3,54.6,54.1,54.2,372748
2020-12-31,54.6,54.6,54.9,54.3,54.3,416904
2021-01-04,54.8,54.8,55.3,54.5,54.6,590895
2021-01-05,54.5,54.5,54.7,53.8,54.7,975662
2021-01-06,55.1,55.1,56.1,54.2,54.8,2169961
2021-01-07,55.6,55.6,56.5,55.3,55.4,2279024
2021-01-08,55.2,55.2,56.0,55.0,55.6,910219
2021-01-11,55.3,55.3,55.8,54.9,55.2,678902
2021-01-12,53.8,53.8,55.8,53.7,55.3,1043528
2021-01-13,53.8,53.8,54.3,53.6,53.9,740017
2021-01-14,54.6,54.6,54.8,53.8,53.8,802927
2021-01-15,54.1,54.1,56.6,53.8,55.0,3069299
2021-01-18,53.2,53.2,54.1,51.6,54.1,1465522
2021-01-19,53.7,53.7,53.7,53.2,53.3,547162
2021-01-20,51.8,51.8,53.7,51.8,53.6,1246086
2021-01-21,51.6,51.6,52.5,51.6,52.3,582382
2021-01-22,53.1,53.1,53.5,51.6,52.5,1279357
2021-01-25,53.2,53.2,53.3,52.1,53.1,367669
2021-01-26,53.1,53.1,54.0,52.8,53.2,469820
2021-01-27,55.1,55.1,55.3,53.3,53.3,1381406
2021-01-28,53.9,53.9,55.0,53.3,54.4,770253
2021-01-29,51.8,51.8,54.1,51.8,54.0,970004
2021-02-01,51.0,51.0,52.0,50.7,52.0,836680
2021-02-02,51.5,51.5,51.6,50.9,51.1,777917
2021-02-03,51.4,51.4,51.7,51.0,51.7,592292
2021-02-04,52.0,52.0,52.5,51.1,51.4,663901
2021-02-05,51.8,51.8,52.2,51.5,51.8,608361
2021-02-17,52.5,52.5,53.2,52.1,52.8,1003500
2021-02-18,53.0,53.0,53.0,52.1,52.1,542740
2021-02-19,52.6,52.6,53.3,52.0,53.0,1291602
2021-02-22,52.9,52.9,53.2,52.5,52.7,1253147
2021-02-23,52.9,52.9,53.0,52.1,53.0,1092330
2021-02-24,53.3,53.3,53.5,52.6,52.6,1134754
2021-02-25,52.9,52.9,54.3,52.8,54.1,2949619
2021-02-26,52.1,52.1,52.6,51.8,52.2,1858776
2021-03-02,51.8,51.8,52.5,51.6,52.4,1948644
2021-03-03,52.5,52.5,52.6,51.7,52.1,1120097
2021-03-04,52.5,52.5,52.9,51.8,52.5,1486975
2021-03-05,51.5,51.5,52.2,50.8,52.0,3038625
2021-03-08,51.0,51.0,52.2,50.8,52.2,3302277
2021-03-09,50.4,50.4,51.3,49.75,51.0,2700949
2021-03-10,50.3,50.3,51.0,50.0,50.7,1973393
2021-03-11,51.0,51.0,51.4,50.1,50.7,2740518
2021-03-12,52.4,52.4,52.7,51.1,51.2,2303110
2021-03-15,52.3,52.3,52.7,51.9,52.4,1093180
2021-03-16,52.3,52.3,52.5,51.8,52.5,1302200
2021-03-17,52.4,52.4,52.9,52.2,52.3,985171
2021-03-18,52.6,52.6,53.0,52.4,52.9,857380
2021-03-19,52.0,52.0,52.3,51.6,52.3,1468291
2021-03-22,52.2,52.2,52.2,51.5,52.0,738547
2021-03-23,52.6,52.6,52.8,52.2,52.2,1161938
2021-03-24,52.2,52.2,53.0,52.2,53.0,870439
2021-03-25,52.0,52.0,52.4,51.8,52.3,606541
2021-03-26,52.2,52.2,52.3,51.9,52.0,472461
2021-03-29,52.0,52.0,52.7,51.9,52.3,1293352
2021-03-30,51.9,51.9,52.3,51.8,52.3,1297773
2021-03-31,53.2,53.2,53.6,51.9,52.0,2716267
2021-04-01,53.2,53.2,53.9,53.0,53.9,1377228
2021-04-06,52.8,52.8,53.5,52.7,53.4,1317966
2021-04-07,53.6,53.6,54.0,52.9,52.9,2103980
2021-04-08,54.9,54.9,55.7,53.5,53.9,3714634
2021-04-09,54.5,54.5,55.5,54.3,55.0,2172519
2021-04-12,53.7,53.7,54.8,53.5,54.6,1577673
2021-04-13,52.7,52.7,54.1,52.7,54.0,1481575
2021-04-14,52.3,52.3,53.1,51.5,52.7,1779207
2021-04-15,52.5,52.5,52.7,52.0,52.1,510375
2021-04-16,53.0,53.0,53.0,52.5,52.5,691848
2021-04-19,53.3,53.3,53.8,52.7,53.0,1038016
2021-04-20,54.5,54.5,55.4,53.6,53.6,2712777
2021-04-21,55.2,55.2,56.0,54.6,54.9,2721226
2021-04-22,53.6,53.6,56.2,53.6,56.0,2368643
2021-04-23,54.9,54.9,55.4,53.6,54.0,1773110
2021-04-26,55.8,55.8,56.7,55.3,55.8,4294205
2021-04-27,57.0,57.0,57.5,55.3,55.9,3298293
2021-04-28,57.3,57.3,57.5,56.2,57.3,2513110
2021-04-29,58.0,58.0,59.4,57.1,57.8,6078898
2021-05-03,53.2,53.2,58.0,53.2,58.0,4630530
2021-05-04,51.5,51.5,53.9,50.5,53.3,3658509
2021-05-05,50.7,50.7,51.8,50.7,51.3,2650642
2021-05-06,50.4,50.4,51.3,50.0,50.7,2708208
2021-05-07,51.0,51.0,51.4,50.6,50.9,1667899
2021-05-10,50.1,50.1,51.4,50.0,51.4,2423676
2021-05-11,48.15,48.15,50.0,47.85,49.95,3171283
2021-05-12,45.75,45.75,48.3,44.1,48.2,3164070
2021-05-13,44.85,44.85,46.75,44.2,45.4,4263880
2021-05-14,46.25,46.25,47.45,45.5,46.45,1625183
2021-05-17,43.8,43.8,46.0,43.2,43.5,2277738
2021-05-18,46.45,46.45,46.9,44.2,44.5,1053371
2021-05-19,45.5,45.5,46.65,45.05,46.1,1590017
2021-05-20,45.2,45.2,46.15,45.0,45.6,1101712
2021-05-21,45.85,45.85,46.2,45.4,46.1,414086
2021-05-24,45.75,45.75,46.15,45.15,45.5,473547
2021-05-25,46.75,46.75,47.45,46.05,46.1,1318999
2021-05-26,46.85,46.85,47.0,46.45,47.0,301524
2021-05-27,47.1,47.1,47.2,46.15,46.95,757012
2021-05-28,47.5,47.5,47.7,47.2,47.2,853138
2021-05-31,48.7,48.7,48.95,47.6,47.6,1153964
2021-06-01,49.25,49.25,49.6,48.6,48.7,959011
2021-06-02,48.5,48.5,49.45,48.2,49.25,788194
2021-06-03,48.15,48.15,48.8,48.05,48.55,785795
2021-06-04,47.7,47.7,48.05,47.55,48.05,728069
2021-06-07,47.45,47.45,47.8,46.85,47.65,635379
2021-06-08,48.3,48.3,48.4,47.7,47.7,584286
2021-06-09,47.9,47.9,48.4,47.8,48.3,656765
2021-06-10,49.0,49.0,49.15,48.1,48.1,888160
2021-06-11,49.95,49.95,50.1,49.0,49.15,1435193
2021-06-15,50.3,50.3,50.8,49.95,50.1,1081041
2021-06-16,49.5,49.5,50.8,49.5,50.6,1074893
2021-06-17,51.1,51.1,51.6,49.9,49.95,1844075
2021-06-18,50.7,50.7,51.3,50.6,50.6,931955
2021-06-21,49.9,49.9,50.5,49.7,50.1,732460
2021-06-22,50.8,50.8,51.5,50.2,51.0,1721386
2021-06-23,52.0,52.0,52.2,50.8,51.0,1914044
2021-06-24,52.4,52.4,53.1,52.0,52.3,2238762
2021-06-25,52.7,52.7,53.1,52.2,52.6,1373025
2021-06-28,53.5,53.5,54.0,52.8,53.0,1691670
2021-06-29,53.8,53.8,54.3,53.0,53.6,1515568
2021-06-30,53.5,53.5,54.1,52.8,54.1,1333946
2021-07-01,53.4,53.4,54.1,52.9,53.3,1568563
2021-07-02,53.6,53.6,54.5,53.3,53.6,1646667
2021-07-05,54.7,54.7,55.2,54.0,54.1,2344251
2021-07-06,55.1,55.1,55.7,54.9,55.3,1771640
2021-07-07,55.1,55.1,55.8,54.6,55.4,1430838
2021-07-08,55.2,55.2,55.5,54.4,55.3,1056822
2021-07-09,55.6,55.6,55.9,54.4,54.6,1510204
2021-07-12,55.7,55.7,56.7,55.6,56.5,1581739
2021-07-13,55.4,55.4,56.9,55.2,56.0,2171104
2021-07-14,58.9,58.9,58.9,55.5,55.9,8459872
2021-07-15,56.4,56.4,60.8,56.3,60.6,13515538
2021-07-16,56.0,56.0,57.2,55.2,55.8,2544763
2021-07-19,55.0,55.0,56.0,55.0,56.0,1991292
2021-07-20,53.6,53.6,54.5,53.4,54.5,2175534
2021-07-21,53.4,53.4,54.5,53.1,54.5,1162930
2021-07-22,54.8,54.8,55.1,53.9,54.0,1329528
2021-07-23,55.5,55.5,55.7,54.9,55.0,984073
2021-07-26,57.9,57.9,58.9,56.0,56.0,5974646
2021-07-27,57.5,57.5,58.5,56.7,58.0,2581072
2021-07-28,57.3,57.3,57.5,54.5,57.5,2309480
2021-07-29,57.5,57.5,58.1,56.5,57.7,2292720
2021-07-30,55.6,55.6,57.4,55.6,56.6,2796563
2021-08-02,55.3,55.3,56.3,55.0,55.8,2031999
2021-08-03,53.9,53.9,55.3,53.6,55.3,3720271
2021-08-04,53.9,53.9,54.7,53.8,54.0,1668564
2021-08-05,54.4,54.4,55.1,54.1,54.1,1278696
2021-08-06,55.0,55.0,55.3,54.5,55.2,1144387
2021-08-09,54.2,54.2,55.5,54.1,55.0,1076366
2021-08-10,53.7,53.7,54.3,53.0,54.2,952186
2021-08-11,53.0,53.0,53.7,52.7,53.5,1027450
2021-08-12,52.8,52.8,53.5,52.4,53.0,2820598
2021-08-13,49.2,49.2,51.0,49.1,51.0,2757433
2021-08-16,49.1,49.1,49.35,47.75,49.2,1400672
2021-08-17,47.95,47.95,50.0,47.5,50.0,1632692
2021-08-18,49.0,49.0,49.5,47.15,47.25,2116364
2021-08-19,47.5,47.5,48.9,47.5,48.9,1048131
2021-08-20,46.45,46.45,48.05,46.4,47.95,1743540
2021-08-23,47.2,47.2,47.45,46.95,47.0,891166
2021-08-24,47.75,47.75,48.0,47.5,47.7,762939
2021-08-25,48.5,48.5,48.55,47.8,48.0,855046
2021-08-26,47.95,47.95,49.25,47.95,49.2,766736
2021-08-27,48.1,48.1,48.7,47.95,48.05,422956
2021-08-30,48.45,48.45,48.6,48.25,48.3,584907
2021-08-31,48.0,48.0,48.7,47.5,48.6,1120717
2021-09-01,49.6,49.6,49.75,48.3,48.4,1238129
2021-09-02,49.0,49.0,49.85,48.7,49.6,882710
2021-09-03,48.8,48.8,49.35,48.5,49.35,615587
2021-09-06,48.2,48.2,48.8,48.15,48.8,522830
2021-09-07,47.4,47.4,48.15,47.4,48.1,701670
2021-09-08,46.7,46.7,48.0,46.7,47.35,816786
2021-09-09,47.2,47.2,47.35,46.6,46.7,243495
2021-09-10,47.35,47.35,47.4,47.15,47.3,220186
2021-09-13,47.2,47.2,47.9,47.05,47.35,326609
2021-09-14,47.85,47.85,47.85,47.0,47.25,363061
2021-09-15,46.8,46.8,47.6,46.8,47.6,984707
2021-09-16,47.0,47.0,47.45,47.0,47.3,383473
2021-09-17,47.65,47.65,47.7,47.0,47.0,415683
2021-09-22,46.4,46.4,47.6,46.35,47.6,830547
2021-09-23,46.8,46.8,47.3,46.65,46.65,265481
2021-09-24,47.05,47.05,47.65,47.0,47.65,300659
2021-09-27,47.1,47.1,47.35,47.0,47.3,283497
2021-09-28,47.0,47.0,47.2,46.6,47.2,278285
2021-09-29,46.2,46.2,46.6,46.05,46.4,725902
2021-09-30,46.25,46.25,46.45,45.55,46.05,503972
2021-10-01,44.95,44.95,46.35,44.65,46.35,1091462
2021-10-04,44.05,44.05,45.5,44.05,45.15,632357
2021-10-05,45.0,45.0,45.1,43.15,43.6,427333
2021-10-06,44.4,44.4,45.2,44.3,45.2,326651
2021-10-07,45.65,45.65,45.65,44.9,45.0,304736
2021-10-08,45.3,45.3,45.65,45.0,45.4,215339
2021-10-12,45.5,45.5,45.7,45.0,45.3,340355
2021-10-13,44.95,44.95,45.8,44.7,45.75,384977
2021-10-14,45.0,45.0,45.4,44.7,45.0,385361
2021-10-15,45.95,45.95,46.0,45.3,45.3,432304
2021-10-18,46.2,46.2,46.5,45.9,46.4,216797
2021-10-19,46.7,46.7,46.75,46.0,46.35,404788
2021-10-20,46.95,46.95,47.0,46.7,46.7,347320
2021-10-21,47.3,47.3,47.8,46.95,47.1,1533019
2021-10-22,46.85,46.85,47.65,46.85,47.65,387768
2021-10-25,47.05,47.05,47.25,46.6,47.2,213238
2021-10-26,47.1,47.1,47.4,47.0,47.05,305280
2021-10-27,47.2,47.2,47.25,46.5,47.0,534371
2021-10-28,47.45,47.45,47.9,47.3,47.3,536385
2021-10-29,47.65,47.65,47.9,47.2,47.9,676057
2021-11-01,47.45,47.45,47.85,47.2,47.7,473775
2021-11-02,46.95,46.95,47.75,46.85,47.75,394776
2021-11-03,47.2,47.2,47.35,47.0,47.2,330227
2021-11-04,48.25,48.25,48.3,47.35,47.35,1011263
2021-11-05,47.2,47.2,48.25,47.2,48.25,688443
2021-11-08,45.2,45.2,46.7,44.85,46.7,1878269
2021-11-09,45.05,45.05,45.2,44.55,45.0,616849
2021-11-10,45.45,45.45,45.5,44.85,45.1,435353
2021-11-11,45.25,45.25,45.5,45.2,45.45,328819
2021-11-12,45.5,45.5,45.55,45.3,45.55,266147
2021-11-15,46.2,46.2,46.25,45.55,45.55,469781
2021-11-16,46.25,46.25,46.6,46.1,46.25,370197
2021-11-17,46.25,46.25,46.25,46.0,46.25,218970
2021-11-18,46.15,46.15,46.6,46.05,46.25,372360
2021-11-19,46.1,46.1,46.45,45.9,46.3,322649
2021-11-22,46.45,46.45,46.5,45.95,46.05,402832
2021-11-23,46.1,46.1,46.45,46.05,46.35,365411
2021-11-24,46.35,46.35,46.35,46.05,46.3,287254
2021-11-25,46.45,46.45,46.8,46.35,46.35,436827
2021-11-26,47.1,47.1,48.1,46.65,46.7,1547744
2021-11-29,46.8,46.8,47.45,46.25,46.85,699109
2021-11-30,47.45,47.45,47.65,47.05,47.25,600350
2021-12-01,47.2,47.2,47.4,47.0,47.4,355432
2021-12-02,46.7,46.7,47.3,46.6,47.25,447424
2021-12-03,47.2,47.2,47.55,47.05,47.05,473399
2021-12-06,46.95,46.95,47.6,46.85,47.3,394237
2021-12-07,46.7,46.7,47.15,46.65,47.1,268289
2021-12-08,46.65,46.65,47.05,46.5,47.0,182333
2021-12-09,46.15,46.15,46.85,45.95,46.8,450410
2021-12-10,46.05,46.05,46.4,46.0,46.4,176814
2021-12-13,47.15,47.15,47.6,46.25,46.3,520069
2021-12-14,46.5,46.5,47.15,46.5,47.15,289365
2021-12-15,46.1,46.1,46.55,46.0,46.5,290881
2021-12-16,46.15,46.15,46.45,46.15,46.15,208009
2021-12-17,45.65,45.65,46.2,45.65,46.15,477372
2021-12-20,45.8,45.8,46.05,45.55,45.9,285641
2021-12-21,46.0,46.0,46.1,45.55,45.85,229667
2021-12-22,46.35,46.35,46.35,45.9,46.2,150459
2021-12-23,46.6,46.6,46.7,46.35,46.35,290305
2021-12-24,47.05,47.05,47.4,46.5,46.65,672493
2021-12-27,47.2,47.2,47.25,46.85,47.1,579573
2021-12-28,47.6,47.6,47.7,47.1,47.1,652653
2021-12-29,47.55,47.55,47.85,47.4,47.7,500178
2021-12-30,47.5,47.5,47.95,47.45,47.6,297524
2022-01-03,47.65,47.65,48.3,47.5,47.5,728751
2022-01-04,47.15,47.15,47.95,47.1,47.8,333469
2022-01-05,46.95,46.95,47.5,46.8,47.15,317722
2022-01-06,47.15,47.15,47.3,46.75,47.05,376964
2022-01-07,47.2,47.2,47.5,46.9,47.5,446207
2022-01-10,47.2,47.2,47.2,46.85,47.2,558345
2022-01-11,46.85,46.85,47.3,46.85,47.3,341523
2022-01-12,46.8,46.8,47.05,46.65,47.0,256621
2022-01-13,46.95,46.95,46.95,46.55,46.8,220275
2022-01-14,46.25,46.25,46.95,46.1,46.95,325746
2022-01-17,47.25,47.25,47.25,46.25,46.4,530847
2022-01-18,47.2,47.2,47.35,47.0,47.35,438774
2022-01-19,47.2,47.2,47.35,46.9,47.05,212059
2022-01-20,47.0,47.0,47.2,46.8,47.2,223685
2022-01-21,46.5,46.5,46.9,46.2,46.9,304834
2022-01-24,46.45,46.45,46.45,45.55,46.4,482967
2022-01-25,46.15,46.15,46.45,45.95,46.45,324355
2022-01-26,45.95,45.95,46.2,45.85,46.15,277689
2022-02-07,46.5,46.5,46.5,45.95,46.4,185742
2022-02-08,46.7,46.7,46.7,46.25,46.5,321546
2022-02-09,46.9,46.9,46.95,46.6,46.7,360885
2022-02-10,46.75,46.75,46.95,46.7,46.75,470017
2022-02-11,46.75,46.75,46.85,46.6,46.6,258550
2022-02-14,46.3,46.3,46.5,45.95,46.5,408891
2022-02-15,45.95,45.95,46.3,45.9,46.2,746914
2022-02-16,46.05,46.05,46.35,45.95,46.2,492486
2022-02-17,46.3,46.3,46.35,46.0,46.15,515441
2022-02-18,46.1,46.1,46.35,46.0,46.35,622630
2022-02-21,47.45,47.45,47.8,46.2,46.4,1874657
2022-02-22,46.1,46.1,47.25,46.0,47.15,1462482
2022-02-23,46.35,46.35,46.35,45.9,46.1,836907
2022-02-24,45.75,45.75,46.45,45.6,46.05,902263
2022-02-25,45.7,45.7,46.0,45.5,45.8,521418
2022-03-01,46.4,46.4,46.45,45.75,45.75,359696
2022-03-02,46.2,46.2,46.5,45.9,46.35,314636
2022-03-03,46.3,46.3,46.45,46.05,46.2,364978
2022-03-04,46.25,46.25,46.25,45.85,45.85,567659
2022-03-07,45.15,45.15,45.75,45.0,45.7,734732
2022-03-08,45.15,45.15,45.2,44.5,45.05,923417
2022-03-09,44.85,44.85,45.15,44.7,45.15,503721
2022-03-10,44.9,44.9,45.45,44.9,45.05,749993
2022-03-11,44.35,44.35,45.05,44.0,44.65,636757
2022-03-14,43.9,43.9,44.35,43.85,44.35,517866
2022-03-15,43.9,43.9,43.95,43.35,43.9,789542
2022-03-16,43.5,43.5,44.4,43.2,44.0,859341
2022-03-17,44.2,44.2,44.5,43.7,43.7,360229
2022-03-18,44.45,44.45,44.6,44.1,44.2,263652
2022-03-21,45.25,45.25,45.25,44.5,44.5,348067
2022-03-22,45.5,45.5,45.5,44.85,45.25,294804
2022-03-23,45.65,45.65,45.9,45.2,45.45,437517
2022-03-24,45.1,45.1,45.5,45.0,45.3,325769
2022-03-25,45.05,45.05,45.3,45.05,45.2,167963
2022-03-28,45.3,45.3,45.35,44.6,44.8,955142
2022-03-29,44.9,44.9,45.4,44.9,45.35,277643
2022-03-30,45.35,45.35,45.5,45.0,45.0,122385
2022-03-31,45.1,45.1,45.35,45.05,45.25,112708
2022-04-01,45.15,45.15,45.2,44.85,45.0,284157
2022-04-06,45.0,45.0,45.45,44.95,45.1,161501
2022-04-07,45.0,45.0,45.2,44.75,45.2,241241
2022-04-08,44.9,44.9,45.15,44.85,45.0,95376
2022-04-11,44.75,44.75,45.1,44.1,45.1,318648
2022-04-12,44.5,44.5,44.9,44.5,44.9,138260
2022-04-13,44.35,44.35,44.65,44.3,44.65,203342
2022-04-14,44.5,44.5,44.65,44.35,44.35,157393
2022-04-15,44.95,44.95,45.15,44.25,44.5,451297
2022-04-18,44.55,44.55,44.95,44.5,44.95,97508
2022-04-19,44.8,44.8,44.8,44.55,44.7,98084
2022-04-20,45.05,45.05,45.45,44.65,44.8,240092
2022-04-21,45.0,45.0,45.3,44.9,45.25,79051
2022-04-22,44.7,44.7,45.0,44.55,45.0,151718
2022-04-25,43.9,43.9,44.5,43.9,44.5,229629
2022-04-26,43.9,43.9,44.1,43.7,44.0,160742
2022-04-27,43.6,43.6,43.75,43.2,43.5,440467
2022-04-28,44.0,44.0,44.35,43.65,44.15,270656
2022-04-29,43.8,43.8,44.45,43.55,44.0,206901
2022-05-03,43.9,43.9,43.9,43.4,43.4,122331
2022-05-04,44.05,44.05,44.2,43.95,44.15,56624
2022-05-05,44.6,44.6,44.7,44.05,44.05,192029
2022-05-06,44.5,44.5,44.5,43.85,44.15,128573
2022-05-09,44.2,44.2,44.45,43.9,44.45,113816
2022-05-10,45.1,45.1,45.1,43.7,44.0,188391
2022-05-11,44.9,44.9,45.0,44.35,45.0,113131
2022-05-12,44.6,44.6,44.95,44.2,44.95,120793
2022-05-13,45.1,45.1,45.1,44.45,44.9,210285
2022-05-16,45.5,45.5,45.75,45.1,45.15,262217
2022-05-17,45.65,45.65,45.8,45.5,45.8,173582
2022-05-18,45.65,45.65,45.8,45.6,45.6,161440
2022-05-19,45.75,45.75,45.8,45.15,45.2,248796
2022-05-20,46.9,46.9,47.45,45.7,45.7,1129910
2022-05-23,47.0,47.0,47.2,46.7,47.2,321334
2022-05-24,46.55,46.55,46.85,46.45,46.7,182220
2022-05-25,47.2,47.2,47.35,46.55,46.55,501844
2022-05-26,46.8,46.8,47.25,46.8,47.2,359993
2022-05-27,46.95,46.95,47.1,46.9,47.05,156619
2022-05-30,47.05,47.05,47.45,46.95,46.95,271951
2022-05-31,47.3,47.3,47.35,47.0,47.1,274614
2022-06-01,47.2,47.2,47.3,46.75,47.3,233114
2022-06-02,46.8,46.8,47.15,46.65,47.05,190482
2022-06-06,46.9,46.9,46.95,46.8,46.8,76305
2022-06-07,46.6,46.6,46.85,46.5,46.8,71488
2022-06-08,46.9,46.9,47.0,46.5,46.5,228542
2022-06-09,46.95,46.95,47.0,46.7,46.7,65204
2022-06-10,46.65,46.65,46.95,46.65,46.8,95523
2022-06-13,45.85,45.85,46.6,45.85,46.6,169401
2022-06-14,45.7,45.7,45.9,45.3,45.9,286999
2022-06-15,46.7,46.7,47.0,45.85,45.85,278143
2022-06-16,45.9,45.9,47.1,45.9,47.0,150995
2022-06-17,45.4,45.4,46.25,45.4,46.25,158907
2022-06-20,44.25,44.25,45.4,44.25,45.4,243643
2022-06-21,45.6,45.6,45.7,44.25,44.25,188742
2022-06-22,44.4,44.4,45.7,44.1,45.4,231508
2022-06-23,44.25,44.25,44.7,43.7,43.9,340988
2022-06-24,44.65,44.65,45.25,44.3,45.25,202634
2022-06-27,45.2,45.2,45.45,44.65,44.65,163622
2022-06-28,44.85,44.85,45.3,44.8,45.0,30764
2022-06-29,45.3,45.3,45.5,44.8,44.85,272703
2022-06-30,44.55,44.55,45.25,44.5,44.9,230440
2022-07-01,43.65,43.65,44.5,43.6,44.4,407547
2022-07-04,43.4,43.4,44.2,43.2,43.65,267249
2022-07-05,43.15,43.15,44.0,42.45,43.4,613224
2022-07-06,41.75,41.75,44.0,41.45,44.0,652987
2022-07-07,41.95,41.95,42.45,40.75,42.45,403546
2022-07-08,41.65,41.65,42.5,41.6,42.35,352344
2022-07-11,42.0,42.0,42.1,40.7,41.85,439414
2022-07-12,41.25,41.25,41.65,41.05,41.65,344055
2022-07-13,41.75,41.75,42.7,41.6,42.7,302691
2022-07-14,42.5,42.5,42.6,40.8,41.5,272381
2022-07-15,43.3,43.3,43.35,42.1,42.5,367409
2022-07-18,43.0,43.0,43.5,43.0,43.5,312968
2022-07-19,43.2,43.2,43.2,42.6,42.95,682957
2022-07-20,40.7,40.7,41.25,40.7,40.8,457154
2022-07-21,41.0,41.0,41.2,40.5,40.85,281246
2022-07-22,40.85,40.85,41.5,40.75,40.9,350112
2022-07-25,40.6,40.6,40.85,40.5,40.85,225588
2022-07-26,40.35,40.35,40.6,40.35,40.5,268033
2022-07-27,40.45,40.45,40.45,40.0,40.35,336154
2022-07-28,41.2,41.2,41.25,40.75,41.1,333137
2022-07-29,41.15,41.15,41.4,41.0,41.0,164229
2022-08-01,41.35,41.35,41.5,40.95,41.0,272412
2022-08-02,41.1,41.1,41.2,40.8,41.0,259523
2022-08-03,41.2,41.2,41.3,40.6,41.0,293491
2022-08-04,40.75,40.75,41.15,40.2,41.0,263018
2022-08-05,40.95,40.95,41.1,40.85,40.85,97299
2022-08-08,40.65,40.65,40.75,40.45,40.7,102739
2022-08-09,40.5,40.5,40.55,40.25,40.3,169084
2022-08-10,40.35,40.35,40.5,40.3,40.4,141530
2022-08-11,40.85,40.85,40.95,40.7,40.9,103768
2022-08-12,41.3,41.3,41.3,40.9,40.95,272849
2022-08-15,41.35,41.35,41.4,41.1,41.1,114366
2022-08-16,41.4,41.4,41.45,41.15,41.15,163833
2022-08-17,41.4,41.4,41.45,41.1,41.1,186683
2022-08-18,41.6,41.6,41.65,41.05,41.1,236069
2022-08-19,41.7,41.7,41.7,41.4,41.4,346443
2022-08-22,41.5,41.5,41.6,41.4,41.5,146077
2022-08-23,41.1,41.1,41.2,41.05,41.2,125156
2022-08-24,41.15,41.15,41.3,40.9,41.05,234365
2022-08-25,41.15,41.15,41.2,41.0,41.1,112409
2022-08-26,41.1,41.1,41.15,41.0,41.15,286731
2022-08-29,41.1,41.1,41.25,40.4,40.4,242483
2022-08-30,40.9,40.9,41.1,40.9,40.9,291284
2022-08-31,40.9,40.9,41.05,40.9,40.9,199458
2022-09-01,40.8,40.8,40.9,40.5,40.7,128378
2022-09-02,40.8,40.8,40.8,40.7,40.8,101411
2022-09-05,40.8,40.8,41.0,40.55,40.85,154249
2022-09-06,40.7,40.7,40.8,40.55,40.8,135254
2022-09-07,40.55,40.55,40.8,40.5,40.8,268508
2022-09-08,41.2,41.2,41.25,40.55,40.6,278618
2022-09-12,41.45,41.45,41.6,41.1,41.2,246524
2022-09-13,41.7,41.7,41.95,41.4,41.4,281655
2022-09-14,41.75,41.75,41.75,41.0,41.1,193891
2022-09-15,41.7,41.7,41.8,41.4,41.4,152010
2022-09-16,41.4,41.4,41.5,41.15,41.4,213089
2022-09-19,41.2,41.2,41.3,40.85,41.0,110649
2022-09-20,41.1,41.1,41.1,40.7,41.0,119536
2022-09-21,40.7,40.7,40.9,40.6,40.85,164435
2022-09-22,40.55,40.55,40.8,40.15,40.6,151184
2022-09-23,40.6,40.6,40.95,40.25,40.55,115479
2022-09-26,39.5,39.5,40.85,39.45,39.95,308857
2022-09-27,39.65,39.65,39.7,39.4,39.5,63620
2022-09-28,38.7,38.7,39.6,38.7,39.55,211460
2022-09-29,40.3,40.3,40.5,38.5,38.85,247374
2022-09-30,39.55,39.55,39.75,38.9,38.9,123221
2022-10-03,39.65,39.65,39.75,39.35,39.55,122144
2022-10-04,39.8,39.8,40.0,39.55,40.0,57529
2022-10-05,39.8,39.8,39.95,39.8,39.85,71749
2022-10-06,40.6,40.6,40.6,40.0,40.0,165293
2022-10-07,40.1,40.1,40.55,40.1,40.55,85387
2022-10-11,38.7,38.7,39.8,38.65,39.8,245102
2022-10-12,38.65,38.65,38.9,38.4,38.7,130078
2022-10-13,37.85,37.85,38.75,37.6,38.7,234204
2022-10-14,38.7,38.7,39.0,38.15,38.2,71231
2022-10-17,39.35,39.35,39.45,37.7,38.65,201837
2022-10-18,39.3,39.3,39.4,38.8,39.25,141989
2022-10-19,39.2,39.2,39.5,38.9,39.5,93825
2022-10-20,36.9,36.9,39.25,36.9,39.2,1907375
2022-10-21,36.9,36.9,37.55,36.9,37.15,333410
2022-10-24,38.55,38.55,38.8,37.6,38.05,395215
2022-10-25,39.0,39.0,39.95,38.4,38.4,435802
2022-10-26,40.0,40.0,40.35,39.5,39.5,530113
2022-10-27,40.6,40.6,40.7,40.0,40.05,318098
2022-10-28,40.6,40.6,40.85,40.3,40.5,261940
2022-10-31,40.2,40.2,40.8,40.15,40.6,130422
2022-11-01,40.6,40.6,40.65,40.2,40.45,118558
2022-11-02,40.8,40.8,42.25,40.7,40.8,698985
2022-11-03,41.5,41.5,41.75,40.25,40.55,279294
2022-11-04,41.25,41.25,41.65,41.05,41.5,143322
2022-11-07,41.3,41.3,41.4,41.0,41.25,98586
2022-11-08,41.65,41.65,41.95,41.35,41.35,168329
2022-11-09,41.55,41.55,41.9,41.4,41.8,154939
2022-11-10,41.55,41.55,41.65,41.05,41.25,165367
2022-11-11,41.55,41.55,42.4,41.45,42.05,169927
2022-11-14,42.3,42.3,42.35,41.0,41.0,710423
2022-11-15,42.3,42.3,42.5,41.9,42.45,331982
2022-11-16,41.75,41.75,42.55,41.6,42.55,245922
2022-11-17,42.35,42.35,42.4,41.85,41.85,217824
2022-11-18,42.2,42.2,42.55,42.0,42.35,115571
2022-11-21,41.95,41.95,42.4,41.9,42.1,72291
2022-11-22,42.25,42.25,42.35,41.85,42.35,101716
2022-11-23,42.4,42.4,42.4,42.2,42.25,113604
2022-11-24,42.6,42.6,42.9,42.4,42.4,206972
2022-11-25,42.3,42.3,42.65,42.15,42.65,86484
2022-11-28,41.85,41.85,42.0,41.8,42.0,78884
2022-11-29,42.1,42.1,42.1,41.6,41.75,76258
2022-11-30,42.5,42.5,42.5,42.0,42.0,94154
2022-12-01,42.95,42.95,42.95,42.35,42.5,177493
2022-12-02,42.8,42.8,43.0,42.55,42.95,156949
2022-12-05,42.9,42.9,43.15,42.75,42.75,158944
2022-12-06,42.3,42.3,43.0,42.25,43.0,85936
2022-12-07,41.55,41.55,42.0,41.35,42.0,258329
2022-12-08,41.4,41.4,41.55,41.15,41.55,108955
2022-12-09,41.6,41.6,41.6,41.25,41.4,92151
2022-12-12,41.55,41.55,41.95,41.4,41.6,37200
2022-12-13,41.5,41.5,41.65,41.45,41.65,45221
2022-12-14,41.6,41.6,41.95,41.55,41.55,105479
2022-12-15,41.8,41.8,41.8,41.55,41.55,69465
2022-12-16,41.1,41.1,41.55,41.1,41.3,229719
2022-12-19,41.95,41.95,42.0,41.05,41.05,175114
2022-12-20,41.4,41.4,42.05,41.3,41.55,299822
2022-12-21,41.2,41.2,41.7,41.15,41.7,121270
2022-12-22,41.25,41.25,41.7,41.25,41.4,112781
2022-12-23,41.0,41.0,41.25,40.85,41.25,92353
2022-12-26,41.0,41.0,41.45,40.65,40.65,47298
2022-12-27,40.95,40.95,41.2,40.9,40.9,31477
2022-12-28,40.75,40.75,41.3,40.7,41.3,79221
2022-12-29,40.8,40.8,40.85,40.35,40.65,152987
2022-12-30,41.2,41.2,41.25,40.5,40.8,127271
2023-01-03,40.85,40.85,41.2,40.55,41.2,40881
2023-01-04,41.35,41.35,41.55,40.85,40.85,112972
2023-01-05,41.35,41.35,41.8,41.15,41.8,50987
2023-01-06,41.35,41.35,41.6,41.35,41.5,55823
2023-01-09,41.7,41.7,42.1,41.4,42.1,84549
2023-01-10,41.55,41.55,41.6,41.4,41.55,44486
2023-01-11,41.45,41.45,41.85,41.4,41.6,36370
2023-01-12,41.15,41.15,41.4,41.1,41.4,49462
2023-01-13,41.2,41.2,41.7,41.1,41.7,43690
2023-01-16,41.2,41.2,41.25,40.95,41.1,183734
2023-01-17,41.1,41.1,41.25,40.9,41.2,159404
2023-01-30,41.25,41.25,41.4,41.1,41.2,106993
2023-01-31,41.9,41.9,41.95,41.25,41.25,86503
2023-02-01,41.95,41.95,42.05,41.8,41.9,81269
2023-02-02,42.1,42.1,42.1,41.85,41.9,160855
2023-02-03,42.0,42.0,42.15,41.9,42.1,68377
2023-02-06,42.05,42.05,42.2,42.0,42.1,93992
2023-02-07,42.35,42.35,42.6,41.55,41.55,288623
2023-02-08,42.45,42.45,42.45,42.0,42.1,122953
2023-02-09,42.1,42.1,42.4,42.0,42.0,40681
2023-02-10,41.7,41.7,42.0,41.6,42.0,144912
2023-02-13,41.75,41.75,42.1,41.55,41.6,130639
2023-02-14,42.0,42.0,42.2,41.6,41.75,70500
2023-02-15,41.65,41.65,42.0,41.65,42.0,45849
2023-02-16,41.95,41.95,42.0,41.8,41.8,67213
2023-02-17,41.85,41.85,42.0,41.7,41.8,112296
2023-02-20,42.15,42.15,42.2,42.0,42.1,98068
2023-02-21,42.2,42.2,42.3,42.15,42.15,108162
2023-02-22,42.3,42.3,42.4,41.95,42.15,158514
2023-02-23,42.6,42.6,42.75,42.35,42.35,153906
2023-02-24,42.7,42.7,42.8,42.4,42.5,97387
2023-03-01,42.55,42.55,42.7,42.45,42.7,60570
2023-03-02,42.55,42.55,42.6,42.45,42.6,46247
2023-03-03,42.55,42.55,42.75,42.5,42.75,104541
2023-03-06,42.6,42.6,42.85,42.5,42.85,143917
2023-03-07,42.65,42.65,42.7,42.45,42.6,167844
2023-03-08,43.85,43.85,43.85,42.65,42.65,662335
2023-03-09,42.9,42.9,43.85,42.8,43.85,403700
2023-03-10,42.35,42.35,42.85,42.15,42.85,384829
2023-03-13,42.65,42.65,42.7,41.85,42.35,500400
2023-03-14,42.6,42.6,42.65,42.25,42.5,296371
2023-03-15,42.7,42.7,42.75,42.45,42.7,220263
2023-03-16,42.05,42.05,42.5,42.0,42.3,436018
2023-03-17,41.85,41.85,42.15,41.85,42.1,214409
2023-03-20,41.75,41.75,42.05,41.75,42.05,143350
2023-03-21,42.0,42.0,42.1,41.8,41.85,158706
2023-03-22,42.2,42.2,42.3,42.05,42.05,102968
2023-03-23,42.45,42.45,42.75,42.2,42.2,119530
2023-03-24,42.9,42.9,42.9,42.4,42.4,61756
2023-03-27,43.15,43.15,43.15,42.9,42.9,95320
2023-03-28,42.75,42.75,43.15,42.7,43.15,67149
2023-03-29,42.5,42.5,42.9,42.3,42.75,65823
2023-03-30,42.5,42.5,42.7,42.5,42.5,69639
2023-03-31,42.6,42.6,42.7,42.55,42.6,84531
2023-04-06,42.6,42.6,42.6,42.05,42.5,96512
2023-04-07,42.55,42.55,42.6,42.3,42.35,51485
2023-04-10,42.55,42.55,42.6,42.15,42.15,23975
2023-04-11,42.7,42.7,42.7,42.5,42.5,110026
2023-04-12,42.6,42.6,42.75,42.55,42.7,62224
2023-04-13,42.6,42.6,42.6,42.5,42.6,53173
2023-04-14,42.55,42.55,42.9,42.45,42.7,90499
2023-04-17,42.7,42.7,42.9,42.55,42.75,206112
2023-04-18,42.7,42.7,42.85,42.65,42.7,60658
2023-04-19,42.7,42.7,43.0,42.55,43.0,252959
2023-04-20,42.2,42.2,42.65,42.2,42.65,221159
2023-04-21,41.9,41.9,42.3,41.8,42.3,262678
2023-04-24,41.9,41.9,42.2,41.7,41.95,109786
2023-04-25,41.95,41.95,41.95,41.45,41.9,243550
2023-04-26,41.9,41.9,42.15,41.7,41.9,77174
2023-04-27,42.55,42.55,42.6,41.55,41.6,1941534
2023-04-28,42.0,42.0,42.7,42.0,42.55,707498
2023-05-02,41.55,41.55,42.0,41.0,42.0,259195
2023-05-03,42.55,42.55,42.7,41.05,41.6,487910
2023-05-04,42.3,42.3,42.55,41.8,42.55,81067
2023-05-05,42.05,42.05,42.6,42.0,42.6,58158
2023-05-08,41.95,41.95,42.6,41.85,42.5,110944
2023-05-09,41.7,41.7,41.95,41.45,41.85,163303
2023-05-10,42.6,42.6,42.6,41.6,41.65,242927
2023-05-11,42.6,42.6,42.75,42.0,42.25,275801
2023-05-12,42.1,42.1,42.5,42.0,42.5,42845
2023-05-15,41.8,41.8,41.85,41.75,41.8,53549
2023-05-16,41.7,41.7,41.95,41.65,41.8,83665
2023-05-17,42.55,42.55,42.7,41.65,41.7,283186
2023-05-18,42.4,42.4,42.65,42.2,42.4,117567
2023-05-19,42.3,42.3,42.4,42.2,42.4,90126
2023-05-22,42.25,42.25,42.25,42.1,42.25,77505
2023-05-23,42.35,42.35,42.4,42.1,42.15,154306
2023-05-24,42.5,42.5,42.5,42.2,42.35,91788
2023-05-25,42.5,42.5,42.55,42.4,42.5,108323
2023-05-26,42.35,42.35,42.5,42.2,42.4,99480
2023-05-29,42.35,42.35,42.4,42.2,42.35,259783
2023-05-30,42.45,42.45,42.45,42.2,42.2,72562
2023-05-31,42.45,42.45,42.5,42.25,42.25,131431
2023-06-01,42.4,42.4,42.45,42.3,42.45,338438
2023-06-02,42.25,42.25,42.4,42.2,42.4,155481
2023-06-05,42.25,42.25,42.35,42.2,42.25,172153
2023-06-06,42.7,42.7,43.5,42.3,42.3,665054
2023-06-07,42.75,42.75,42.8,42.35,42.7,253532
2023-06-08,42.65,42.65,42.8,42.6,42.75,141846
2023-06-09,42.5,42.5,42.75,42.5,42.65,246907
2023-06-12,42.5,42.5,42.55,42.35,42.5,140189
2023-06-13,42.5,42.5,42.65,42.45,42.55,219416
2023-06-14,42.75,42.75,42.95,42.5,42.5,259759
2023-06-15,43.75,43.75,43.8,42.85,42.9,414830
2023-06-16,44.2,44.2,44.8,43.75,43.75,475909
2023-06-19,43.65,43.65,44.45,43.65,44.2,2338940
2023-06-20,43.7,43.7,43.95,43.6,43.75,115316
2023-06-21,43.6,43.6,43.75,43.4,43.7,126934
2023-06-26,43.7,43.7,43.75,43.4,43.6,105346
2023-06-27,43.3,43.3,43.7,43.25,43.7,137427
2023-06-28,43.65,43.65,43.7,43.45,43.5,129957
2023-06-29,43.7,43.7,43.9,43.55,43.65,115145
2023-06-30,43.75,43.75,43.8,43.6,43.7,101759
2023-07-03,43.7,43.7,43.8,43.65,43.75,126129
2023-07-04,43.7,43.7,43.8,43.5,43.8,194851
2023-07-05,43.8,43.8,43.8,43.7,43.8,191763
2023-07-06,44.1,44.1,44.35,43.7,43.8,763587
2023-07-07,41.4,41.4,41.6,41.3,41.6,414629
2023-07-10,41.35,41.35,41.5,41.2,41.5,174340
2023-07-11,41.45,41.45,41.5,41.35,41.5,76820
2023-07-12,41.3,41.3,41.5,41.2,41.45,121071
2023-07-13,41.7,41.7,41.95,41.45,41.45,130882
2023-07-14,42.0,42.0,42.15,41.75,41.75,190784
2023-07-17,42.15,42.15,42.15,41.75,42.0,135505
2023-07-18,42.9,42.9,43.25,41.85,42.15,462966
2023-07-19,42.3,42.3,43.0,41.9,42.95,459384
2023-07-20,42.55,42.55,42.8,42.1,42.45,245339
2023-07-21,42.3,42.3,42.3,41.65,42.2,356534
2023-07-24,41.7,41.7,42.45,41.4,42.45,446873
2023-07-25,41.7,41.7,42.3,41.55,41.9,265292
2023-07-26,42.05,42.05,42.15,41.6,41.6,157850
2023-07-27,42.55,42.55,43.2,42.45,42.45,562214
2023-07-28,41.9,41.9,42.8,41.65,42.8,463170
2023-07-31,42.05,42.05,42.6,41.8,42.15,364187
2023-08-01,42.0,42.0,42.35,41.8,42.25,180252
2023-08-02,42.1,42.1,42.2,41.8,42.0,262810
2023-08-04,42.0,42.0,42.25,41.8,42.25,133305
2023-08-07,42.15,42.15,42.4,41.85,42.4,136495
2023-08-08,42.9,42.9,43.2,42.2,43.0,646283
2023-08-09,42.7,42.7,43.3,42.4,42.9,643732
2023-08-10,42.45,42.45,42.95,42.0,42.95,284999
2023-08-11,42.9,42.9,42.95,42.25,42.45,301629
2023-08-14,42.35,42.35,43.0,42.0,42.9,285942
2023-08-15,42.7,42.7,43.0,42.3,42.7,505187
2023-08-16,42.2,42.2,42.65,41.85,42.4,371514
2023-08-17,42.3,42.3,42.35,41.5,42.05,350584
2023-08-18,41.8,41.8,42.4,41.5,42.15,348167
2023-08-21,42.15,42.15,42.15,41.5,41.8,216431
2023-08-22,42.8,42.8,42.9,42.1,42.15,870146
2023-08-23,43.5,43.5,43.6,42.4,42.8,1020154
2023-08-24,43.15,43.15,44.15,42.7,43.8,964533
2023-08-25,42.9,42.9,43.2,42.75,43.15,158803
2023-08-28,42.35,42.35,43.05,42.1,43.05,365035
2023-08-29,42.5,42.5,42.5,42.15,42.5,153228
2023-08-30,43.1,43.1,43.15,42.3,42.5,320850
2023-08-31,43.8,43.8,44.0,43.25,43.6,641487
2023-09-01,43.75,43.75,44.1,43.4,43.6,621431
2023-09-04,44.05,44.05,44.5,43.6,43.95,510135
2023-09-05,44.2,44.2,44.35,43.9,44.35,433059
2023-09-06,44.35,44.35,44.6,44.0,44.6,505497
2023-09-07,44.6,44.6,44.9,44.45,44.8,765788
2023-09-08,44.0,44.0,45.0,43.75,45.0,633196
2023-09-11,44.1,44.1,44.5,43.35,44.5,454386
2023-09-12,44.15,44.15,44.15,43.75,44.1,300628
2023-09-13,43.95,43.95,44.05,43.8,44.0,260665
2023-09-14,44.4,44.4,44.5,44.0,44.05,446958
2023-09-15,44.5,44.5,44.85,43.85,44.5,595391
2023-09-18,44.3,44.3,44.5,43.85,44.0,329948
2023-09-19,44.15,44.15,44.55,44.0,44.35,288641
2023-09-20,43.3,43.3,44.15,43.0,44.0,544830
2023-09-21,42.65,42.65,43.1,42.4,43.1,535059
2023-09-22,42.7,42.7,42.8,42.2,42.2,127284
2023-09-25,43.0,43.0,43.1,42.75,42.75,131959
2023-09-26,42.6,42.6,43.25,42.3,42.6,351076
2023-09-27,42.55,42.55,42.95,42.3,42.5,217987
2023-09-28,42.65,42.65,42.95,42.35,42.7,243472
2023-10-02,42.9,42.9,43.0,42.7,42.85,213326
2023-10-03,42.7,42.7,43.1,42.6,42.9,211816
2023-10-04,42.45,42.45,42.7,42.2,42.7,328574
2023-10-05,42.9,42.9,43.3,42.6,42.7,172968
2023-10-06,42.95,42.95,43.0,42.55,42.65,208253
2023-10-11,42.4,42.4,43.1,42.35,43.1,327279
2023-10-12,42.65,42.65,42.9,42.35,42.9,262641
2023-10-13,42.85,42.85,42.95,42.5,42.5,204473
2023-10-16,42.65,42.65,42.9,42.65,42.9,181107
2023-10-17,42.3,42.3,42.8,42.25,42.75,397833
2023-10-18,42.05,42.05,42.45,41.5,42.25,784527
2023-10-19,41.5,41.5,41.8,41.35,41.7,422910
2023-10-20,41.15,41.15,41.5,40.7,41.5,658805
2023-10-23,40.95,40.95,41.4,40.9,41.25,613278
2023-10-24,41.05,41.05,41.4,40.95,41.05,267938
2023-10-25,41.85,41.85,41.85,41.05,41.5,197057
2023-10-26,42.1,42.1,42.8,41.9,42.4,1159215
2023-10-27,41.85,41.85,42.2,41.7,42.2,305215
2023-10-30,42.05,42.05,42.2,41.8,41.8,182522
2023-10-31,41.55,41.55,42.35,41.45,42.35,335232
2023-11-01,41.05,41.05,41.6,40.55,41.6,948825
2023-11-02,41.3,41.3,41.75,41.2,41.6,389627
2023-11-03,41.65,41.65,42.05,41.2,41.55,690428
2023-11-06,42.1,42.1,42.25,41.75,41.75,287829
2023-11-07,41.85,41.85,42.0,41.5,41.5,185140
2023-11-08,42.0,42.0,42.0,41.65,41.85,88124
2023-11-09,41.75,41.75,42.05,41.65,42.05,129449
2023-11-10,41.65,41.65,41.8,41.35,41.8,196287
2023-11-13,41.8,41.8,41.85,41.5,41.85,176770
2023-11-14,42.2,42.2,42.25,41.6,41.6,230578
2023-11-15,42.15,42.15,42.35,42.05,42.2,231015
2023-11-16,42.0,42.0,42.3,41.95,42.3,132171
2023-11-17,42.05,42.05,42.25,41.95,42.0,94134
2023-11-20,42.3,42.3,42.3,42.05,42.05,92656
2023-11-21,42.4,42.4,42.5,42.3,42.3,264977
2023-11-22,42.65,42.65,42.65,42.35,42.4,128751
2023-11-23,42.85,42.85,43.0,42.6,42.6,333961
2023-11-24,42.7,42.7,42.95,42.65,42.95,128429
2023-11-27,42.3,42.3,42.75,42.3,42.75,159096
2023-11-28,42.7,42.7,42.7,42.5,42.7,76653
2023-11-29,42.55,42.55,42.7,42.55,42.65,96997
2023-11-30,42.55,42.55,42.8,42.55,42.6,141958
2023-12-01,42.7,42.7,42.8,42.55,42.6,152687
2023-12-04,43.1,43.1,43.35,42.75,42.75,263579
2023-12-05,42.95,42.95,43.4,42.9,43.1,118736
2023-12-06,42.95,42.95,43.1,42.8,42.95,215949
2023-12-07,42.8,42.8,43.05,42.8,42.85,187162
2023-12-08,42.65,42.65,43.1,42.65,42.95,167719
2023-12-11,42.65,42.65,42.9,42.6,42.7,162857
2023-12-12,42.55,42.55,42.7,42.5,42.7,258332
2023-12-13,42.7,42.7,43.0,42.55,42.55,350833
2023-12-14,43.2,43.2,43.3,42.9,43.1,502978
2023-12-15,43.4,43.4,44.15,43.4,43.8,548670
2023-12-18,43.4,43.4,43.6,43.2,43.4,279409
2023-12-19,42.85,42.85,43.2,42.75,43.2,240180
2023-12-20,42.75,42.75,43.1,42.65,43.0,232278
2023-12-21,43.25,43.25,43.5,42.85,43.2,385938
2023-12-22,43.25,43.25,43.7,43.2,43.3,226075
2023-12-25,45.0,45.0,45.15,43.4,43.4,1506568
2023-12-26,47.1,47.1,48.8,46.4,46.45,8949702
2023-12-27,50.8,50.8,51.0,47.55,47.75,14014533
2023-12-28,49.9,49.9,50.8,49.1,50.7,6028570
2023-12-29,49.05,49.05,50.0,48.7,50.0,3006834
2024-01-02,48.5,48.5,49.0,48.05,49.0,1717612
2024-01-03,47.9,47.9,48.5,47.75,48.5,1081009
2024-01-04,46.3,46.3,47.85,46.25,47.75,2414986
2024-01-05,46.35,46.35,47.3,46.35,46.4,1710589
2024-01-08,46.05,46.05,47.05,45.85,46.35,1327027
2024-01-09,47.0,47.0,47.5,46.35,46.9,2208966
2024-01-10,46.05,46.05,47.35,46.0,47.35,1111933
2024-01-11,47.75,47.75,47.8,45.9,45.9,1762727
2024-01-12,46.95,46.95,47.7,46.9,47.1,1107210
2024-01-15,47.85,47.85,48.15,46.6,46.6,1123660
2024-01-16,47.7,47.7,48.35,47.35,47.55,956577
2024-01-17,47.55,47.55,47.75,46.95,47.7,1112429
2024-01-18,47.9,47.9,48.0,47.2,47.95,1102431
2024-01-19,47.85,47.85,48.8,47.5,48.8,1136457
2024-01-22,47.9,47.9,48.55,47.7,48.5,753992
2024-01-23,48.4,48.4,48.8,48.1,48.4,1014328
2024-01-24,48.45,48.45,49.8,48.45,48.8,1520212
2024-01-25,47.8,47.8,48.55,47.6,48.55,822948
2024-01-26,47.8,47.8,48.3,47.5,48.05,402071
2024-01-29,47.8,47.8,48.1,47.5,48.1,369852
2024-01-30,48.2,48.2,48.2,47.75,48.2,465753
2024-01-31,48.25,48.25,48.65,48.0,48.0,872293
2024-02-01,47.95,47.95,48.65,47.85,48.6,533803
2024-02-02,47.65,47.65,48.15,47.45,48.15,626541
2024-02-05,48.1,48.1,48.3,47.4,47.7,630959
2024-02-15,48.8,48.8,49.2,48.05,48.5,1059510
2024-02-16,48.7,48.7,49.35,48.15,49.3,1080434
2024-02-19,49.15,49.15,49.25,48.7,48.75,1271780
2024-02-20,49.0,49.0,49.3,48.65,49.25,649662
2024-02-21,47.0,47.0,48.2,46.3,48.2,2534716
2024-02-22,46.7,46.7,47.0,46.65,46.95,1110774
2024-02-23,46.5,46.5,46.95,46.45,46.8,923399
2024-02-26,46.3,46.3,46.5,46.0,46.5,964383
2024-02-27,45.9,45.9,46.65,45.7,46.2,731346
2024-02-29,45.6,45.6,45.9,45.35,45.9,681597
2024-03-01,45.3,45.3,45.8,45.3,45.6,681352
2024-03-04,45.65,45.65,45.85,45.05,45.35,810140
2024-03-05,45.75,45.75,46.25,45.55,45.8,650352
2024-03-06,46.55,46.55,46.55,45.9,46.0,829970
2024-03-07,45.6,45.6,46.7,45.6,46.6,752980
2024-03-08,45.0,45.0,45.7,44.8,45.6,985053
2024-03-11,45.2,45.2,45.5,45.05,45.05,207615
2024-03-12,45.75,45.75,45.75,45.25,45.25,302768
2024-03-13,45.8,45.8,46.35,45.55,46.0,471509
2024-03-14,45.8,45.8,46.1,45.65,45.8,257342
2024-03-15,45.75,45.75,46.0,45.6,45.7,320478
2024-03-18,45.45,45.45,46.0,45.3,46.0,408251
2024-03-19,45.6,45.6,45.7,45.25,45.45,261720
2024-03-20,45.95,45.95,46.2,45.55,45.55,349298
2024-03-21,45.8,45.8,46.5,45.7,46.5,364387
2024-03-22,46.05,46.05,46.1,45.6,45.85,321811
2024-03-25,46.05,46.05,46.2,45.8,46.0,416023
2024-03-26,45.5,45.5,46.2,45.5,46.0,397296
2024-03-27,46.15,46.15,46.3,45.45,45.45,756411
2024-03-28,46.6,46.6,46.65,45.95,46.2,777503
2024-03-29,46.15,46.15,46.55,46.05,46.55,383572
2024-04-01,46.3,46.3,46.35,46.05,46.2,324723
2024-04-02,46.6,46.6,46.65,46.2,46.25,482018
2024-04-03,46.8,46.8,46.85,46.35,46.45,505274
2024-04-08,47.6,47.6,47.65,46.9,47.15,1266300
2024-04-09,48.0,48.0,49.1,47.8,48.45,1911180
2024-04-10,48.2,48.2,48.45,47.8,48.0,854606
2024-04-11,48.05,48.05,48.25,47.75,48.2,645069
2024-04-12,48.0,48.0,48.15,47.85,48.1,558525
2024-04-15,47.9,47.9,48.2,47.55,48.0,584829
2024-04-16,47.05,47.05,47.8,46.7,47.8,874367
2024-04-17,48.75,48.75,48.9,47.5,47.5,1634993
2024-04-18,48.25,48.25,48.5,48.1,48.45,641758
2024-04-19,47.0,47.0,48.0,46.8,47.95,818260
2024-04-22,47.55,47.55,48.0,47.2,47.45,848231
2024-04-23,47.3,47.3,48.2,47.3,48.1,424876
2024-04-24,47.9,47.9,48.3,47.9,47.95,1056208
2024-04-25,50.5,50.5,50.8,48.6,49.0,5810045
2024-04-26,49.65,49.65,51.4,49.65,51.3,2927582
2024-04-29,52.5,52.5,52.8,49.9,50.5,5272088
2024-04-30,51.5,51.5,52.5,51.3,52.5,2048302
2024-05-02,51.9,51.9,52.4,51.4,51.6,1355669
2024-05-03,50.8,50.8,52.4,50.7,52.4,1547066
2024-05-06,51.5,51.5,52.0,50.9,51.7,1044023
2024-05-07,53.2,53.2,53.5,51.8,52.4,4304330
2024-05-08,53.3,53.3,54.5,52.5,53.4,3939626
2024-05-09,52.3,52.3,53.3,52.0,53.3,2455995
2024-05-10,51.2,51.2,52.8,50.5,52.8,2244770
2024-05-13,52.3,52.3,52.7,51.3,51.5,1659550
2024-05-14,51.3,51.3,52.4,51.3,52.0,846457
2024-05-15,51.4,51.4,52.6,51.4,52.3,802340
2024-05-16,52.1,52.1,52.7,51.7,52.1,1697403
2024-05-17,51.6,51.6,51.9,51.0,51.8,590347
2024-05-20,52.3,52.3,52.3,51.4,51.9,536033
2024-05-21,52.1,52.1,52.2,51.5,52.0,621573
2024-05-22,53.9,53.9,54.0,52.0,52.1,2792501
2024-05-23,52.7,52.7,54.1,52.1,53.4,1429091
2024-05-24,52.4,52.4,52.7,51.7,52.7,846927
2024-05-27,54.4,54.4,55.3,53.4,53.4,2274281
2024-05-28,53.7,53.7,55.2,53.1,54.8,1673887
2024-05-29,53.2,53.2,54.0,53.0,53.9,1095582
2024-05-30,52.3,52.3,52.9,51.9,52.9,1426692
2024-05-31,52.2,52.2,52.7,52.1,52.3,805985
2024-06-03,51.5,51.5,52.9,51.5,52.9,946580
2024-06-04,52.2,52.2,52.2,51.2,51.6,704066
2024-06-05,51.8,51.8,52.2,51.0,52.2,838078
2024-06-06,53.8,53.8,56.0,52.8,54.8,7180518
2024-06-07,54.0,54.0,55.7,53.6,53.9,3894238
2024-06-11,55.0,55.0,55.0,53.8,54.5,2326079
2024-06-12,56.7,56.7,56.7,55.0,56.3,5013517
2024-06-13,58.9,58.9,59.3,57.4,58.1,15314835
2024-06-14,57.6,57.6,59.1,57.1,58.6,5611801
2024-06-17,58.6,58.6,59.6,58.2,58.8,12131012
2024-06-18,57.7,57.7,59.1,57.6,58.9,4566052
2024-06-19,58.3,58.3,59.1,57.9,58.5,6239954
2024-06-20,58.8,58.8,59.6,58.6,58.9,6020438
2024-06-21,58.3,58.3,60.2,58.2,59.6,10314262
2024-06-24,58.5,58.5,59.3,57.9,58.8,3314777
2024-06-25,57.7,57.7,58.7,56.7,58.7,3288530
2024-06-26,58.5,58.5,59.4,58.0,58.3,3660535
2024-06-27,57.8,57.8,58.5,57.4,58.5,1673610
2024-06-28,58.2,58.2,58.6,57.4,57.9,1259669
2024-07-01,58.5,58.5,58.6,57.7,58.2,1146145
2024-07-02,58.0,58.0,59.0,57.9,59.0,1618077
2024-07-03,58.8,58.8,59.3,57.7,58.2,2549444
2024-07-04,59.1,59.1,59.7,58.3,59.4,2860979
2024-07-05,62.5,62.5,64.5,59.8,59.8,9516019
2024-07-08,63.1,63.1,67.2,62.9,67.1,7267026
2024-07-09,61.3,61.3,62.6,60.5,62.2,5077032
2024-07-10,60.6,60.6,62.0,60.1,61.3,2685832
2024-07-11,61.5,61.5,61.9,60.4,60.8,2499602
2024-07-12,61.1,61.1,61.3,60.3,60.9,1834385
2024-07-15,62.3,62.3,62.3,60.5,61.1,3881987
2024-07-16,62.4,62.4,62.8,61.8,62.5,2761383
2024-07-17,62.4,62.4,63.6,61.9,62.8,2337645
2024-07-18,62.4,62.4,62.9,60.8,61.0,2669824
2024-07-19,60.3,60.3,62.3,60.0,61.6,3071965
2024-07-22,58.6,58.6,60.4,58.4,60.4,2790622
2024-07-23,54.4,54.4,56.0,54.1,55.2,2533743
2024-07-26,54.8,54.8,55.4,52.6,53.2,1767944
2024-07-29,55.0,55.0,56.4,54.9,55.5,2313025
2024-07-30,55.8,55.8,55.8,54.0,55.0,1202010
2024-07-31,54.6,54.6,55.8,53.5,55.5,2624366
2024-08-01,55.2,55.2,57.0,55.1,55.9,2770081
2024-08-02,51.6,51.6,54.0,51.5,54.0,3752646
2024-08-05,48.3,48.3,50.1,47.45,50.0,3583328
2024-08-06,47.2,47.2,49.6,45.9,49.1,5472706
2024-08-07,49.95,49.95,50.4,47.7,48.25,2074224
2024-08-08,48.6,48.6,49.45,48.45,48.9,951536
2024-08-09,49.1,49.1,49.9,49.1,49.7,1248172
2024-08-12,49.8,49.8,50.0,49.25,49.6,968677
2024-08-13,49.4,49.4,49.9,49.2,49.85,819634
2024-08-14,49.55,49.55,50.4,49.55,50.0,1259536
2024-08-15,50.5,50.5,50.8,49.25,49.25,1141554
2024-08-16,51.5,51.5,52.4,50.8,51.1,2218007
2024-08-19,51.1,51.1,51.7,50.9,51.5,1073485
2024-08-20,51.6,51.6,52.0,51.4,51.7,750880
2024-08-21,51.7,51.7,52.3,51.1,51.8,1799866
2024-08-22,56.6,56.6,56.8,51.6,51.9,10466977
2024-08-23,62.2,62.2,62.2,54.6,56.4,33572432
2024-08-26,66.1,66.1,68.4,64.3,68.0,48933022
2024-08-27,72.7,72.7,72.7,66.6,67.4,69643104
2024-08-28,70.1,70.1,73.4,69.3,73.0,43819250
2024-08-29,70.1,70.1,71.5,68.7,69.3,25257769
2024-08-30,68.6,68.6,70.1,68.2,70.1,5370328
2024-09-02,69.2,69.2,69.9,68.7,69.8,3779864
2024-09-03,69.2,69.2,70.6,68.8,69.9,4400969
2024-09-04,67.0,67.0,67.8,63.8,63.9,5065145
2024-09-05,66.5,66.5,70.0,66.5,69.0,6111449
2024-09-06,64.6,64.6,65.3,64.2,65.2,5410063
2024-09-09,65.6,65.6,65.6,62.4,62.4,3803332
2024-09-10,63.0,63.0,66.3,61.5,66.1,4406723
2024-09-11,64.0,64.0,64.3,62.8,62.8,2189480
2024-09-12,68.9,68.9,68.9,65.2,65.8,7121500
2024-09-13,68.0,68.0,70.4,66.1,68.9,25134285
2024-09-16,65.2,65.2,68.2,64.8,68.0,11273852
2024-09-18,62.2,62.2,66.8,61.9,65.5,13543604
2024-09-19,64.2,64.2,64.8,62.2,63.2,7644560
2024-09-20,62.4,62.4,65.0,62.3,64.7,5233008
2024-09-23,61.2,61.2,63.0,61.2,63.0,5094883
2024-09-24,61.1,61.1,62.0,61.0,61.7,3781967
2024-09-25,61.4,61.4,62.5,61.2,62.1,4952321
2024-09-26,59.9,59.9,62.2,59.6,61.7,7382593
2024-09-27,61.3,61.3,62.9,59.9,60.4,9518006
2024-09-30,59.9,59.9,60.9,59.7,60.6,3702607
2024-10-01,61.0,61.0,61.8,59.2,60.1,5667452
2024-10-04,61.2,61.2,63.9,61.0,62.1,18969469
2024-10-07,59.8,59.8,62.7,59.5,62.2,9974038
2024-10-08,56.6,56.6,59.5,55.6,59.2,9963038
2024-10-09,55.3,55.3,57.0,55.0,56.9,4917524
2024-10-11,55.0,55.0,56.0,54.3,55.8,3273582
2024-10-14,55.2,55.2,55.2,53.8,54.9,3081759
2024-10-15,54.3,54.3,55.9,54.2,55.6,2357872
2024-10-16,55.1,55.1,55.6,53.5,54.1,3296915
2024-10-17,55.5,55.5,55.8,55.0,55.2,2031013
2024-10-18,54.6,54.6,55.8,54.5,55.8,2155993
2024-10-21,57.9,57.9,58.9,55.4,55.5,7247475
2024-10-22,57.0,57.0,59.2,57.0,57.9,6303746
2024-10-23,57.4,57.4,58.1,57.1,57.4,2161082
2024-10-24,56.1,56.1,57.5,55.6,57.5,2671763
2024-10-25,55.9,55.9,56.5,55.5,56.4,1285815
2024-10-28,54.9,54.9,56.3,54.4,56.3,2309128
2024-10-29,54.3,54.3,55.4,53.2,55.0,2229393
2024-10-30,53.2,53.2,55.0,53.2,55.0,1614063
2024-11-01,52.2,52.2,52.5,51.2,51.6,2687517
2024-11-04,51.5,51.5,53.0,51.5,52.2,1631935
2024-11-05,51.5,51.5,52.2,51.3,51.3,1229688
2024-11-06,50.6,50.6,52.0,50.5,51.6,2377538
2024-11-07,52.3,52.3,52.5,50.6,50.8,2252049
2024-11-08,50.3,50.3,52.9,50.2,52.8,3277399
2024-11-11,49.95,49.95,50.2,49.3,49.7,1805663
2024-11-12,48.8,48.8,49.45,48.7,49.4,1906931
2024-11-13,49.15,49.15,49.6,48.8,48.85,1151143
2024-11-14,48.1,48.1,49.5,48.1,49.35,1538317
2024-11-15,49.0,49.0,49.6,48.05,48.05,1467473
2024-11-18,48.1,48.1,49.0,47.8,49.0,2009825
2024-11-19,48.45,48.45,48.75,47.95,48.15,1380173
2024-11-20,47.65,47.65,48.7,47.6,48.7,1768089
2024-11-21,48.65,48.65,49.3,47.75,47.75,1513958
2024-11-22,48.85,48.85,49.35,48.75,49.2,1056722
2024-11-25,49.65,49.65,49.85,49.15,49.65,757770
2024-11-26,49.8,49.8,50.4,49.25,49.65,1415080
2024-11-27,48.2,48.2,50.0,48.2,49.85,1401524
2024-11-28,47.95,47.95,49.0,47.45,48.5,1450151
2024-11-29,48.8,48.8,48.8,47.7,48.3,661103
2024-12-02,48.6,48.6,49.4,48.6,49.15,739299
2024-12-03,49.3,49.3,49.4,48.8,48.85,683396
2024-12-04,49.2,49.2,49.65,49.05,49.6,936009
2024-12-05,48.25,48.25,49.6,48.25,49.6,1321377
2024-12-06,48.0,48.0,48.7,48.0,48.1,860836
2024-12-09,47.2,47.2,48.3,47.2,48.2,1066271
2024-12-10,47.75,47.75,48.75,47.25,47.25,1192928
2024-12-11,47.4,47.4,48.1,47.35,47.6,782533
2024-12-12,46.85,46.85,48.15,46.75,47.6,1159156
2024-12-13,46.1,46.1,46.8,46.05,46.8,1355230
2024-12-16,45.65,45.65,46.55,45.6,46.2,914718
2024-12-17,45.85,45.85,46.3,45.6,45.85,591551
2024-12-18,45.9,45.9,46.35,45.3,45.75,1231406
2024-12-19,45.75,45.75,45.85,45.0,45.15,720444
2024-12-20,45.2,45.2,46.2,45.2,45.45,777073
2024-12-23,47.1,47.1,47.5,45.55,45.55,1674643
2024-12-24,46.3,46.3,47.6,46.3,47.05,980464
2024-12-25,46.7,46.7,47.6,46.3,46.8,1234652
2024-12-26,45.8,45.8,47.0,45.6,46.7,2377317
2024-12-27,45.4,45.4,46.1,45.35,45.75,1010603
2024-12-30,44.85,44.85,45.5,44.85,45.4,1050286
2024-12-31,44.85,44.85,44.85,44.25,44.7,1161621
2025-01-02,45.0,45.0,45.6,44.6,44.8,804007
2025-01-03,44.2,44.2,45.3,44.1,45.0,886248
2025-01-06,45.1,45.1,45.15,44.3,44.3,652790
2025-01-07,44.45,44.45,45.4,44.45,45.3,865473
2025-01-08,44.45,44.45,44.65,44.2,44.45,593709
2025-01-09,47.8,47.8,48.85,44.55,44.75,14436547
2025-01-10,46.95,46.95,50.6,46.25,49.0,27190823
2025-01-13,42.95,42.95,46.3,42.65,46.3,7828293
2025-01-14,43.25,43.25,43.75,42.8,42.8,2839458
2025-01-15,43.4,43.4,45.05,43.05,43.5,3964940
2025-01-16,43.5,43.5,44.2,43.5,43.8,1671689
2025-01-17,43.55,43.55,44.3,43.35,43.55,1492790
2025-01-20,45.5,45.5,45.65,43.15,43.5,3662120
2025-01-21,44.4,44.4,45.7,44.4,45.35,2191792
2025-01-22,45.2,45.2,45.3,44.4,44.8,2109469
2025-02-03,45.2,45.2,45.25,43.85,44.4,1684945
2025-02-04,45.4,45.4,46.0,44.7,45.2,3026298
2025-02-05,45.85,45.85,46.35,45.65,45.65,1534031
2025-02-06,48.45,48.45,49.15,46.25,46.3,9922265
2025-02-07,49.0,49.0,49.6,48.15,49.0,8664227
2025-02-10,49.25,49.25,49.7,48.35,49.0,5081685
2025-02-11,47.8,47.8,49.65,47.8,49.6,3718820
2025-02-12,48.95,48.95,50.2,48.0,48.1,7418365
2025-02-13,49.5,49.5,51.9,49.5,50.4,9884985
2025-02-14,48.35,48.35,49.35,48.2,49.35,3379142
2025-02-17,48.85,48.85,48.9,48.5,48.55,1683321
2025-02-18,48.75,48.75,49.4,48.7,48.85,1981287
2025-02-19,49.35,49.35,50.0,49.0,49.1,2380354
2025-02-20,48.9,48.9,49.65,48.85,49.55,1726478
2025-02-21,48.6,48.6,49.0,48.2,48.8,2050506
2025-02-24,49.3,49.3,49.75,48.5,48.5,2013115
2025-02-25,50.1,50.1,51.2,48.9,49.1,5538709
2025-02-26,50.3,50.3,50.5,49.6,50.3,2656078
2025-02-27,49.05,49.05,51.1,48.65,49.95,4845796
2025-03-03,48.5,48.5,49.1,47.3,48.1,3131157
2025-03-04,48.45,48.45,48.75,47.5,47.75,1398539
2025-03-05,48.4,48.4,48.85,48.0,48.65,1705120
2025-03-06,47.5,47.5,48.85,47.5,48.7,2576281
2025-03-07,47.0,47.0,47.7,47.0,47.55,1369561
2025-03-10,47.15,47.15,47.8,46.6,47.05,1145899
2025-03-11,47.7,47.7,48.25,45.65,46.6,2288132
2025-03-12,48.7,48.7,49.4,47.55,47.7,2353425
2025-03-13,47.9,47.9,49.1,47.8,49.05,1455407
2025-03-14,47.9,47.9,48.2,47.4,47.9,746585
2025-03-17,48.3,48.3,48.75,48.1,48.1,1002062
2025-03-18,48.1,48.1,48.8,48.1,48.6,694130
2025-03-19,48.6,48.6,48.8,47.75,48.3,1529055
2025-03-20,49.1,49.1,49.5,48.65,48.7,2255828
2025-03-21,49.15,49.15,49.45,48.55,49.45,1475263
2025-03-24,48.7,48.7,49.4,48.5,49.4,993469
2025-03-25,48.2,48.2,49.05,47.8,48.95,1402098
2025-03-26,48.35,48.35,48.75,48.1,48.25,598114
2025-03-27,47.65,47.65,48.1,47.55,48.1,799050
2025-03-28,45.9,45.9,47.55,45.9,47.4,1573882
2025-03-31,43.4,43.4,45.25,43.4,44.75,2323534
2025-04-01,43.7,43.7,44.3,43.55,43.8,1543252
2025-04-02,44.6,44.6,44.75,43.1,43.9,1779301
2025-04-07,40.15,40.15,40.15,40.15,40.15,198875
2025-04-08,36.55,36.55,37.9,36.15,36.15,5397346
2025-04-09,33.1,33.1,36.0,32.9,36.0,6225433
2025-04-10,36.4,36.4,36.4,36.4,36.4,486136
2025-04-11,36.95,36.95,36.95,34.0,36.45,2174100
2025-04-14,39.5,39.5,40.6,39.05,39.95,4029327
2025-04-15,40.95,40.95,41.4,40.1,40.4,2126405
2025-04-16,41.1,41.1,41.25,40.45,40.6,1902503
2025-04-17,41.5,41.5,41.55,40.45,40.7,1786353
2025-04-18,41.45,41.45,41.5,41.1,41.5,1077191
2025-04-21,40.8,40.8,41.45,40.45,41.45,1205720
2025-04-22,41.0,41.0,41.15,40.15,40.25,1094221
2025-04-23,41.9,41.9,42.05,41.3,41.55,1302837
2025-04-24,42.1,42.1,42.65,41.95,42.3,718463
2025-04-25,42.25,42.25,43.0,42.15,42.75,828216
2025-04-28,42.65,42.65,42.75,42.4,42.5,455501
2025-04-29,43.9,43.9,44.0,42.55,42.75,1337579
2025-04-30,44.5,44.5,44.8,43.85,44.75,2204193
2025-05-02,43.9,43.9,44.05,43.35,43.6,2509395
2025-05-05,41.85,41.85,44.0,41.0,44.0,1986495
2025-05-06,42.25,42.25,42.35,41.6,41.6,479493
2025-05-07,42.35,42.35,42.95,42.35,42.85,671675
2025-05-08,42.95,42.95,43.25,42.8,42.8,461982
2025-05-09,43.35,43.35,43.35,42.8,43.2,570167
2025-05-12,43.85,43.85,43.95,43.4,43.45,557974
2025-05-13,44.2,44.2,44.5,43.8,44.15,1012084
2025-05-14,46.2,46.2,46.25,44.3,44.5,2568390
2025-05-15,47.0,47.0,47.4,45.9,46.1,1998158
2025-05-16,48.5,48.5,48.5,47.0,47.35,3027871
2025-05-19,48.2,48.2,48.8,47.15,48.3,2221624
2025-05-20,46.5,46.5,47.9,46.35,47.6,3246337
2025-05-21,47.1,47.1,47.2,46.35,46.55,785863
2025-05-22,47.55,47.55,48.4,46.75,46.8,1874332
2025-05-23,47.25,47.25,48.2,47.25,48.0,911385
2025-05-26,47.1,47.1,47.6,47.05,47.5,369448
2025-05-27,47.15,47.15,48.4,46.9,47.1,1661657
2025-05-28,46.5,46.5,47.7,46.3,47.5,834660
2025-05-29,46.85,46.85,47.4,46.4,46.7,1221861
2025-06-02,46.05,46.05,46.65,46.05,46.5,830994
2025-06-03,46.9,46.9,47.35,46.2,46.4,1146055
2025-06-04,47.05,47.05,47.9,47.05,47.25,1129394
2025-06-05,47.6,47.6,47.6,46.5,47.05,1006414
2025-06-06,45.85,45.85,46.95,45.25,46.9,2440631
2025-06-09,45.45,45.45,45.8,45.25,45.8,550101
2025-06-10,45.4,45.4,45.75,45.2,45.45,389141
2025-06-11,45.25,45.25,45.6,45.05,45.55,542161
2025-06-12,45.3,45.3,45.5,45.05,45.25,506702
2025-06-13,45.6,45.6,45.65,44.35,45.05,1251752
2025-06-16,45.5,45.5,45.85,44.65,45.05,638355
2025-06-17,45.85,45.85,46.15,45.3,45.5,712107
2025-06-18,46.85,46.85,47.0,45.85,45.9,1237124
2025-06-19,46.2,46.2,48.0,46.2,46.9,1057172
2025-06-20,45.9,45.9,46.45,44.9,46.35,1294764
2025-06-23,45.35,45.35,45.9,45.05,45.9,555938
2025-06-24,46.75,46.75,47.25,45.65,45.65,850119
2025-06-25,46.2,46.2,47.2,46.0,47.0,737624
2025-06-26,45.85,45.85,46.65,45.7,46.65,547509
2025-06-27,45.75,45.75,46.2,45.4,45.85,571662
2025-06-30,45.7,45.7,46.5,45.5,45.8,577257
2025-07-01,45.5,45.5,46.35,45.15,45.85,994181
2025-07-02,47.8,47.8,48.55,45.3,45.45,3920545
2025-07-03,47.65,47.65,48.6,47.65,48.2,3931251
2025-07-04,45.65,45.65,47.9,45.65,47.8,1569253
2025-07-07,45.05,45.05,45.65,45.0,45.6,815582
2025-07-08,44.55,44.55,45.2,43.9,45.2,1244144
2025-07-09,45.3,45.3,46.25,44.15,44.25,760180
2025-07-10,45.65,45.65,45.9,45.15,45.25,753093
2025-07-11,46.0,46.0,46.2,45.35,45.35,576598
2025-07-14,48.1,48.1,48.6,45.85,46.2,6109019
2025-07-15,49.6,49.6,50.5,48.0,48.5,14643724
2025-07-16,49.25,49.25,50.0,48.75,49.6,7330050
2025-07-17,48.45,48.45,50.6,47.55,49.65,12437028
2025-07-18,48.6,48.6,50.4,48.5,49.45,9220118
2025-07-21,49.25,49.25,49.25,47.05,48.5,6198165
2025-07-22,47.4,47.4,49.6,47.2,49.25,8279024
2025-07-23,47.4,47.4,48.1,47.4,47.8,3069937
2025-07-24,47.65,47.65,48.0,47.25,48.0,1437152
2025-07-25,47.65,47.65,48.8,47.6,47.8,3972788
2025-07-28,47.4,47.4,47.8,46.7,47.8,2236597
2025-07-29,46.75,46.75,48.1,46.75,47.65,2118848
2025-07-30,46.7,46.7,47.3,46.45,47.0,1367709
2025-07-31,45.35,45.35,46.55,45.3,46.35,3749089
2025-08-01,46.95,46.95,47.35,44.3,44.5,2364579
2025-08-04,46.1,46.1,46.6,45.8,46.4,1170342
2025-08-05,45.95,45.95,46.75,45.95,46.35,1059540
2025-08-06,45.35,45.35,46.05,45.35,46.0,1150130
2025-08-07,45.2,45.2,46.0,45.15,45.6,1083426
2025-08-08,45.3,45.3,45.95,45.15,45.2,998442
2025-08-11,47.25,47.25,47.3,45.15,45.65,2781272
2025-08-12,47.0,47.0,48.0,46.9,47.05,1614005
2025-08-13,47.9,47.9,48.4,47.35,47.35,3096901
2025-08-14,48.2,48.2,48.9,47.9,48.4,2975250
2025-08-15,48.95,48.95,49.35,48.25,48.55,3296560
2025-08-18,51.3,51.3,52.1,48.8,49.1,8279441
2025-08-19,54.4,54.4,55.2,50.5,52.4,20477263
2025-08-20,49.15,49.15,53.4,49.0,53.3,12012045
2025-08-21,49.5,49.5,50.5,49.2,49.3,3837249
2025-08-22,49.1,49.1,49.8,48.7,49.8,2443999
2025-08-25,51.2,51.2,52.4,49.95,49.95,4967807
2025-08-26,51.3,51.3,51.6,50.0,51.2,3114718
2025-08-27,51.9,51.9,52.3,51.1,51.9,2940980
2025-08-28,51.8,51.8,52.4,51.3,52.4,2319602
2025-08-29,56.9,56.9,56.9,51.8,52.5,14250028
2025-09-01,53.0,53.0,59.0,52.1,58.5,20182549
2025-09-02,52.0,52.0,53.8,51.4,53.8,5449178
2025-09-03,56.0,56.0,56.7,52.3,52.7,8161672
2025-09-04,61.6,61.6,61.6,56.3,56.3,33215146
2025-09-05,63.7,63.7,67.4,61.1,62.5,41345805
2025-09-08,64.4,64.4,66.3,63.3,65.0,19542333
2025-09-09,62.8,62.8,65.0,62.3,65.0,10744456
2025-09-10,61.0,61.0,63.4,60.5,63.0,9018034
2025-09-11,65.0,65.0,67.1,59.6,61.5,46875452
2025-09-12,66.9,66.9,71.3,65.3,71.3,41550356
2025-09-15,67.7,67.7,70.3,65.3,66.0,27335288
2025-09-16,67.8,67.8,68.6,66.2,67.2,12782650
2025-09-17,62.4,62.4,68.4,61.6,67.9,23629977
2025-09-18,63.8,63.8,64.5,61.8,62.1,8941247
2025-09-19,63.3,63.3,64.7,62.5,63.8,6884430
2025-09-22,63.8,63.8,64.6,62.7,63.3,4975632
2025-09-23,63.3,63.3,65.8,63.3,64.4,13241572
2025-09-24,63.4,63.4,63.9,61.7,63.8,6634528
2025-09-25,62.3,62.3,64.1,62.1,63.0,3832991
2025-09-26,59.9,59.9,63.8,59.8,63.2,9942979
2025-09-30,61.3,61.3,62.0,59.3,60.0,4475900
2025-10-01,61.4,61.4,63.4,61.1,61.1,4251739
2025-10-02,59.1,59.1,62.9,59.0,62.2,5667268
2025-10-03,59.1,59.1,59.6,58.5,59.1,2997537
2025-10-07,62.0,62.0,63.5,59.7,59.9,5753570
2025-10-08,64.8,64.8,66.8,61.6,62.6,15904758
2025-10-09,65.5,65.5,65.9,64.0,65.5,11770717
2025-10-13,65.7,65.7,66.2,61.5,62.0,6705458
2025-10-14,62.0,62.0,66.8,62.0,66.4,12919612
2025-10-15,61.6,61.6,63.1,60.7,62.2,5181345
2025-10-16,64.0,64.0,64.6,61.5,62.0,9397468
2025-10-17,61.7,61.7,64.2,61.5,64.0,7462670
2025-10-20,60.8,60.8,62.3,60.2,61.8,3929305
2025-10-21,62.5,62.5,63.8,61.5,61.6,4506783
2025-10-22,65.5,65.5,66.5,62.3,62.7,11315816
2025-10-23,64.4,64.4,65.5,63.2,65.0,8209733
2025-10-27,63.5,63.5,65.4,62.1,65.3,7406602
2025-10-28,63.4,63.4,63.9,62.2,63.8,3184707
2025-10-29,61.4,61.4,64.1,61.2,63.8,5932112
2025-10-30,62.3,62.3,63.9,61.7,62.0,9117017
2025-10-31,68.1,68.1,68.5,62.6,62.9,35319689
2025-11-03,69.5,69.5,69.5,64.8,68.5,35733989
2025-11-04,64.8,64.8,69.4,63.9,69.3,21224327
2025-11-05,64.4,64.4,64.9,62.0,63.1,9142395
2025-11-06,66.7,66.7,68.5,64.2,64.5,17611719
2025-11-07,64.2,64.2,66.2,64.2,65.6,7123628
2025-11-10,63.0,63.0,64.7,62.6,64.1,4955899
2025-11-11,64.9,64.9,66.2,63.2,63.4,7543053
2025-11-12,68.8,68.8,70.5,65.5,65.5,29933935
2025-11-13,68.8,68.8,69.1,66.8,69.0,13625944
2025-11-14,66.2,66.2,68.0,66.1,66.5,7895691
2025-11-17,64.8,64.8,68.6,64.3,67.3,8850663
2025-11-18,63.5,63.5,66.3,63.1,64.3,5608206
2025-11-19,62.4,62.4,63.8,61.5,63.8,5478288
2025-11-20,64.7,64.7,66.4,63.3,63.8,5513787
2025-11-21,60.8,60.8,63.6,60.2,62.8,8196673
2025-11-24,61.5,61.5,61.9,60.6,61.5,2734717
2025-11-25,65.3,65.3,65.8,62.7,62.7,6805291
2025-11-26,65.0,65.0,66.6,64.4,66.1,6606711
2025-11-27,71.5,71.5,71.5,64.8,65.4,28911919
2025-11-28,78.6,78.6,78.6,69.2,73.0,81725800
2025-12-01,82.6,82.6,85.0,76.5,80.0,86397191
2025-12-02,81.0,81.0,84.0,80.0,82.6,39235552
2025-12-03,79.3,79.3,88.9,79.2,83.8,53589444
2025-12-04,78.0,78.0,82.3,76.1,78.8,39543422
2025-12-05,77.8,77.8,78.8,77.0,78.5,12335216
2025-12-08,85.5,85.5,85.5,79.6,79.8,37665543
2025-12-09,94.0,94.0,94.0,85.8,86.3,58345879
2025-12-10,95.7,95.7,97.3,91.8,95.5,65525319
2025-12-11,96.7,96.7,101.0,94.1,94.2,49809806
2025-12-12,103.5,103.5,105.5,96.8,96.8,42951698
2025-12-15,98.3,98.3,103.0,97.4,101.0,30047003
2025-12-16,95.5,95.5,98.8,93.7,97.2,23622017
2025-12-17,92.9,92.9,97.5,92.3,96.9,18734004
2025-12-18,88.8,88.8,92.7,88.0,92.5,18046014
2025-12-19,96.6,96.6,97.5,89.5,90.5,37262930
2025-12-22,95.0,95.0,100.5,94.2,99.5,49826470
2025-12-23,91.9,91.9,94.6,91.8,94.0,18167914
2025-12-24,90.4,90.4,92.9,89.7,92.5,15986640
2025-12-26,92.3,92.3,92.6,90.0,91.4,11164686
2025-12-29,90.2,90.2,92.9,90.1,92.3,10110737
2025-12-30,86.6,86.6,90.1,86.5,89.4,14378948
2025-12-31,85.2,85.2,87.5,85.1,86.6,9375897
2026-01-02,89.2,89.2,90.1,85.2,85.8,20990284
2026-01-05,82.2,82.2,89.2,81.6,89.2,17974059
2026-01-06,84.2,84.2,84.7,80.6,82.2,12057400
2026-01-07,86.1,86.1,88.2,83.8,84.2,13100208
2026-01-08,83.2,83.2,87.2,83.2,86.5,10821518
2026-01-09,84.7,84.7,85.7,83.0,83.2,8126717
2026-01-12,85.1,85.1,85.8,83.6,85.5,7217602
2026-01-13,84.7,84.7,86.6,83.7,85.0,12143331
2026-01-14,86.2,86.2,88.8,85.2,85.4,14880366
2026-01-15,88.0,88.0,88.3,85.6,86.8,13218670
2026-01-16,86.2,86.2,89.7,85.4,89.1,13161625
2026-01-19,88.5,88.5,91.0,86.2,86.7,18903199
2026-01-20,91.5,91.5,94.8,86.9,88.8,28063807
2026-01-21,89.2,89.2,92.7,88.4,90.0,19119785
2026-01-22,88.2,88.2,92.2,88.2,90.6,14250652
2026-01-23,94.2,94.2,96.3,88.3,89.2,37272437
2026-01-26,93.4,93.4,99.9,92.1,95.2,36562072
2026-01-27,91.7,91.7,94.4,90.0,93.0,15962472
2026-01-28,90.3,90.3,94.5,89.1,92.0,13451544
2026-01-29,90.3,90.3,94.9,89.7,93.8,17391867
2026-01-30,87.9,87.9,92.9,84.8,90.9,15127477
2026-02-02,84.7,84.7,86.6,82.5,85.5,8746034
2026-02-03,85.8,85.8,88.0,83.8,86.6,6429517
2026-02-04,88.9,88.9,89.7,85.0,85.6,6869975
2026-02-05,85.8,85.8,90.0,85.8,88.9,7640239
2026-02-06,83.3,83.3,85.2,80.5,85.0,5918459
2026-02-09,85.0,85.0,87.3,83.8,85.1,4046941
2026-02-10,82.9,82.9,87.0,82.8,85.3,3848020
2026-02-11,80.9,80.9,84.0,80.9,84.0,4547251
2026-02-23,86.5,86.5,87.7,81.2,82.1,6859266
2026-02-24,88.0,88.0,89.3,86.0,87.0,6040412
2026-02-25,88.2,88.2,90.5,86.5,89.7,4791309
2026-02-26,97.0,97.0,97.0,89.1,90.4,22401804
2026-03-02,106.5,106.5,106.5,93.2,95.5,28341507
2026-03-03,112.5,112.5,114.5,103.0,110.0,51751172
2026-03-04,101.5,101.5,111.5,101.5,109.0,17812822
2026-03-05,99.9,99.9,106.5,96.5,105.5,48868881
2026-03-06,103.0,103.0,106.5,97.3,99.0,29848159
2026-03-09,96.7,96.7,98.7,92.7,93.1,18587309
2026-03-10,106.0,106.0,106.0,97.1,100.0,30437880
2026-03-11,116.5,116.5,116.5,109.0,110.5,11476943
2026-03-12,128.0,128.0,128.0,122.5,123.0,36488538
2026-03-13,128.0,128.0,140.0,122.0,125.5,79235960
2026-03-16,122.5,122.5,128.0,120.0,128.0,29318889
2026-03-17,117.5,117.5,128.0,117.0,122.5,33904248
2026-03-18,119.5,119.5,123.0,118.5,119.0,16117322
2026-03-19,117.5,117.5,124.5,114.5,117.0,21461666
2026-03-20,117.5,117.5,124.5,116.5,120.5,21925013
2026-03-23,109.5,109.5,114.5,109.5,111.0,10054326
2026-03-24,110.0,110.0,117.5,106.5,114.0,13903436
2026-03-25,112.5,112.5,118.0,112.0,115.0,9495050
2026-03-26,111.0,111.0,118.0,111.0,116.5,7421894
2026-03-27,112.5,112.5,115.0,106.5,109.0,7477812
2026-03-30,111.5,111.5,113.5,108.0,108.5,7271910
2026-03-31,106.5,106.5,111.5,105.0,109.5,9654493
2026-04-01,111.0,111.0,115.5,111.0,112.0,10049661
2026-04-02,122.0,122.0,122.0,111.5,111.5,16524819
2026-04-07,122.0,122.0,128.0,117.0,127.5,39798172
2026-04-08,124.0,124.0,130.5,121.5,126.5,24532454
2026-04-09,136.0,136.0,136.0,124.5,126.0,27239212
2026-04-10,137.0,137.0,146.0,134.0,142.0,32882361
2026-04-13,134.0,134.0,142.0,133.0,138.0,19233277
2026-04-14,137.0,137.0,144.5,135.5,137.0,23635408
2026-04-15,134.0,134.0,144.0,134.0,138.5,21976507
2026-04-16,138.5,138.5,141.5,134.5,137.5,15496090
2026-04-17,143.5,143.5,151.5,138.0,142.0,34717021
2026-04-20,143.0,143.0,147.5,138.0,145.5,22024952
2026-04-21,146.5,146.5,148.0,141.0,144.0,20246876
2026-04-22,161.0,161.0,161.0,148.5,150.0,9757190
2026-04-23,145.0,145.0,170.5,145.0,170.5,34120115
2026-04-24,138.0,138.0,143.0,133.5,143.0,22273432
2026-04-27,137.0,137.0,139.5,132.0,139.5,12064123
2026-04-28,138.0,138.0,141.0,137.0,138.0,7263849
2026-04-29,139.5,139.5,145.5,136.0,138.5,9469919
2026-04-30,136.5,136.5,143.5,136.0,140.0,7980671
2026-05-04,134.0,134.0,144.0,133.0,138.0,12574538
2026-05-05,139.0,139.0,140.0,134.0,134.5,7458038
2026-05-06,135.5,135.5,143.5,135.5,140.5,10953721
2026-05-07,136.5,136.5,141.5,134.5,137.5,8210727
2026-05-08,132.5,132.5,138.0,130.0,136.5,6335951
2026-05-11,135.5,135.5,137.0,130.0,133.0,7031534
2026-05-12,138.5,138.5,147.0,136.0,136.5,16274695
2026-05-13,138.0,138.0,143.5,136.0,136.5,11560191
2026-05-14,149.5,149.5,151.5,141.0,141.5,31365021
2026-05-15,144.0,144.0,162.5,141.5,151.5,43279260
2026-05-18,140.5,140.5,144.5,138.0,140.5,12030255
2026-05-19,133.5,133.5,142.0,130.5,140.5,13373703
2026-05-20,126.5,126.5,134.0,125.5,133.5,9143802
2026-05-21,139.0,139.0,139.0,129.5,130.0,7976493
2026-05-22,151.0,151.0,152.5,141.0,141.0,21867086
2026-05-25,149.5,149.5,158.0,147.0,156.5,17938211
2026-05-26,155.5,155.5,156.5,148.5,151.0,13770558
2026-05-27,160.0,160.0,166.5,153.0,158.0,26875884
2026-05-28,153.5,153.5,162.0,150.0,162.0,21144844
2026-05-29,162.0,162.0,168.5,156.0,161.0,41757020
2026-06-01,153.0,153.0,161.5,149.0,161.5,32721311
2026-06-02,147.0,147.0,160.5,143.0,156.5,17685750
2026-06-03,150.5,150.5,157.0,146.5,149.5,16318134
2026-06-04,140.5,140.5,150.0,140.5,147.5,11781864
2026-06-05,140.5,140.5,142.5,132.5,140.0,8878446
2026-06-08,130.5,130.5,131.5,126.5,126.5,8462620
2026-06-09,133.5,133.5,134.0,127.5,131.0,7528694
2026-06-10,129.0,129.0,137.5,128.0,131.5,6219504
2026-06-11,136.0,136.0,138.0,126.5,127.5,7843305
2026-06-12,149.5,149.5,149.5,141.0,141.0,17954505
2026-06-15,147.5,147.5,153.5,147.5,153.0,11405166
2026-06-16,141.5,141.5,151.0,141.0,150.0,7347964
2026-06-17,146.0,146.0,150.0,139.0,141.5,8123638
2026-06-18,145.5,145.5,149.0,143.5,147.0,5310715
2026-06-22,153.0,153.0,155.5,146.0,146.0,10796789
2026-06-23,145.5,145.5,154.0,144.0,154.0,7287400
2026-06-24,148.0,148.0,151.0,142.5,143.0,4224884
2026-06-25,143.5,143.5,153.0,143.5,150.0,4179041
2026-06-26,137.5,137.5,146.5,137.5,143.0,4154535
2026-06-29,137.5,137.5,143.5,135.5,141.5,3554368
2026-06-30,149.0,149.0,149.0,140.0,140.0,8771527
2026-07-01,145.5,145.5,157.5,144.5,149.0,12536967
2026-07-02,148.0,148.0,149.5,143.0,143.5,5057850
2026-07-03,151.0,151.0,156.0,146.5,147.0,8260903
2026-07-06,149.5,149.5,160.0,149.5,151.0,11804442
2026-07-07,141.0,141.0,149.5,140.0,148.5,10111068
2026-07-08,140.0,140.0,146.5,137.5,143.5,4634026
2026-07-09,154.0,154.0,154.0,142.0,143.0,16601516
2026-07-13,169.0,169.0,169.0,169.0,169.0,8932894
2026-07-14,185.5,185.5,185.5,169.0,173.0,48874130
2026-07-15,181.5,181.5,194.0,180.0,186.0,47034147
2026-07-16,199.5,199.5,199.5,189.0,189.0,14171335
2026-07-17,192.5,192.5,201.0,188.0,194.0,57744349
2026-07-20,193.0,193.0,202.0,178.0,199.5,54015044
2026-07-21,212.0,212.0,212.0,194.0,196.0,13174670
2026-07-22,233.0,233.0,233.0,219.0,226.5,27683012
2026-07-23,256.0,256.0,256.0,231.0,242.0,47776123
2026-07-24,240.0,240.0,257.5,235.0,251.5,56202359
2026-07-27,216.0,216.0,244.0,216.0,235.0,43179948
2026-07-28,194.5,194.5,194.5,194.5,194.5,3614646
2026-07-29,175.5,175.5,181.5,175.5,180.0,7223361
2026-07-30,158.0,158.0,177.0,158.0,158.0,36623427
2026-07-31,173.5,173.5,173.5,163.0,171.0,32335483
2026-08-03,190.5,190.5,190.5,168.5,170.5,18356440
2026-08-04,200.0,200.0,203.5,190.5,191.5,30999017
2026-08-05,220.0,220.0,220.0,214.5,214.5,7676388
2026-08-06,216.0,216.0,229.5,214.0,222.5,29210307
2026-08-07,237.5,237.5,237.5,230.5,230.5,7221614
2026-08-10,226.0,226.0,254.0,224.5,250.0,44723032
2026-08-11,216.0,216.0,229.0,215.0,226.0,13319589
2026-08-12,227.0,227.0,231.0,210.5,215.0,30336296
2026-08-13,249.5,249.5,249.5,227.5,228.0,22824959
2026-08-14,272.5,272.5,274.0,246.5,259.5,55936944
2026-08-17,259.0,259.0,286.5,253.0,274.0,32146039
2026-08-18,277.5,277.5,284.5,258.0,258.0,31881009
2026-08-19,271.5,271.5,284.0,266.0,270.0,42064679
2026-08-20,283.0,283.0,298.5,271.5,286.0,43646872
2026-08-21,282.0,282.0,306.0,261.0,274.0,68745448
2026-08-24,265.0,265.0,295.0,265.0,282.0,50659016
2026-08-25,291.5,291.5,291.5,259.0,265.0,60294147
2026-08-26,320.5,320.5,320.5,294.0,302.0,45654657
2026-08-27,352.5,352.5,352.5,340.0,340.5,22503166
2026-08-28,343.5,343.5,364.0,335.0,363.5,58749504
2026-08-31,327.0,327.0,347.0,309.5,343.0,38783903
2026-09-01,319.0,319.0,334.5,309.5,328.0,37385107
2026-09-02,313.5,313.5,325.0,311.0,319.0,22914063
2026-09-03,293.0,293.0,318.5,291.0,316.0,39244963
2026-09-04,297.5,297.5,321.0,295.5,307.0,40392394
2026-09-07,327.0,327.0,327.0,306.0,324.0,22298940
2026-09-08,294.5,294.5,327.5,294.5,327.5,40437247
2026-09-09,289.5,289.5,299.0,282.0,294.5,33308686
2026-09-10,275.0,275.0,295.0,273.5,287.5,23501063
2026-09-11,272.0,272.0,280.0,270.5,272.0,22099927
2026-09-14,274.0,274.0,280.0,261.0,268.0,14851591
2026-09-15,270.0,270.0,285.0,269.5,273.0,17266429
2026-09-16,275.5,275.5,278.0,271.0,277.5,12424803
2026-09-17,257.0,257.0,279.0,256.5,278.0,22338443
2026-09-18,269.5,269.5,271.0,257.0,260.5,18951532
2026-09-21,265.0,265.0,272.0,262.5,270.0,9175138
2026-09-22,262.5,262.5,277.0,261.5,270.0,10462920
2026-09-23,256.0,256.0,264.0,253.0,264.0,8527489
2026-09-24,258.5,258.5,261.0,254.0,255.5,7006740
2026-09-29,273.5,273.5,273.5,256.5,257.5,14052899
2026-09-30,300.5,300.5,300.5,277.5,279.5,31798678
2026-10-01,288.5,288.5,297.5,285.0,297.0,30321735
2026-10-02,296.0,296.0,296.0,280.5,285.0,19171352
