Date,Adj Close,Close,High,Low,Open,Volume
2016-08-12,99.0,99.0,102.5,98.9,98.9,1544384
2016-08-15,99.0,99.0,102.5,98.9,98.9,1544384
2016-08-16,99.0,99.0,102.5,98.9,98.9,1544384
2016-08-17,99.0,99.0,102.5,98.9,98.9,1544384
2016-08-18,99.0,99.0,102.5,98.9,98.9,1544384
2016-08-19,99.0,99.0,102.5,98.9,98.9,1544384
2016-08-22,99.0,99.0,102.5,98.9,98.9,1544384
2016-08-23,99.0,99.0,102.5,98.9,98.9,1544384
2016-08-24,99.0,99.0,102.5,98.9,98.9,1544384
2016-08-25,99.0,99.0,102.5,98.9,98.9,1544384
2016-08-26,99.0,99.0,102.5,98.9,98.9,1544384
2016-08-29,99.0,99.0,102.5,98.9,98.9,1544384
2016-08-30,99.0,99.0,102.5,98.9,98.9,1544384
2016-08-31,99.0,99.0,102.5,98.9,98.9,1544384
2016-09-01,99.0,99.0,102.5,98.9,98.9,1544384
2016-09-02,99.0,99.0,102.5,98.9,98.9,1544384
2016-09-05,99.0,99.0,102.5,98.9,98.9,1544384
2016-09-06,99.0,99.0,102.5,98.9,98.9,1544384
2016-09-07,99.0,99.0,102.5,98.9,98.9,1544384
2016-09-08,99.0,99.0,102.5,98.9,98.9,1544384
2016-09-09,99.0,99.0,102.5,98.9,98.9,1544384
2016-09-12,99.0,99.0,102.5,98.9,98.9,1544384
2016-09-13,99.0,99.0,102.5,98.9,98.9,1544384
2016-09-14,99.0,99.0,102.5,98.9,98.9,1544384
2016-09-19,99.0,99.0,102.5,98.9,98.9,1544384
2016-09-20,99.0,99.0,102.5,98.9,98.9,1544384
2016-09-21,99.0,99.0,102.5,98.9,98.9,1544384
2016-09-22,99.0,99.0,102.5,98.9,98.9,1544384
2016-09-23,99.0,99.0,102.5,98.9,98.9,1544384
2016-09-26,99.0,99.0,102.5,98.9,98.9,1544384
2016-09-29,99.0,99.0,102.5,98.9,98.9,1544384
2016-09-30,99.0,99.0,102.5,98.9,98.9,1544384
2016-10-03,99.0,99.0,102.5,98.9,98.9,1544384
2016-10-04,99.0,99.0,102.5,98.9,98.9,1544384
2016-10-05,99.0,99.0,102.5,98.9,98.9,1544384
2016-10-06,99.0,99.0,102.5,98.9,98.9,1544384
2016-10-07,99.0,99.0,102.5,98.9,98.9,1544384
2016-10-11,99.0,99.0,102.5,98.9,98.9,1544384
2016-10-12,99.0,99.0,102.5,98.9,98.9,1544384
2016-10-13,99.0,99.0,102.5,98.9,98.9,1544384
2016-10-14,99.0,99.0,102.5,98.9,98.9,1544384
2016-10-17,99.0,99.0,102.5,98.9,98.9,1544384
2016-10-18,99.0,99.0,102.5,98.9,98.9,1544384
2016-10-19,99.0,99.0,102.5,98.9,98.9,1544384
2016-10-20,99.0,99.0,102.5,98.9,98.9,1544384
2016-10-21,99.0,99.0,102.5,98.9,98.9,1544384
2016-10-24,99.0,99.0,102.5,98.9,98.9,1544384
2016-10-25,99.0,99.0,102.5,98.9,98.9,1544384
2016-10-26,99.0,99.0,102.5,98.9,98.9,1544384
2016-10-27,99.0,99.0,102.5,98.9,98.9,1544384
2016-10-28,99.0,99.0,102.5,98.9,98.9,1544384
2016-10-31,99.0,99.0,102.5,98.9,98.9,1544384
2016-11-01,99.0,99.0,102.5,98.9,98.9,1544384
2016-11-02,99.0,99.0,102.5,98.9,98.9,1544384
2016-11-03,99.0,99.0,102.5,98.9,98.9,1544384
2016-11-04,99.0,99.0,102.5,98.9,98.9,1544384
2016-11-07,99.0,99.0,102.5,98.9,98.9,1544384
2016-11-08,99.0,99.0,102.5,98.9,98.9,1544384
2016-11-09,99.0,99.0,102.5,98.9,98.9,1544384
2016-11-10,99.0,99.0,102.5,98.9,98.9,1544384
2016-11-11,99.0,99.0,102.5,98.9,98.9,1544384
2016-11-14,99.0,99.0,102.5,98.9,98.9,1544384
2016-11-15,99.0,99.0,102.5,98.9,98.9,1544384
2016-11-16,99.0,99.0,102.5,98.9,98.9,1544384
2016-11-17,99.0,99.0,102.5,98.9,98.9,1544384
2016-11-18,99.0,99.0,102.5,98.9,98.9,1544384
2016-11-21,99.0,99.0,102.5,98.9,98.9,1544384
2016-11-22,99.0,99.0,102.5,98.9,98.9,1544384
2016-11-23,99.0,99.0,102.5,98.9,98.9,1544384
2016-11-24,99.0,99.0,102.5,98.9,98.9,1544384
2016-11-25,99.0,99.0,102.5,98.9,98.9,1544384
2016-11-28,99.0,99.0,102.5,98.9,98.9,1544384
2016-11-29,99.0,99.0,102.5,98.9,98.9,1544384
2016-11-30,99.0,99.0,102.5,98.9,98.9,1544384
2016-12-01,99.0,99.0,102.5,98.9,98.9,1544384
2016-12-02,99.0,99.0,102.5,98.9,98.9,1544384
2016-12-05,99.0,99.0,102.5,98.9,98.9,1544384
2016-12-06,99.0,99.0,102.5,98.9,98.9,1544384
2016-12-07,99.0,99.0,102.5,98.9,98.9,1544384
2016-12-08,99.0,99.0,102.5,98.9,98.9,1544384
2016-12-09,99.0,99.0,102.5,98.9,98.9,1544384
2016-12-12,99.0,99.0,102.5,98.9,98.9,1544384
2016-12-13,99.0,99.0,102.5,98.9,98.9,1544384
2016-12-14,99.0,99.0,102.5,98.9,98.9,1544384
2016-12-15,99.0,99.0,102.5,98.9,98.9,1544384
2016-12-16,99.0,99.0,102.5,98.9,98.9,1544384
2016-12-19,99.0,99.0,102.5,98.9,98.9,1544384
2016-12-20,99.0,99.0,102.5,98.9,98.9,1544384
2016-12-21,99.0,99.0,102.5,98.9,98.9,1544384
2016-12-22,99.0,99.0,102.5,98.9,98.9,1544384
2016-12-23,99.0,99.0,102.5,98.9,98.9,1544384
2016-12-26,99.0,99.0,102.5,98.9,98.9,1544384
2016-12-27,99.0,99.0,102.5,98.9,98.9,1544384
2016-12-28,99.0,99.0,102.5,98.9,98.9,1544384
2016-12-29,99.0,99.0,102.5,98.9,98.9,1544384
2016-12-30,99.0,99.0,102.5,98.9,98.9,1544384
2017-01-03,99.0,99.0,102.5,98.9,98.9,1544384
2017-01-04,99.0,99.0,102.5,98.9,98.9,1544384
2017-01-05,99.0,99.0,102.5,98.9,98.9,1544384
2017-01-06,99.0,99.0,102.5,98.9,98.9,1544384
2017-01-09,99.0,99.0,102.5,98.9,98.9,1544384
2017-01-10,99.0,99.0,102.5,98.9,98.9,1544384
2017-01-11,99.0,99.0,102.5,98.9,98.9,1544384
2017-01-12,99.0,99.0,102.5,98.9,98.9,1544384
2017-01-13,99.0,99.0,102.5,98.9,98.9,1544384
2017-01-16,99.0,99.0,102.5,98.9,98.9,1544384
2017-01-17,99.0,99.0,102.5,98.9,98.9,1544384
2017-01-18,99.0,99.0,102.5,98.9,98.9,1544384
2017-01-19,99.0,99.0,102.5,98.9,98.9,1544384
2017-01-20,99.0,99.0,102.5,98.9,98.9,1544384
2017-01-23,99.0,99.0,102.5,98.9,98.9,1544384
2017-01-24,99.0,99.0,102.5,98.9,98.9,1544384
2017-02-02,99.0,99.0,102.5,98.9,98.9,1544384
2017-02-03,99.0,99.0,102.5,98.9,98.9,1544384
2017-02-06,99.0,99.0,102.5,98.9,98.9,1544384
2017-02-07,99.0,99.0,102.5,98.9,98.9,1544384
2017-02-08,99.0,99.0,102.5,98.9,98.9,1544384
2017-02-09,99.0,99.0,102.5,98.9,98.9,1544384
2017-02-10,99.0,99.0,102.5,98.9,98.9,1544384
2017-02-13,99.0,99.0,102.5,98.9,98.9,1544384
2017-02-14,99.0,99.0,102.5,98.9,98.9,1544384
2017-02-15,99.0,99.0,102.5,98.9,98.9,1544384
2017-02-16,99.0,99.0,102.5,98.9,98.9,1544384
2017-02-17,99.0,99.0,102.5,98.9,98.9,1544384
2017-02-20,99.0,99.0,102.5,98.9,98.9,1544384
2017-02-21,99.0,99.0,102.5,98.9,98.9,1544384
2017-02-22,99.0,99.0,102.5,98.9,98.9,1544384
2017-02-23,99.0,99.0,102.5,98.9,98.9,1544384
2017-02-24,99.0,99.0,102.5,98.9,98.9,1544384
2017-03-01,99.0,99.0,102.5,98.9,98.9,1544384
2017-03-02,99.0,99.0,102.5,98.9,98.9,1544384
2017-03-03,99.0,99.0,102.5,98.9,98.9,1544384
2017-03-06,99.0,99.0,102.5,98.9,98.9,1544384
2017-03-07,99.0,99.0,102.5,98.9,98.9,1544384
2017-03-08,99.0,99.0,102.5,98.9,98.9,1544384
2017-03-09,99.0,99.0,102.5,98.9,98.9,1544384
2017-03-10,99.0,99.0,102.5,98.9,98.9,1544384
2017-03-13,99.0,99.0,102.5,98.9,98.9,1544384
2017-03-14,99.0,99.0,102.5,98.9,98.9,1544384
2017-03-15,99.0,99.0,102.5,98.9,98.9,1544384
2017-03-16,99.0,99.0,102.5,98.9,98.9,1544384
2017-03-17,99.0,99.0,102.5,98.9,98.9,1544384
2017-03-20,99.0,99.0,102.5,98.9,98.9,1544384
2017-03-21,99.0,99.0,102.5,98.9,98.9,1544384
2017-03-22,99.0,99.0,102.5,98.9,98.9,1544384
2017-03-23,99.0,99.0,102.5,98.9,98.9,1544384
2017-03-24,99.0,99.0,102.5,98.9,98.9,1544384
2017-03-27,99.0,99.0,102.5,98.9,98.9,1544384
2017-03-28,99.0,99.0,102.5,98.9,98.9,1544384
2017-03-29,99.0,99.0,102.5,98.9,98.9,1544384
2017-03-30,99.0,99.0,102.5,98.9,98.9,1544384
2017-03-31,99.0,99.0,102.5,98.9,98.9,1544384
2017-04-05,99.0,99.0,102.5,98.9,98.9,1544384
2017-04-06,99.0,99.0,102.5,98.9,98.9,1544384
2017-04-07,99.0,99.0,102.5,98.9,98.9,1544384
2017-04-10,99.0,99.0,102.5,98.9,98.9,1544384
2017-04-11,99.0,99.0,102.5,98.9,98.9,1544384
2017-04-12,99.0,99.0,102.5,98.9,98.9,1544384
2017-04-13,99.0,99.0,102.5,98.9,98.9,1544384
2017-04-14,99.0,99.0,102.5,98.9,98.9,1544384
2017-04-17,99.0,99.0,102.5,98.9,98.9,1544384
2017-04-18,99.0,99.0,102.5,98.9,98.9,1544384
2017-04-19,99.0,99.0,102.5,98.9,98.9,1544384
2017-04-21,99.0,99.0,102.5,98.9,98.9,1544384
2017-04-24,99.0,99.0,102.5,98.9,98.9,1544384
2017-04-25,99.0,99.0,102.5,98.9,98.9,1544384
2017-04-26,99.0,99.0,102.5,98.9,98.9,1544384
2017-04-27,99.0,99.0,102.5,98.9,98.9,1544384
2017-04-28,99.0,99.0,102.5,98.9,98.9,1544384
2017-05-02,99.0,99.0,102.5,98.9,98.9,1544384
2017-05-03,99.0,99.0,102.5,98.9,98.9,1544384
2017-05-04,99.0,99.0,102.5,98.9,98.9,1544384
2017-05-05,99.0,99.0,102.5,98.9,98.9,1544384
2017-05-08,99.0,99.0,102.5,98.9,98.9,1544384
2017-05-09,99.0,99.0,102.5,98.9,98.9,1544384
2017-05-10,99.0,99.0,102.5,98.9,98.9,1544384
2017-05-11,99.0,99.0,102.5,98.9,98.9,1544384
2017-05-12,99.0,99.0,102.5,98.9,98.9,1544384
2017-05-15,99.0,99.0,102.5,98.9,98.9,1544384
2017-05-16,99.0,99.0,102.5,98.9,98.9,1544384
2017-05-17,99.0,99.0,102.5,98.9,98.9,1544384
2017-05-18,99.0,99.0,102.5,98.9,98.9,1544384
2017-05-19,99.0,99.0,102.5,98.9,98.9,1544384
2017-05-22,99.0,99.0,102.5,98.9,98.9,1544384
2017-05-23,99.0,99.0,102.5,98.9,98.9,1544384
2017-05-24,99.0,99.0,102.5,98.9,98.9,1544384
2017-05-25,99.0,99.0,102.5,98.9,98.9,1544384
2017-05-26,99.0,99.0,102.5,98.9,98.9,1544384
2017-05-31,99.0,99.0,102.5,98.9,98.9,1544384
2017-06-01,99.0,99.0,102.5,98.9,98.9,1544384
2017-06-02,99.0,99.0,102.5,98.9,98.9,1544384
2017-06-05,99.0,99.0,102.5,98.9,98.9,1544384
2017-06-06,99.0,99.0,102.5,98.9,98.9,1544384
2017-06-07,99.0,99.0,102.5,98.9,98.9,1544384
2017-06-08,99.0,99.0,102.5,98.9,98.9,1544384
2017-06-09,99.0,99.0,102.5,98.9,98.9,1544384
2017-06-12,99.0,99.0,102.5,98.9,98.9,1544384
2017-06-13,99.0,99.0,102.5,98.9,98.9,1544384
2017-06-14,99.0,99.0,102.5,98.9,98.9,1544384
2017-06-15,99.0,99.0,102.5,98.9,98.9,1544384
2017-06-16,99.0,99.0,102.5,98.9,98.9,1544384
2017-06-19,99.0,99.0,102.5,98.9,98.9,1544384
2017-06-20,99.0,99.0,102.5,98.9,98.9,1544384
2017-06-21,99.0,99.0,102.5,98.9,98.9,1544384
2017-06-22,99.0,99.0,102.5,98.9,98.9,1544384
2017-06-23,99.0,99.0,102.5,98.9,98.9,1544384
2017-06-26,99.0,99.0,102.5,98.9,98.9,1544384
2017-06-27,99.0,99.0,102.5,98.9,98.9,1544384
2017-06-28,99.0,99.0,102.5,98.9,98.9,1544384
2017-06-29,99.0,99.0,102.5,98.9,98.9,1544384
2017-06-30,99.0,99.0,102.5,98.9,98.9,1544384
2017-07-03,99.0,99.0,102.5,98.9,98.9,1544384
2017-07-04,99.0,99.0,102.5,98.9,98.9,1544384
2017-07-05,99.0,99.0,102.5,98.9,98.9,1544384
2017-07-06,99.0,99.0,102.5,98.9,98.9,1544384
2017-07-07,99.0,99.0,102.5,98.9,98.9,1544384
2017-07-10,99.0,99.0,102.5,98.9,98.9,1544384
2017-07-11,99.0,99.0,102.5,98.9,98.9,1544384
2017-07-12,99.0,99.0,102.5,98.9,98.9,1544384
2017-07-13,99.0,99.0,102.5,98.9,98.9,1544384
2017-07-14,99.0,99.0,102.5,98.9,98.9,1544384
2017-07-17,99.0,99.0,102.5,98.9,98.9,1544384
2017-07-18,99.0,99.0,102.5,98.9,98.9,1544384
2017-07-19,99.0,99.0,102.5,98.9,98.9,1544384
2017-07-20,99.0,99.0,102.5,98.9,98.9,1544384
2017-07-21,99.0,99.0,102.5,98.9,98.9,1544384
2017-07-24,99.0,99.0,102.5,98.9,98.9,1544384
2017-07-25,99.0,99.0,102.5,98.9,98.9,1544384
2017-07-26,99.0,99.0,102.5,98.9,98.9,1544384
2017-07-27,99.0,99.0,102.5,98.9,98.9,1544384
2017-07-28,99.0,99.0,102.5,98.9,98.9,1544384
2017-07-31,99.0,99.0,102.5,98.9,98.9,1544384
2017-08-01,99.0,99.0,102.5,98.9,98.9,1544384
2017-08-02,99.0,99.0,102.5,98.9,98.9,1544384
2017-08-03,99.0,99.0,102.5,98.9,98.9,1544384
2017-08-04,99.0,99.0,102.5,98.9,98.9,1544384
2017-08-07,99.0,99.0,102.5,98.9,98.9,1544384
2017-08-08,99.0,99.0,102.5,98.9,98.9,1544384
2017-08-09,99.0,99.0,102.5,98.9,98.9,1544384
2017-08-10,99.0,99.0,102.5,98.9,98.9,1544384
2017-08-11,99.0,99.0,102.5,98.9,98.9,1544384
2017-08-14,99.0,99.0,102.5,98.9,98.9,1544384
2017-08-15,99.0,99.0,102.5,98.9,98.9,1544384
2017-08-16,99.0,99.0,102.5,98.9,98.9,1544384
2017-08-17,99.0,99.0,102.5,98.9,98.9,1544384
2017-08-18,99.0,99.0,102.5,98.9,98.9,1544384
2017-08-21,99.0,99.0,102.5,98.9,98.9,1544384
2017-08-22,99.0,99.0,102.5,98.9,98.9,1544384
2017-08-23,99.0,99.0,102.5,98.9,98.9,1544384
2017-08-24,99.0,99.0,102.5,98.9,98.9,1544384
2017-08-25,99.0,99.0,102.5,98.9,98.9,1544384
2017-08-28,99.0,99.0,102.5,98.9,98.9,1544384
2017-08-29,99.0,99.0,102.5,98.9,98.9,1544384
2017-08-30,99.0,99.0,102.5,98.9,98.9,1544384
2017-08-31,99.0,99.0,102.5,98.9,98.9,1544384
2017-09-01,99.0,99.0,102.5,98.9,98.9,1544384
2017-09-04,99.0,99.0,102.5,98.9,98.9,1544384
2017-09-05,99.0,99.0,102.5,98.9,98.9,1544384
2017-09-06,99.0,99.0,102.5,98.9,98.9,1544384
2017-09-07,99.0,99.0,102.5,98.9,98.9,1544384
2017-09-08,99.0,99.0,102.5,98.9,98.9,1544384
2017-09-11,99.0,99.0,102.5,98.9,98.9,1544384
2017-09-12,99.0,99.0,102.5,98.9,98.9,1544384
2017-09-13,99.0,99.0,102.5,98.9,98.9,1544384
2017-09-14,99.0,99.0,102.5,98.9,98.9,1544384
2017-09-15,99.0,99.0,102.5,98.9,98.9,1544384
2017-09-18,99.0,99.0,102.5,98.9,98.9,1544384
2017-09-19,99.0,99.0,102.5,98.9,98.9,1544384
2017-09-20,99.0,99.0,102.5,98.9,98.9,1544384
2017-09-21,99.0,99.0,102.5,98.9,98.9,1544384
2017-09-22,99.0,99.0,102.5,98.9,98.9,1544384
2017-09-25,99.0,99.0,102.5,98.9,98.9,1544384
2017-09-26,99.0,99.0,102.5,98.9,98.9,1544384
2017-09-27,99.0,99.0,102.5,98.9,98.9,1544384
2017-09-28,99.0,99.0,102.5,98.9,98.9,1544384
2017-09-29,99.0,99.0,102.5,98.9,98.9,1544384
2017-10-02,99.0,99.0,102.5,98.9,98.9,1544384
2017-10-03,99.0,99.0,102.5,98.9,98.9,1544384
2017-10-05,99.0,99.0,102.5,98.9,98.9,1544384
2017-10-06,99.0,99.0,102.5,98.9,98.9,1544384
2017-10-11,99.0,99.0,102.5,98.9,98.9,1544384
2017-10-12,99.0,99.0,102.5,98.9,98.9,1544384
2017-10-13,99.0,99.0,102.5,98.9,98.9,1544384
2017-10-16,99.0,99.0,102.5,98.9,98.9,1544384
2017-10-17,99.0,99.0,102.5,98.9,98.9,1544384
2017-10-18,99.0,99.0,102.5,98.9,98.9,1544384
2017-10-19,99.0,99.0,102.5,98.9,98.9,1544384
2017-10-20,99.0,99.0,102.5,98.9,98.9,1544384
2017-10-23,99.0,99.0,102.5,98.9,98.9,1544384
2017-10-24,99.0,99.0,102.5,98.9,98.9,1544384
2017-10-25,99.0,99.0,102.5,98.9,98.9,1544384
2017-10-26,99.0,99.0,102.5,98.9,98.9,1544384
2017-10-27,99.0,99.0,102.5,98.9,98.9,1544384
2017-10-30,99.0,99.0,102.5,98.9,98.9,1544384
2017-10-31,99.0,99.0,102.5,98.9,98.9,1544384
2017-11-01,99.0,99.0,102.5,98.9,98.9,1544384
2017-11-02,99.0,99.0,102.5,98.9,98.9,1544384
2017-11-03,99.0,99.0,102.5,98.9,98.9,1544384
2017-11-06,99.0,99.0,102.5,98.9,98.9,1544384
2017-11-07,99.0,99.0,102.5,98.9,98.9,1544384
2017-11-08,99.0,99.0,102.5,98.9,98.9,1544384
2017-11-09,99.0,99.0,102.5,98.9,98.9,1544384
2017-11-10,99.0,99.0,102.5,98.9,98.9,1544384
2017-11-13,99.0,99.0,102.5,98.9,98.9,1544384
2017-11-14,99.0,99.0,102.5,98.9,98.9,1544384
2017-11-15,99.0,99.0,102.5,98.9,98.9,1544384
2017-11-16,99.0,99.0,102.5,98.9,98.9,1544384
2017-11-17,99.0,99.0,102.5,98.9,98.9,1544384
2017-11-20,99.0,99.0,102.5,98.9,98.9,1544384
2017-11-21,99.0,99.0,102.5,98.9,98.9,1544384
2017-11-22,99.0,99.0,102.5,98.9,98.9,1544384
2017-11-23,99.0,99.0,102.5,98.9,98.9,1544384
2017-11-24,99.0,99.0,102.5,98.9,98.9,1544384
2017-11-27,99.0,99.0,102.5,98.9,98.9,1544384
2017-11-28,99.0,99.0,102.5,98.9,98.9,1544384
2017-11-29,99.0,99.0,102.5,98.9,98.9,1544384
2017-11-30,99.0,99.0,102.5,98.9,98.9,1544384
2017-12-01,99.0,99.0,102.5,98.9,98.9,1544384
2017-12-04,99.0,99.0,102.5,98.9,98.9,1544384
2017-12-05,99.0,99.0,102.5,98.9,98.9,1544384
2017-12-06,99.0,99.0,102.5,98.9,98.9,1544384
2017-12-07,99.0,99.0,102.5,98.9,98.9,1544384
2017-12-08,99.0,99.0,102.5,98.9,98.9,1544384
2017-12-11,99.0,99.0,102.5,98.9,98.9,1544384
2017-12-12,99.0,99.0,102.5,98.9,98.9,1544384
2017-12-13,99.0,99.0,102.5,98.9,98.9,1544384
2017-12-14,99.0,99.0,102.5,98.9,98.9,1544384
2017-12-15,99.0,99.0,102.5,98.9,98.9,1544384
2017-12-18,99.0,99.0,102.5,98.9,98.9,1544384
2017-12-19,99.0,99.0,102.5,98.9,98.9,1544384
2017-12-20,99.0,99.0,102.5,98.9,98.9,1544384
2017-12-21,99.0,99.0,102.5,98.9,98.9,1544384
2017-12-22,99.0,99.0,102.5,98.9,98.9,1544384
2017-12-25,99.0,99.0,102.5,98.9,98.9,1544384
2017-12-26,99.0,99.0,102.5,98.9,98.9,1544384
2017-12-27,99.0,99.0,102.5,98.9,98.9,1544384
2017-12-28,99.0,99.0,102.5,98.9,98.9,1544384
2017-12-29,99.0,99.0,102.5,98.9,98.9,1544384
2018-01-02,99.0,99.0,102.5,98.9,98.9,1544384
2018-01-03,99.0,99.0,102.5,98.9,98.9,1544384
2018-01-04,99.0,99.0,102.5,98.9,98.9,1544384
2018-01-05,99.0,99.0,102.5,98.9,98.9,1544384
2018-01-08,99.0,99.0,102.5,98.9,98.9,1544384
2018-01-09,99.0,99.0,102.5,98.9,98.9,1544384
2018-01-10,99.0,99.0,102.5,98.9,98.9,1544384
2018-01-11,99.0,99.0,102.5,98.9,98.9,1544384
2018-01-12,99.0,99.0,102.5,98.9,98.9,1544384
2018-01-15,99.0,99.0,102.5,98.9,98.9,1544384
2018-01-16,99.0,99.0,102.5,98.9,98.9,1544384
2018-01-17,99.0,99.0,102.5,98.9,98.9,1544384
2018-01-18,99.0,99.0,102.5,98.9,98.9,1544384
2018-01-19,99.0,99.0,102.5,98.9,98.9,1544384
2018-01-22,99.0,99.0,102.5,98.9,98.9,1544384
2018-01-23,99.0,99.0,102.5,98.9,98.9,1544384
2018-01-24,99.0,99.0,102.5,98.9,98.9,1544384
2018-01-25,99.0,99.0,102.5,98.9,98.9,1544384
2018-01-26,99.0,99.0,102.5,98.9,98.9,1544384
2018-01-29,99.0,99.0,102.5,98.9,98.9,1544384
2018-01-30,99.0,99.0,102.5,98.9,98.9,1544384
2018-01-31,99.0,99.0,102.5,98.9,98.9,1544384
2018-02-01,99.0,99.0,102.5,98.9,98.9,1544384
2018-02-02,99.0,99.0,102.5,98.9,98.9,1544384
2018-02-05,99.0,99.0,102.5,98.9,98.9,1544384
2018-02-06,99.0,99.0,102.5,98.9,98.9,1544384
2018-02-07,99.0,99.0,102.5,98.9,98.9,1544384
2018-02-08,99.0,99.0,102.5,98.9,98.9,1544384
2018-02-09,99.0,99.0,102.5,98.9,98.9,1544384
2018-02-12,99.0,99.0,102.5,98.9,98.9,1544384
2018-02-21,99.0,99.0,102.5,98.9,98.9,1544384
2018-02-22,99.0,99.0,102.5,98.9,98.9,1544384
2018-02-23,99.0,99.0,102.5,98.9,98.9,1544384
2018-02-26,99.0,99.0,102.5,98.9,98.9,1544384
2018-02-27,99.0,99.0,102.5,98.9,98.9,1544384
2018-03-01,99.0,99.0,102.5,98.9,98.9,1544384
2018-03-02,99.0,99.0,102.5,98.9,98.9,1544384
2018-03-05,99.0,99.0,102.5,98.9,98.9,1544384
2018-03-06,99.0,99.0,102.5,98.9,98.9,1544384
2018-03-07,99.0,99.0,102.5,98.9,98.9,1544384
2018-03-08,99.0,99.0,102.5,98.9,98.9,1544384
2018-03-09,99.0,99.0,102.5,98.9,98.9,1544384
2018-03-12,99.0,99.0,102.5,98.9,98.9,1544384
2018-03-13,99.0,99.0,102.5,98.9,98.9,1544384
2018-03-14,99.0,99.0,102.5,98.9,98.9,1544384
2018-03-15,99.0,99.0,102.5,98.9,98.9,1544384
2018-03-16,99.0,99.0,102.5,98.9,98.9,1544384
2018-03-19,99.0,99.0,102.5,98.9,98.9,1544384
2018-03-20,99.0,99.0,102.5,98.9,98.9,1544384
2018-03-21,99.0,99.0,102.5,98.9,98.9,1544384
2018-03-22,99.0,99.0,102.5,98.9,98.9,1544384
2018-03-23,99.0,99.0,102.5,98.9,98.9,1544384
2018-03-26,99.0,99.0,102.5,98.9,98.9,1544384
2018-03-27,99.0,99.0,102.5,98.9,98.9,1544384
2018-03-28,99.0,99.0,102.5,98.9,98.9,1544384
2018-03-29,99.0,99.0,102.5,98.9,98.9,1544384
2018-03-30,99.0,99.0,102.5,98.9,98.9,1544384
2018-04-02,99.0,99.0,102.5,98.9,98.9,1544384
2018-04-03,99.0,99.0,102.5,98.9,98.9,1544384
2018-04-09,99.0,99.0,102.5,98.9,98.9,1544384
2018-04-10,99.0,99.0,102.5,98.9,98.9,1544384
2018-04-11,99.0,99.0,102.5,98.9,98.9,1544384
2018-04-12,99.0,99.0,102.5,98.9,98.9,1544384
2018-04-13,99.0,99.0,102.5,98.9,98.9,1544384
2018-04-16,99.0,99.0,102.5,98.9,98.9,1544384
2018-04-17,99.0,99.0,102.5,98.9,98.9,1544384
2018-04-18,99.0,99.0,102.5,98.9,98.9,1544384
2018-04-19,99.0,99.0,102.5,98.9,98.9,1544384
2018-04-20,99.0,99.0,102.5,98.9,98.9,1544384
2018-04-23,99.0,99.0,102.5,98.9,98.9,1544384
2018-04-24,99.0,99.0,102.5,98.9,98.9,1544384
2018-04-25,99.0,99.0,102.5,98.9,98.9,1544384
2018-04-26,99.0,99.0,102.5,98.9,98.9,1544384
2018-04-27,99.0,99.0,102.5,98.9,98.9,1544384
2018-04-30,99.0,99.0,102.5,98.9,98.9,1544384
2018-05-02,99.0,99.0,102.5,98.9,98.9,1544384
2018-05-03,99.0,99.0,102.5,98.9,98.9,1544384
2018-05-04,99.0,99.0,102.5,98.9,98.9,1544384
2018-05-07,99.0,99.0,102.5,98.9,98.9,1544384
2018-05-08,99.0,99.0,102.5,98.9,98.9,1544384
2018-05-09,99.0,99.0,102.5,98.9,98.9,1544384
2018-05-10,99.0,99.0,102.5,98.9,98.9,1544384
2018-05-11,99.0,99.0,102.5,98.9,98.9,1544384
2018-05-14,99.0,99.0,102.5,98.9,98.9,1544384
2018-05-15,99.0,99.0,102.5,98.9,98.9,1544384
2018-05-16,99.0,99.0,102.5,98.9,98.9,1544384
2018-05-17,99.0,99.0,102.5,98.9,98.9,1544384
2018-05-18,99.0,99.0,102.5,98.9,98.9,1544384
2018-05-21,99.0,99.0,102.5,98.9,98.9,1544384
2018-05-22,99.0,99.0,102.5,98.9,98.9,1544384
2018-05-23,99.0,99.0,102.5,98.9,98.9,1544384
2018-05-24,99.0,99.0,102.5,98.9,98.9,1544384
2018-05-25,99.0,99.0,102.5,98.9,98.9,1544384
2018-05-28,99.0,99.0,102.5,98.9,98.9,1544384
2018-05-29,99.0,99.0,102.5,98.9,98.9,1544384
2018-05-30,99.0,99.0,102.5,98.9,98.9,1544384
2018-05-31,99.0,99.0,102.5,98.9,98.9,1544384
2018-06-01,99.0,99.0,102.5,98.9,98.9,1544384
2018-06-04,99.0,99.0,102.5,98.9,98.9,1544384
2018-06-05,99.0,99.0,102.5,98.9,98.9,1544384
2018-06-06,99.0,99.0,102.5,98.9,98.9,1544384
2018-06-07,99.0,99.0,102.5,98.9,98.9,1544384
2018-06-08,99.0,99.0,102.5,98.9,98.9,1544384
2018-06-11,99.0,99.0,102.5,98.9,98.9,1544384
2018-06-12,99.0,99.0,102.5,98.9,98.9,1544384
2018-06-13,99.0,99.0,102.5,98.9,98.9,1544384
2018-06-14,99.0,99.0,102.5,98.9,98.9,1544384
2018-06-15,99.0,99.0,102.5,98.9,98.9,1544384
2018-06-19,99.0,99.0,102.5,98.9,98.9,1544384
2018-06-20,99.0,99.0,102.5,98.9,98.9,1544384
2018-06-21,99.0,99.0,102.5,98.9,98.9,1544384
2018-06-22,99.0,99.0,102.5,98.9,98.9,1544384
2018-06-25,99.0,99.0,102.5,98.9,98.9,1544384
2018-06-26,99.0,99.0,102.5,98.9,98.9,1544384
2018-06-27,99.0,99.0,102.5,98.9,98.9,1544384
2018-06-28,99.0,99.0,102.5,98.9,98.9,1544384
2018-06-29,99.0,99.0,102.5,98.9,98.9,1544384
2018-07-02,99.0,99.0,102.5,98.9,98.9,1544384
2018-07-03,99.0,99.0,102.5,98.9,98.9,1544384
2018-07-04,99.0,99.0,102.5,98.9,98.9,1544384
2018-07-05,99.0,99.0,102.5,98.9,98.9,1544384
2018-07-06,99.0,99.0,102.5,98.9,98.9,1544384
2018-07-09,99.0,99.0,102.5,98.9,98.9,1544384
2018-07-10,99.0,99.0,102.5,98.9,98.9,1544384
2018-07-11,99.0,99.0,102.5,98.9,98.9,1544384
2018-07-12,99.0,99.0,102.5,98.9,98.9,1544384
2018-07-13,99.0,99.0,102.5,98.9,98.9,1544384
2018-07-16,99.0,99.0,102.5,98.9,98.9,1544384
2018-07-17,99.0,99.0,102.5,98.9,98.9,1544384
2018-07-18,99.0,99.0,102.5,98.9,98.9,1544384
2018-07-19,99.0,99.0,102.5,98.9,98.9,1544384
2018-07-20,99.0,99.0,102.5,98.9,98.9,1544384
2018-07-23,99.0,99.0,102.5,98.9,98.9,1544384
2018-07-24,99.0,99.0,102.5,98.9,98.9,1544384
2018-07-25,99.0,99.0,102.5,98.9,98.9,1544384
2018-07-26,99.0,99.0,102.5,98.9,98.9,1544384
2018-07-27,99.0,99.0,102.5,98.9,98.9,1544384
2018-07-30,99.0,99.0,102.5,98.9,98.9,1544384
2018-07-31,99.0,99.0,102.5,98.9,98.9,1544384
2018-08-01,99.0,99.0,102.5,98.9,98.9,1544384
2018-08-02,99.0,99.0,102.5,98.9,98.9,1544384
2018-08-03,99.0,99.0,102.5,98.9,98.9,1544384
2018-08-06,99.0,99.0,102.5,98.9,98.9,1544384
2018-08-07,99.0,99.0,102.5,98.9,98.9,1544384
2018-08-08,99.0,99.0,102.5,98.9,98.9,1544384
2018-08-09,99.0,99.0,102.5,98.9,98.9,1544384
2018-08-10,99.0,99.0,102.5,98.9,98.9,1544384
2018-08-13,99.0,99.0,102.5,98.9,98.9,1544384
2018-08-14,99.0,99.0,102.5,98.9,98.9,1544384
2018-08-15,99.0,99.0,102.5,98.9,98.9,1544384
2018-08-16,99.0,99.0,102.5,98.9,98.9,1544384
2018-08-17,99.0,99.0,102.5,98.9,98.9,1544384
2018-08-20,99.0,99.0,102.5,98.9,98.9,1544384
2018-08-21,99.0,99.0,102.5,98.9,98.9,1544384
2018-08-22,99.0,99.0,102.5,98.9,98.9,1544384
2018-08-23,99.0,99.0,102.5,98.9,98.9,1544384
2018-08-24,99.0,99.0,102.5,98.9,98.9,1544384
2018-08-27,99.0,99.0,102.5,98.9,98.9,1544384
2018-08-28,99.0,99.0,102.5,98.9,98.9,1544384
2018-08-29,99.0,99.0,102.5,98.9,98.9,1544384
2018-08-30,99.0,99.0,102.5,98.9,98.9,1544384
2018-08-31,99.0,99.0,102.5,98.9,98.9,1544384
2018-09-03,99.0,99.0,102.5,98.9,98.9,1544384
2018-09-04,99.0,99.0,102.5,98.9,98.9,1544384
2018-09-05,99.0,99.0,102.5,98.9,98.9,1544384
2018-09-06,99.0,99.0,102.5,98.9,98.9,1544384
2018-09-07,99.0,99.0,102.5,98.9,98.9,1544384
2018-09-10,99.0,99.0,102.5,98.9,98.9,1544384
2018-09-11,99.0,99.0,102.5,98.9,98.9,1544384
2018-09-12,99.0,99.0,102.5,98.9,98.9,1544384
2018-09-13,99.0,99.0,102.5,98.9,98.9,1544384
2018-09-14,99.0,99.0,102.5,98.9,98.9,1544384
2018-09-17,99.0,99.0,102.5,98.9,98.9,1544384
2018-09-18,99.0,99.0,102.5,98.9,98.9,1544384
2018-09-19,99.0,99.0,102.5,98.9,98.9,1544384
2018-09-20,99.0,99.0,102.5,98.9,98.9,1544384
2018-09-21,99.0,99.0,102.5,98.9,98.9,1544384
2018-09-25,99.0,99.0,102.5,98.9,98.9,1544384
2018-09-26,99.0,99.0,102.5,98.9,98.9,1544384
2018-09-27,99.0,99.0,102.5,98.9,98.9,1544384
2018-09-28,99.0,99.0,102.5,98.9,98.9,1544384
2018-10-01,99.0,99.0,102.5,98.9,98.9,1544384
2018-10-02,99.0,99.0,102.5,98.9,98.9,1544384
2018-10-03,99.0,99.0,102.5,98.9,98.9,1544384
2018-10-04,99.0,99.0,102.5,98.9,98.9,1544384
2018-10-05,99.0,99.0,102.5,98.9,98.9,1544384
2018-10-08,99.0,99.0,102.5,98.9,98.9,1544384
2018-10-09,99.0,99.0,102.5,98.9,98.9,1544384
2018-10-11,99.0,99.0,102.5,98.9,98.9,1544384
2018-10-12,99.0,99.0,102.5,98.9,98.9,1544384
2018-10-15,99.0,99.0,102.5,98.9,98.9,1544384
2018-10-16,99.0,99.0,102.5,98.9,98.9,1544384
2018-10-17,99.0,99.0,102.5,98.9,98.9,1544384
2018-10-18,99.0,99.0,102.5,98.9,98.9,1544384
2018-10-19,99.0,99.0,102.5,98.9,98.9,1544384
2018-10-22,99.0,99.0,102.5,98.9,98.9,1544384
2018-10-23,99.0,99.0,102.5,98.9,98.9,1544384
2018-10-24,99.0,99.0,102.5,98.9,98.9,1544384
2018-10-25,99.0,99.0,102.5,98.9,98.9,1544384
2018-10-26,99.0,99.0,102.5,98.9,98.9,1544384
2018-10-29,99.0,99.0,102.5,98.9,98.9,1544384
2018-10-30,99.0,99.0,102.5,98.9,98.9,1544384
2018-10-31,99.0,99.0,102.5,98.9,98.9,1544384
2018-11-01,99.0,99.0,102.5,98.9,98.9,1544384
2018-11-02,99.0,99.0,102.5,98.9,98.9,1544384
2018-11-05,99.0,99.0,102.5,98.9,98.9,1544384
2018-11-06,99.0,99.0,102.5,98.9,98.9,1544384
2018-11-07,99.0,99.0,102.5,98.9,98.9,1544384
2018-11-08,99.0,99.0,102.5,98.9,98.9,1544384
2018-11-09,99.0,99.0,102.5,98.9,98.9,1544384
2018-11-12,99.0,99.0,102.5,98.9,98.9,1544384
2018-11-13,99.0,99.0,102.5,98.9,98.9,1544384
2018-11-14,99.0,99.0,102.5,98.9,98.9,1544384
2018-11-15,99.0,99.0,102.5,98.9,98.9,1544384
2018-11-16,99.0,99.0,102.5,98.9,98.9,1544384
2018-11-19,99.0,99.0,102.5,98.9,98.9,1544384
2018-11-20,99.0,99.0,102.5,98.9,98.9,1544384
2018-11-21,99.0,99.0,102.5,98.9,98.9,1544384
2018-11-22,99.0,99.0,102.5,98.9,98.9,1544384
2018-11-23,99.0,99.0,102.5,98.9,98.9,1544384
2018-11-26,99.0,99.0,102.5,98.9,98.9,1544384
2018-11-27,99.0,99.0,102.5,98.9,98.9,1544384
2018-11-28,99.0,99.0,102.5,98.9,98.9,1544384
2018-11-29,99.0,99.0,102.5,98.9,98.9,1544384
2018-11-30,99.0,99.0,102.5,98.9,98.9,1544384
2018-12-03,99.0,99.0,102.5,98.9,98.9,1544384
2018-12-04,99.0,99.0,102.5,98.9,98.9,1544384
2018-12-05,99.0,99.0,102.5,98.9,98.9,1544384
2018-12-06,99.0,99.0,102.5,98.9,98.9,1544384
2018-12-07,99.0,99.0,102.5,98.9,98.9,1544384
2018-12-10,99.0,99.0,102.5,98.9,98.9,1544384
2018-12-11,99.0,99.0,102.5,98.9,98.9,1544384
2018-12-12,99.0,99.0,102.5,98.9,98.9,1544384
2018-12-13,99.0,99.0,102.5,98.9,98.9,1544384
2018-12-14,99.0,99.0,102.5,98.9,98.9,1544384
2018-12-17,99.0,99.0,102.5,98.9,98.9,1544384
2018-12-18,99.0,99.0,102.5,98.9,98.9,1544384
2018-12-19,99.0,99.0,102.5,98.9,98.9,1544384
2018-12-20,99.0,99.0,102.5,98.9,98.9,1544384
2018-12-21,99.0,99.0,102.5,98.9,98.9,1544384
2018-12-24,99.0,99.0,102.5,98.9,98.9,1544384
2018-12-25,99.0,99.0,102.5,98.9,98.9,1544384
2018-12-26,99.0,99.0,102.5,98.9,98.9,1544384
2018-12-27,99.0,99.0,102.5,98.9,98.9,1544384
2018-12-28,99.0,99.0,102.5,98.9,98.9,1544384
2019-01-02,99.0,99.0,102.5,98.9,98.9,1544384
2019-01-03,99.0,99.0,102.5,98.9,98.9,1544384
2019-01-04,99.0,99.0,102.5,98.9,98.9,1544384
2019-01-07,99.0,99.0,102.5,98.9,98.9,1544384
2019-01-08,99.0,99.0,102.5,98.9,98.9,1544384
2019-01-09,99.0,99.0,102.5,98.9,98.9,1544384
2019-01-10,99.0,99.0,102.5,98.9,98.9,1544384
2019-01-11,99.0,99.0,102.5,98.9,98.9,1544384
2019-01-14,99.0,99.0,102.5,98.9,98.9,1544384
2019-01-15,99.0,99.0,102.5,98.9,98.9,1544384
2019-01-16,99.0,99.0,102.5,98.9,98.9,1544384
2019-01-17,99.0,99.0,102.5,98.9,98.9,1544384
2019-01-18,99.0,99.0,102.5,98.9,98.9,1544384
2019-01-21,99.0,99.0,102.5,98.9,98.9,1544384
2019-01-22,99.0,99.0,102.5,98.9,98.9,1544384
2019-01-23,99.0,99.0,102.5,98.9,98.9,1544384
2019-01-24,99.0,99.0,102.5,98.9,98.9,1544384
2019-01-25,99.0,99.0,102.5,98.9,98.9,1544384
2019-01-28,99.0,99.0,102.5,98.9,98.9,1544384
2019-01-29,99.0,99.0,102.5,98.9,98.9,1544384
2019-01-30,99.0,99.0,102.5,98.9,98.9,1544384
2019-02-11,99.0,99.0,102.5,98.9,98.9,1544384
2019-02-12,99.0,99.0,102.5,98.9,98.9,1544384
2019-02-13,99.0,99.0,102.5,98.9,98.9,1544384
2019-02-14,99.0,99.0,102.5,98.9,98.9,1544384
2019-02-15,99.0,99.0,102.5,98.9,98.9,1544384
2019-02-18,99.0,99.0,102.5,98.9,98.9,1544384
2019-02-19,99.0,99.0,102.5,98.9,98.9,1544384
2019-02-20,99.0,99.0,102.5,98.9,98.9,1544384
2019-02-21,99.0,99.0,102.5,98.9,98.9,1544384
2019-02-22,99.0,99.0,102.5,98.9,98.9,1544384
2019-02-25,99.0,99.0,102.5,98.9,98.9,1544384
2019-02-26,99.0,99.0,102.5,98.9,98.9,1544384
2019-02-27,99.0,99.0,102.5,98.9,98.9,1544384
2019-03-04,99.0,99.0,102.5,98.9,98.9,1544384
2019-03-05,99.0,99.0,102.5,98.9,98.9,1544384
2019-03-06,99.0,99.0,102.5,98.9,98.9,1544384
2019-03-07,99.0,99.0,102.5,98.9,98.9,1544384
2019-03-08,99.0,99.0,102.5,98.9,98.9,1544384
2019-03-11,99.0,99.0,102.5,98.9,98.9,1544384
2019-03-12,99.0,99.0,102.5,98.9,98.9,1544384
2019-03-13,99.0,99.0,102.5,98.9,98.9,1544384
2019-03-14,99.0,99.0,102.5,98.9,98.9,1544384
2019-03-15,99.0,99.0,102.5,98.9,98.9,1544384
2019-03-18,99.0,99.0,102.5,98.9,98.9,1544384
2019-03-19,99.0,99.0,102.5,98.9,98.9,1544384
2019-03-20,99.0,99.0,102.5,98.9,98.9,1544384
2019-03-21,99.0,99.0,102.5,98.9,98.9,1544384
2019-03-22,99.0,99.0,102.5,98.9,98.9,1544384
2019-03-25,99.0,99.0,102.5,98.9,98.9,1544384
2019-03-26,99.0,99.0,102.5,98.9,98.9,1544384
2019-03-27,99.0,99.0,102.5,98.9,98.9,1544384
2019-03-28,99.0,99.0,102.5,98.9,98.9,1544384
2019-03-29,99.0,99.0,102.5,98.9,98.9,1544384
2019-04-01,99.0,99.0,102.5,98.9,98.9,1544384
2019-04-02,99.0,99.0,102.5,98.9,98.9,1544384
2019-04-03,99.0,99.0,102.5,98.9,98.9,1544384
2019-04-08,99.0,99.0,102.5,98.9,98.9,1544384
2019-04-09,99.0,99.0,102.5,98.9,98.9,1544384
2019-04-10,99.0,99.0,102.5,98.9,98.9,1544384
2019-04-11,99.0,99.0,102.5,98.9,98.9,1544384
2019-04-12,99.0,99.0,102.5,98.9,98.9,1544384
2019-04-15,99.0,99.0,102.5,98.9,98.9,1544384
2019-04-16,99.0,99.0,102.5,98.9,98.9,1544384
2019-04-17,99.0,99.0,102.5,98.9,98.9,1544384
2019-04-18,99.0,99.0,102.5,98.9,98.9,1544384
2019-04-19,99.0,99.0,102.5,98.9,98.9,1544384
2019-04-22,99.0,99.0,102.5,98.9,98.9,1544384
2019-04-23,99.0,99.0,102.5,98.9,98.9,1544384
2019-04-24,99.0,99.0,102.5,98.9,98.9,1544384
2019-04-25,99.0,99.0,102.5,98.9,98.9,1544384
2019-04-26,99.0,99.0,102.5,98.9,98.9,1544384
2019-04-29,99.0,99.0,102.5,98.9,98.9,1544384
2019-04-30,99.0,99.0,102.5,98.9,98.9,1544384
2019-05-02,99.0,99.0,102.5,98.9,98.9,1544384
2019-05-03,99.0,99.0,102.5,98.9,98.9,1544384
2019-05-06,99.0,99.0,102.5,98.9,98.9,1544384
2019-05-07,99.0,99.0,102.5,98.9,98.9,1544384
2019-05-08,99.0,99.0,102.5,98.9,98.9,1544384
2019-05-09,99.0,99.0,102.5,98.9,98.9,1544384
2019-05-10,99.0,99.0,102.5,98.9,98.9,1544384
2019-05-13,99.0,99.0,102.5,98.9,98.9,1544384
2019-05-14,99.0,99.0,102.5,98.9,98.9,1544384
2019-05-15,99.0,99.0,102.5,98.9,98.9,1544384
2019-05-16,99.0,99.0,102.5,98.9,98.9,1544384
2019-05-17,99.0,99.0,102.5,98.9,98.9,1544384
2019-05-20,99.0,99.0,102.5,98.9,98.9,1544384
2019-05-21,99.0,99.0,102.5,98.9,98.9,1544384
2019-05-22,99.0,99.0,102.5,98.9,98.9,1544384
2019-05-23,99.0,99.0,102.5,98.9,98.9,1544384
2019-05-24,99.0,99.0,102.5,98.9,98.9,1544384
2019-05-27,99.0,99.0,102.5,98.9,98.9,1544384
2019-05-28,99.0,99.0,102.5,98.9,98.9,1544384
2019-05-29,99.0,99.0,102.5,98.9,98.9,1544384
2019-05-30,99.0,99.0,102.5,98.9,98.9,1544384
2019-05-31,99.0,99.0,102.5,98.9,98.9,1544384
2019-06-03,99.0,99.0,102.5,98.9,98.9,1544384
2019-06-04,99.0,99.0,102.5,98.9,98.9,1544384
2019-06-05,99.0,99.0,102.5,98.9,98.9,1544384
2019-06-06,99.0,99.0,102.5,98.9,98.9,1544384
2019-06-10,99.0,99.0,102.5,98.9,98.9,1544384
2019-06-11,99.0,99.0,102.5,98.9,98.9,1544384
2019-06-12,99.0,99.0,102.5,98.9,98.9,1544384
2019-06-13,99.0,99.0,102.5,98.9,98.9,1544384
2019-06-14,99.0,99.0,102.5,98.9,98.9,1544384
2019-06-17,99.0,99.0,102.5,98.9,98.9,1544384
2019-06-18,99.0,99.0,102.5,98.9,98.9,1544384
2019-06-19,99.0,99.0,102.5,98.9,98.9,1544384
2019-06-20,99.0,99.0,102.5,98.9,98.9,1544384
2019-06-21,99.0,99.0,102.5,98.9,98.9,1544384
2019-06-24,99.0,99.0,102.5,98.9,98.9,1544384
2019-06-25,99.0,99.0,102.5,98.9,98.9,1544384
2019-06-26,99.0,99.0,102.5,98.9,98.9,1544384
2019-06-27,99.0,99.0,102.5,98.9,98.9,1544384
2019-06-28,99.0,99.0,102.5,98.9,98.9,1544384
2019-07-01,99.0,99.0,102.5,98.9,98.9,1544384
2019-07-02,99.0,99.0,102.5,98.9,98.9,1544384
2019-07-03,99.0,99.0,102.5,98.9,98.9,1544384
2019-07-04,99.0,99.0,102.5,98.9,98.9,1544384
2019-07-05,99.0,99.0,102.5,98.9,98.9,1544384
2019-07-08,99.0,99.0,102.5,98.9,98.9,1544384
2019-07-09,99.0,99.0,102.5,98.9,98.9,1544384
2019-07-10,99.0,99.0,102.5,98.9,98.9,1544384
2019-07-11,99.0,99.0,102.5,98.9,98.9,1544384
2019-07-12,99.0,99.0,102.5,98.9,98.9,1544384
2019-07-15,99.0,99.0,102.5,98.9,98.9,1544384
2019-07-16,99.0,99.0,102.5,98.9,98.9,1544384
2019-07-17,99.0,99.0,102.5,98.9,98.9,1544384
2019-07-18,99.0,99.0,102.5,98.9,98.9,1544384
2019-07-19,99.0,99.0,102.5,98.9,98.9,1544384
2019-07-22,99.0,99.0,102.5,98.9,98.9,1544384
2019-07-23,99.0,99.0,102.5,98.9,98.9,1544384
2019-07-24,99.0,99.0,102.5,98.9,98.9,1544384
2019-07-25,99.0,99.0,102.5,98.9,98.9,1544384
2019-07-26,99.0,99.0,102.5,98.9,98.9,1544384
2019-07-29,99.0,99.0,102.5,98.9,98.9,1544384
2019-07-30,99.0,99.0,102.5,98.9,98.9,1544384
2019-07-31,99.0,99.0,102.5,98.9,98.9,1544384
2019-08-01,99.0,99.0,102.5,98.9,98.9,1544384
2019-08-02,99.0,99.0,102.5,98.9,98.9,1544384
2019-08-05,99.0,99.0,102.5,98.9,98.9,1544384
2019-08-06,99.0,99.0,102.5,98.9,98.9,1544384
2019-08-07,99.0,99.0,102.5,98.9,98.9,1544384
2019-08-08,99.0,99.0,102.5,98.9,98.9,1544384
2019-08-12,99.0,99.0,102.5,98.9,98.9,1544384
2019-08-13,99.0,99.0,102.5,98.9,98.9,1544384
2019-08-14,99.0,99.0,102.5,98.9,98.9,1544384
2019-08-15,99.0,99.0,102.5,98.9,98.9,1544384
2019-08-16,99.0,99.0,102.5,98.9,98.9,1544384
2019-08-19,99.0,99.0,102.5,98.9,98.9,1544384
2019-08-20,99.0,99.0,102.5,98.9,98.9,1544384
2019-08-21,99.0,99.0,102.5,98.9,98.9,1544384
2019-08-22,99.0,99.0,102.5,98.9,98.9,1544384
2019-08-23,99.0,99.0,102.5,98.9,98.9,1544384
2019-08-26,99.0,99.0,102.5,98.9,98.9,1544384
2019-08-27,99.0,99.0,102.5,98.9,98.9,1544384
2019-08-28,99.0,99.0,102.5,98.9,98.9,1544384
2019-08-29,99.0,99.0,102.5,98.9,98.9,1544384
2019-08-30,99.0,99.0,102.5,98.9,98.9,1544384
2019-09-02,99.0,99.0,102.5,98.9,98.9,1544384
2019-09-03,99.0,99.0,102.5,98.9,98.9,1544384
2019-09-04,99.0,99.0,102.5,98.9,98.9,1544384
2019-09-05,99.0,99.0,102.5,98.9,98.9,1544384
2019-09-06,99.0,99.0,102.5,98.9,98.9,1544384
2019-09-09,99.0,99.0,102.5,98.9,98.9,1544384
2019-09-10,99.0,99.0,102.5,98.9,98.9,1544384
2019-09-11,99.0,99.0,102.5,98.9,98.9,1544384
2019-09-12,99.0,99.0,102.5,98.9,98.9,1544384
2019-09-16,99.0,99.0,102.5,98.9,98.9,1544384
2019-09-17,99.0,99.0,102.5,98.9,98.9,1544384
2019-09-18,99.0,99.0,102.5,98.9,98.9,1544384
2019-09-19,99.0,99.0,102.5,98.9,98.9,1544384
2019-09-20,99.0,99.0,102.5,98.9,98.9,1544384
2019-09-23,99.0,99.0,102.5,98.9,98.9,1544384
2019-09-24,99.0,99.0,102.5,98.9,98.9,1544384
2019-09-25,99.0,99.0,102.5,98.9,98.9,1544384
2019-09-26,99.0,99.0,102.5,98.9,98.9,1544384
2019-09-27,99.0,99.0,102.5,98.9,98.9,1544384
2019-10-01,99.0,99.0,102.5,98.9,98.9,1544384
2019-10-02,99.0,99.0,102.5,98.9,98.9,1544384
2019-10-03,99.0,99.0,102.5,98.9,98.9,1544384
2019-10-04,99.0,99.0,102.5,98.9,98.9,1544384
2019-10-07,99.0,99.0,102.5,98.9,98.9,1544384
2019-10-08,99.0,99.0,102.5,98.9,98.9,1544384
2019-10-09,99.0,99.0,102.5,98.9,98.9,1544384
2019-10-14,99.0,99.0,102.5,98.9,98.9,1544384
2019-10-15,99.0,99.0,102.5,98.9,98.9,1544384
2019-10-16,99.0,99.0,102.5,98.9,98.9,1544384
2019-10-17,99.0,99.0,102.5,98.9,98.9,1544384
2019-10-18,99.0,99.0,102.5,98.9,98.9,1544384
2019-10-21,99.0,99.0,102.5,98.9,98.9,1544384
2019-10-22,99.0,99.0,102.5,98.9,98.9,1544384
2019-10-23,99.0,99.0,102.5,98.9,98.9,1544384
2019-10-24,99.0,99.0,102.5,98.9,98.9,1544384
2019-10-25,99.0,99.0,102.5,98.9,98.9,1544384
2019-10-28,99.0,99.0,102.5,98.9,98.9,1544384
2019-10-29,99.0,99.0,102.5,98.9,98.9,1544384
2019-10-30,99.0,99.0,102.5,98.9,98.9,1544384
2019-10-31,99.0,99.0,102.5,98.9,98.9,1544384
2019-11-01,99.0,99.0,102.5,98.9,98.9,1544384
2019-11-04,99.0,99.0,102.5,98.9,98.9,1544384
2019-11-05,99.0,99.0,102.5,98.9,98.9,1544384
2019-11-06,99.0,99.0,102.5,98.9,98.9,1544384
2019-11-07,99.0,99.0,102.5,98.9,98.9,1544384
2019-11-08,99.0,99.0,102.5,98.9,98.9,1544384
2019-11-11,99.0,99.0,102.5,98.9,98.9,1544384
2019-11-12,99.0,99.0,102.5,98.9,98.9,1544384
2019-11-13,99.0,99.0,102.5,98.9,98.9,1544384
2019-11-14,99.0,99.0,102.5,98.9,98.9,1544384
2019-11-20,99.0,99.0,102.5,98.9,98.9,1544384
2019-11-21,99.0,99.0,102.5,98.9,98.9,1544384
2019-11-22,99.0,99.0,102.5,98.9,98.9,1544384
2019-11-25,99.0,99.0,102.5,98.9,98.9,1544384
2019-11-26,99.0,99.0,102.5,98.9,98.9,1544384
2019-11-27,99.0,99.0,102.5,98.9,98.9,1544384
2019-11-28,99.0,99.0,102.5,98.9,98.9,1544384
2019-11-29,99.0,99.0,102.5,98.9,98.9,1544384
2019-12-02,99.0,99.0,102.5,98.9,98.9,1544384
2019-12-03,99.0,99.0,102.5,98.9,98.9,1544384
2019-12-04,99.0,99.0,102.5,98.9,98.9,1544384
2019-12-05,99.0,99.0,102.5,98.9,98.9,1544384
2019-12-06,99.0,99.0,102.5,98.9,98.9,1544384
2019-12-09,99.0,99.0,102.5,98.9,98.9,1544384
2019-12-10,99.0,99.0,102.5,98.9,98.9,1544384
2019-12-11,99.0,99.0,102.5,98.9,98.9,1544384
2019-12-12,99.0,99.0,102.5,98.9,98.9,1544384
2019-12-13,99.0,99.0,102.5,98.9,98.9,1544384
2019-12-16,99.0,99.0,102.5,98.9,98.9,1544384
2019-12-17,99.0,99.0,102.5,98.9,98.9,1544384
2019-12-18,99.0,99.0,102.5,98.9,98.9,1544384
2019-12-19,99.0,99.0,102.5,98.9,98.9,1544384
2019-12-20,99.0,99.0,102.5,98.9,98.9,1544384
2019-12-23,99.0,99.0,102.5,98.9,98.9,1544384
2019-12-24,99.0,99.0,102.5,98.9,98.9,1544384
2019-12-25,99.0,99.0,102.5,98.9,98.9,1544384
2019-12-26,99.0,99.0,102.5,98.9,98.9,1544384
2019-12-27,99.0,99.0,102.5,98.9,98.9,1544384
2019-12-30,99.0,99.0,102.5,98.9,98.9,1544384
2019-12-31,99.0,99.0,102.5,98.9,98.9,1544384
2020-01-02,99.0,99.0,102.5,98.9,98.9,1544384
2020-01-03,99.0,99.0,102.5,98.9,98.9,1544384
2020-01-06,99.0,99.0,102.5,98.9,98.9,1544384
2020-01-07,99.0,99.0,102.5,98.9,98.9,1544384
2020-01-08,99.0,99.0,102.5,98.9,98.9,1544384
2020-01-09,99.0,99.0,102.5,98.9,98.9,1544384
2020-01-10,99.0,99.0,102.5,98.9,98.9,1544384
2020-01-13,99.0,99.0,102.5,98.9,98.9,1544384
2020-01-14,99.0,99.0,102.5,98.9,98.9,1544384
2020-01-15,99.0,99.0,102.5,98.9,98.9,1544384
2020-01-16,99.0,99.0,102.5,98.9,98.9,1544384
2020-01-17,99.0,99.0,102.5,98.9,98.9,1544384
2020-01-20,99.0,99.0,102.5,98.9,98.9,1544384
2020-01-30,99.0,99.0,102.5,98.9,98.9,1544384
2020-01-31,99.0,99.0,102.5,98.9,98.9,1544384
2020-02-03,99.0,99.0,102.5,98.9,98.9,1544384
2020-02-04,99.0,99.0,102.5,98.9,98.9,1544384
2020-02-05,99.0,99.0,102.5,98.9,98.9,1544384
2020-02-06,99.0,99.0,102.5,98.9,98.9,1544384
2020-02-07,99.0,99.0,102.5,98.9,98.9,1544384
2020-02-10,99.0,99.0,102.5,98.9,98.9,1544384
2020-02-11,99.0,99.0,102.5,98.9,98.9,1544384
2020-02-12,99.0,99.0,102.5,98.9,98.9,1544384
2020-02-13,99.0,99.0,102.5,98.9,98.9,1544384
2020-02-14,99.0,99.0,102.5,98.9,98.9,1544384
2020-02-17,99.0,99.0,102.5,98.9,98.9,1544384
2020-02-18,99.0,99.0,102.5,98.9,98.9,1544384
2020-02-19,99.0,99.0,102.5,98.9,98.9,1544384
2020-02-20,99.0,99.0,102.5,98.9,98.9,1544384
2020-02-21,99.0,99.0,102.5,98.9,98.9,1544384
2020-02-24,99.0,99.0,102.5,98.9,98.9,1544384
2020-02-25,99.0,99.0,102.5,98.9,98.9,1544384
2020-02-26,99.0,99.0,102.5,98.9,98.9,1544384
2020-02-27,99.0,99.0,102.5,98.9,98.9,1544384
2020-03-02,99.0,99.0,102.5,98.9,98.9,1544384
2020-03-03,99.0,99.0,102.5,98.9,98.9,1544384
2020-03-04,99.0,99.0,102.5,98.9,98.9,1544384
2020-03-05,99.0,99.0,102.5,98.9,98.9,1544384
2020-03-06,99.0,99.0,102.5,98.9,98.9,1544384
2020-03-09,99.0,99.0,102.5,98.9,98.9,1544384
2020-03-10,99.0,99.0,102.5,98.9,98.9,1544384
2020-03-11,99.0,99.0,102.5,98.9,98.9,1544384
2020-03-12,99.0,99.0,102.5,98.9,98.9,1544384
2020-03-13,99.0,99.0,102.5,98.9,98.9,1544384
2020-03-16,99.0,99.0,102.5,98.9,98.9,1544384
2020-03-17,99.0,99.0,102.5,98.9,98.9,1544384
2020-03-18,99.0,99.0,102.5,98.9,98.9,1544384
2020-03-19,99.0,99.0,102.5,98.9,98.9,1544384
2020-03-20,99.0,99.0,102.5,98.9,98.9,1544384
2020-03-23,99.0,99.0,102.5,98.9,98.9,1544384
2020-03-24,99.0,99.0,102.5,98.9,98.9,1544384
2020-03-25,99.0,99.0,102.5,98.9,98.9,1544384
2020-03-26,99.0,99.0,102.5,98.9,98.9,1544384
2020-03-27,99.0,99.0,102.5,98.9,98.9,1544384
2020-03-30,99.0,99.0,102.5,98.9,98.9,1544384
2020-03-31,99.0,99.0,102.5,98.9,98.9,1544384
2020-04-01,99.0,99.0,102.5,98.9,98.9,1544384
2020-04-07,99.0,99.0,102.5,98.9,98.9,1544384
2020-04-08,99.0,99.0,102.5,98.9,98.9,1544384
2020-04-09,99.0,99.0,102.5,98.9,98.9,1544384
2020-04-10,99.0,99.0,102.5,98.9,98.9,1544384
2020-04-13,99.0,99.0,102.5,98.9,98.9,1544384
2020-04-14,99.0,99.0,102.5,98.9,98.9,1544384
2020-04-15,99.0,99.0,102.5,98.9,98.9,1544384
2020-04-16,99.0,99.0,102.5,98.9,98.9,1544384
2020-04-17,99.0,99.0,102.5,98.9,98.9,1544384
2020-04-20,99.0,99.0,102.5,98.9,98.9,1544384
2020-04-21,99.0,99.0,102.5,98.9,98.9,1544384
2020-04-22,99.0,99.0,102.5,98.9,98.9,1544384
2020-04-23,99.0,99.0,102.5,98.9,98.9,1544384
2020-04-24,99.0,99.0,102.5,98.9,98.9,1544384
2020-04-27,99.0,99.0,102.5,98.9,98.9,1544384
2020-04-28,99.0,99.0,102.5,98.9,98.9,1544384
2020-04-29,99.0,99.0,102.5,98.9,98.9,1544384
2020-05-04,99.0,99.0,102.5,98.9,98.9,1544384
2020-05-05,99.0,99.0,102.5,98.9,98.9,1544384
2020-05-06,99.0,99.0,102.5,98.9,98.9,1544384
2020-05-07,99.0,99.0,102.5,98.9,98.9,1544384
2020-05-08,99.0,99.0,102.5,98.9,98.9,1544384
2020-05-11,99.0,99.0,102.5,98.9,98.9,1544384
2020-05-12,99.0,99.0,102.5,98.9,98.9,1544384
2020-05-13,99.0,99.0,102.5,98.9,98.9,1544384
2020-05-14,99.0,99.0,102.5,98.9,98.9,1544384
2020-05-15,99.0,99.0,102.5,98.9,98.9,1544384
2020-05-18,99.0,99.0,102.5,98.9,98.9,1544384
2020-05-19,99.0,99.0,102.5,98.9,98.9,1544384
2020-05-20,99.0,99.0,102.5,98.9,98.9,1544384
2020-05-21,99.0,99.0,102.5,98.9,98.9,1544384
2020-05-22,99.0,99.0,102.5,98.9,98.9,1544384
2020-05-25,99.0,99.0,102.5,98.9,98.9,1544384
2020-05-26,99.0,99.0,102.5,98.9,98.9,1544384
2020-05-27,99.0,99.0,102.5,98.9,98.9,1544384
2020-05-28,99.0,99.0,102.5,98.9,98.9,1544384
2020-05-29,99.0,99.0,102.5,98.9,98.9,1544384
2020-06-01,99.0,99.0,102.5,98.9,98.9,1544384
2020-06-02,99.0,99.0,102.5,98.9,98.9,1544384
2020-06-03,99.0,99.0,102.5,98.9,98.9,1544384
2020-06-04,99.0,99.0,102.5,98.9,98.9,1544384
2020-06-05,99.0,99.0,102.5,98.9,98.9,1544384
2020-06-08,99.0,99.0,102.5,98.9,98.9,1544384
2020-06-09,99.0,99.0,102.5,98.9,98.9,1544384
2020-06-10,99.0,99.0,102.5,98.9,98.9,1544384
2020-06-11,99.0,99.0,102.5,98.9,98.9,1544384
2020-06-12,99.0,99.0,102.5,98.9,98.9,1544384
2020-06-15,99.0,99.0,102.5,98.9,98.9,1544384
2020-06-16,99.0,99.0,102.5,98.9,98.9,1544384
2020-06-17,99.0,99.0,102.5,98.9,98.9,1544384
2020-06-18,99.0,99.0,102.5,98.9,98.9,1544384
2020-06-19,99.0,99.0,102.5,98.9,98.9,1544384
2020-06-22,99.0,99.0,102.5,98.9,98.9,1544384
2020-06-23,99.0,99.0,102.5,98.9,98.9,1544384
2020-06-24,99.0,99.0,102.5,98.9,98.9,1544384
2020-06-29,99.0,99.0,102.5,98.9,98.9,1544384
2020-06-30,99.0,99.0,102.5,98.9,98.9,1544384
2020-07-01,99.0,99.0,102.5,98.9,98.9,1544384
2020-07-02,99.0,99.0,102.5,98.9,98.9,1544384
2020-07-03,99.0,99.0,102.5,98.9,98.9,1544384
2020-07-06,99.0,99.0,102.5,98.9,98.9,1544384
2020-07-07,99.0,99.0,102.5,98.9,98.9,1544384
2020-07-08,99.0,99.0,102.5,98.9,98.9,1544384
2020-07-09,99.0,99.0,102.5,98.9,98.9,1544384
2020-07-10,99.0,99.0,102.5,98.9,98.9,1544384
2020-07-13,99.0,99.0,102.5,98.9,98.9,1544384
2020-07-14,99.0,99.0,102.5,98.9,98.9,1544384
2020-07-15,99.0,99.0,102.5,98.9,98.9,1544384
2020-07-16,99.0,99.0,102.5,98.9,98.9,1544384
2020-07-17,99.0,99.0,102.5,98.9,98.9,1544384
2020-07-20,99.0,99.0,102.5,98.9,98.9,1544384
2020-07-21,99.0,99.0,102.5,98.9,98.9,1544384
2020-07-22,99.0,99.0,102.5,98.9,98.9,1544384
2020-07-23,99.0,99.0,102.5,98.9,98.9,1544384
2020-07-24,99.0,99.0,102.5,98.9,98.9,1544384
2020-07-27,99.0,99.0,102.5,98.9,98.9,1544384
2020-07-28,99.0,99.0,102.5,98.9,98.9,1544384
2020-07-29,99.0,99.0,102.5,98.9,98.9,1544384
2020-07-30,99.0,99.0,102.5,98.9,98.9,1544384
2020-07-31,99.0,99.0,102.5,98.9,98.9,1544384
2020-08-03,99.0,99.0,102.5,98.9,98.9,1544384
2020-08-04,99.0,99.0,102.5,98.9,98.9,1544384
2020-08-05,99.0,99.0,102.5,98.9,98.9,1544384
2020-08-06,99.0,99.0,102.5,98.9,98.9,1544384
2020-08-07,99.0,99.0,102.5,98.9,98.9,1544384
2020-08-10,99.0,99.0,102.5,98.9,98.9,1544384
2020-08-11,99.0,99.0,102.5,98.9,98.9,1544384
2020-08-12,99.0,99.0,102.5,98.9,98.9,1544384
2020-08-13,99.0,99.0,102.5,98.9,98.9,1544384
2020-08-14,99.0,99.0,102.5,98.9,98.9,1544384
2020-08-17,99.0,99.0,102.5,98.9,98.9,1544384
2020-08-18,99.0,99.0,102.5,98.9,98.9,1544384
2020-08-19,99.0,99.0,102.5,98.9,98.9,1544384
2020-08-20,99.0,99.0,102.5,98.9,98.9,1544384
2020-08-21,99.0,99.0,102.5,98.9,98.9,1544384
2020-08-24,99.0,99.0,102.5,98.9,98.9,1544384
2020-08-25,99.0,99.0,102.5,98.9,98.9,1544384
2020-08-26,99.0,99.0,102.5,98.9,98.9,1544384
2020-08-27,99.0,99.0,102.5,98.9,98.9,1544384
2020-08-28,99.0,99.0,102.5,98.9,98.9,1544384
2020-08-31,99.0,99.0,102.5,98.9,98.9,1544384
2020-09-01,99.0,99.0,102.5,98.9,98.9,1544384
2020-09-02,99.0,99.0,102.5,98.9,98.9,1544384
2020-09-03,99.0,99.0,102.5,98.9,98.9,1544384
2020-09-04,99.0,99.0,102.5,98.9,98.9,1544384
2020-09-07,99.0,99.0,102.5,98.9,98.9,1544384
2020-09-08,99.0,99.0,102.5,98.9,98.9,1544384
2020-09-09,99.0,99.0,102.5,98.9,98.9,1544384
2020-09-10,99.0,99.0,102.5,98.9,98.9,1544384
2020-09-11,99.0,99.0,102.5,98.9,98.9,1544384
2020-09-14,99.0,99.0,102.5,98.9,98.9,1544384
2020-09-15,99.0,99.0,102.5,98.9,98.9,1544384
2020-09-16,99.0,99.0,102.5,98.9,98.9,1544384
2020-09-17,99.0,99.0,102.5,98.9,98.9,1544384
2020-09-18,99.0,99.0,102.5,98.9,98.9,1544384
2020-09-21,99.0,99.0,102.5,98.9,98.9,1544384
2020-09-22,99.0,99.0,102.5,98.9,98.9,1544384
2020-09-23,99.0,99.0,102.5,98.9,98.9,1544384
2020-09-24,99.0,99.0,102.5,98.9,98.9,1544384
2020-09-25,99.0,99.0,102.5,98.9,98.9,1544384
2020-09-28,99.0,99.0,102.5,98.9,98.9,1544384
2020-09-29,99.0,99.0,102.5,98.9,98.9,1544384
2020-09-30,99.0,99.0,102.5,98.9,98.9,1544384
2020-10-05,99.0,99.0,102.5,98.9,98.9,1544384
2020-10-06,99.0,99.0,102.5,98.9,98.9,1544384
2020-10-07,99.0,99.0,102.5,98.9,98.9,1544384
2020-10-08,99.0,99.0,102.5,98.9,98.9,1544384
2020-10-12,99.0,99.0,102.5,98.9,98.9,1544384
2020-10-13,99.0,99.0,102.5,98.9,98.9,1544384
2020-10-14,99.0,99.0,102.5,98.9,98.9,1544384
2020-10-15,99.0,99.0,102.5,98.9,98.9,1544384
2020-10-16,99.0,99.0,102.5,98.9,98.9,1544384
2020-10-19,99.0,99.0,102.5,98.9,98.9,1544384
2020-10-20,99.0,99.0,102.5,98.9,98.9,1544384
2020-10-21,99.0,99.0,102.5,98.9,98.9,1544384
2020-10-22,99.0,99.0,102.5,98.9,98.9,1544384
2020-10-23,99.0,99.0,102.5,98.9,98.9,1544384
2020-10-26,99.0,99.0,102.5,98.9,98.9,1544384
2020-10-27,99.0,99.0,102.5,98.9,98.9,1544384
2020-10-28,99.0,99.0,102.5,98.9,98.9,1544384
2020-10-29,99.0,99.0,102.5,98.9,98.9,1544384
2020-10-30,99.0,99.0,102.5,98.9,98.9,1544384
2020-11-02,99.0,99.0,102.5,98.9,98.9,1544384
2020-11-03,99.0,99.0,102.5,98.9,98.9,1544384
2020-11-04,99.0,99.0,102.5,98.9,98.9,1544384
2020-11-05,99.0,99.0,102.5,98.9,98.9,1544384
2020-11-06,99.0,99.0,102.5,98.9,98.9,1544384
2020-11-09,99.0,99.0,102.5,98.9,98.9,1544384
2020-11-10,99.0,99.0,102.5,98.9,98.9,1544384
2020-11-11,99.0,99.0,102.5,98.9,98.9,1544384
2020-11-12,99.0,99.0,102.5,98.9,98.9,1544384
2020-11-13,99.0,99.0,102.5,98.9,98.9,1544384
2020-11-16,99.0,99.0,102.5,98.9,98.9,1544384
2020-11-17,99.0,99.0,102.5,98.9,98.9,1544384
2020-11-18,99.0,99.0,102.5,98.9,98.9,1544384
2020-11-19,99.0,99.0,102.5,98.9,98.9,1544384
2020-11-20,99.0,99.0,102.5,98.9,98.9,1544384
2020-11-23,99.0,99.0,102.5,98.9,98.9,1544384
2020-11-24,99.0,99.0,102.5,98.9,98.9,1544384
2020-11-25,99.0,99.0,102.5,98.9,98.9,1544384
2020-11-26,99.0,99.0,102.5,98.9,98.9,1544384
2020-11-27,99.0,99.0,102.5,98.9,98.9,1544384
2020-11-30,99.0,99.0,102.5,98.9,98.9,1544384
2020-12-01,99.0,99.0,102.5,98.9,98.9,1544384
2020-12-02,99.0,99.0,102.5,98.9,98.9,1544384
2020-12-04,99.0,99.0,102.5,98.9,98.9,1544384
2020-12-07,99.0,99.0,102.5,98.9,98.9,1544384
2020-12-08,99.0,99.0,102.5,98.9,98.9,1544384
2020-12-09,99.0,99.0,102.5,98.9,98.9,1544384
2020-12-10,99.0,99.0,102.5,98.9,98.9,1544384
2020-12-11,99.0,99.0,102.5,98.9,98.9,1544384
2020-12-14,99.0,99.0,102.5,98.9,98.9,1544384
2020-12-15,99.0,99.0,102.5,98.9,98.9,1544384
2020-12-16,99.0,99.0,102.5,98.9,98.9,1544384
2020-12-17,99.0,99.0,102.5,98.9,98.9,1544384
2020-12-18,99.0,99.0,102.5,98.9,98.9,1544384
2020-12-21,99.0,99.0,102.5,98.9,98.9,1544384
2020-12-22,99.0,99.0,102.5,98.9,98.9,1544384
2020-12-23,99.0,99.0,102.5,98.9,98.9,1544384
2020-12-24,99.0,99.0,102.5,98.9,98.9,1544384
2020-12-25,99.0,99.0,102.5,98.9,98.9,1544384
2020-12-28,99.0,99.0,102.5,98.9,98.9,1544384
2020-12-29,99.0,99.0,102.5,98.9,98.9,1544384
2020-12-30,99.0,99.0,102.5,98.9,98.9,1544384
2020-12-31,99.0,99.0,102.5,98.9,98.9,1544384
2021-01-04,99.0,99.0,102.5,98.9,98.9,1544384
2021-01-05,99.0,99.0,102.5,98.9,98.9,1544384
2021-01-06,99.0,99.0,102.5,98.9,98.9,1544384
2021-01-07,99.0,99.0,102.5,98.9,98.9,1544384
2021-01-08,99.0,99.0,102.5,98.9,98.9,1544384
2021-01-11,99.0,99.0,102.5,98.9,98.9,1544384
2021-01-12,99.0,99.0,102.5,98.9,98.9,1544384
2021-01-13,99.0,99.0,102.5,98.9,98.9,1544384
2021-01-14,99.0,99.0,102.5,98.9,98.9,1544384
2021-01-15,99.0,99.0,102.5,98.9,98.9,1544384
2021-01-18,99.0,99.0,102.5,98.9,98.9,1544384
2021-01-19,99.0,99.0,102.5,98.9,98.9,1544384
2021-01-20,99.0,99.0,102.5,98.9,98.9,1544384
2021-01-21,99.0,99.0,102.5,98.9,98.9,1544384
2021-01-22,99.0,99.0,102.5,98.9,98.9,1544384
2021-01-25,99.0,99.0,102.5,98.9,98.9,1544384
2021-01-26,99.0,99.0,102.5,98.9,98.9,1544384
2021-01-27,99.0,99.0,102.5,98.9,98.9,1544384
2021-01-28,99.0,99.0,102.5,98.9,98.9,1544384
2021-01-29,99.0,99.0,102.5,98.9,98.9,1544384
2021-02-01,99.0,99.0,102.5,98.9,98.9,1544384
2021-02-02,99.0,99.0,102.5,98.9,98.9,1544384
2021-02-03,99.0,99.0,102.5,98.9,98.9,1544384
2021-02-04,99.0,99.0,102.5,98.9,98.9,1544384
2021-02-05,99.0,99.0,102.5,98.9,98.9,1544384
2021-02-17,99.0,99.0,102.5,98.9,98.9,1544384
2021-02-18,99.0,99.0,102.5,98.9,98.9,1544384
2021-02-19,99.0,99.0,102.5,98.9,98.9,1544384
2021-02-22,99.0,99.0,102.5,98.9,98.9,1544384
2021-02-23,99.0,99.0,102.5,98.9,98.9,1544384
2021-02-24,99.0,99.0,102.5,98.9,98.9,1544384
2021-02-25,99.0,99.0,102.5,98.9,98.9,1544384
2021-02-26,99.0,99.0,102.5,98.9,98.9,1544384
2021-03-02,99.0,99.0,102.5,98.9,98.9,1544384
2021-03-03,99.0,99.0,102.5,98.9,98.9,1544384
2021-03-04,99.0,99.0,102.5,98.9,98.9,1544384
2021-03-05,99.0,99.0,102.5,98.9,98.9,1544384
2021-03-08,99.0,99.0,102.5,98.9,98.9,1544384
2021-03-09,99.0,99.0,102.5,98.9,98.9,1544384
2021-03-10,99.0,99.0,102.5,98.9,98.9,1544384
2021-03-11,99.0,99.0,102.5,98.9,98.9,1544384
2021-03-12,99.0,99.0,102.5,98.9,98.9,1544384
2021-03-15,99.0,99.0,102.5,98.9,98.9,1544384
2021-03-16,99.0,99.0,102.5,98.9,98.9,1544384
2021-03-17,99.0,99.0,102.5,98.9,98.9,1544384
2021-03-18,99.0,99.0,102.5,98.9,98.9,1544384
2021-03-19,99.0,99.0,102.5,98.9,98.9,1544384
2021-03-22,99.0,99.0,102.5,98.9,98.9,1544384
2021-03-23,99.0,99.0,102.5,98.9,98.9,1544384
2021-03-24,99.0,99.0,102.5,98.9,98.9,1544384
2021-03-25,99.0,99.0,102.5,98.9,98.9,1544384
2021-03-26,99.0,99.0,102.5,98.9,98.9,1544384
2021-03-29,99.0,99.0,102.5,98.9,98.9,1544384
2021-03-30,99.0,99.0,102.5,98.9,98.9,1544384
2021-03-31,99.0,99.0,102.5,98.9,98.9,1544384
2021-04-01,99.0,99.0,102.5,98.9,98.9,1544384
2021-04-06,99.0,99.0,102.5,98.9,98.9,1544384
2021-04-07,99.0,99.0,102.5,98.9,98.9,1544384
2021-04-08,99.0,99.0,102.5,98.9,98.9,1544384
2021-04-09,99.0,99.0,102.5,98.9,98.9,1544384
2021-04-12,99.0,99.0,102.5,98.9,98.9,1544384
2021-04-13,99.0,99.0,102.5,98.9,98.9,1544384
2021-04-14,99.0,99.0,102.5,98.9,98.9,1544384
2021-04-15,99.0,99.0,102.5,98.9,98.9,1544384
2021-04-16,99.0,99.0,102.5,98.9,98.9,1544384
2021-04-19,99.0,99.0,102.5,98.9,98.9,1544384
2021-04-20,99.0,99.0,102.5,98.9,98.9,1544384
2021-04-21,99.0,99.0,102.5,98.9,98.9,1544384
2021-04-22,99.0,99.0,102.5,98.9,98.9,1544384
2021-04-23,99.0,99.0,102.5,98.9,98.9,1544384
2021-04-26,99.0,99.0,102.5,98.9,98.9,1544384
2021-04-27,99.0,99.0,102.5,98.9,98.9,1544384
2021-04-28,99.0,99.0,102.5,98.9,98.9,1544384
2021-04-29,99.0,99.0,102.5,98.9,98.9,1544384
2021-05-03,99.0,99.0,102.5,98.9,98.9,1544384
2021-05-04,99.0,99.0,102.5,98.9,98.9,1544384
2021-05-05,99.0,99.0,102.5,98.9,98.9,1544384
2021-05-06,99.0,99.0,102.5,98.9,98.9,1544384
2021-05-07,99.0,99.0,102.5,98.9,98.9,1544384
2021-05-10,99.0,99.0,102.5,98.9,98.9,1544384
2021-05-11,99.0,99.0,102.5,98.9,98.9,1544384
2021-05-12,99.0,99.0,102.5,98.9,98.9,1544384
2021-05-13,99.0,99.0,102.5,98.9,98.9,1544384
2021-05-14,99.0,99.0,102.5,98.9,98.9,1544384
2021-05-17,99.0,99.0,102.5,98.9,98.9,1544384
2021-05-18,99.0,99.0,102.5,98.9,98.9,1544384
2021-05-19,99.0,99.0,102.5,98.9,98.9,1544384
2021-05-20,99.0,99.0,102.5,98.9,98.9,1544384
2021-05-21,99.0,99.0,102.5,98.9,98.9,1544384
2021-05-24,99.0,99.0,102.5,98.9,98.9,1544384
2021-05-25,99.0,99.0,102.5,98.9,98.9,1544384
2021-05-26,99.0,99.0,102.5,98.9,98.9,1544384
2021-05-27,99.0,99.0,102.5,98.9,98.9,1544384
2021-05-28,99.0,99.0,102.5,98.9,98.9,1544384
2021-05-31,99.0,99.0,102.5,98.9,98.9,1544384
2021-06-01,99.0,99.0,102.5,98.9,98.9,1544384
2021-06-02,99.0,99.0,102.5,98.9,98.9,1544384
2021-06-03,99.0,99.0,102.5,98.9,98.9,1544384
2021-06-04,99.0,99.0,102.5,98.9,98.9,1544384
2021-06-07,99.0,99.0,102.5,98.9,98.9,1544384
2021-06-08,99.0,99.0,102.5,98.9,98.9,1544384
2021-06-09,99.0,99.0,102.5,98.9,98.9,1544384
2021-06-10,99.0,99.0,102.5,98.9,98.9,1544384
2021-06-11,99.0,99.0,102.5,98.9,98.9,1544384
2021-06-15,99.0,99.0,102.5,98.9,98.9,1544384
2021-06-16,99.0,99.0,102.5,98.9,98.9,1544384
2021-06-17,99.0,99.0,102.5,98.9,98.9,1544384
2021-06-18,99.0,99.0,102.5,98.9,98.9,1544384
2021-06-21,99.0,99.0,102.5,98.9,98.9,1544384
2021-06-22,99.0,99.0,102.5,98.9,98.9,1544384
2021-06-23,99.0,99.0,102.5,98.9,98.9,1544384
2021-06-24,99.0,99.0,102.5,98.9,98.9,1544384
2021-06-25,99.0,99.0,102.5,98.9,98.9,1544384
2021-06-28,99.0,99.0,102.5,98.9,98.9,1544384
2021-06-29,99.0,99.0,102.5,98.9,98.9,1544384
2021-06-30,99.0,99.0,102.5,98.9,98.9,1544384
2021-07-01,99.0,99.0,102.5,98.9,98.9,1544384
2021-07-02,99.0,99.0,102.5,98.9,98.9,1544384
2021-07-05,99.0,99.0,102.5,98.9,98.9,1544384
2021-07-06,99.0,99.0,102.5,98.9,98.9,1544384
2021-07-07,99.0,99.0,102.5,98.9,98.9,1544384
2021-07-08,99.0,99.0,102.5,98.9,98.9,1544384
2021-07-09,99.0,99.0,102.5,98.9,98.9,1544384
2021-07-12,99.0,99.0,102.5,98.9,98.9,1544384
2021-07-13,99.0,99.0,102.5,98.9,98.9,1544384
2021-07-14,99.0,99.0,102.5,98.9,98.9,1544384
2021-07-15,99.0,99.0,102.5,98.9,98.9,1544384
2021-07-16,99.0,99.0,102.5,98.9,98.9,1544384
2021-07-19,99.0,99.0,102.5,98.9,98.9,1544384
2021-07-20,99.0,99.0,102.5,98.9,98.9,1544384
2021-07-21,99.0,99.0,102.5,98.9,98.9,1544384
2021-07-22,99.0,99.0,102.5,98.9,98.9,1544384
2021-07-23,99.0,99.0,102.5,98.9,98.9,1544384
2021-07-26,99.0,99.0,102.5,98.9,98.9,1544384
2021-07-27,99.0,99.0,102.5,98.9,98.9,1544384
2021-07-28,99.0,99.0,102.5,98.9,98.9,1544384
2021-07-29,99.0,99.0,102.5,98.9,98.9,1544384
2021-07-30,99.0,99.0,102.5,98.9,98.9,1544384
2021-08-02,99.0,99.0,102.5,98.9,98.9,1544384
2021-08-03,99.0,99.0,102.5,98.9,98.9,1544384
2021-08-04,99.0,99.0,102.5,98.9,98.9,1544384
2021-08-05,99.0,99.0,102.5,98.9,98.9,1544384
2021-08-06,99.0,99.0,102.5,98.9,98.9,1544384
2021-08-09,48.0,48.0,49.65,48.0,49.65,184000
2021-08-10,47.1,47.1,48.0,47.1,48.0,125000
2021-08-11,46.55,46.55,47.65,46.1,47.65,164000
2021-08-12,47.25,47.25,47.55,46.6,46.6,44000
2021-08-13,46.85,46.85,47.3,46.3,47.05,86000
2021-08-16,46.1,46.1,46.85,45.4,46.75,113000
2021-08-17,45.4,45.4,46.5,45.4,46.1,202000
2021-08-18,45.1,45.1,46.0,44.25,45.2,156000
2021-08-19,44.85,44.85,45.2,44.8,45.05,111000
2021-08-20,44.5,44.5,44.95,43.3,44.95,166000
2021-08-23,45.95,45.95,45.95,44.5,44.5,69000
2021-08-24,46.5,46.5,46.5,45.85,46.3,68000
2021-08-25,48.0,48.0,48.0,46.0,46.5,96000
2021-08-26,47.85,47.85,48.0,47.55,48.0,24000
2021-08-27,48.05,48.05,48.6,47.6,48.1,98000
2021-08-30,48.1,48.1,48.5,47.9,47.9,54000
2021-08-31,47.85,47.85,48.1,47.85,47.9,36000
2021-09-01,48.5,48.5,49.45,47.8,47.85,61000
2021-09-02,48.05,48.05,48.5,48.05,48.5,84000
2021-09-03,48.3,48.3,48.5,48.1,48.35,106000
2021-09-06,47.6,47.6,48.8,46.85,48.6,42000
2021-09-07,47.45,47.45,48.4,47.3,47.65,56000
2021-09-08,47.0,47.0,48.6,47.0,48.45,59000
2021-09-09,47.25,47.25,48.25,47.15,48.25,43000
2021-09-10,47.1,47.1,47.25,47.05,47.25,24000
2021-09-13,47.5,47.5,47.65,47.1,47.2,52000
2021-09-14,47.7,47.7,48.2,47.35,48.2,60000
2021-09-15,47.5,47.5,48.0,47.5,48.0,23000
2021-09-16,47.5,47.5,47.5,47.4,47.5,12000
2021-09-17,48.5,48.5,48.5,47.4,47.5,138000
2021-09-22,48.6,48.6,48.6,47.6,47.6,71000
2021-09-23,48.9,48.9,49.3,48.7,48.8,98000
2021-09-24,49.15,49.15,49.9,48.95,48.95,57000
2021-09-27,49.05,49.05,49.85,48.6,49.85,72000
2021-09-28,49.15,49.15,49.35,48.8,49.1,26000
2021-09-29,48.4,48.4,49.0,48.4,49.0,60000
2021-09-30,48.35,48.35,48.6,48.35,48.6,23000
2021-10-01,47.25,47.25,48.1,47.05,48.1,59000
2021-10-04,46.2,46.2,47.25,46.2,47.25,89000
2021-10-05,46.75,46.75,47.3,45.95,45.95,74000
2021-10-06,46.6,46.6,47.05,46.5,46.8,20000
2021-10-07,47.4,47.4,47.9,46.8,46.8,23000
2021-10-08,46.1,46.1,46.7,46.05,46.6,22000
2021-10-12,46.0,46.0,46.15,45.95,46.1,18000
2021-10-13,45.5,45.5,46.0,45.35,46.0,60000
2021-10-14,45.6,45.6,45.95,45.35,45.35,46000
2021-10-15,46.0,46.0,46.2,45.1,45.1,41000
2021-10-18,45.9,45.9,46.0,45.6,45.7,9000
2021-10-19,46.45,46.45,46.5,46.1,46.5,39000
2021-10-20,46.8,46.8,47.1,46.55,47.1,18000
2021-10-21,46.7,46.7,47.2,46.6,47.1,20000
2021-10-22,46.7,46.7,47.0,46.6,47.0,12000
2021-10-25,46.5,46.5,47.2,46.5,47.2,23000
2021-10-26,46.75,46.75,47.25,46.55,47.15,69000
2021-10-27,46.7,46.7,47.1,46.7,47.1,48000
2021-10-28,46.65,46.65,47.0,46.5,46.7,38000
2021-10-29,46.7,46.7,47.5,46.65,47.5,36000
2021-11-01,46.4,46.4,47.0,46.2,47.0,20000
2021-11-02,45.6,45.6,46.8,45.6,46.8,58000
2021-11-03,46.0,46.0,46.5,45.7,46.3,70000
2021-11-04,46.3,46.3,46.3,46.0,46.2,43000
2021-11-05,46.0,46.0,46.2,45.85,46.0,18000
2021-11-08,45.8,45.8,46.0,45.45,46.0,56000
2021-11-09,46.6,46.6,46.6,46.0,46.0,84000
2021-11-10,46.6,46.6,46.6,46.35,46.6,26000
2021-11-11,46.25,46.25,47.3,46.05,47.3,20000
2021-11-12,46.2,46.2,46.4,46.1,46.1,28000
2021-11-15,46.2,46.2,46.5,46.2,46.2,52000
2021-11-16,46.25,46.25,46.4,46.2,46.3,47000
2021-11-17,46.65,46.65,46.9,46.3,46.4,22000
2021-11-18,46.2,46.2,46.65,46.2,46.65,50000
2021-11-19,46.05,46.05,46.25,45.9,46.15,57000
2021-11-22,46.25,46.25,46.5,46.0,46.05,39000
2021-11-23,46.2,46.2,46.3,46.1,46.25,33000
2021-11-24,46.65,46.65,47.0,46.15,46.2,64000
2021-11-25,48.8,48.8,49.3,47.25,47.3,349000
2021-11-26,48.0,48.0,49.7,47.5,49.55,201000
2021-11-29,47.35,47.35,47.9,46.55,47.9,70000
2021-11-30,46.8,46.8,48.3,46.6,48.3,81000
2021-12-01,46.55,46.55,47.0,46.4,46.9,58000
2021-12-02,47.7,47.7,50.9,47.7,48.2,765000
2021-12-03,48.1,48.1,49.3,48.1,48.6,129000
2021-12-06,47.4,47.4,48.5,47.3,48.5,71000
2021-12-07,47.05,47.05,47.4,46.8,47.4,75000
2021-12-08,46.8,46.8,47.35,46.4,47.1,72000
2021-12-09,47.05,47.05,47.3,46.8,46.85,30000
2021-12-10,47.05,47.05,47.55,47.05,47.05,33000
2021-12-13,47.6,47.6,47.85,47.4,47.6,112000
2021-12-14,47.0,47.0,47.5,46.9,47.5,49000
2021-12-15,46.95,46.95,47.45,46.9,47.45,71000
2021-12-16,47.0,47.0,47.3,46.9,47.2,71000
2021-12-17,46.55,46.55,47.0,46.5,47.0,66000
2021-12-20,47.0,47.0,47.0,46.2,46.5,36000
2021-12-21,47.15,47.15,47.3,46.5,47.0,53000
2021-12-22,47.0,47.0,47.15,46.9,47.15,37000
2021-12-23,46.9,46.9,47.1,46.8,47.1,73000
2021-12-24,47.35,47.35,47.55,46.9,46.95,49000
2021-12-27,47.6,47.6,48.0,47.35,47.35,48000
2021-12-28,47.5,47.5,48.0,47.5,47.95,43000
2021-12-29,47.5,47.5,47.55,47.4,47.5,25000
2021-12-30,47.55,47.55,47.8,47.35,47.5,37000
2022-01-03,47.0,47.0,47.75,46.8,47.75,45000
2022-01-04,47.25,47.25,47.6,46.85,46.85,72000
2022-01-05,47.1,47.1,47.8,47.0,47.25,280000
2022-01-06,47.3,47.3,47.35,47.05,47.1,33000
2022-01-07,46.65,46.65,47.35,46.6,47.15,120000
2022-01-10,46.6,46.6,46.65,46.1,46.5,19000
2022-01-11,46.35,46.35,46.65,46.3,46.65,28000
2022-01-12,46.8,46.8,46.8,46.3,46.3,12000
2022-01-13,46.8,46.8,46.85,45.7,45.7,24000
2022-01-14,46.2,46.2,46.2,45.7,46.15,42000
2022-01-17,45.9,45.9,46.1,45.9,46.0,41000
2022-01-18,45.7,45.7,46.0,45.7,45.9,45000
2022-01-19,45.4,45.4,45.7,45.3,45.7,59000
2022-01-20,44.8,44.8,45.45,44.8,45.45,86000
2022-01-21,44.5,44.5,44.85,44.4,44.4,43000
2022-01-24,44.3,44.3,45.5,42.4,45.5,41000
2022-01-25,43.8,43.8,44.0,43.8,43.95,21000
2022-01-26,43.7,43.7,43.8,43.55,43.8,32000
2022-02-07,44.35,44.35,44.35,43.65,43.8,45000
2022-02-08,44.55,44.55,45.1,44.45,45.1,14000
2022-02-09,45.2,45.2,45.4,44.7,45.4,7000
2022-02-10,44.7,44.7,45.6,44.5,45.5,34000
2022-02-11,44.75,44.75,44.75,44.65,44.7,19000
2022-02-14,44.2,44.2,44.6,44.0,44.5,15000
2022-02-15,44.3,44.3,44.4,44.25,44.25,6000
2022-02-16,44.1,44.1,44.55,44.1,44.5,31000
2022-02-17,44.45,44.45,44.45,43.8,44.3,30000
2022-02-18,43.8,43.8,44.0,43.5,43.5,76000
2022-02-21,43.8,43.8,44.2,43.4,43.4,12000
2022-02-22,43.6,43.6,43.8,43.5,43.55,34000
2022-02-23,43.9,43.9,43.9,43.1,43.9,19000
2022-02-24,43.6,43.6,43.6,43.05,43.2,43000
2022-02-25,43.1,43.1,44.35,43.1,44.35,55000
2022-03-01,43.6,43.6,44.5,42.5,42.6,34000
2022-03-02,42.7,42.7,42.8,42.6,42.7,22000
2022-03-03,42.9,42.9,43.3,42.5,42.8,39000
2022-03-04,42.6,42.6,42.7,42.5,42.6,34000
2022-03-07,42.6,42.6,42.7,42.5,42.5,117000
2022-03-08,42.05,42.05,42.35,42.0,42.35,69000
2022-03-09,42.1,42.1,42.15,42.0,42.15,14000
2022-03-10,42.1,42.1,42.15,42.05,42.1,26000
2022-03-11,42.0,42.0,42.15,42.0,42.05,40000
2022-03-14,41.55,41.55,42.0,41.25,42.0,43000
2022-03-15,41.55,41.55,42.0,41.3,41.35,171000
2022-03-16,41.25,41.25,41.25,41.05,41.25,26000
2022-03-17,41.5,41.5,41.5,41.2,41.2,18000
2022-03-18,41.6,41.6,42.0,41.55,42.0,9000
2022-03-21,42.0,42.0,42.0,41.4,41.6,36000
2022-03-22,41.6,41.6,42.6,41.55,42.6,34000
2022-03-23,41.3,41.3,42.0,41.3,42.0,40000
2022-03-24,41.6,41.6,42.0,41.35,41.7,10000
2022-03-25,41.7,41.7,42.0,41.6,41.6,38000
2022-03-28,42.85,42.85,44.7,42.35,42.55,142000
2022-03-29,43.65,43.65,44.5,42.5,44.3,62000
2022-03-30,43.5,43.5,44.7,42.9,44.7,38000
2022-03-31,43.15,43.15,43.4,42.85,43.1,21000
2022-04-01,42.0,42.0,42.8,41.5,42.8,39000
2022-04-06,42.0,42.0,42.0,41.6,41.9,14000
2022-04-07,41.55,41.55,42.0,41.5,42.0,15000
2022-04-08,41.65,41.65,41.95,41.55,41.55,13000
2022-04-11,41.5,41.5,41.6,41.5,41.6,13000
2022-04-12,41.55,41.55,41.55,41.0,41.5,29000
2022-04-13,41.3,41.3,41.35,41.2,41.35,12000
2022-04-14,41.45,41.45,41.5,41.0,41.0,15000
2022-04-15,41.45,41.45,41.7,41.35,41.7,29000
2022-04-18,41.2,41.2,41.45,41.2,41.45,26000
2022-04-19,41.35,41.35,41.35,40.55,41.2,26000
2022-04-20,41.25,41.25,41.3,40.7,41.0,38000
2022-04-21,41.1,41.1,41.2,40.8,41.2,32000
2022-04-22,41.05,41.05,41.1,40.6,40.7,49000
2022-04-25,41.0,41.0,41.05,40.55,40.55,57000
2022-04-26,40.8,40.8,41.0,40.65,40.65,27000
2022-04-27,40.15,40.15,40.8,40.0,40.8,56000
2022-04-28,40.5,40.5,40.5,38.15,40.15,50000
2022-04-29,40.45,40.45,40.5,39.8,40.3,18000
2022-05-03,39.85,39.85,40.0,39.3,40.0,32000
2022-05-04,39.85,39.85,39.85,39.0,39.85,8000
2022-05-05,39.8,39.8,40.0,39.7,40.0,21000
2022-05-06,39.35,39.35,39.8,38.8,39.0,53000
2022-05-09,38.55,38.55,38.9,37.75,38.15,52000
2022-05-10,38.6,38.6,38.6,37.6,38.5,60000
2022-05-11,38.5,38.5,38.6,38.5,38.6,6000
2022-05-12,38.7,38.7,38.7,37.5,37.5,7000
2022-05-13,38.9,38.9,39.7,38.7,38.7,16000
2022-05-16,39.0,39.0,39.0,39.0,39.0,4000
2022-05-17,39.0,39.0,39.0,38.0,38.0,15000
2022-05-18,38.75,38.75,39.1,38.5,39.1,16000
2022-05-19,38.5,38.5,38.5,38.5,38.5,4000
2022-05-20,38.85,38.85,39.0,38.85,38.85,9000
2022-05-23,39.5,39.5,39.7,39.05,39.5,12000
2022-05-24,39.2,39.2,39.55,39.2,39.5,15000
2022-05-25,39.45,39.45,39.45,38.5,38.5,6000
2022-05-26,39.35,39.35,39.65,39.0,39.45,40000
2022-05-27,39.8,39.8,39.8,39.45,39.55,20000
2022-05-30,39.7,39.7,39.8,39.45,39.8,39000
2022-05-31,39.7,39.7,39.8,39.7,39.8,18000
2022-06-01,39.9,39.9,40.7,39.9,40.7,18000
2022-06-02,39.5,39.5,39.95,39.5,39.9,14000
2022-06-06,39.95,39.95,40.0,39.35,40.0,8000
2022-06-07,39.85,39.85,39.95,39.05,39.05,24000
2022-06-08,39.6,39.6,39.8,39.6,39.8,8000
2022-06-09,39.7,39.7,39.7,39.5,39.6,32000
2022-06-10,39.75,39.75,39.8,39.7,39.8,24000
2022-06-13,39.95,39.95,39.95,39.05,39.2,11000
2022-06-14,39.5,39.5,39.55,38.5,38.5,39000
2022-06-15,39.5,39.5,39.8,39.5,39.65,21000
2022-06-16,39.25,39.25,39.5,39.25,39.5,14000
2022-06-17,38.9,38.9,39.25,38.8,39.25,10000
2022-06-20,38.45,38.45,38.6,38.3,38.6,31000
2022-06-21,38.75,38.75,38.8,38.35,38.35,13000
2022-06-22,38.55,38.55,38.55,38.35,38.5,100000
2022-06-23,38.5,38.5,38.75,38.0,38.75,23000
2022-06-24,38.5,38.5,38.55,38.35,38.5,15000
2022-06-27,38.9,38.9,39.1,38.55,38.55,18000
2022-06-28,38.6,38.6,38.8,38.5,38.8,11000
2022-06-29,38.5,38.5,38.6,38.0,38.6,5000
2022-06-30,37.3,37.3,37.6,37.05,37.05,107000
2022-07-01,36.9,36.9,37.3,36.5,37.0,98000
2022-07-04,36.5,36.5,37.0,35.6,37.0,26000
2022-07-05,36.5,36.5,36.9,36.1,36.9,13000
2022-07-06,36.0,36.0,36.65,35.05,36.5,80000
2022-07-07,35.4,35.4,35.75,35.0,35.45,34000
2022-07-08,35.4,35.4,35.4,33.8,35.05,52000
2022-07-11,35.4,35.4,35.5,35.0,35.4,7000
2022-07-12,35.0,35.0,35.85,34.7,35.0,12000
2022-07-13,35.4,35.4,37.8,35.2,37.8,18000
2022-07-14,35.4,35.4,35.45,34.65,34.65,12000
2022-07-15,35.9,35.9,36.4,35.4,35.4,5000
2022-07-18,35.35,35.35,35.9,35.2,35.2,24000
2022-07-19,35.65,35.65,35.65,35.4,35.4,11000
2022-07-20,35.65,35.65,35.65,35.1,35.65,22000
2022-07-21,35.8,35.8,35.8,35.1,35.1,11000
2022-07-22,35.35,35.35,35.4,35.2,35.2,8000
2022-07-25,35.45,35.45,35.7,35.0,35.4,17000
2022-07-26,35.5,35.5,35.5,35.0,35.0,12000
2022-07-27,35.5,35.5,35.5,35.5,35.5,1000
2022-07-28,35.3,35.3,35.6,35.05,35.1,18000
2022-07-29,35.35,35.35,35.95,35.35,35.6,15000
2022-08-01,35.4,35.4,35.5,35.05,35.3,6000
2022-08-02,35.2,35.2,35.4,34.8,35.0,22000
2022-08-03,35.3,35.3,35.4,35.1,35.2,9000
2022-08-04,35.25,35.25,35.25,34.25,35.1,9000
2022-08-05,35.0,35.0,35.25,34.9,35.25,7000
2022-08-08,35.1,35.1,35.1,35.0,35.0,23000
2022-08-09,35.35,35.35,35.35,35.0,35.1,16000
2022-08-10,35.2,35.2,35.2,35.05,35.05,4000
2022-08-11,35.3,35.3,35.45,35.25,35.25,13000
2022-08-12,35.3,35.3,35.7,35.3,35.6,24000
2022-08-15,35.3,35.3,35.9,35.3,35.3,39000
2022-08-16,35.75,35.75,36.0,35.6,35.6,19000
2022-08-17,36.4,36.4,36.5,36.0,36.0,30000
2022-08-18,36.5,36.5,36.5,36.25,36.25,20000
2022-08-19,37.5,37.5,37.5,37.0,37.0,27000
2022-08-22,38.0,38.0,38.05,37.5,37.5,32000
2022-08-23,37.9,37.9,38.0,37.9,38.0,14000
2022-08-24,38.3,38.3,38.3,38.3,38.3,1000
2022-08-25,38.05,38.05,38.3,38.0,38.3,16000
2022-08-26,38.05,38.05,38.25,37.9,38.05,23000
2022-08-29,38.0,38.0,38.0,37.55,38.0,10000
2022-08-30,38.6,38.6,39.05,38.0,38.0,19000
2022-08-31,38.65,38.65,38.65,38.4,38.4,3000
2022-09-01,38.2,38.2,38.65,38.1,38.65,6000
2022-09-02,38.2,38.2,38.3,38.0,38.0,15000
2022-09-05,38.0,38.0,38.2,37.7,38.2,24000
2022-09-06,37.8,37.8,37.9,37.5,37.9,8000
2022-09-07,37.75,37.75,37.75,37.75,37.75,2000
2022-09-08,37.45,37.45,37.75,37.45,37.75,4000
2022-09-12,37.8,37.8,38.0,37.0,37.45,192000
2022-09-13,37.7,37.7,38.8,37.5,38.0,23000
2022-09-14,37.7,37.7,37.7,36.1,36.1,17000
2022-09-15,37.9,37.9,38.0,37.7,38.0,5000
2022-09-16,37.7,37.7,38.3,37.15,38.3,19000
2022-09-19,37.6,37.6,37.6,36.65,37.05,45000
2022-09-20,37.5,37.5,37.6,36.85,37.15,14000
2022-09-21,36.9,36.9,37.1,36.9,37.1,11000
2022-09-22,37.0,37.0,37.25,36.5,37.25,17000
2022-09-23,36.9,36.9,37.0,36.0,37.0,5000
2022-09-26,36.85,36.85,36.85,35.5,36.0,18000
2022-09-27,36.85,36.85,36.9,35.7,35.7,6000
2022-09-28,36.35,36.35,36.45,35.25,35.85,16000
2022-09-29,36.25,36.25,36.9,35.5,36.9,20000
2022-09-30,35.95,35.95,36.0,35.4,35.4,5000
2022-10-03,35.8,35.8,36.5,35.4,36.5,17000
2022-10-04,36.65,36.65,36.8,36.0,36.0,38000
2022-10-05,36.6,36.6,36.75,36.5,36.65,16000
2022-10-06,36.8,36.8,36.8,36.35,36.6,10000
2022-10-07,36.75,36.75,36.75,36.6,36.6,3000
2022-10-11,36.6,36.6,36.75,36.0,36.75,43000
2022-10-12,36.55,36.55,36.6,36.05,36.15,18000
2022-10-13,36.3,36.3,36.85,36.05,36.85,19000
2022-10-14,36.3,36.3,37.4,36.3,37.4,27000
2022-10-17,36.25,36.25,36.35,35.45,36.3,8000
2022-10-18,36.5,36.5,37.2,36.25,36.25,25000
2022-10-19,36.3,36.3,36.5,36.3,36.5,11000
2022-10-20,36.45,36.45,36.45,36.3,36.3,2000
2022-10-21,35.85,35.85,36.0,34.8,34.8,23000
2022-10-24,35.3,35.3,35.65,35.05,35.05,27000
2022-10-25,35.5,35.5,35.65,35.0,35.65,22000
2022-10-26,34.0,34.0,35.5,33.8,35.5,80000
2022-10-27,34.0,34.0,34.05,33.55,33.55,19000
2022-10-28,33.1,33.1,34.35,32.75,33.55,114000
2022-10-31,33.5,33.5,33.8,33.1,33.15,10000
2022-11-01,33.75,33.75,33.75,33.5,33.5,4000
2022-11-02,33.8,33.8,33.8,33.5,33.5,4000
2022-11-03,34.05,34.05,34.05,33.8,33.8,4000
2022-11-04,34.15,34.15,34.25,34.0,34.05,16000
2022-11-07,34.7,34.7,34.9,34.05,34.4,19000
2022-11-08,34.8,34.8,34.85,34.7,34.85,14000
2022-11-09,35.05,35.05,35.35,35.0,35.35,13000
2022-11-10,35.2,35.2,35.3,34.0,35.3,5000
2022-11-11,35.2,35.2,35.9,35.2,35.9,18000
2022-11-14,35.05,35.05,35.7,35.05,35.7,20000
2022-11-15,35.3,35.3,35.45,35.05,35.45,7000
2022-11-16,35.2,35.2,35.3,35.1,35.3,6000
2022-11-17,35.3,35.3,35.4,35.0,35.4,6000
2022-11-18,35.05,35.05,35.5,35.05,35.5,2000
2022-11-21,35.1,35.1,35.35,35.0,35.35,11000
2022-11-22,34.95,34.95,34.95,34.55,34.55,5000
2022-11-23,35.2,35.2,35.3,35.0,35.3,6000
2022-11-24,35.05,35.05,35.25,34.2,34.6,15000
2022-11-25,35.0,35.0,35.15,34.6,34.6,7000
2022-11-28,35.35,35.35,35.35,34.3,34.3,6000
2022-11-29,35.3,35.3,35.3,35.1,35.2,4000
2022-11-30,35.3,35.3,35.4,34.8,35.3,18000
2022-12-01,35.6,35.6,35.85,35.2,35.3,67000
2022-12-02,35.75,35.75,35.85,35.7,35.85,19000
2022-12-05,36.15,36.15,36.2,35.7,36.2,8000
2022-12-06,36.05,36.05,36.2,36.0,36.15,23000
2022-12-07,35.9,35.9,36.8,35.9,36.8,14000
2022-12-08,36.1,36.1,36.6,36.0,36.6,27000
2022-12-09,36.3,36.3,36.45,36.05,36.1,8000
2022-12-12,36.15,36.15,36.25,36.15,36.25,7000
2022-12-13,35.55,35.55,36.15,35.05,36.15,8000
2022-12-14,35.7,35.7,36.0,35.7,35.95,23000
2022-12-15,35.9,35.9,35.9,35.9,35.9,1000
2022-12-16,35.8,35.8,36.0,35.15,35.15,12000
2022-12-19,35.4,35.4,35.65,35.1,35.15,17000
2022-12-20,35.35,35.35,35.6,35.05,35.6,13000
2022-12-21,35.25,35.25,35.6,34.9,35.6,12000
2022-12-22,35.15,35.15,35.15,34.9,35.1,29000
2022-12-23,35.9,35.9,35.95,35.0,35.1,328000
2022-12-26,35.6,35.6,35.7,35.05,35.15,548000
2022-12-27,35.85,35.85,35.9,35.5,35.9,272000
2022-12-28,35.85,35.85,36.15,35.5,36.15,11000
2022-12-29,35.65,35.65,35.7,35.1,35.3,15000
2022-12-30,35.35,35.35,35.4,35.05,35.4,12000
2023-01-03,35.2,35.2,35.45,35.2,35.45,12000
2023-01-04,35.1,35.1,35.2,35.1,35.2,11000
2023-01-05,35.0,35.0,35.35,34.9,35.35,22000
2023-01-06,34.9,34.9,35.05,34.55,34.55,66000
2023-01-09,35.15,35.15,35.85,34.95,35.05,32000
2023-01-10,35.05,35.05,35.4,35.0,35.4,17000
2023-01-11,35.0,35.0,35.4,35.0,35.4,12000
2023-01-12,34.9,34.9,35.4,34.5,35.4,21000
2023-01-13,34.85,34.85,35.4,34.85,35.4,13000
2023-01-16,34.6,34.6,34.95,34.25,34.25,23000
2023-01-17,34.65,34.65,34.9,34.45,34.9,11000
2023-01-30,34.5,34.5,35.35,34.45,35.35,25000
2023-01-31,35.05,35.05,35.15,35.05,35.15,4000
2023-02-01,35.05,35.05,35.35,34.9,35.35,10000
2023-02-02,35.15,35.15,35.5,35.1,35.3,28000
2023-02-03,35.05,35.05,35.5,35.0,35.5,30000
2023-02-06,34.8,34.8,35.4,34.8,35.4,21000
2023-02-07,34.95,34.95,35.25,34.9,35.25,10000
2023-02-08,35.15,35.15,35.15,34.75,34.85,32000
2023-02-09,35.3,35.3,35.3,35.05,35.15,14000
2023-02-10,35.2,35.2,35.25,34.8,34.85,5000
2023-02-14,35.3,35.3,35.4,35.25,35.35,15000
2023-02-15,35.3,35.3,35.35,35.3,35.3,5000
2023-02-16,35.8,35.8,36.5,35.3,35.3,44000
2023-02-17,35.65,35.65,35.8,35.35,35.35,29000
2023-02-20,35.8,35.8,35.8,35.8,35.8,29000
2023-02-21,36.6,36.6,36.6,35.8,35.8,52000
2023-02-22,36.75,36.75,36.95,36.2,36.25,9000
2023-02-23,36.7,36.7,36.85,36.4,36.4,22000
2023-02-24,36.4,36.4,36.6,36.2,36.3,24000
2023-03-01,36.45,36.45,36.45,36.3,36.3,14000
2023-03-02,36.65,36.65,37.35,36.4,36.45,15000
2023-03-03,36.55,36.55,37.0,36.3,36.4,16000
2023-03-06,36.8,36.8,36.85,36.4,36.55,23000
2023-03-07,37.2,37.2,37.3,36.75,36.8,39000
2023-03-08,37.35,37.35,37.5,37.2,37.2,35000
2023-03-09,37.35,37.35,37.7,37.35,37.5,17000
2023-03-10,37.5,37.5,37.8,37.2,37.7,11000
2023-03-13,37.6,37.6,37.8,37.35,37.8,16000
2023-03-14,37.35,37.35,37.5,37.05,37.5,14000
2023-03-15,37.3,37.3,37.5,37.3,37.3,20000
2023-03-16,37.25,37.25,37.9,37.15,37.8,12000
2023-03-17,37.05,37.05,38.5,37.0,38.5,16000
2023-03-20,37.05,37.05,37.25,36.8,37.05,20000
2023-03-21,36.9,36.9,37.05,36.1,36.65,32000
2023-03-22,36.85,36.85,37.1,36.85,37.05,15000
2023-03-23,37.0,37.0,37.0,36.7,36.7,48000
2023-03-24,37.1,37.1,37.1,36.9,36.9,9000
2023-03-27,36.95,36.95,37.1,36.8,37.0,23000
2023-03-28,36.9,36.9,37.0,36.8,37.0,18000
2023-03-29,36.95,36.95,37.0,36.9,36.95,23000
2023-03-30,37.15,37.15,37.2,37.0,37.0,27000
2023-03-31,37.2,37.2,37.4,37.1,37.4,22000
2023-04-06,36.9,36.9,37.2,36.85,37.1,22000
2023-04-07,36.85,36.85,36.9,36.8,36.85,14000
2023-04-10,36.9,36.9,36.9,36.85,36.85,5000
2023-04-11,36.9,36.9,36.95,36.85,36.85,5000
2023-04-12,37.15,37.15,37.2,37.0,37.0,16000
2023-04-13,36.9,36.9,37.0,36.8,37.0,14000
2023-04-14,36.9,36.9,37.15,36.85,36.9,31000
2023-04-17,36.8,36.8,37.3,36.8,37.2,38000
2023-04-18,36.95,36.95,37.15,36.7,36.8,25000
2023-04-19,37.1,37.1,37.35,37.0,37.0,43000
2023-04-20,37.15,37.15,37.15,37.0,37.0,17000
2023-04-21,36.95,36.95,37.1,36.75,37.1,18000
2023-04-24,37.5,37.5,37.95,36.95,36.95,69000
2023-04-25,37.3,37.3,37.5,37.2,37.5,22000
2023-04-26,37.3,37.3,37.4,37.3,37.3,13000
2023-04-27,37.45,37.45,37.8,37.3,37.3,30000
2023-04-28,37.65,37.65,37.65,37.45,37.45,8000
2023-05-02,37.95,37.95,38.0,37.75,37.85,30000
2023-05-03,38.45,38.45,38.6,38.0,38.5,65000
2023-05-04,39.15,39.15,39.15,38.55,38.85,36000
2023-05-05,40.05,40.05,42.0,39.15,39.15,160000
2023-05-08,40.25,40.25,41.45,40.25,40.3,97000
2023-05-09,40.05,40.05,41.1,40.05,40.1,30000
2023-05-10,39.7,39.7,39.95,39.0,39.7,25000
2023-05-11,39.85,39.85,40.2,39.45,40.0,10000
2023-05-12,39.65,39.65,39.95,39.2,39.95,4000
2023-05-15,39.15,39.15,40.35,39.15,40.35,9000
2023-05-16,39.1,39.1,39.7,38.85,39.7,8000
2023-05-17,39.65,39.65,39.95,39.1,39.95,20000
2023-05-18,39.1,39.1,39.85,38.8,39.65,73000
2023-05-19,38.85,38.85,39.65,38.7,39.65,7000
2023-05-22,38.7,38.7,39.3,38.7,39.3,24000
2023-05-23,39.15,39.15,39.8,38.85,39.8,30000
2023-05-24,38.75,38.75,39.3,38.35,39.0,68000
2023-05-25,38.55,38.55,38.8,38.4,38.75,17000
2023-05-26,38.9,38.9,39.0,38.5,39.0,31000
2023-05-29,38.85,38.85,38.9,38.55,38.85,12000
2023-05-30,39.0,39.0,39.5,39.0,39.45,8000
2023-05-31,39.25,39.25,39.4,38.3,39.35,28000
2023-06-01,39.0,39.0,39.5,39.0,39.5,20000
2023-06-02,39.35,39.35,39.45,38.4,39.45,13000
2023-06-05,39.3,39.3,39.35,38.3,39.35,37000
2023-06-06,38.6,38.6,39.25,38.6,39.25,5000
2023-06-07,38.7,38.7,39.55,38.55,39.55,19000
2023-06-08,38.4,38.4,38.7,38.3,38.6,21000
2023-06-09,38.3,38.3,38.4,38.0,38.4,25000
2023-06-12,38.6,38.6,38.8,38.05,38.05,13000
2023-06-13,38.45,38.45,38.7,38.2,38.7,21000
2023-06-14,38.45,38.45,38.9,38.4,38.9,13000
2023-06-15,38.5,38.5,38.7,38.1,38.7,27000
2023-06-16,38.15,38.15,38.45,38.05,38.05,39000
2023-06-19,38.0,38.0,38.2,38.0,38.1,22000
2023-06-20,38.05,38.05,38.5,38.0,38.05,22000
2023-06-21,37.9,37.9,38.5,37.9,38.5,43000
2023-06-26,36.0,36.0,37.0,35.85,36.9,101000
2023-06-27,36.25,36.25,36.95,36.1,36.95,12000
2023-06-28,36.35,36.35,36.6,36.35,36.6,4000
2023-06-29,36.5,36.5,36.5,36.3,36.4,15000
2023-06-30,37.05,37.05,37.6,36.3,36.5,19000
2023-07-03,37.15,37.15,37.45,36.8,37.45,22000
2023-07-04,36.9,36.9,37.1,36.4,36.55,13000
2023-07-05,36.7,36.7,37.0,36.7,36.95,24000
2023-07-06,37.3,37.3,37.5,36.5,36.95,38000
2023-07-07,36.8,36.8,37.35,36.7,37.0,30000
2023-07-10,36.65,36.65,37.7,36.5,36.85,10000
2023-07-11,36.55,36.55,36.9,36.55,36.9,6000
2023-07-12,36.5,36.5,36.95,36.0,36.95,17000
2023-07-13,36.5,36.5,36.65,36.35,36.35,24000
2023-07-14,36.35,36.35,36.5,36.0,36.5,41000
2023-07-17,35.9,35.9,36.3,35.8,35.8,41000
2023-07-18,35.1,35.1,36.6,35.0,36.6,55000
2023-07-19,35.05,35.05,35.35,35.05,35.1,30000
2023-07-20,35.3,35.3,35.95,35.2,35.95,7000
2023-07-21,35.45,35.45,35.9,35.45,35.9,14000
2023-07-24,35.2,35.2,35.7,34.85,35.4,14000
2023-07-25,35.55,35.55,35.55,35.05,35.55,18000
2023-07-26,35.6,35.6,35.95,35.1,35.95,13000
2023-07-27,35.55,35.55,35.85,35.55,35.85,4000
2023-07-28,36.35,36.35,36.55,35.05,35.05,58000
2023-07-31,36.0,36.0,36.35,35.55,36.2,15000
2023-08-01,36.05,36.05,36.15,35.85,35.85,7000
2023-08-02,35.8,35.8,36.05,35.2,36.05,17000
2023-08-04,36.15,36.15,36.5,35.65,36.5,13000
2023-08-07,35.95,35.95,36.35,35.3,35.9,29000
2023-08-08,35.9,35.9,35.9,35.55,35.55,2000
2023-08-09,35.75,35.75,35.8,35.3,35.8,17000
2023-08-10,35.05,35.05,35.6,35.05,35.2,7000
2023-08-11,35.1,35.1,35.35,34.6,35.15,36000
2023-08-14,35.05,35.05,35.15,34.9,35.1,25000
2023-08-15,35.2,35.2,35.75,34.6,35.2,17000
2023-08-16,35.2,35.2,35.7,34.8,34.8,10000
2023-08-17,35.3,35.3,35.7,34.75,34.9,16000
2023-08-18,35.35,35.35,35.55,34.9,34.95,20000
2023-08-21,35.35,35.35,36.8,35.1,36.8,31000
2023-08-22,35.4,35.4,36.0,35.4,36.0,2000
2023-08-23,35.55,35.55,35.7,34.9,34.9,15000
2023-08-24,34.95,34.95,35.25,34.85,34.85,47000
2023-08-25,34.9,34.9,35.1,34.75,34.95,6000
2023-08-28,34.95,34.95,35.25,34.7,35.15,27000
2023-08-29,34.9,34.9,36.0,34.75,35.05,27000
2023-08-30,34.8,34.8,35.55,34.65,35.4,52000
2023-08-31,34.85,34.85,35.0,34.5,34.8,21000
2023-09-01,34.85,34.85,35.4,34.85,35.3,49000
2023-09-04,34.8,34.8,35.7,34.8,35.7,44000
2023-09-05,34.85,34.85,35.4,34.75,34.8,70000
2023-09-06,34.8,34.8,35.35,34.8,35.35,51000
2023-09-07,34.8,34.8,34.8,34.8,34.8,27000
2023-09-08,34.95,34.95,34.95,34.8,34.8,5000
2023-09-11,34.9,34.9,35.05,34.9,35.05,14000
2023-09-12,35.0,35.0,35.75,34.95,35.65,48000
2023-09-13,35.15,35.15,35.35,35.05,35.05,22000
2023-09-14,35.2,35.2,35.45,35.0,35.0,34000
2023-09-15,35.45,35.45,35.5,35.2,35.2,23000
2023-09-18,35.45,35.45,35.45,35.15,35.45,15000
2023-09-19,35.2,35.2,35.3,35.1,35.1,16000
2023-09-20,35.2,35.2,35.35,35.05,35.2,16000
2023-09-21,34.95,34.95,35.1,34.9,35.1,8000
2023-09-22,35.0,35.0,35.8,34.9,34.9,19000
2023-09-25,35.2,35.2,35.2,34.9,35.0,9000
2023-09-26,35.2,35.2,35.2,34.7,34.75,18000
2023-09-28,35.0,35.0,35.05,34.7,34.8,14000
2023-10-02,34.9,34.9,35.15,34.7,34.9,16000
2023-10-03,34.8,34.8,35.2,34.75,35.2,10000
2023-10-04,34.9,34.9,34.95,34.7,34.7,10000
2023-10-05,35.0,35.0,35.3,34.85,35.3,7000
2023-10-06,34.75,34.75,35.2,34.7,35.2,7000
2023-10-11,34.95,34.95,35.15,34.7,35.0,17000
2023-10-12,35.45,35.45,35.5,35.45,35.5,5000
2023-10-13,35.2,35.2,35.2,35.2,35.2,1000
2023-10-16,35.15,35.15,35.45,35.0,35.2,16000
2023-10-17,35.2,35.2,35.45,35.0,35.25,34000
2023-10-18,35.15,35.15,35.2,35.0,35.2,6000
2023-10-19,35.1,35.1,35.15,34.9,34.95,14000
2023-10-20,35.05,35.05,35.05,34.7,34.75,21000
2023-10-23,35.1,35.1,35.1,34.7,35.1,10000
2023-10-24,35.0,35.0,35.0,35.0,35.0,2000
2023-10-25,35.1,35.1,35.95,35.0,35.3,42000
2023-10-26,35.05,35.05,35.35,34.95,35.35,21000
2023-10-27,35.05,35.05,35.05,34.8,34.9,29000
2023-10-30,35.1,35.1,35.2,34.75,34.75,14000
2023-10-31,35.05,35.05,35.25,34.9,35.25,3000
2023-11-01,34.85,34.85,35.25,34.7,35.25,18000
2023-11-02,34.95,34.95,35.8,34.6,35.8,26000
2023-11-03,34.65,34.65,35.3,34.5,35.3,47000
2023-11-06,34.75,34.75,34.75,34.55,34.6,48000
2023-11-07,34.8,34.8,34.8,34.7,34.7,11000
2023-11-08,34.95,34.95,34.95,34.75,34.95,11000
2023-11-09,34.9,34.9,34.9,34.8,34.8,5000
2023-11-10,34.85,34.85,34.9,34.55,34.55,10000
2023-11-13,34.85,34.85,34.95,34.45,34.95,15000
2023-11-14,34.75,34.75,34.95,34.45,34.95,32000
2023-11-15,34.55,34.55,34.85,34.5,34.85,46000
2023-11-16,34.6,34.6,34.7,34.45,34.7,20000
2023-11-17,34.5,34.5,34.75,34.5,34.6,22000
2023-11-20,34.4,34.4,34.65,34.25,34.65,62000
2023-11-21,34.95,34.95,35.0,34.25,34.4,96000
2023-11-22,34.95,34.95,35.0,34.95,35.0,45000
2023-11-23,35.05,35.05,35.35,35.0,35.35,43000
2023-11-24,34.8,34.8,35.05,34.55,35.05,28000
2023-11-27,34.8,34.8,35.1,34.55,34.95,54000
2023-11-28,35.2,35.2,35.2,34.8,34.95,53000
2023-11-29,35.2,35.2,35.5,35.1,35.5,37000
2023-11-30,35.35,35.35,35.45,35.15,35.2,64000
2023-12-01,35.5,35.5,35.6,35.4,35.6,18000
2023-12-04,35.45,35.45,35.5,35.2,35.5,24000
2023-12-05,35.4,35.4,35.7,35.3,35.7,33000
2023-12-06,35.4,35.4,35.75,35.3,35.75,16000
2023-12-07,35.4,35.4,36.05,35.35,36.05,16000
2023-12-08,35.4,35.4,35.95,35.4,35.4,21000
2023-12-11,35.4,35.4,35.9,35.4,35.9,31000
2023-12-12,35.4,35.4,35.95,35.4,35.95,35000
2023-12-13,35.45,35.45,35.85,35.45,35.8,28000
2023-12-14,35.65,35.65,35.85,35.3,35.7,39000
2023-12-15,35.6,35.6,35.95,35.6,35.95,12000
2023-12-18,35.5,35.5,35.55,35.4,35.5,49000
2023-12-19,35.4,35.4,35.7,35.4,35.7,10000
2023-12-20,35.45,35.45,35.75,35.25,35.25,8000
2023-12-21,35.35,35.35,35.45,35.3,35.45,9000
2023-12-22,36.15,36.15,36.25,35.45,35.85,89000
2023-12-25,37.55,37.55,37.8,36.0,36.15,128000
2023-12-26,39.0,39.0,39.75,37.6,37.6,257000
2023-12-27,39.45,39.45,40.4,38.3,39.0,235000
2023-12-28,39.45,39.45,39.6,38.05,39.55,117000
2023-12-29,39.2,39.2,39.45,38.3,39.45,34000
2024-01-02,39.1,39.1,39.2,38.1,38.1,52000
2024-01-03,39.0,39.0,39.2,38.55,39.2,16000
2024-01-04,38.8,38.8,39.0,38.5,39.0,30000
2024-01-05,38.4,38.4,38.8,37.9,38.8,30000
2024-01-08,38.35,38.35,38.45,38.05,38.4,13000
2024-01-09,38.05,38.05,38.35,37.3,37.4,24000
2024-01-10,37.4,37.4,37.95,37.15,37.6,16000
2024-01-11,37.35,37.35,37.5,37.35,37.5,14000
2024-01-12,37.35,37.35,37.4,36.75,37.4,21000
2024-01-15,37.45,37.45,37.6,37.15,37.15,13000
2024-01-16,37.35,37.35,37.45,37.0,37.45,11000
2024-01-17,37.35,37.35,37.35,36.4,36.8,18000
2024-01-18,37.2,37.2,38.3,36.75,38.3,18000
2024-01-19,36.85,36.85,36.95,36.65,36.7,11000
2024-01-22,36.8,36.8,37.0,36.55,36.85,14000
2024-01-23,36.3,36.3,36.7,35.9,36.7,29000
2024-01-24,36.5,36.5,36.6,36.3,36.5,13000
2024-01-25,36.4,36.4,36.55,35.95,35.95,24000
2024-01-26,36.4,36.4,37.4,36.3,37.4,23000
2024-01-29,36.35,36.35,36.85,36.3,36.85,20000
2024-01-30,36.3,36.3,36.35,36.2,36.2,13000
2024-01-31,36.35,36.35,36.4,36.3,36.3,5000
2024-02-01,36.55,36.55,36.55,36.3,36.35,15000
2024-02-02,36.3,36.3,36.7,36.3,36.55,19000
2024-02-05,36.5,36.5,36.6,36.05,36.6,11000
2024-02-15,36.95,36.95,37.65,36.5,36.55,46000
2024-02-16,36.9,36.9,36.9,36.65,36.75,12000
2024-02-19,36.95,36.95,36.95,36.8,36.8,31000
2024-02-20,36.95,36.95,37.3,36.8,37.3,24000
2024-02-21,36.9,36.9,37.4,36.7,37.4,24000
2024-02-22,36.8,36.8,37.0,36.7,37.0,28000
2024-02-23,36.65,36.65,36.9,36.65,36.85,27000
2024-02-26,36.65,36.65,36.8,36.6,36.7,24000
2024-02-27,36.6,36.6,36.9,36.55,36.7,29000
2024-02-29,36.8,36.8,37.0,36.75,37.0,39000
2024-03-01,36.75,36.75,37.0,36.75,36.8,27000
2024-03-04,36.85,36.85,36.9,36.65,36.9,29000
2024-03-05,36.8,36.8,36.85,36.8,36.8,22000
2024-03-06,36.55,36.55,36.85,36.5,36.8,40000
2024-03-07,36.5,36.5,36.7,36.45,36.7,14000
2024-03-08,36.4,36.4,37.45,36.4,37.45,22000
2024-03-11,36.1,36.1,36.2,35.8,35.8,21000
2024-03-12,36.0,36.0,36.1,35.95,36.1,41000
2024-03-13,35.65,35.65,36.0,35.65,36.0,169000
2024-03-14,35.75,35.75,36.3,35.65,35.7,21000
2024-03-15,35.7,35.7,36.3,35.55,35.8,16000
2024-03-18,35.65,35.65,36.0,35.5,35.6,15000
2024-03-19,35.5,35.5,35.6,35.5,35.5,5000
2024-03-20,35.35,35.35,35.5,35.35,35.5,21000
2024-03-21,35.3,35.3,35.4,35.2,35.4,49000
2024-03-22,35.25,35.25,35.3,35.05,35.3,41000
2024-03-25,35.25,35.25,35.35,35.2,35.2,15000
2024-03-26,35.55,35.55,35.55,35.1,35.25,10000
2024-03-27,35.45,35.45,35.9,35.4,35.9,14000
2024-03-28,35.7,35.7,35.7,35.1,35.25,17000
2024-03-29,35.35,35.35,35.65,35.35,35.65,16000
2024-04-01,35.35,35.35,35.4,35.2,35.35,21000
2024-04-02,35.3,35.3,36.65,35.25,36.65,25000
2024-04-03,35.7,35.7,36.2,35.0,35.2,34000
2024-04-08,35.3,35.3,35.45,35.2,35.4,47000
2024-04-09,35.9,35.9,36.0,35.55,35.65,21000
2024-04-10,35.7,35.7,36.0,35.5,35.65,29000
2024-04-11,36.05,36.05,36.25,35.7,35.7,10000
2024-04-12,35.8,35.8,36.05,35.65,36.05,14000
2024-04-15,35.95,35.95,36.15,35.65,36.15,11000
2024-04-16,35.55,35.55,36.1,35.15,36.1,19000
2024-04-17,35.55,35.55,36.05,35.35,36.05,13000
2024-04-18,35.45,35.45,35.8,35.25,35.3,32000
2024-04-19,34.7,34.7,35.45,34.7,35.25,36000
2024-04-22,35.65,35.65,35.85,34.5,34.7,110000
2024-04-23,34.95,34.95,36.15,34.95,36.15,41000
2024-04-24,34.8,34.8,35.5,34.8,35.5,38000
2024-04-25,34.75,34.75,35.05,34.55,34.8,41000
2024-04-26,34.65,34.65,34.75,34.5,34.75,39000
2024-04-29,34.95,34.95,35.05,34.55,34.7,32000
2024-04-30,35.0,35.0,35.4,35.0,35.05,34000
2024-05-02,35.8,35.8,35.8,35.0,35.35,18000
2024-05-03,35.95,35.95,36.25,35.6,35.6,49000
2024-05-06,35.75,35.75,36.4,35.65,36.4,35000
2024-05-07,35.5,35.5,36.05,35.5,36.05,28000
2024-05-08,35.7,35.7,35.7,35.4,35.5,12000
2024-05-09,35.5,35.5,36.05,35.5,36.05,4000
2024-05-10,35.7,35.7,36.0,35.7,36.0,6000
2024-05-13,35.85,35.85,35.85,35.6,35.7,14000
2024-05-14,35.65,35.65,35.7,35.6,35.7,17000
2024-05-15,35.55,35.55,35.65,35.4,35.65,34000
2024-05-16,35.6,35.6,35.95,35.4,35.95,27000
2024-05-17,35.5,35.5,35.85,35.4,35.6,25000
2024-05-20,35.55,35.55,35.6,35.5,35.5,11000
2024-05-21,35.75,35.75,35.75,35.5,35.5,28000
2024-05-22,35.6,35.6,35.85,35.55,35.65,29000
2024-05-23,35.4,35.4,35.6,35.35,35.6,32000
2024-05-24,35.45,35.45,35.5,35.35,35.5,29000
2024-05-27,35.55,35.55,35.65,35.35,35.6,40000
2024-05-28,35.7,35.7,35.7,35.5,35.7,37000
2024-05-29,36.95,36.95,37.0,35.4,35.55,150000
2024-05-30,36.9,36.9,37.65,36.9,37.5,143000
2024-05-31,37.1,37.1,37.5,37.0,37.5,50000
2024-06-03,37.25,37.25,37.8,37.25,37.3,30000
2024-06-04,37.0,37.0,37.15,37.0,37.1,58000
2024-06-05,36.55,36.55,37.1,36.55,37.1,32000
2024-06-06,36.05,36.05,36.6,36.0,36.6,56000
2024-06-07,35.95,35.95,36.1,35.95,36.1,67000
2024-06-11,36.05,36.05,36.15,35.9,36.05,30000
2024-06-12,35.9,35.9,36.05,35.9,36.05,24000
2024-06-13,36.0,36.0,36.4,35.95,36.4,21000
2024-06-14,36.35,36.35,36.7,36.0,36.05,25000
2024-06-17,36.3,36.3,36.3,36.05,36.1,29000
2024-06-18,36.1,36.1,36.45,36.05,36.45,24000
2024-06-19,35.9,35.9,36.15,35.8,35.95,54000
2024-06-20,36.2,36.2,36.2,35.9,35.95,34000
2024-06-21,36.9,36.9,37.0,36.0,36.15,52000
2024-06-24,36.85,36.85,37.15,36.85,36.95,39000
2024-06-25,37.1,37.1,37.1,36.55,36.55,35000
2024-06-26,36.9,36.9,37.8,36.6,37.8,49000
2024-06-27,35.85,35.85,36.2,35.8,35.8,43000
2024-06-28,35.8,35.8,35.9,35.8,35.85,53000
2024-07-01,35.9,35.9,36.0,35.7,36.0,36000
2024-07-02,35.5,35.5,35.85,35.5,35.75,52000
2024-07-03,35.7,35.7,35.7,35.5,35.5,20000
2024-07-04,36.0,36.0,36.0,35.55,35.7,37000
2024-07-05,36.1,36.1,37.8,36.0,37.8,50000
2024-07-08,36.35,36.35,36.75,35.85,36.75,63000
2024-07-09,35.8,35.8,36.35,35.75,36.35,38000
2024-07-10,35.85,35.85,36.0,35.75,35.85,23000
2024-07-11,35.9,35.9,36.7,35.85,36.45,79000
2024-07-12,35.85,35.85,36.0,35.8,36.0,28000
2024-07-15,35.75,35.75,36.6,35.75,36.6,25000
2024-07-16,36.45,36.45,37.0,35.8,36.15,101000
2024-07-17,37.25,37.25,38.55,36.9,36.9,176000
2024-07-18,37.3,37.3,37.95,37.05,37.95,81000
2024-07-19,36.7,36.7,37.45,36.65,37.1,69000
2024-07-22,35.3,35.3,36.7,35.25,36.7,148000
2024-07-23,35.65,35.65,35.65,35.4,35.5,33000
2024-07-26,35.3,35.3,35.5,35.15,35.5,25000
2024-07-29,34.85,34.85,35.35,34.8,35.35,72000
2024-07-30,35.2,35.2,35.4,34.7,35.0,89000
2024-07-31,35.35,35.35,35.6,35.3,35.4,59000
2024-08-01,34.95,34.95,35.95,34.95,35.95,99000
2024-08-02,34.85,34.85,35.0,34.4,34.95,297000
2024-08-05,32.8,32.8,35.0,32.5,35.0,134000
2024-08-06,33.8,33.8,33.85,32.0,33.05,64000
2024-08-07,34.5,34.5,34.6,34.3,34.3,33000
2024-08-08,32.85,32.85,34.55,32.4,34.55,292000
2024-08-09,33.2,33.2,33.8,32.9,33.2,86000
2024-08-12,33.55,33.55,33.6,33.35,33.55,37000
2024-08-13,33.75,33.75,33.75,33.6,33.7,19000
2024-08-14,33.9,33.9,33.95,33.85,33.95,13000
2024-08-15,33.8,33.8,34.0,33.8,33.9,19000
2024-08-16,33.9,33.9,34.0,33.85,34.0,38000
2024-08-19,34.2,34.2,34.25,33.9,33.95,39000
2024-08-20,34.45,34.45,34.95,34.25,34.35,44000
2024-08-21,34.25,34.25,34.45,34.25,34.45,26000
2024-08-22,34.3,34.3,34.3,34.3,34.3,1000
2024-08-23,34.3,34.3,34.35,34.2,34.3,12000
2024-08-26,34.4,34.4,34.45,34.35,34.35,25000
2024-08-27,34.2,34.2,34.6,34.0,34.6,26000
2024-08-28,34.4,34.4,34.6,34.25,34.6,29000
2024-08-29,34.7,34.7,34.75,34.35,34.4,32000
2024-08-30,34.7,34.7,35.0,34.65,35.0,34000
2024-09-02,34.75,34.75,35.1,34.75,35.0,17000
2024-09-03,34.6,34.6,34.65,34.6,34.65,8000
2024-09-04,34.25,34.25,34.5,34.25,34.3,16000
2024-09-05,34.15,34.15,34.3,34.1,34.25,17000
2024-09-06,34.05,34.05,34.15,33.85,34.15,20000
2024-09-09,34.5,34.5,34.5,33.6,33.75,4000
2024-09-10,34.35,34.35,34.5,34.3,34.5,14000
2024-09-11,34.35,34.35,34.45,34.3,34.4,11000
2024-09-12,34.35,34.35,34.5,34.35,34.35,14000
2024-09-13,34.2,34.2,34.35,34.1,34.35,9000
2024-09-16,34.3,34.3,34.45,34.25,34.45,5000
2024-09-18,34.35,34.35,34.55,34.35,34.55,5000
2024-09-19,34.95,34.95,35.2,34.95,35.2,11000
2024-09-20,34.9,34.9,34.9,33.55,34.9,94000
2024-09-23,34.9,34.9,35.0,34.85,34.95,16000
2024-09-24,35.0,35.0,35.1,34.85,34.85,13000
2024-09-25,35.0,35.0,35.25,35.0,35.1,18000
2024-09-26,34.9,34.9,35.0,34.9,35.0,28000
2024-09-27,34.9,34.9,35.0,34.9,35.0,20000
2024-09-30,34.95,34.95,35.05,34.75,34.9,18000
2024-10-01,35.05,35.05,36.0,34.85,35.0,26000
2024-10-04,35.05,35.05,35.15,34.85,35.0,22000
2024-10-07,35.95,35.95,36.0,34.9,35.0,24000
2024-10-08,35.75,35.75,35.9,35.35,35.9,14000
2024-10-09,35.5,35.5,35.5,35.4,35.5,10000
2024-10-11,35.35,35.35,35.45,35.35,35.45,6000
2024-10-14,35.1,35.1,35.35,35.1,35.35,5000
2024-10-15,34.9,34.9,35.1,34.9,35.1,23000
2024-10-16,34.7,34.7,34.9,34.6,34.9,17000
2024-10-17,34.75,34.75,34.85,34.7,34.85,21000
2024-10-18,34.65,34.65,34.7,34.55,34.7,26000
2024-10-21,34.6,34.6,34.75,34.5,34.6,11000
2024-10-22,34.65,34.65,34.8,34.5,34.8,9000
2024-10-23,34.65,34.65,34.7,34.45,34.5,15000
2024-10-24,34.7,34.7,34.8,34.65,34.65,16000
2024-10-25,34.7,34.7,34.7,34.6,34.7,9000
2024-10-28,34.75,34.75,36.1,34.65,34.7,28000
2024-10-29,34.75,34.75,34.75,34.55,34.65,65000
2024-10-30,34.6,34.6,34.6,34.2,34.45,39000
2024-11-01,34.8,34.8,34.8,34.1,34.45,17000
2024-11-04,34.8,34.8,34.95,34.65,34.7,83000
2024-11-05,34.85,34.85,34.85,34.75,34.85,5000
2024-11-06,34.5,34.5,35.7,34.05,34.75,25000
2024-11-07,34.6,34.6,34.7,34.6,34.6,9000
2024-11-08,35.05,35.05,35.05,34.55,34.6,34000
2024-11-11,34.85,34.85,35.0,34.8,35.0,33000
2024-11-12,34.55,34.55,34.6,34.35,34.6,36000
2024-11-13,34.55,34.55,34.6,34.5,34.55,15000
2024-11-14,34.6,34.6,35.85,34.5,34.7,22000
2024-11-15,34.65,34.65,34.7,34.65,34.7,18000
2024-11-18,34.65,34.65,34.7,34.55,34.55,14000
2024-11-19,34.55,34.55,34.8,34.5,34.7,38000
2024-11-20,34.55,34.55,35.55,34.55,34.55,10000
2024-11-21,34.85,34.85,35.35,34.8,35.35,15000
2024-11-22,38.3,38.3,38.3,35.95,35.95,524000
2024-11-25,42.1,42.1,42.1,39.45,39.45,834000
2024-11-26,43.2,43.2,46.3,42.1,46.3,3426000
2024-11-27,40.45,40.45,43.2,40.45,43.2,1264000
2024-11-28,44.45,44.45,44.45,40.6,40.6,4713000
2024-11-29,45.8,45.8,48.5,43.2,46.0,14213000
2024-12-02,48.5,48.5,50.3,45.25,46.75,11038000
2024-12-03,48.4,48.4,51.8,48.1,48.45,9944000
2024-12-04,53.2,53.2,53.2,50.7,51.0,5146000
2024-12-05,57.0,57.0,58.5,53.2,57.3,17607000
2024-12-06,56.9,56.9,59.3,55.4,57.2,15002000
2024-12-09,51.3,51.3,56.3,51.3,56.1,4720000
2024-12-10,46.35,46.35,53.4,46.35,50.3,6061000
2024-12-11,45.7,45.7,47.3,44.65,46.6,3335000
2024-12-12,44.85,44.85,47.0,44.7,46.6,1691000
2024-12-13,45.2,45.2,46.5,44.5,44.85,2947000
2024-12-16,40.7,40.7,45.75,40.7,45.2,2672000
2024-12-17,41.0,41.0,42.15,39.6,40.55,2146000
2024-12-18,43.3,43.3,44.8,40.25,40.25,4167000
2024-12-19,41.8,41.8,42.8,41.5,42.1,1489000
2024-12-20,41.3,41.3,43.4,40.95,42.0,1018000
2024-12-23,40.45,40.45,42.0,40.1,41.55,915000
2024-12-24,40.5,40.5,41.5,40.25,40.5,659000
2024-12-25,43.5,43.5,44.3,40.5,40.5,3344000
2024-12-26,43.6,43.6,45.85,43.1,44.0,4522000
2024-12-27,41.8,41.8,43.95,41.5,43.8,1429000
2024-12-30,40.85,40.85,41.95,40.75,41.95,586000
2024-12-31,40.8,40.8,41.2,40.4,40.55,328000
2025-01-02,39.7,39.7,41.6,39.7,40.65,635000
2025-01-03,37.8,37.8,40.4,37.1,39.95,1301000
2025-01-06,38.55,38.55,39.5,37.85,38.3,638000
2025-01-07,38.0,38.0,39.25,37.8,38.75,444000
2025-01-08,38.7,38.7,38.8,38.0,38.55,427000
2025-01-09,37.6,37.6,39.1,37.6,38.95,541000
2025-01-10,37.0,37.0,38.2,36.9,37.8,328000
2025-01-13,37.15,37.15,37.55,36.35,36.35,420000
2025-01-14,36.8,36.8,38.05,36.25,38.05,425000
2025-01-15,35.05,35.05,36.8,34.85,36.6,624000
2025-01-16,35.85,35.85,35.95,35.2,35.8,253000
2025-01-17,35.7,35.7,36.0,35.3,36.0,277000
2025-01-20,36.45,36.45,37.1,35.65,35.65,285000
2025-01-21,36.95,36.95,38.7,36.4,36.65,1384000
2025-01-22,38.1,38.1,39.75,37.2,37.5,2724000
2025-02-03,35.95,35.95,36.9,35.45,36.85,433000
2025-02-04,35.5,35.5,36.75,35.2,35.8,430000
2025-02-05,38.1,38.1,38.6,35.95,36.25,831000
2025-02-06,37.45,37.45,38.5,37.45,38.4,485000
2025-02-07,37.8,37.8,38.25,37.55,37.75,317000
2025-02-10,36.7,36.7,37.75,36.7,37.75,226000
2025-02-11,35.75,35.75,37.6,35.65,36.9,531000
2025-02-12,35.85,35.85,36.45,35.55,35.95,215000
2025-02-13,37.15,37.15,37.65,36.2,36.5,635000
2025-02-14,36.95,36.95,37.8,36.85,37.4,490000
2025-02-17,37.0,37.0,37.55,36.6,36.9,276000
2025-02-18,39.35,39.35,39.7,37.4,37.4,1707000
2025-02-19,38.95,38.95,39.25,38.6,39.0,545000
2025-02-20,38.1,38.1,39.5,38.1,39.45,510000
2025-02-21,38.9,38.9,40.65,38.8,38.8,1611000
2025-02-24,39.35,39.35,40.2,38.4,38.45,570000
2025-02-25,38.55,38.55,39.1,38.35,39.1,304000
2025-02-26,37.95,37.95,38.95,37.8,38.3,285000
2025-02-27,36.95,36.95,38.45,36.95,38.25,268000
2025-03-03,36.5,36.5,36.85,36.2,36.65,269000
2025-03-04,37.05,37.05,37.4,35.8,36.6,295000
2025-03-05,36.85,36.85,37.4,36.55,37.35,196000
2025-03-06,36.4,36.4,37.45,36.2,37.45,196000
2025-03-07,36.4,36.4,36.7,36.3,36.3,57000
2025-03-10,36.15,36.15,36.9,36.05,36.4,153000
2025-03-11,35.5,35.5,36.0,34.4,36.0,334000
2025-03-12,36.7,36.7,37.15,35.45,35.45,260000
2025-03-13,36.2,36.2,37.25,36.0,37.15,537000
2025-03-14,36.45,36.45,37.7,35.9,37.0,790000
2025-03-17,36.6,36.6,37.2,36.5,36.6,134000
2025-03-18,40.25,40.25,40.25,37.85,37.85,2665000
2025-03-19,44.25,44.25,44.25,41.25,41.3,7050000
2025-03-20,45.95,45.95,45.95,43.0,45.0,18945000
2025-03-21,43.5,43.5,45.9,43.3,45.4,4542000
2025-03-24,41.25,41.25,44.85,41.15,43.6,2960000
2025-03-25,40.9,40.9,42.95,40.3,41.8,2143000
2025-03-26,40.75,40.75,41.35,40.2,40.9,1006000
2025-03-27,39.45,39.45,40.25,39.4,39.8,1011000
2025-03-28,38.25,38.25,39.1,37.5,39.1,808000
2025-03-31,35.55,35.55,37.5,35.55,37.05,713000
2025-04-01,36.4,36.4,36.45,35.5,35.95,341000
2025-04-02,37.9,37.9,38.7,36.4,36.5,902000
2025-04-07,34.15,34.15,34.15,34.15,34.15,58000
2025-04-08,30.75,30.75,31.8,30.75,30.8,943000
2025-04-09,28.0,28.0,30.75,27.7,30.25,1128000
2025-04-10,30.8,30.8,30.8,30.8,30.8,192000
2025-04-11,29.7,29.7,29.7,27.95,29.0,464000
2025-04-14,30.45,30.45,32.2,30.2,31.0,497000
2025-04-15,31.65,31.65,32.0,30.85,31.05,493000
2025-04-16,31.5,31.5,32.65,31.25,32.05,576000
2025-04-17,31.0,31.0,31.85,30.8,31.5,302000
2025-04-18,31.0,31.0,32.2,30.8,31.9,251000
2025-04-21,29.35,29.35,31.2,29.3,31.1,324000
2025-04-22,28.8,28.8,29.7,28.75,28.75,159000
2025-04-23,29.6,29.6,30.0,29.5,29.8,307000
2025-04-24,29.65,29.65,30.25,29.45,30.25,151000
2025-04-25,30.6,30.6,30.7,30.3,30.7,200000
2025-04-28,31.1,31.1,31.15,30.65,30.65,186000
2025-04-29,31.95,31.95,32.15,30.8,31.4,433000
2025-04-30,31.3,31.3,32.7,31.3,32.15,294000
2025-05-02,32.45,32.45,32.7,31.5,31.5,219000
2025-05-05,30.55,30.55,32.85,30.0,32.85,306000
2025-05-06,30.6,30.6,30.95,29.75,29.75,119000
2025-05-07,30.5,30.5,31.0,30.05,30.8,135000
2025-05-08,31.85,31.85,32.55,30.55,30.55,451000
2025-05-09,31.7,31.7,32.2,31.25,32.0,161000
2025-05-12,32.55,32.55,32.8,32.25,32.25,250000
2025-05-13,32.45,32.45,33.65,32.45,33.65,272000
2025-05-14,32.8,32.8,32.9,32.2,32.85,170000
2025-05-15,32.2,32.2,33.1,32.15,33.0,192000
2025-05-16,32.25,32.25,33.0,32.1,32.55,114000
2025-05-19,31.4,31.4,32.1,31.4,32.1,93000
2025-05-20,31.3,31.3,32.1,31.3,32.1,100000
2025-05-21,31.7,31.7,32.1,31.25,31.25,117000
2025-05-22,31.75,31.75,32.0,31.6,32.0,98000
2025-05-23,31.35,31.35,32.35,31.35,31.75,213000
2025-05-26,30.9,30.9,31.5,30.4,31.5,135000
2025-05-27,30.5,30.5,31.25,30.5,31.1,100000
2025-05-28,30.4,30.4,30.75,30.3,30.75,109000
2025-05-29,30.4,30.4,31.15,30.4,30.75,86000
2025-06-02,29.55,29.55,30.4,29.45,30.4,119000
2025-06-03,29.3,29.3,30.15,29.3,30.0,174000
2025-06-04,29.85,29.85,30.2,29.65,29.8,74000
2025-06-05,29.8,29.8,30.2,29.65,29.65,151000
2025-06-06,30.2,30.2,30.25,29.65,29.65,106000
2025-06-09,29.7,29.7,30.6,29.5,30.6,106000
2025-06-10,30.0,30.0,30.2,29.65,29.65,88000
2025-06-11,29.95,29.95,30.1,29.8,30.0,126000
2025-06-12,30.2,30.2,30.35,30.0,30.05,71000
2025-06-13,29.75,29.75,30.3,29.75,30.15,169000
2025-06-16,29.85,29.85,30.15,29.55,29.85,69000
2025-06-17,30.25,30.25,32.0,30.1,30.1,405000
2025-06-18,30.05,30.05,30.6,29.7,30.6,70000
2025-06-19,29.45,29.45,30.4,29.45,30.4,143000
2025-06-20,28.8,28.8,29.45,28.5,29.3,130000
2025-06-23,28.7,28.7,28.85,28.05,28.5,69000
2025-06-24,29.05,29.05,29.5,29.05,29.1,86000
2025-06-25,29.4,29.4,29.6,29.15,29.6,56000
2025-06-26,29.65,29.65,30.3,29.65,29.65,87000
2025-06-27,29.65,29.65,30.1,29.65,29.9,48000
2025-06-30,29.05,29.05,29.4,28.9,29.35,97000
2025-07-01,29.4,29.4,29.7,29.3,29.35,90000
2025-07-02,29.7,29.7,29.7,29.05,29.4,51000
2025-07-03,30.25,30.25,30.65,29.9,29.9,166000
2025-07-04,29.15,29.15,30.65,29.05,30.65,119000
2025-07-07,28.95,28.95,29.1,28.7,29.05,58000
2025-07-08,28.95,28.95,28.95,28.35,28.6,57000
2025-07-09,29.05,29.05,29.2,28.95,28.95,27000
2025-07-10,28.9,28.9,29.15,28.75,29.05,39000
2025-07-11,29.2,29.2,29.7,28.9,28.9,74000
2025-07-14,28.85,28.85,29.15,28.75,28.75,19000
2025-07-15,29.05,29.05,29.25,28.75,28.75,69000
2025-07-16,29.5,29.5,30.2,29.25,29.3,202000
2025-07-17,29.95,29.95,30.3,29.65,29.95,116000
2025-07-18,30.35,30.35,30.85,30.25,30.25,257000
2025-07-21,30.1,30.1,30.8,30.05,30.7,104000
2025-07-22,29.1,29.1,30.5,29.05,30.5,158000
2025-07-23,30.1,30.1,30.2,29.15,29.25,109000
2025-07-24,29.7,29.7,30.15,29.65,30.15,34000
2025-07-25,29.65,29.65,30.05,29.55,30.05,51000
2025-07-28,29.9,29.9,30.2,29.65,29.65,52000
2025-07-29,29.6,29.6,30.15,29.6,29.7,59000
2025-07-30,29.45,29.45,29.75,29.45,29.6,64000
2025-07-31,29.35,29.35,29.45,29.3,29.45,33000
2025-08-01,29.9,29.9,29.95,29.1,29.1,64000
2025-08-04,29.9,29.9,30.2,29.75,29.8,49000
2025-08-05,30.2,30.2,30.45,30.1,30.2,150000
2025-08-06,30.0,30.0,30.45,29.85,30.2,154000
2025-08-07,29.85,29.85,30.35,29.75,30.1,70000
2025-08-08,29.8,29.8,30.1,29.7,29.85,89000
2025-08-11,30.0,30.0,30.4,29.6,30.4,147000
2025-08-12,30.25,30.25,30.35,30.0,30.05,174000
2025-08-13,29.95,29.95,31.0,29.95,31.0,296000
2025-08-14,30.65,30.65,30.7,30.25,30.5,149000
2025-08-15,31.55,31.55,32.2,30.7,31.25,357000
2025-08-18,31.5,31.5,32.2,31.5,32.2,181000
2025-08-19,34.65,34.65,34.65,31.8,31.8,2285000
2025-08-20,32.9,32.9,34.35,32.3,34.35,1609000
2025-08-21,33.65,33.65,36.0,33.0,33.0,1376000
2025-08-22,32.7,32.7,34.1,32.7,34.0,392000
2025-08-25,32.4,32.4,33.5,32.05,33.45,259000
2025-08-26,31.95,31.95,33.6,31.5,32.5,580000
2025-08-27,33.65,33.65,33.9,32.8,32.8,578000
2025-08-28,33.5,33.5,34.0,33.1,34.0,232000
2025-08-29,32.6,32.6,33.5,32.6,33.5,186000
2025-09-01,32.15,32.15,33.0,31.95,33.0,156000
2025-09-02,31.05,31.05,32.15,30.2,32.15,352000
2025-09-03,31.6,31.6,31.75,31.0,31.0,54000
2025-09-04,31.75,31.75,32.5,31.75,32.0,97000
2025-09-05,32.4,32.4,32.55,31.65,32.0,93000
2025-09-08,32.6,32.6,33.1,32.15,32.5,139000
2025-09-09,32.75,32.75,32.95,32.35,32.85,173000
2025-09-10,32.45,32.45,33.65,32.45,33.6,233000
2025-09-11,31.8,31.8,32.9,31.8,32.8,208000
2025-09-12,32.9,32.9,33.6,32.25,32.25,297000
2025-09-15,31.8,31.8,33.35,31.8,33.3,219000
2025-09-16,32.9,32.9,32.95,31.8,31.9,146000
2025-09-17,36.15,36.15,36.15,32.9,32.9,1627000
2025-09-18,39.5,39.5,39.7,35.2,36.15,3706000
2025-09-19,38.9,38.9,42.0,37.6,39.2,5730000
2025-09-22,38.0,38.0,40.45,38.0,38.6,2579000
2025-09-23,36.45,36.45,38.05,36.2,38.0,1138000
2025-09-24,40.05,40.05,40.05,36.15,36.5,3804000
2025-09-25,39.65,39.65,42.85,39.05,40.95,7543000
2025-09-26,39.1,39.1,42.85,39.0,39.55,7129000
2025-09-30,38.0,38.0,39.3,37.65,38.5,1856000
2025-10-01,37.5,37.5,39.9,37.3,38.4,2804000
2025-10-02,39.9,39.9,40.15,37.05,37.7,2492000
2025-10-03,39.45,39.45,41.8,39.25,39.95,5306000
2025-10-07,40.15,40.15,40.85,39.1,40.2,1702000
2025-10-08,40.5,40.5,40.8,39.45,39.85,1098000
2025-10-09,40.4,40.4,41.8,40.15,40.55,1897000
2025-10-13,40.15,40.15,40.35,37.2,38.3,1654000
2025-10-14,38.9,38.9,41.9,38.55,41.0,2755000
2025-10-15,38.75,38.75,39.6,38.55,39.6,582000
2025-10-16,39.7,39.7,40.6,38.65,38.75,1267000
2025-10-17,43.65,43.65,43.65,39.45,39.5,9465000
2025-10-20,48.0,48.0,48.0,45.8,45.95,5331000
2025-10-21,48.5,48.5,52.8,48.35,49.8,18271000
2025-10-22,48.7,48.7,51.0,47.25,48.35,7615000
2025-10-23,49.2,49.2,52.6,47.75,48.4,10143000
2025-10-27,49.9,49.9,51.9,47.95,50.5,5972000
2025-10-28,47.0,47.0,49.45,46.25,49.35,3281000
2025-10-29,44.95,44.95,47.75,44.6,47.0,2661000
2025-10-30,43.55,43.55,45.3,43.3,44.95,1710000
2025-10-31,43.0,43.0,44.15,42.35,43.55,1413000
2025-11-03,42.3,42.3,44.2,42.15,43.25,1357000
2025-11-04,40.45,40.45,42.7,40.4,42.65,1399000
2025-11-05,40.0,40.0,40.35,39.35,39.5,722000
2025-11-06,40.8,40.8,41.3,39.4,40.45,1381000
2025-11-07,39.5,39.5,40.5,39.25,40.3,685000
2025-11-10,38.95,38.95,39.95,38.6,39.8,552000
2025-11-11,42.8,42.8,42.8,39.5,39.8,1355000
2025-11-12,42.35,42.35,44.8,41.85,44.0,5880000
2025-11-13,46.55,46.55,46.55,42.15,42.35,7572000
2025-11-14,44.75,44.75,48.7,44.75,46.0,12448000
2025-11-17,42.5,42.5,45.6,42.5,44.75,2567000
2025-11-18,41.4,41.4,44.55,41.1,42.0,3104000
2025-11-19,45.5,45.5,45.5,41.35,41.4,7709000
2025-11-20,46.35,46.35,50.0,46.05,49.0,16408000
2025-11-21,50.9,50.9,50.9,45.3,46.2,27645000
2025-11-24,55.9,55.9,55.9,52.2,55.0,43497000
2025-11-25,52.9,52.9,59.0,51.4,58.5,53329000
2025-11-26,50.7,50.7,52.9,50.0,52.3,10348000
2025-11-27,52.0,52.0,52.0,48.7,50.7,11974000
2025-11-28,57.2,57.2,57.2,52.6,52.6,10040000
2025-12-01,56.0,56.0,59.5,54.7,58.9,29463000
2025-12-02,54.2,54.2,58.6,54.1,56.5,13975000
2025-12-03,59.6,59.6,59.6,55.0,55.2,13924000
2025-12-04,57.9,57.9,63.6,56.0,62.1,59943000
2025-12-05,57.3,57.3,57.8,56.1,56.7,5723000
2025-12-08,57.6,57.6,58.5,56.0,56.8,8537000
2025-12-09,58.7,58.7,61.3,57.0,57.2,16418000
2025-12-10,57.1,57.1,59.8,57.1,58.0,7799000
2025-12-11,55.0,55.0,58.7,54.6,57.3,5664000
2025-12-12,55.1,55.1,55.6,53.8,55.0,3195000
2025-12-15,55.0,55.0,58.2,53.6,54.4,6787000
2025-12-16,52.9,52.9,57.0,52.3,55.3,6070000
2025-12-17,52.7,52.7,55.3,52.7,52.7,4060000
2025-12-18,51.8,51.8,53.5,51.7,52.5,2736000
2025-12-19,52.5,52.5,53.5,51.3,53.0,2067000
2025-12-22,53.7,53.7,54.2,52.6,52.7,1849000
2025-12-23,56.0,56.0,58.7,55.0,57.6,10943000
2025-12-24,57.4,57.4,60.0,56.2,56.2,13653000
2025-12-26,56.0,56.0,57.6,56.0,56.9,3456000
2025-12-29,54.0,54.0,56.3,54.0,56.3,2470000
2025-12-30,53.6,53.6,55.1,53.5,54.0,1743000
2025-12-31,53.6,53.6,54.9,53.0,53.0,2443000
2026-01-02,56.7,56.7,58.5,54.6,54.9,9725000
2026-01-05,59.2,59.2,59.5,55.7,56.5,12393000
2026-01-06,62.5,62.5,63.6,58.5,60.0,25016000
2026-01-07,62.0,62.0,66.6,60.8,64.3,17906000
2026-01-08,58.0,58.0,61.9,57.8,61.8,5338000
2026-01-09,63.8,63.8,63.8,57.4,57.6,14623000
2026-01-12,62.9,62.9,67.1,62.5,64.5,26989000
2026-01-13,64.0,64.0,64.0,61.1,62.3,7053000
2026-01-14,70.4,70.4,70.4,64.5,65.2,20050000
2026-01-15,71.0,71.0,76.5,69.5,71.4,49070000
2026-01-16,69.6,69.6,72.4,67.5,72.4,10673000
2026-01-19,71.6,71.6,73.5,68.3,71.0,13383000
2026-01-20,71.6,71.6,73.7,70.1,72.1,9803000
2026-01-21,67.6,67.6,71.6,67.6,70.7,4861000
2026-01-22,67.5,67.5,72.8,67.5,69.3,7845000
2026-01-23,65.1,65.1,69.0,64.4,68.1,5078000
2026-01-26,65.2,65.2,66.2,64.0,65.3,2438000
2026-01-27,64.6,64.6,67.0,64.6,66.4,2684000
2026-01-28,64.9,64.9,65.8,64.3,65.7,2018000
2026-01-29,61.0,61.0,65.2,61.0,65.0,2809000
2026-01-30,59.1,59.1,63.5,59.1,61.5,2883000
2026-02-02,56.1,56.1,58.6,55.7,57.8,2491000
2026-02-03,55.0,55.0,58.8,55.0,57.6,2151000
2026-02-04,56.1,56.1,56.6,54.7,55.2,1290000
2026-02-05,53.8,53.8,56.7,53.8,55.3,1217000
2026-02-06,52.2,52.2,53.7,51.3,53.7,1138000
2026-02-09,57.4,57.4,57.4,53.0,55.1,2272000
2026-02-10,55.3,55.3,58.8,55.2,58.5,4668000
2026-02-11,56.0,56.0,56.2,54.5,55.7,1476000
2026-02-23,59.1,59.1,60.8,58.0,58.0,3248000
2026-02-24,60.9,60.9,61.4,58.6,58.6,3452000
2026-02-25,59.5,59.5,63.0,59.2,61.5,2842000
2026-02-26,61.3,61.3,61.3,57.8,59.6,2354000
2026-03-02,60.1,60.1,60.8,58.1,59.0,1211000
2026-03-03,57.1,57.1,61.3,57.0,59.6,1615000
2026-03-04,51.9,51.9,56.1,51.5,56.1,2015000
2026-03-05,54.9,54.9,55.6,53.1,54.0,1043000
2026-03-06,54.3,54.3,55.6,53.5,54.5,652000
2026-03-09,51.8,51.8,51.9,49.1,49.1,948000
2026-03-10,53.6,53.6,55.4,52.3,53.9,686000
2026-03-11,54.2,54.2,55.5,53.7,53.7,785000
2026-03-12,53.3,53.3,55.0,53.3,54.2,564000
2026-03-13,54.0,54.0,55.0,52.0,52.8,662000
2026-03-16,55.0,55.0,55.8,53.0,55.0,822000
2026-03-17,58.1,58.1,58.5,55.2,56.0,2376000
2026-03-18,57.4,57.4,59.7,56.1,59.0,1849000
2026-03-19,56.3,56.3,58.7,56.1,56.3,1120000
2026-03-20,56.4,56.4,58.5,55.2,56.8,1381000
2026-03-23,55.0,55.0,56.5,54.0,55.7,744000
2026-03-24,53.2,53.2,56.5,52.1,56.0,646000
2026-03-25,53.8,53.8,55.0,53.5,55.0,506000
2026-03-26,52.3,52.3,55.4,52.3,54.4,595000
2026-03-27,52.4,52.4,53.1,50.7,51.5,593000
2026-03-30,57.6,57.6,57.6,51.9,52.8,1763000
2026-03-31,53.9,53.9,61.6,53.0,58.3,7947000
2026-04-01,54.1,54.1,57.0,54.1,57.0,1221000
2026-04-02,51.0,51.0,56.4,51.0,56.4,1095000
2026-04-07,51.8,51.8,52.9,51.0,51.6,631000
2026-04-08,54.6,54.6,55.0,52.6,53.4,908000
2026-04-09,55.4,55.4,55.9,54.5,55.0,862000
2026-04-10,56.0,56.0,57.6,55.7,56.7,1098000
2026-04-13,61.6,61.6,61.6,58.2,58.2,2989000
2026-04-14,65.0,65.0,65.7,60.6,63.5,11942000
2026-04-15,64.6,64.6,70.0,64.3,68.0,10281000
2026-04-16,66.0,66.0,69.6,62.7,64.3,8385000
2026-04-17,66.2,66.2,67.9,65.2,66.1,4925000
2026-04-20,64.7,64.7,68.4,64.1,66.3,5366000
2026-04-21,65.5,65.5,65.5,62.9,65.0,2637000
2026-04-22,64.5,64.5,65.6,64.3,65.5,1612000
2026-04-23,58.9,58.9,64.7,58.1,64.6,3442000
2026-04-24,56.5,56.5,60.0,55.7,59.7,1626000
2026-04-27,56.3,56.3,56.6,53.4,56.4,1414000
2026-04-28,58.8,58.8,59.6,56.2,56.6,2081000
2026-04-29,59.2,59.2,60.0,57.5,60.0,1000000
2026-04-30,58.6,58.6,60.4,58.2,60.0,811000
2026-05-04,64.4,64.4,64.4,64.4,64.4,1411000
2026-05-05,70.8,70.8,70.8,70.8,70.8,2332000
2026-05-06,77.3,77.3,77.8,71.5,75.0,25122000
2026-05-07,85.0,85.0,85.0,77.3,79.4,9735000
2026-05-08,84.1,84.1,93.5,84.0,85.0,26068000
2026-05-11,88.9,88.9,89.3,82.6,83.8,3722000
2026-05-12,97.7,97.7,97.7,95.0,95.0,2572000
2026-05-13,106.0,106.0,106.0,99.7,99.7,5198000
2026-05-14,109.0,109.0,116.5,106.5,116.5,2511000
2026-05-15,98.1,98.1,107.5,98.1,107.5,1826000
2026-05-18,107.5,107.5,107.5,99.7,100.0,2243000
2026-05-19,108.5,108.5,112.5,104.0,106.5,1396000
2026-05-20,116.5,116.5,119.0,111.0,111.0,1664000
2026-05-21,125.0,125.0,128.0,120.0,120.0,1230000
2026-05-22,123.0,123.0,123.0,120.0,122.0,1579000
2026-05-25,135.0,135.0,135.0,129.0,129.0,667000
2026-05-26,147.0,147.0,148.5,121.5,133.0,2286000
2026-05-27,150.5,150.5,159.0,147.5,147.5,1427000
2026-05-28,151.5,151.5,158.5,137.0,137.0,1026000
2026-05-29,154.5,154.5,156.0,151.5,153.5,688000
2026-06-01,169.0,169.0,169.5,164.0,164.0,1517000
2026-06-02,162.0,162.0,168.5,153.0,168.5,1015000
2026-06-03,162.0,162.0,172.0,157.0,172.0,636000
2026-06-04,149.0,149.0,159.5,149.0,155.0,665000
2026-06-05,145.5,145.5,150.0,134.5,138.5,1399000
2026-06-08,132.0,132.0,136.0,131.0,131.0,1226000
2026-06-09,143.5,143.5,143.5,125.5,125.5,1134000
2026-06-10,141.0,141.0,157.5,141.0,145.0,1575000
2026-06-11,155.0,155.0,155.0,127.0,145.0,17871000
2026-06-12,170.5,170.5,170.5,170.5,170.5,2034000
2026-06-15,187.5,187.5,187.5,187.5,187.5,539000
2026-06-16,192.5,192.5,206.0,184.0,196.5,27205000
2026-06-17,195.5,195.5,199.5,181.5,189.5,19528000
2026-06-18,195.0,195.0,198.0,189.5,195.0,1802000
2026-06-22,190.5,190.5,199.5,190.0,199.5,1294000
2026-06-23,177.5,177.5,191.0,177.0,191.0,1414000
2026-06-24,192.0,192.0,192.0,176.0,176.0,782000
2026-06-25,200.5,200.5,200.5,192.5,195.0,1189000
2026-06-26,180.5,180.5,195.5,180.5,195.5,1074000
2026-06-29,169.0,169.0,186.0,169.0,180.5,811000
2026-06-30,185.5,185.5,185.5,176.0,176.0,300000
2026-07-01,202.0,202.0,203.0,190.0,198.0,1759000
2026-07-02,206.5,206.5,206.5,195.0,196.5,1254000
2026-07-03,210.5,210.5,227.0,186.0,195.0,31154000
2026-07-06,189.5,189.5,225.5,189.5,210.5,15957000
2026-07-07,171.0,171.0,193.5,171.0,185.0,8461000
2026-07-08,162.0,162.0,171.0,158.0,170.5,9420000
2026-07-09,178.0,178.0,178.0,163.0,167.0,7290000
2026-07-13,160.5,160.5,177.0,160.5,176.5,8500000
2026-07-14,152.0,152.0,164.0,144.5,158.5,9015000
2026-07-15,151.5,151.5,160.0,145.0,160.0,5788000
2026-07-16,143.5,143.5,152.5,141.5,145.0,4255000
2026-07-17,129.5,129.5,135.5,129.5,130.0,4091000
2026-07-20,117.5,117.5,127.5,117.0,127.5,5044000
2026-07-21,120.5,120.5,128.0,118.5,125.0,5204000
2026-07-22,129.5,129.5,132.5,128.0,131.0,6746000
2026-07-23,123.5,123.5,130.0,121.0,127.0,4535000
2026-07-24,114.0,114.0,122.5,113.5,121.0,2905000
2026-07-27,117.5,117.5,117.5,109.5,114.0,4289000
2026-07-28,106.0,106.0,110.0,106.0,108.5,2983000
2026-07-29,95.4,95.4,107.5,95.4,104.0,4022000
2026-07-30,89.8,89.8,101.0,88.0,93.0,5582000
2026-07-31,98.7,98.7,98.7,97.9,98.7,871000
2026-08-03,108.5,108.5,108.5,102.0,102.0,2208000
2026-08-04,110.5,110.5,113.5,105.0,109.5,6178000
2026-08-05,110.0,110.0,116.5,109.0,114.5,5567000
2026-08-06,112.5,112.5,112.5,103.5,109.5,3228000
2026-08-07,116.5,116.5,118.0,107.5,110.5,3960000
2026-08-10,114.0,114.0,118.0,111.0,114.5,6835000
2026-08-11,116.5,116.5,125.0,114.0,114.5,15284000
2026-08-12,113.0,113.0,117.0,112.0,113.5,6300000
2026-08-13,116.5,116.5,123.0,115.0,115.0,8118000
2026-08-14,112.5,112.5,119.5,112.0,119.0,3681000
2026-08-17,108.5,108.5,111.0,106.0,110.5,2189000
2026-08-18,101.5,101.5,109.5,101.0,108.5,2233000
2026-08-19,111.5,111.5,111.5,98.5,99.2,5692000
2026-08-20,101.0,101.0,111.0,100.5,110.5,8503000
2026-08-21,99.6,99.6,103.0,99.0,101.0,2616000
2026-08-24,99.0,99.0,102.5,98.9,98.9,1544384
2026-08-25,98.9,98.9,99.4,93.2,97.6,2405440
2026-08-26,99.0,99.0,100.5,97.1,99.0,1940475
2026-08-27,104.5,104.5,107.0,98.1,100.5,4638741
2026-08-28,109.0,109.0,114.0,105.5,109.0,8564524
2026-08-31,105.0,105.0,115.0,100.5,107.0,5657613
2026-09-01,107.5,107.5,114.0,105.5,105.5,4431100
2026-09-02,111.0,111.0,114.0,101.5,106.0,4482400
2026-09-03,100.5,100.5,113.5,100.0,113.0,6274761
2026-09-04,110.5,110.5,110.5,104.0,104.0,8987593
2026-09-07,121.5,121.5,121.5,111.5,113.5,11568955
2026-09-08,113.0,113.0,121.5,112.0,121.5,10903000
2026-09-09,112.5,112.5,117.0,112.0,115.0,4917054
2026-09-10,120.5,120.5,123.5,107.5,111.5,10031929
2026-09-11,113.0,113.0,121.5,112.5,116.0,11191644
2026-09-14,111.0,111.0,114.5,108.5,110.0,3268509
2026-09-15,110.0,110.0,116.0,110.0,111.0,4254682
2026-09-16,114.0,114.0,114.0,110.5,111.5,2015843
2026-09-17,110.5,110.5,118.0,110.5,115.5,3488455
2026-09-18,113.0,113.0,114.0,110.5,114.0,1616315
2026-09-21,113.5,113.5,117.0,112.5,113.0,3811629
2026-09-22,111.5,111.5,117.0,111.5,116.5,2727423
2026-09-23,111.5,111.5,115.5,111.5,112.5,1779623
2026-09-24,114.0,114.0,117.0,110.0,110.0,3606662
2026-09-25,114.0,114.0,117.0,110.0,110.0,3606662
2026-09-28,114.0,114.0,117.0,110.0,110.0,3606662
2026-09-29,111.5,111.5,113.0,110.5,113.0,2180640
2026-09-30,111.5,111.5,114.0,111.0,113.0,1351882
2026-10-01,118.0,118.0,122.0,112.0,112.0,12002178
2026-10-02,121.0,121.0,124.0,116.0,117.5,11091399
2026-10-05,118.5,118.5,126.5,118.0,125.5,7199586
2026-10-06,138.5,138.5,138.5,121.5,125.0,19817596
2026-10-07,138.5,138.5,138.5,121.5,125.0,19817596
2026-10-08,138.5,138.5,138.5,121.5,125.0,19817596
