Date,Adj Close,Close,High,Low,Open,Volume
2016-08-12,53.5,53.5,53.9,53.5,53.9,7319
2016-08-15,53.5,53.5,53.9,53.5,53.9,7319
2016-08-16,53.5,53.5,53.9,53.5,53.9,7319
2016-08-17,53.5,53.5,53.9,53.5,53.9,7319
2016-08-18,53.5,53.5,53.9,53.5,53.9,7319
2016-08-19,53.5,53.5,53.9,53.5,53.9,7319
2016-08-22,53.5,53.5,53.9,53.5,53.9,7319
2016-08-23,53.5,53.5,53.9,53.5,53.9,7319
2016-08-24,53.5,53.5,53.9,53.5,53.9,7319
2016-08-25,53.5,53.5,53.9,53.5,53.9,7319
2016-08-26,53.5,53.5,53.9,53.5,53.9,7319
2016-08-29,53.5,53.5,53.9,53.5,53.9,7319
2016-08-30,53.5,53.5,53.9,53.5,53.9,7319
2016-08-31,53.5,53.5,53.9,53.5,53.9,7319
2016-09-01,53.5,53.5,53.9,53.5,53.9,7319
2016-09-02,53.5,53.5,53.9,53.5,53.9,7319
2016-09-05,53.5,53.5,53.9,53.5,53.9,7319
2016-09-06,53.5,53.5,53.9,53.5,53.9,7319
2016-09-07,53.5,53.5,53.9,53.5,53.9,7319
2016-09-08,53.5,53.5,53.9,53.5,53.9,7319
2016-09-09,53.5,53.5,53.9,53.5,53.9,7319
2016-09-12,53.5,53.5,53.9,53.5,53.9,7319
2016-09-13,53.5,53.5,53.9,53.5,53.9,7319
2016-09-14,53.5,53.5,53.9,53.5,53.9,7319
2016-09-19,53.5,53.5,53.9,53.5,53.9,7319
2016-09-20,53.5,53.5,53.9,53.5,53.9,7319
2016-09-21,53.5,53.5,53.9,53.5,53.9,7319
2016-09-22,53.5,53.5,53.9,53.5,53.9,7319
2016-09-23,53.5,53.5,53.9,53.5,53.9,7319
2016-09-26,53.5,53.5,53.9,53.5,53.9,7319
2016-09-29,53.5,53.5,53.9,53.5,53.9,7319
2016-09-30,53.5,53.5,53.9,53.5,53.9,7319
2016-10-03,53.5,53.5,53.9,53.5,53.9,7319
2016-10-04,53.5,53.5,53.9,53.5,53.9,7319
2016-10-05,53.5,53.5,53.9,53.5,53.9,7319
2016-10-06,53.5,53.5,53.9,53.5,53.9,7319
2016-10-07,53.5,53.5,53.9,53.5,53.9,7319
2016-10-11,53.5,53.5,53.9,53.5,53.9,7319
2016-10-12,53.5,53.5,53.9,53.5,53.9,7319
2016-10-13,53.5,53.5,53.9,53.5,53.9,7319
2016-10-14,53.5,53.5,53.9,53.5,53.9,7319
2016-10-17,53.5,53.5,53.9,53.5,53.9,7319
2016-10-18,53.5,53.5,53.9,53.5,53.9,7319
2016-10-19,53.5,53.5,53.9,53.5,53.9,7319
2016-10-20,53.5,53.5,53.9,53.5,53.9,7319
2016-10-21,53.5,53.5,53.9,53.5,53.9,7319
2016-10-24,53.5,53.5,53.9,53.5,53.9,7319
2016-10-25,53.5,53.5,53.9,53.5,53.9,7319
2016-10-26,53.5,53.5,53.9,53.5,53.9,7319
2016-10-27,53.5,53.5,53.9,53.5,53.9,7319
2016-10-28,53.5,53.5,53.9,53.5,53.9,7319
2016-10-31,53.5,53.5,53.9,53.5,53.9,7319
2016-11-01,53.5,53.5,53.9,53.5,53.9,7319
2016-11-02,53.5,53.5,53.9,53.5,53.9,7319
2016-11-03,53.5,53.5,53.9,53.5,53.9,7319
2016-11-04,53.5,53.5,53.9,53.5,53.9,7319
2016-11-07,53.5,53.5,53.9,53.5,53.9,7319
2016-11-08,53.5,53.5,53.9,53.5,53.9,7319
2016-11-09,53.5,53.5,53.9,53.5,53.9,7319
2016-11-10,53.5,53.5,53.9,53.5,53.9,7319
2016-11-11,53.5,53.5,53.9,53.5,53.9,7319
2016-11-14,53.5,53.5,53.9,53.5,53.9,7319
2016-11-15,53.5,53.5,53.9,53.5,53.9,7319
2016-11-16,53.5,53.5,53.9,53.5,53.9,7319
2016-11-17,53.5,53.5,53.9,53.5,53.9,7319
2016-11-18,53.5,53.5,53.9,53.5,53.9,7319
2016-11-21,53.5,53.5,53.9,53.5,53.9,7319
2016-11-22,53.5,53.5,53.9,53.5,53.9,7319
2016-11-23,53.5,53.5,53.9,53.5,53.9,7319
2016-11-24,53.5,53.5,53.9,53.5,53.9,7319
2016-11-25,53.5,53.5,53.9,53.5,53.9,7319
2016-11-28,53.5,53.5,53.9,53.5,53.9,7319
2016-11-29,53.5,53.5,53.9,53.5,53.9,7319
2016-11-30,53.5,53.5,53.9,53.5,53.9,7319
2016-12-01,53.5,53.5,53.9,53.5,53.9,7319
2016-12-02,53.5,53.5,53.9,53.5,53.9,7319
2016-12-05,53.5,53.5,53.9,53.5,53.9,7319
2016-12-06,53.5,53.5,53.9,53.5,53.9,7319
2016-12-07,53.5,53.5,53.9,53.5,53.9,7319
2016-12-08,53.5,53.5,53.9,53.5,53.9,7319
2016-12-09,53.5,53.5,53.9,53.5,53.9,7319
2016-12-12,53.5,53.5,53.9,53.5,53.9,7319
2016-12-13,53.5,53.5,53.9,53.5,53.9,7319
2016-12-14,53.5,53.5,53.9,53.5,53.9,7319
2016-12-15,53.5,53.5,53.9,53.5,53.9,7319
2016-12-16,53.5,53.5,53.9,53.5,53.9,7319
2016-12-19,53.5,53.5,53.9,53.5,53.9,7319
2016-12-20,53.5,53.5,53.9,53.5,53.9,7319
2016-12-21,53.5,53.5,53.9,53.5,53.9,7319
2016-12-22,53.5,53.5,53.9,53.5,53.9,7319
2016-12-23,53.5,53.5,53.9,53.5,53.9,7319
2016-12-26,53.5,53.5,53.9,53.5,53.9,7319
2016-12-27,53.5,53.5,53.9,53.5,53.9,7319
2016-12-28,53.5,53.5,53.9,53.5,53.9,7319
2016-12-29,53.5,53.5,53.9,53.5,53.9,7319
2016-12-30,53.5,53.5,53.9,53.5,53.9,7319
2017-01-03,53.5,53.5,53.9,53.5,53.9,7319
2017-01-04,53.5,53.5,53.9,53.5,53.9,7319
2017-01-05,53.5,53.5,53.9,53.5,53.9,7319
2017-01-06,53.5,53.5,53.9,53.5,53.9,7319
2017-01-09,53.5,53.5,53.9,53.5,53.9,7319
2017-01-10,53.5,53.5,53.9,53.5,53.9,7319
2017-01-11,53.5,53.5,53.9,53.5,53.9,7319
2017-01-12,53.5,53.5,53.9,53.5,53.9,7319
2017-01-13,53.5,53.5,53.9,53.5,53.9,7319
2017-01-16,53.5,53.5,53.9,53.5,53.9,7319
2017-01-17,53.5,53.5,53.9,53.5,53.9,7319
2017-01-18,53.5,53.5,53.9,53.5,53.9,7319
2017-01-19,53.5,53.5,53.9,53.5,53.9,7319
2017-01-20,53.5,53.5,53.9,53.5,53.9,7319
2017-01-23,53.5,53.5,53.9,53.5,53.9,7319
2017-01-24,53.5,53.5,53.9,53.5,53.9,7319
2017-02-02,53.5,53.5,53.9,53.5,53.9,7319
2017-02-03,53.5,53.5,53.9,53.5,53.9,7319
2017-02-06,53.5,53.5,53.9,53.5,53.9,7319
2017-02-07,53.5,53.5,53.9,53.5,53.9,7319
2017-02-08,53.5,53.5,53.9,53.5,53.9,7319
2017-02-09,53.5,53.5,53.9,53.5,53.9,7319
2017-02-10,53.5,53.5,53.9,53.5,53.9,7319
2017-02-13,53.5,53.5,53.9,53.5,53.9,7319
2017-02-14,53.5,53.5,53.9,53.5,53.9,7319
2017-02-15,53.5,53.5,53.9,53.5,53.9,7319
2017-02-16,53.5,53.5,53.9,53.5,53.9,7319
2017-02-17,53.5,53.5,53.9,53.5,53.9,7319
2017-02-20,53.5,53.5,53.9,53.5,53.9,7319
2017-02-21,53.5,53.5,53.9,53.5,53.9,7319
2017-02-22,53.5,53.5,53.9,53.5,53.9,7319
2017-02-23,53.5,53.5,53.9,53.5,53.9,7319
2017-02-24,53.5,53.5,53.9,53.5,53.9,7319
2017-03-01,53.5,53.5,53.9,53.5,53.9,7319
2017-03-02,53.5,53.5,53.9,53.5,53.9,7319
2017-03-03,53.5,53.5,53.9,53.5,53.9,7319
2017-03-06,53.5,53.5,53.9,53.5,53.9,7319
2017-03-07,53.5,53.5,53.9,53.5,53.9,7319
2017-03-08,53.5,53.5,53.9,53.5,53.9,7319
2017-03-09,53.5,53.5,53.9,53.5,53.9,7319
2017-03-10,53.5,53.5,53.9,53.5,53.9,7319
2017-03-13,53.5,53.5,53.9,53.5,53.9,7319
2017-03-14,53.5,53.5,53.9,53.5,53.9,7319
2017-03-15,53.5,53.5,53.9,53.5,53.9,7319
2017-03-16,53.5,53.5,53.9,53.5,53.9,7319
2017-03-17,53.5,53.5,53.9,53.5,53.9,7319
2017-03-20,53.5,53.5,53.9,53.5,53.9,7319
2017-03-21,53.5,53.5,53.9,53.5,53.9,7319
2017-03-22,53.5,53.5,53.9,53.5,53.9,7319
2017-03-23,53.5,53.5,53.9,53.5,53.9,7319
2017-03-24,53.5,53.5,53.9,53.5,53.9,7319
2017-03-27,53.5,53.5,53.9,53.5,53.9,7319
2017-03-28,53.5,53.5,53.9,53.5,53.9,7319
2017-03-29,53.5,53.5,53.9,53.5,53.9,7319
2017-03-30,53.5,53.5,53.9,53.5,53.9,7319
2017-03-31,53.5,53.5,53.9,53.5,53.9,7319
2017-04-05,53.5,53.5,53.9,53.5,53.9,7319
2017-04-06,53.5,53.5,53.9,53.5,53.9,7319
2017-04-07,53.5,53.5,53.9,53.5,53.9,7319
2017-04-10,53.5,53.5,53.9,53.5,53.9,7319
2017-04-11,53.5,53.5,53.9,53.5,53.9,7319
2017-04-12,53.5,53.5,53.9,53.5,53.9,7319
2017-04-13,53.5,53.5,53.9,53.5,53.9,7319
2017-04-14,53.5,53.5,53.9,53.5,53.9,7319
2017-04-17,53.5,53.5,53.9,53.5,53.9,7319
2017-04-18,53.5,53.5,53.9,53.5,53.9,7319
2017-04-19,53.5,53.5,53.9,53.5,53.9,7319
2017-04-21,53.5,53.5,53.9,53.5,53.9,7319
2017-04-24,53.5,53.5,53.9,53.5,53.9,7319
2017-04-25,53.5,53.5,53.9,53.5,53.9,7319
2017-04-26,53.5,53.5,53.9,53.5,53.9,7319
2017-04-27,53.5,53.5,53.9,53.5,53.9,7319
2017-04-28,53.5,53.5,53.9,53.5,53.9,7319
2017-05-02,53.5,53.5,53.9,53.5,53.9,7319
2017-05-03,53.5,53.5,53.9,53.5,53.9,7319
2017-05-04,53.5,53.5,53.9,53.5,53.9,7319
2017-05-05,53.5,53.5,53.9,53.5,53.9,7319
2017-05-08,53.5,53.5,53.9,53.5,53.9,7319
2017-05-09,53.5,53.5,53.9,53.5,53.9,7319
2017-05-10,53.5,53.5,53.9,53.5,53.9,7319
2017-05-11,53.5,53.5,53.9,53.5,53.9,7319
2017-05-12,53.5,53.5,53.9,53.5,53.9,7319
2017-05-15,53.5,53.5,53.9,53.5,53.9,7319
2017-05-16,53.5,53.5,53.9,53.5,53.9,7319
2017-05-17,53.5,53.5,53.9,53.5,53.9,7319
2017-05-18,53.5,53.5,53.9,53.5,53.9,7319
2017-05-19,53.5,53.5,53.9,53.5,53.9,7319
2017-05-22,53.5,53.5,53.9,53.5,53.9,7319
2017-05-23,53.5,53.5,53.9,53.5,53.9,7319
2017-05-24,53.5,53.5,53.9,53.5,53.9,7319
2017-05-25,53.5,53.5,53.9,53.5,53.9,7319
2017-05-26,53.5,53.5,53.9,53.5,53.9,7319
2017-05-31,53.5,53.5,53.9,53.5,53.9,7319
2017-06-01,53.5,53.5,53.9,53.5,53.9,7319
2017-06-02,53.5,53.5,53.9,53.5,53.9,7319
2017-06-05,53.5,53.5,53.9,53.5,53.9,7319
2017-06-06,53.5,53.5,53.9,53.5,53.9,7319
2017-06-07,53.5,53.5,53.9,53.5,53.9,7319
2017-06-08,53.5,53.5,53.9,53.5,53.9,7319
2017-06-09,53.5,53.5,53.9,53.5,53.9,7319
2017-06-12,53.5,53.5,53.9,53.5,53.9,7319
2017-06-13,53.5,53.5,53.9,53.5,53.9,7319
2017-06-14,53.5,53.5,53.9,53.5,53.9,7319
2017-06-15,53.5,53.5,53.9,53.5,53.9,7319
2017-06-16,53.5,53.5,53.9,53.5,53.9,7319
2017-06-19,53.5,53.5,53.9,53.5,53.9,7319
2017-06-20,53.5,53.5,53.9,53.5,53.9,7319
2017-06-21,53.5,53.5,53.9,53.5,53.9,7319
2017-06-22,53.5,53.5,53.9,53.5,53.9,7319
2017-06-23,53.5,53.5,53.9,53.5,53.9,7319
2017-06-26,53.5,53.5,53.9,53.5,53.9,7319
2017-06-27,53.5,53.5,53.9,53.5,53.9,7319
2017-06-28,53.5,53.5,53.9,53.5,53.9,7319
2017-06-29,53.5,53.5,53.9,53.5,53.9,7319
2017-06-30,53.5,53.5,53.9,53.5,53.9,7319
2017-07-03,53.5,53.5,53.9,53.5,53.9,7319
2017-07-04,53.5,53.5,53.9,53.5,53.9,7319
2017-07-05,53.5,53.5,53.9,53.5,53.9,7319
2017-07-06,53.5,53.5,53.9,53.5,53.9,7319
2017-07-07,53.5,53.5,53.9,53.5,53.9,7319
2017-07-10,53.5,53.5,53.9,53.5,53.9,7319
2017-07-11,53.5,53.5,53.9,53.5,53.9,7319
2017-07-12,53.5,53.5,53.9,53.5,53.9,7319
2017-07-13,53.5,53.5,53.9,53.5,53.9,7319
2017-07-14,53.5,53.5,53.9,53.5,53.9,7319
2017-07-17,53.5,53.5,53.9,53.5,53.9,7319
2017-07-18,53.5,53.5,53.9,53.5,53.9,7319
2017-07-19,53.5,53.5,53.9,53.5,53.9,7319
2017-07-20,53.5,53.5,53.9,53.5,53.9,7319
2017-07-21,53.5,53.5,53.9,53.5,53.9,7319
2017-07-24,53.5,53.5,53.9,53.5,53.9,7319
2017-07-25,53.5,53.5,53.9,53.5,53.9,7319
2017-07-26,53.5,53.5,53.9,53.5,53.9,7319
2017-07-27,53.5,53.5,53.9,53.5,53.9,7319
2017-07-28,53.5,53.5,53.9,53.5,53.9,7319
2017-07-31,53.5,53.5,53.9,53.5,53.9,7319
2017-08-01,53.5,53.5,53.9,53.5,53.9,7319
2017-08-02,53.5,53.5,53.9,53.5,53.9,7319
2017-08-03,53.5,53.5,53.9,53.5,53.9,7319
2017-08-04,53.5,53.5,53.9,53.5,53.9,7319
2017-08-07,53.5,53.5,53.9,53.5,53.9,7319
2017-08-08,53.5,53.5,53.9,53.5,53.9,7319
2017-08-09,53.5,53.5,53.9,53.5,53.9,7319
2017-08-10,53.5,53.5,53.9,53.5,53.9,7319
2017-08-11,53.5,53.5,53.9,53.5,53.9,7319
2017-08-14,53.5,53.5,53.9,53.5,53.9,7319
2017-08-15,53.5,53.5,53.9,53.5,53.9,7319
2017-08-16,53.5,53.5,53.9,53.5,53.9,7319
2017-08-17,53.5,53.5,53.9,53.5,53.9,7319
2017-08-18,53.5,53.5,53.9,53.5,53.9,7319
2017-08-21,53.5,53.5,53.9,53.5,53.9,7319
2017-08-22,53.5,53.5,53.9,53.5,53.9,7319
2017-08-23,53.5,53.5,53.9,53.5,53.9,7319
2017-08-24,53.5,53.5,53.9,53.5,53.9,7319
2017-08-25,53.5,53.5,53.9,53.5,53.9,7319
2017-08-28,53.5,53.5,53.9,53.5,53.9,7319
2017-08-29,53.5,53.5,53.9,53.5,53.9,7319
2017-08-30,53.5,53.5,53.9,53.5,53.9,7319
2017-08-31,53.5,53.5,53.9,53.5,53.9,7319
2017-09-01,53.5,53.5,53.9,53.5,53.9,7319
2017-09-04,53.5,53.5,53.9,53.5,53.9,7319
2017-09-05,53.5,53.5,53.9,53.5,53.9,7319
2017-09-06,53.5,53.5,53.9,53.5,53.9,7319
2017-09-07,53.5,53.5,53.9,53.5,53.9,7319
2017-09-08,53.5,53.5,53.9,53.5,53.9,7319
2017-09-11,53.5,53.5,53.9,53.5,53.9,7319
2017-09-12,53.5,53.5,53.9,53.5,53.9,7319
2017-09-13,53.5,53.5,53.9,53.5,53.9,7319
2017-09-14,53.5,53.5,53.9,53.5,53.9,7319
2017-09-15,53.5,53.5,53.9,53.5,53.9,7319
2017-09-18,53.5,53.5,53.9,53.5,53.9,7319
2017-09-19,53.5,53.5,53.9,53.5,53.9,7319
2017-09-20,53.5,53.5,53.9,53.5,53.9,7319
2017-09-21,53.5,53.5,53.9,53.5,53.9,7319
2017-09-22,53.5,53.5,53.9,53.5,53.9,7319
2017-09-25,53.5,53.5,53.9,53.5,53.9,7319
2017-09-26,53.5,53.5,53.9,53.5,53.9,7319
2017-09-27,53.5,53.5,53.9,53.5,53.9,7319
2017-09-28,53.5,53.5,53.9,53.5,53.9,7319
2017-09-29,53.5,53.5,53.9,53.5,53.9,7319
2017-10-02,53.5,53.5,53.9,53.5,53.9,7319
2017-10-03,53.5,53.5,53.9,53.5,53.9,7319
2017-10-05,53.5,53.5,53.9,53.5,53.9,7319
2017-10-06,53.5,53.5,53.9,53.5,53.9,7319
2017-10-11,53.5,53.5,53.9,53.5,53.9,7319
2017-10-12,53.5,53.5,53.9,53.5,53.9,7319
2017-10-13,53.5,53.5,53.9,53.5,53.9,7319
2017-10-16,53.5,53.5,53.9,53.5,53.9,7319
2017-10-17,53.5,53.5,53.9,53.5,53.9,7319
2017-10-18,53.5,53.5,53.9,53.5,53.9,7319
2017-10-19,53.5,53.5,53.9,53.5,53.9,7319
2017-10-20,53.5,53.5,53.9,53.5,53.9,7319
2017-10-23,53.5,53.5,53.9,53.5,53.9,7319
2017-10-24,53.5,53.5,53.9,53.5,53.9,7319
2017-10-25,53.5,53.5,53.9,53.5,53.9,7319
2017-10-26,53.5,53.5,53.9,53.5,53.9,7319
2017-10-27,53.5,53.5,53.9,53.5,53.9,7319
2017-10-30,53.5,53.5,53.9,53.5,53.9,7319
2017-10-31,53.5,53.5,53.9,53.5,53.9,7319
2017-11-01,53.5,53.5,53.9,53.5,53.9,7319
2017-11-02,53.5,53.5,53.9,53.5,53.9,7319
2017-11-03,53.5,53.5,53.9,53.5,53.9,7319
2017-11-06,53.5,53.5,53.9,53.5,53.9,7319
2017-11-07,53.5,53.5,53.9,53.5,53.9,7319
2017-11-08,53.5,53.5,53.9,53.5,53.9,7319
2017-11-09,53.5,53.5,53.9,53.5,53.9,7319
2017-11-10,53.5,53.5,53.9,53.5,53.9,7319
2017-11-13,53.5,53.5,53.9,53.5,53.9,7319
2017-11-14,53.5,53.5,53.9,53.5,53.9,7319
2017-11-15,53.5,53.5,53.9,53.5,53.9,7319
2017-11-16,53.5,53.5,53.9,53.5,53.9,7319
2017-11-17,53.5,53.5,53.9,53.5,53.9,7319
2017-11-20,53.5,53.5,53.9,53.5,53.9,7319
2017-11-21,53.5,53.5,53.9,53.5,53.9,7319
2017-11-22,53.5,53.5,53.9,53.5,53.9,7319
2017-11-23,53.5,53.5,53.9,53.5,53.9,7319
2017-11-24,53.5,53.5,53.9,53.5,53.9,7319
2017-11-27,53.5,53.5,53.9,53.5,53.9,7319
2017-11-28,53.5,53.5,53.9,53.5,53.9,7319
2017-11-29,53.5,53.5,53.9,53.5,53.9,7319
2017-11-30,53.5,53.5,53.9,53.5,53.9,7319
2017-12-01,53.5,53.5,53.9,53.5,53.9,7319
2017-12-04,53.5,53.5,53.9,53.5,53.9,7319
2017-12-05,53.5,53.5,53.9,53.5,53.9,7319
2017-12-06,53.5,53.5,53.9,53.5,53.9,7319
2017-12-07,53.5,53.5,53.9,53.5,53.9,7319
2017-12-08,53.5,53.5,53.9,53.5,53.9,7319
2017-12-11,53.5,53.5,53.9,53.5,53.9,7319
2017-12-12,53.5,53.5,53.9,53.5,53.9,7319
2017-12-13,53.5,53.5,53.9,53.5,53.9,7319
2017-12-14,53.5,53.5,53.9,53.5,53.9,7319
2017-12-15,53.5,53.5,53.9,53.5,53.9,7319
2017-12-18,53.5,53.5,53.9,53.5,53.9,7319
2017-12-19,53.5,53.5,53.9,53.5,53.9,7319
2017-12-20,53.5,53.5,53.9,53.5,53.9,7319
2017-12-21,53.5,53.5,53.9,53.5,53.9,7319
2017-12-22,53.5,53.5,53.9,53.5,53.9,7319
2017-12-25,53.5,53.5,53.9,53.5,53.9,7319
2017-12-26,53.5,53.5,53.9,53.5,53.9,7319
2017-12-27,53.5,53.5,53.9,53.5,53.9,7319
2017-12-28,53.5,53.5,53.9,53.5,53.9,7319
2017-12-29,53.5,53.5,53.9,53.5,53.9,7319
2018-01-02,53.5,53.5,53.9,53.5,53.9,7319
2018-01-03,53.5,53.5,53.9,53.5,53.9,7319
2018-01-04,53.5,53.5,53.9,53.5,53.9,7319
2018-01-05,53.5,53.5,53.9,53.5,53.9,7319
2018-01-08,53.5,53.5,53.9,53.5,53.9,7319
2018-01-09,53.5,53.5,53.9,53.5,53.9,7319
2018-01-10,53.5,53.5,53.9,53.5,53.9,7319
2018-01-11,53.5,53.5,53.9,53.5,53.9,7319
2018-01-12,53.5,53.5,53.9,53.5,53.9,7319
2018-01-15,53.5,53.5,53.9,53.5,53.9,7319
2018-01-16,53.5,53.5,53.9,53.5,53.9,7319
2018-01-17,53.5,53.5,53.9,53.5,53.9,7319
2018-01-18,53.5,53.5,53.9,53.5,53.9,7319
2018-01-19,53.5,53.5,53.9,53.5,53.9,7319
2018-01-22,53.5,53.5,53.9,53.5,53.9,7319
2018-01-23,53.5,53.5,53.9,53.5,53.9,7319
2018-01-24,53.5,53.5,53.9,53.5,53.9,7319
2018-01-25,53.5,53.5,53.9,53.5,53.9,7319
2018-01-26,53.5,53.5,53.9,53.5,53.9,7319
2018-01-29,53.5,53.5,53.9,53.5,53.9,7319
2018-01-30,53.5,53.5,53.9,53.5,53.9,7319
2018-01-31,53.5,53.5,53.9,53.5,53.9,7319
2018-02-01,53.5,53.5,53.9,53.5,53.9,7319
2018-02-02,53.5,53.5,53.9,53.5,53.9,7319
2018-02-05,53.5,53.5,53.9,53.5,53.9,7319
2018-02-06,53.5,53.5,53.9,53.5,53.9,7319
2018-02-07,53.5,53.5,53.9,53.5,53.9,7319
2018-02-08,53.5,53.5,53.9,53.5,53.9,7319
2018-02-09,53.5,53.5,53.9,53.5,53.9,7319
2018-02-12,53.5,53.5,53.9,53.5,53.9,7319
2018-02-21,53.5,53.5,53.9,53.5,53.9,7319
2018-02-22,53.5,53.5,53.9,53.5,53.9,7319
2018-02-23,53.5,53.5,53.9,53.5,53.9,7319
2018-02-26,53.5,53.5,53.9,53.5,53.9,7319
2018-02-27,53.5,53.5,53.9,53.5,53.9,7319
2018-03-01,53.5,53.5,53.9,53.5,53.9,7319
2018-03-02,53.5,53.5,53.9,53.5,53.9,7319
2018-03-05,53.5,53.5,53.9,53.5,53.9,7319
2018-03-06,53.5,53.5,53.9,53.5,53.9,7319
2018-03-07,53.5,53.5,53.9,53.5,53.9,7319
2018-03-08,53.5,53.5,53.9,53.5,53.9,7319
2018-03-09,53.5,53.5,53.9,53.5,53.9,7319
2018-03-12,53.5,53.5,53.9,53.5,53.9,7319
2018-03-13,53.5,53.5,53.9,53.5,53.9,7319
2018-03-14,53.5,53.5,53.9,53.5,53.9,7319
2018-03-15,53.5,53.5,53.9,53.5,53.9,7319
2018-03-16,53.5,53.5,53.9,53.5,53.9,7319
2018-03-19,53.5,53.5,53.9,53.5,53.9,7319
2018-03-20,53.5,53.5,53.9,53.5,53.9,7319
2018-03-21,53.5,53.5,53.9,53.5,53.9,7319
2018-03-22,53.5,53.5,53.9,53.5,53.9,7319
2018-03-23,53.5,53.5,53.9,53.5,53.9,7319
2018-03-26,53.5,53.5,53.9,53.5,53.9,7319
2018-03-27,53.5,53.5,53.9,53.5,53.9,7319
2018-03-28,53.5,53.5,53.9,53.5,53.9,7319
2018-03-29,53.5,53.5,53.9,53.5,53.9,7319
2018-03-30,53.5,53.5,53.9,53.5,53.9,7319
2018-04-02,53.5,53.5,53.9,53.5,53.9,7319
2018-04-03,53.5,53.5,53.9,53.5,53.9,7319
2018-04-09,53.5,53.5,53.9,53.5,53.9,7319
2018-04-10,53.5,53.5,53.9,53.5,53.9,7319
2018-04-11,53.5,53.5,53.9,53.5,53.9,7319
2018-04-12,53.5,53.5,53.9,53.5,53.9,7319
2018-04-13,53.5,53.5,53.9,53.5,53.9,7319
2018-04-16,53.5,53.5,53.9,53.5,53.9,7319
2018-04-17,53.5,53.5,53.9,53.5,53.9,7319
2018-04-18,53.5,53.5,53.9,53.5,53.9,7319
2018-04-19,53.5,53.5,53.9,53.5,53.9,7319
2018-04-20,53.5,53.5,53.9,53.5,53.9,7319
2018-04-23,53.5,53.5,53.9,53.5,53.9,7319
2018-04-24,53.5,53.5,53.9,53.5,53.9,7319
2018-04-25,53.5,53.5,53.9,53.5,53.9,7319
2018-04-26,53.5,53.5,53.9,53.5,53.9,7319
2018-04-27,53.5,53.5,53.9,53.5,53.9,7319
2018-04-30,53.5,53.5,53.9,53.5,53.9,7319
2018-05-02,53.5,53.5,53.9,53.5,53.9,7319
2018-05-03,53.5,53.5,53.9,53.5,53.9,7319
2018-05-04,53.5,53.5,53.9,53.5,53.9,7319
2018-05-07,53.5,53.5,53.9,53.5,53.9,7319
2018-05-08,53.5,53.5,53.9,53.5,53.9,7319
2018-05-09,53.5,53.5,53.9,53.5,53.9,7319
2018-05-10,53.5,53.5,53.9,53.5,53.9,7319
2018-05-11,53.5,53.5,53.9,53.5,53.9,7319
2018-05-14,53.5,53.5,53.9,53.5,53.9,7319
2018-05-15,53.5,53.5,53.9,53.5,53.9,7319
2018-05-16,53.5,53.5,53.9,53.5,53.9,7319
2018-05-17,53.5,53.5,53.9,53.5,53.9,7319
2018-05-18,53.5,53.5,53.9,53.5,53.9,7319
2018-05-21,53.5,53.5,53.9,53.5,53.9,7319
2018-05-22,53.5,53.5,53.9,53.5,53.9,7319
2018-05-23,53.5,53.5,53.9,53.5,53.9,7319
2018-05-24,53.5,53.5,53.9,53.5,53.9,7319
2018-05-25,53.5,53.5,53.9,53.5,53.9,7319
2018-05-28,53.5,53.5,53.9,53.5,53.9,7319
2018-05-29,53.5,53.5,53.9,53.5,53.9,7319
2018-05-30,53.5,53.5,53.9,53.5,53.9,7319
2018-05-31,53.5,53.5,53.9,53.5,53.9,7319
2018-06-01,53.5,53.5,53.9,53.5,53.9,7319
2018-06-04,53.5,53.5,53.9,53.5,53.9,7319
2018-06-05,53.5,53.5,53.9,53.5,53.9,7319
2018-06-06,53.5,53.5,53.9,53.5,53.9,7319
2018-06-07,53.5,53.5,53.9,53.5,53.9,7319
2018-06-08,53.5,53.5,53.9,53.5,53.9,7319
2018-06-11,53.5,53.5,53.9,53.5,53.9,7319
2018-06-12,53.5,53.5,53.9,53.5,53.9,7319
2018-06-13,53.5,53.5,53.9,53.5,53.9,7319
2018-06-14,53.5,53.5,53.9,53.5,53.9,7319
2018-06-15,53.5,53.5,53.9,53.5,53.9,7319
2018-06-19,53.5,53.5,53.9,53.5,53.9,7319
2018-06-20,53.5,53.5,53.9,53.5,53.9,7319
2018-06-21,53.5,53.5,53.9,53.5,53.9,7319
2018-06-22,53.5,53.5,53.9,53.5,53.9,7319
2018-06-25,53.5,53.5,53.9,53.5,53.9,7319
2018-06-26,53.5,53.5,53.9,53.5,53.9,7319
2018-06-27,53.5,53.5,53.9,53.5,53.9,7319
2018-06-28,53.5,53.5,53.9,53.5,53.9,7319
2018-06-29,53.5,53.5,53.9,53.5,53.9,7319
2018-07-02,53.5,53.5,53.9,53.5,53.9,7319
2018-07-03,53.5,53.5,53.9,53.5,53.9,7319
2018-07-04,53.5,53.5,53.9,53.5,53.9,7319
2018-07-05,53.5,53.5,53.9,53.5,53.9,7319
2018-07-06,53.5,53.5,53.9,53.5,53.9,7319
2018-07-09,53.5,53.5,53.9,53.5,53.9,7319
2018-07-10,53.5,53.5,53.9,53.5,53.9,7319
2018-07-11,53.5,53.5,53.9,53.5,53.9,7319
2018-07-12,53.5,53.5,53.9,53.5,53.9,7319
2018-07-13,53.5,53.5,53.9,53.5,53.9,7319
2018-07-16,53.5,53.5,53.9,53.5,53.9,7319
2018-07-17,53.5,53.5,53.9,53.5,53.9,7319
2018-07-18,53.5,53.5,53.9,53.5,53.9,7319
2018-07-19,53.5,53.5,53.9,53.5,53.9,7319
2018-07-20,53.5,53.5,53.9,53.5,53.9,7319
2018-07-23,53.5,53.5,53.9,53.5,53.9,7319
2018-07-24,53.5,53.5,53.9,53.5,53.9,7319
2018-07-25,53.5,53.5,53.9,53.5,53.9,7319
2018-07-26,53.5,53.5,53.9,53.5,53.9,7319
2018-07-27,53.5,53.5,53.9,53.5,53.9,7319
2018-07-30,53.5,53.5,53.9,53.5,53.9,7319
2018-07-31,53.5,53.5,53.9,53.5,53.9,7319
2018-08-01,53.5,53.5,53.9,53.5,53.9,7319
2018-08-02,53.5,53.5,53.9,53.5,53.9,7319
2018-08-03,53.5,53.5,53.9,53.5,53.9,7319
2018-08-06,53.5,53.5,53.9,53.5,53.9,7319
2018-08-07,53.5,53.5,53.9,53.5,53.9,7319
2018-08-08,53.5,53.5,53.9,53.5,53.9,7319
2018-08-09,53.5,53.5,53.9,53.5,53.9,7319
2018-08-10,53.5,53.5,53.9,53.5,53.9,7319
2018-08-13,53.5,53.5,53.9,53.5,53.9,7319
2018-08-14,53.5,53.5,53.9,53.5,53.9,7319
2018-08-15,53.5,53.5,53.9,53.5,53.9,7319
2018-08-16,53.5,53.5,53.9,53.5,53.9,7319
2018-08-17,53.5,53.5,53.9,53.5,53.9,7319
2018-08-20,53.5,53.5,53.9,53.5,53.9,7319
2018-08-21,53.5,53.5,53.9,53.5,53.9,7319
2018-08-22,53.5,53.5,53.9,53.5,53.9,7319
2018-08-23,53.5,53.5,53.9,53.5,53.9,7319
2018-08-24,53.5,53.5,53.9,53.5,53.9,7319
2018-08-27,53.5,53.5,53.9,53.5,53.9,7319
2018-08-28,53.5,53.5,53.9,53.5,53.9,7319
2018-08-29,53.5,53.5,53.9,53.5,53.9,7319
2018-08-30,53.5,53.5,53.9,53.5,53.9,7319
2018-08-31,53.5,53.5,53.9,53.5,53.9,7319
2018-09-03,53.5,53.5,53.9,53.5,53.9,7319
2018-09-04,53.5,53.5,53.9,53.5,53.9,7319
2018-09-05,53.5,53.5,53.9,53.5,53.9,7319
2018-09-06,53.5,53.5,53.9,53.5,53.9,7319
2018-09-07,53.5,53.5,53.9,53.5,53.9,7319
2018-09-10,53.5,53.5,53.9,53.5,53.9,7319
2018-09-11,53.5,53.5,53.9,53.5,53.9,7319
2018-09-12,53.5,53.5,53.9,53.5,53.9,7319
2018-09-13,53.5,53.5,53.9,53.5,53.9,7319
2018-09-14,53.5,53.5,53.9,53.5,53.9,7319
2018-09-17,53.5,53.5,53.9,53.5,53.9,7319
2018-09-18,53.5,53.5,53.9,53.5,53.9,7319
2018-09-19,53.5,53.5,53.9,53.5,53.9,7319
2018-09-20,53.5,53.5,53.9,53.5,53.9,7319
2018-09-21,53.5,53.5,53.9,53.5,53.9,7319
2018-09-25,53.5,53.5,53.9,53.5,53.9,7319
2018-09-26,53.5,53.5,53.9,53.5,53.9,7319
2018-09-27,53.5,53.5,53.9,53.5,53.9,7319
2018-09-28,53.5,53.5,53.9,53.5,53.9,7319
2018-10-01,53.5,53.5,53.9,53.5,53.9,7319
2018-10-02,53.5,53.5,53.9,53.5,53.9,7319
2018-10-03,53.5,53.5,53.9,53.5,53.9,7319
2018-10-04,53.5,53.5,53.9,53.5,53.9,7319
2018-10-05,53.5,53.5,53.9,53.5,53.9,7319
2018-10-08,53.5,53.5,53.9,53.5,53.9,7319
2018-10-09,53.5,53.5,53.9,53.5,53.9,7319
2018-10-11,53.5,53.5,53.9,53.5,53.9,7319
2018-10-12,53.5,53.5,53.9,53.5,53.9,7319
2018-10-15,53.5,53.5,53.9,53.5,53.9,7319
2018-10-16,53.5,53.5,53.9,53.5,53.9,7319
2018-10-17,53.5,53.5,53.9,53.5,53.9,7319
2018-10-18,53.5,53.5,53.9,53.5,53.9,7319
2018-10-19,53.5,53.5,53.9,53.5,53.9,7319
2018-10-22,53.5,53.5,53.9,53.5,53.9,7319
2018-10-23,53.5,53.5,53.9,53.5,53.9,7319
2018-10-24,53.5,53.5,53.9,53.5,53.9,7319
2018-10-25,53.5,53.5,53.9,53.5,53.9,7319
2018-10-26,53.5,53.5,53.9,53.5,53.9,7319
2018-10-29,53.5,53.5,53.9,53.5,53.9,7319
2018-10-30,53.5,53.5,53.9,53.5,53.9,7319
2018-10-31,53.5,53.5,53.9,53.5,53.9,7319
2018-11-01,53.5,53.5,53.9,53.5,53.9,7319
2018-11-02,53.5,53.5,53.9,53.5,53.9,7319
2018-11-05,53.5,53.5,53.9,53.5,53.9,7319
2018-11-06,53.5,53.5,53.9,53.5,53.9,7319
2018-11-07,53.5,53.5,53.9,53.5,53.9,7319
2018-11-08,53.5,53.5,53.9,53.5,53.9,7319
2018-11-09,53.5,53.5,53.9,53.5,53.9,7319
2018-11-12,53.5,53.5,53.9,53.5,53.9,7319
2018-11-13,53.5,53.5,53.9,53.5,53.9,7319
2018-11-14,53.5,53.5,53.9,53.5,53.9,7319
2018-11-15,53.5,53.5,53.9,53.5,53.9,7319
2018-11-16,53.5,53.5,53.9,53.5,53.9,7319
2018-11-19,53.5,53.5,53.9,53.5,53.9,7319
2018-11-20,53.5,53.5,53.9,53.5,53.9,7319
2018-11-21,53.5,53.5,53.9,53.5,53.9,7319
2018-11-22,53.5,53.5,53.9,53.5,53.9,7319
2018-11-23,53.5,53.5,53.9,53.5,53.9,7319
2018-11-26,53.5,53.5,53.9,53.5,53.9,7319
2018-11-27,53.5,53.5,53.9,53.5,53.9,7319
2018-11-28,53.5,53.5,53.9,53.5,53.9,7319
2018-11-29,53.5,53.5,53.9,53.5,53.9,7319
2018-11-30,53.5,53.5,53.9,53.5,53.9,7319
2018-12-03,53.5,53.5,53.9,53.5,53.9,7319
2018-12-04,53.5,53.5,53.9,53.5,53.9,7319
2018-12-05,53.5,53.5,53.9,53.5,53.9,7319
2018-12-06,53.5,53.5,53.9,53.5,53.9,7319
2018-12-07,53.5,53.5,53.9,53.5,53.9,7319
2018-12-10,53.5,53.5,53.9,53.5,53.9,7319
2018-12-11,53.5,53.5,53.9,53.5,53.9,7319
2018-12-12,53.5,53.5,53.9,53.5,53.9,7319
2018-12-13,53.5,53.5,53.9,53.5,53.9,7319
2018-12-14,53.5,53.5,53.9,53.5,53.9,7319
2018-12-17,53.5,53.5,53.9,53.5,53.9,7319
2018-12-18,53.5,53.5,53.9,53.5,53.9,7319
2018-12-19,53.5,53.5,53.9,53.5,53.9,7319
2018-12-20,53.5,53.5,53.9,53.5,53.9,7319
2018-12-21,53.5,53.5,53.9,53.5,53.9,7319
2018-12-24,53.5,53.5,53.9,53.5,53.9,7319
2018-12-25,53.5,53.5,53.9,53.5,53.9,7319
2018-12-26,53.5,53.5,53.9,53.5,53.9,7319
2018-12-27,53.5,53.5,53.9,53.5,53.9,7319
2018-12-28,53.5,53.5,53.9,53.5,53.9,7319
2019-01-02,53.5,53.5,53.9,53.5,53.9,7319
2019-01-03,53.5,53.5,53.9,53.5,53.9,7319
2019-01-04,53.5,53.5,53.9,53.5,53.9,7319
2019-01-07,53.5,53.5,53.9,53.5,53.9,7319
2019-01-08,53.5,53.5,53.9,53.5,53.9,7319
2019-01-09,53.5,53.5,53.9,53.5,53.9,7319
2019-01-10,53.5,53.5,53.9,53.5,53.9,7319
2019-01-11,53.5,53.5,53.9,53.5,53.9,7319
2019-01-14,53.5,53.5,53.9,53.5,53.9,7319
2019-01-15,53.5,53.5,53.9,53.5,53.9,7319
2019-01-16,53.5,53.5,53.9,53.5,53.9,7319
2019-01-17,53.5,53.5,53.9,53.5,53.9,7319
2019-01-18,53.5,53.5,53.9,53.5,53.9,7319
2019-01-21,53.5,53.5,53.9,53.5,53.9,7319
2019-01-22,53.5,53.5,53.9,53.5,53.9,7319
2019-01-23,53.5,53.5,53.9,53.5,53.9,7319
2019-01-24,53.5,53.5,53.9,53.5,53.9,7319
2019-01-25,53.5,53.5,53.9,53.5,53.9,7319
2019-01-28,53.5,53.5,53.9,53.5,53.9,7319
2019-01-29,53.5,53.5,53.9,53.5,53.9,7319
2019-01-30,53.5,53.5,53.9,53.5,53.9,7319
2019-02-11,53.5,53.5,53.9,53.5,53.9,7319
2019-02-12,53.5,53.5,53.9,53.5,53.9,7319
2019-02-13,53.5,53.5,53.9,53.5,53.9,7319
2019-02-14,53.5,53.5,53.9,53.5,53.9,7319
2019-02-15,53.5,53.5,53.9,53.5,53.9,7319
2019-02-18,53.5,53.5,53.9,53.5,53.9,7319
2019-02-19,53.5,53.5,53.9,53.5,53.9,7319
2019-02-20,53.5,53.5,53.9,53.5,53.9,7319
2019-02-21,53.5,53.5,53.9,53.5,53.9,7319
2019-02-22,53.5,53.5,53.9,53.5,53.9,7319
2019-02-25,53.5,53.5,53.9,53.5,53.9,7319
2019-02-26,53.5,53.5,53.9,53.5,53.9,7319
2019-02-27,53.5,53.5,53.9,53.5,53.9,7319
2019-03-04,53.5,53.5,53.9,53.5,53.9,7319
2019-03-05,53.5,53.5,53.9,53.5,53.9,7319
2019-03-06,53.5,53.5,53.9,53.5,53.9,7319
2019-03-07,53.5,53.5,53.9,53.5,53.9,7319
2019-03-08,53.5,53.5,53.9,53.5,53.9,7319
2019-03-11,53.5,53.5,53.9,53.5,53.9,7319
2019-03-12,53.5,53.5,53.9,53.5,53.9,7319
2019-03-13,53.5,53.5,53.9,53.5,53.9,7319
2019-03-14,53.5,53.5,53.9,53.5,53.9,7319
2019-03-15,53.5,53.5,53.9,53.5,53.9,7319
2019-03-18,53.5,53.5,53.9,53.5,53.9,7319
2019-03-19,53.5,53.5,53.9,53.5,53.9,7319
2019-03-20,53.5,53.5,53.9,53.5,53.9,7319
2019-03-21,53.5,53.5,53.9,53.5,53.9,7319
2019-03-22,53.5,53.5,53.9,53.5,53.9,7319
2019-03-25,53.5,53.5,53.9,53.5,53.9,7319
2019-03-26,53.5,53.5,53.9,53.5,53.9,7319
2019-03-27,53.5,53.5,53.9,53.5,53.9,7319
2019-03-28,53.5,53.5,53.9,53.5,53.9,7319
2019-03-29,53.5,53.5,53.9,53.5,53.9,7319
2019-04-01,53.5,53.5,53.9,53.5,53.9,7319
2019-04-02,53.5,53.5,53.9,53.5,53.9,7319
2019-04-03,53.5,53.5,53.9,53.5,53.9,7319
2019-04-08,53.5,53.5,53.9,53.5,53.9,7319
2019-04-09,53.5,53.5,53.9,53.5,53.9,7319
2019-04-10,53.5,53.5,53.9,53.5,53.9,7319
2019-04-11,53.5,53.5,53.9,53.5,53.9,7319
2019-04-12,53.5,53.5,53.9,53.5,53.9,7319
2019-04-15,53.5,53.5,53.9,53.5,53.9,7319
2019-04-16,53.5,53.5,53.9,53.5,53.9,7319
2019-04-17,53.5,53.5,53.9,53.5,53.9,7319
2019-04-18,53.5,53.5,53.9,53.5,53.9,7319
2019-04-19,53.5,53.5,53.9,53.5,53.9,7319
2019-04-22,53.5,53.5,53.9,53.5,53.9,7319
2019-04-23,53.5,53.5,53.9,53.5,53.9,7319
2019-04-24,53.5,53.5,53.9,53.5,53.9,7319
2019-04-25,53.5,53.5,53.9,53.5,53.9,7319
2019-04-26,53.5,53.5,53.9,53.5,53.9,7319
2019-04-29,53.5,53.5,53.9,53.5,53.9,7319
2019-04-30,53.5,53.5,53.9,53.5,53.9,7319
2019-05-02,53.5,53.5,53.9,53.5,53.9,7319
2019-05-03,53.5,53.5,53.9,53.5,53.9,7319
2019-05-06,53.5,53.5,53.9,53.5,53.9,7319
2019-05-07,53.5,53.5,53.9,53.5,53.9,7319
2019-05-08,53.5,53.5,53.9,53.5,53.9,7319
2019-05-09,53.5,53.5,53.9,53.5,53.9,7319
2019-05-10,53.5,53.5,53.9,53.5,53.9,7319
2019-05-13,53.5,53.5,53.9,53.5,53.9,7319
2019-05-14,53.5,53.5,53.9,53.5,53.9,7319
2019-05-15,53.5,53.5,53.9,53.5,53.9,7319
2019-05-16,53.5,53.5,53.9,53.5,53.9,7319
2019-05-17,53.5,53.5,53.9,53.5,53.9,7319
2019-05-20,53.5,53.5,53.9,53.5,53.9,7319
2019-05-21,53.5,53.5,53.9,53.5,53.9,7319
2019-05-22,53.5,53.5,53.9,53.5,53.9,7319
2019-05-23,53.5,53.5,53.9,53.5,53.9,7319
2019-05-24,53.5,53.5,53.9,53.5,53.9,7319
2019-05-27,53.5,53.5,53.9,53.5,53.9,7319
2019-05-28,53.5,53.5,53.9,53.5,53.9,7319
2019-05-29,53.5,53.5,53.9,53.5,53.9,7319
2019-05-30,53.5,53.5,53.9,53.5,53.9,7319
2019-05-31,53.5,53.5,53.9,53.5,53.9,7319
2019-06-03,53.5,53.5,53.9,53.5,53.9,7319
2019-06-04,53.5,53.5,53.9,53.5,53.9,7319
2019-06-05,53.5,53.5,53.9,53.5,53.9,7319
2019-06-06,53.5,53.5,53.9,53.5,53.9,7319
2019-06-10,53.5,53.5,53.9,53.5,53.9,7319
2019-06-11,53.5,53.5,53.9,53.5,53.9,7319
2019-06-12,53.5,53.5,53.9,53.5,53.9,7319
2019-06-13,53.5,53.5,53.9,53.5,53.9,7319
2019-06-14,53.5,53.5,53.9,53.5,53.9,7319
2019-06-17,53.5,53.5,53.9,53.5,53.9,7319
2019-06-18,53.5,53.5,53.9,53.5,53.9,7319
2019-06-19,53.5,53.5,53.9,53.5,53.9,7319
2019-06-20,53.5,53.5,53.9,53.5,53.9,7319
2019-06-21,53.5,53.5,53.9,53.5,53.9,7319
2019-06-24,53.5,53.5,53.9,53.5,53.9,7319
2019-06-25,53.5,53.5,53.9,53.5,53.9,7319
2019-06-26,53.5,53.5,53.9,53.5,53.9,7319
2019-06-27,53.5,53.5,53.9,53.5,53.9,7319
2019-06-28,53.5,53.5,53.9,53.5,53.9,7319
2019-07-01,53.5,53.5,53.9,53.5,53.9,7319
2019-07-02,53.5,53.5,53.9,53.5,53.9,7319
2019-07-03,53.5,53.5,53.9,53.5,53.9,7319
2019-07-04,53.5,53.5,53.9,53.5,53.9,7319
2019-07-05,53.5,53.5,53.9,53.5,53.9,7319
2019-07-08,53.5,53.5,53.9,53.5,53.9,7319
2019-07-09,53.5,53.5,53.9,53.5,53.9,7319
2019-07-10,53.5,53.5,53.9,53.5,53.9,7319
2019-07-11,53.5,53.5,53.9,53.5,53.9,7319
2019-07-12,53.5,53.5,53.9,53.5,53.9,7319
2019-07-15,53.5,53.5,53.9,53.5,53.9,7319
2019-07-16,53.5,53.5,53.9,53.5,53.9,7319
2019-07-17,53.5,53.5,53.9,53.5,53.9,7319
2019-07-18,53.5,53.5,53.9,53.5,53.9,7319
2019-07-19,53.5,53.5,53.9,53.5,53.9,7319
2019-07-22,53.5,53.5,53.9,53.5,53.9,7319
2019-07-23,53.5,53.5,53.9,53.5,53.9,7319
2019-07-24,53.5,53.5,53.9,53.5,53.9,7319
2019-07-25,53.5,53.5,53.9,53.5,53.9,7319
2019-07-26,53.5,53.5,53.9,53.5,53.9,7319
2019-07-29,53.5,53.5,53.9,53.5,53.9,7319
2019-07-30,53.5,53.5,53.9,53.5,53.9,7319
2019-07-31,53.5,53.5,53.9,53.5,53.9,7319
2019-08-01,53.5,53.5,53.9,53.5,53.9,7319
2019-08-02,53.5,53.5,53.9,53.5,53.9,7319
2019-08-05,53.5,53.5,53.9,53.5,53.9,7319
2019-08-06,53.5,53.5,53.9,53.5,53.9,7319
2019-08-07,53.5,53.5,53.9,53.5,53.9,7319
2019-08-08,53.5,53.5,53.9,53.5,53.9,7319
2019-08-12,53.5,53.5,53.9,53.5,53.9,7319
2019-08-13,53.5,53.5,53.9,53.5,53.9,7319
2019-08-14,53.5,53.5,53.9,53.5,53.9,7319
2019-08-15,53.5,53.5,53.9,53.5,53.9,7319
2019-08-16,53.5,53.5,53.9,53.5,53.9,7319
2019-08-19,53.5,53.5,53.9,53.5,53.9,7319
2019-08-20,53.5,53.5,53.9,53.5,53.9,7319
2019-08-21,53.5,53.5,53.9,53.5,53.9,7319
2019-08-22,53.5,53.5,53.9,53.5,53.9,7319
2019-08-23,53.5,53.5,53.9,53.5,53.9,7319
2019-08-26,53.5,53.5,53.9,53.5,53.9,7319
2019-08-27,53.5,53.5,53.9,53.5,53.9,7319
2019-08-28,53.5,53.5,53.9,53.5,53.9,7319
2019-08-29,53.5,53.5,53.9,53.5,53.9,7319
2019-08-30,53.5,53.5,53.9,53.5,53.9,7319
2019-09-02,53.5,53.5,53.9,53.5,53.9,7319
2019-09-03,53.5,53.5,53.9,53.5,53.9,7319
2019-09-04,53.5,53.5,53.9,53.5,53.9,7319
2019-09-05,53.5,53.5,53.9,53.5,53.9,7319
2019-09-06,53.5,53.5,53.9,53.5,53.9,7319
2019-09-09,53.5,53.5,53.9,53.5,53.9,7319
2019-09-10,53.5,53.5,53.9,53.5,53.9,7319
2019-09-11,53.5,53.5,53.9,53.5,53.9,7319
2019-09-12,53.5,53.5,53.9,53.5,53.9,7319
2019-09-16,53.5,53.5,53.9,53.5,53.9,7319
2019-09-17,53.5,53.5,53.9,53.5,53.9,7319
2019-09-18,53.5,53.5,53.9,53.5,53.9,7319
2019-09-19,53.5,53.5,53.9,53.5,53.9,7319
2019-09-20,53.5,53.5,53.9,53.5,53.9,7319
2019-09-23,53.5,53.5,53.9,53.5,53.9,7319
2019-09-24,53.5,53.5,53.9,53.5,53.9,7319
2019-09-25,53.5,53.5,53.9,53.5,53.9,7319
2019-09-26,53.5,53.5,53.9,53.5,53.9,7319
2019-09-27,53.5,53.5,53.9,53.5,53.9,7319
2019-10-01,53.5,53.5,53.9,53.5,53.9,7319
2019-10-02,53.5,53.5,53.9,53.5,53.9,7319
2019-10-03,53.5,53.5,53.9,53.5,53.9,7319
2019-10-04,53.5,53.5,53.9,53.5,53.9,7319
2019-10-07,53.5,53.5,53.9,53.5,53.9,7319
2019-10-08,53.5,53.5,53.9,53.5,53.9,7319
2019-10-09,53.5,53.5,53.9,53.5,53.9,7319
2019-10-14,53.5,53.5,53.9,53.5,53.9,7319
2019-10-15,53.5,53.5,53.9,53.5,53.9,7319
2019-10-16,53.5,53.5,53.9,53.5,53.9,7319
2019-10-17,53.5,53.5,53.9,53.5,53.9,7319
2019-10-18,53.5,53.5,53.9,53.5,53.9,7319
2019-10-21,53.5,53.5,53.9,53.5,53.9,7319
2019-10-22,53.5,53.5,53.9,53.5,53.9,7319
2019-10-23,53.5,53.5,53.9,53.5,53.9,7319
2019-10-24,53.5,53.5,53.9,53.5,53.9,7319
2019-10-25,53.5,53.5,53.9,53.5,53.9,7319
2019-10-28,53.5,53.5,53.9,53.5,53.9,7319
2019-10-29,53.5,53.5,53.9,53.5,53.9,7319
2019-10-30,53.5,53.5,53.9,53.5,53.9,7319
2019-10-31,53.5,53.5,53.9,53.5,53.9,7319
2019-11-01,53.5,53.5,53.9,53.5,53.9,7319
2019-11-04,53.5,53.5,53.9,53.5,53.9,7319
2019-11-05,53.5,53.5,53.9,53.5,53.9,7319
2019-11-06,53.5,53.5,53.9,53.5,53.9,7319
2019-11-07,53.5,53.5,53.9,53.5,53.9,7319
2019-11-08,53.5,53.5,53.9,53.5,53.9,7319
2019-11-11,53.5,53.5,53.9,53.5,53.9,7319
2019-11-12,53.5,53.5,53.9,53.5,53.9,7319
2019-11-13,53.5,53.5,53.9,53.5,53.9,7319
2019-11-14,53.5,53.5,53.9,53.5,53.9,7319
2019-11-20,53.5,53.5,53.9,53.5,53.9,7319
2019-11-21,53.5,53.5,53.9,53.5,53.9,7319
2019-11-22,53.5,53.5,53.9,53.5,53.9,7319
2019-11-25,53.5,53.5,53.9,53.5,53.9,7319
2019-11-26,53.5,53.5,53.9,53.5,53.9,7319
2019-11-27,53.5,53.5,53.9,53.5,53.9,7319
2019-11-28,53.5,53.5,53.9,53.5,53.9,7319
2019-11-29,53.5,53.5,53.9,53.5,53.9,7319
2019-12-02,53.5,53.5,53.9,53.5,53.9,7319
2019-12-03,53.5,53.5,53.9,53.5,53.9,7319
2019-12-04,53.5,53.5,53.9,53.5,53.9,7319
2019-12-05,53.5,53.5,53.9,53.5,53.9,7319
2019-12-06,53.5,53.5,53.9,53.5,53.9,7319
2019-12-09,53.5,53.5,53.9,53.5,53.9,7319
2019-12-10,53.5,53.5,53.9,53.5,53.9,7319
2019-12-11,53.5,53.5,53.9,53.5,53.9,7319
2019-12-12,53.5,53.5,53.9,53.5,53.9,7319
2019-12-13,53.5,53.5,53.9,53.5,53.9,7319
2019-12-16,53.5,53.5,53.9,53.5,53.9,7319
2019-12-17,53.5,53.5,53.9,53.5,53.9,7319
2019-12-18,53.5,53.5,53.9,53.5,53.9,7319
2019-12-19,53.5,53.5,53.9,53.5,53.9,7319
2019-12-20,53.5,53.5,53.9,53.5,53.9,7319
2019-12-23,53.5,53.5,53.9,53.5,53.9,7319
2019-12-24,53.5,53.5,53.9,53.5,53.9,7319
2019-12-25,53.5,53.5,53.9,53.5,53.9,7319
2019-12-26,53.5,53.5,53.9,53.5,53.9,7319
2019-12-27,53.5,53.5,53.9,53.5,53.9,7319
2019-12-30,53.5,53.5,53.9,53.5,53.9,7319
2019-12-31,53.5,53.5,53.9,53.5,53.9,7319
2020-01-02,53.5,53.5,53.9,53.5,53.9,7319
2020-01-03,53.5,53.5,53.9,53.5,53.9,7319
2020-01-06,53.5,53.5,53.9,53.5,53.9,7319
2020-01-07,53.5,53.5,53.9,53.5,53.9,7319
2020-01-08,53.5,53.5,53.9,53.5,53.9,7319
2020-01-09,53.5,53.5,53.9,53.5,53.9,7319
2020-01-10,53.5,53.5,53.9,53.5,53.9,7319
2020-01-13,53.5,53.5,53.9,53.5,53.9,7319
2020-01-14,53.5,53.5,53.9,53.5,53.9,7319
2020-01-15,53.5,53.5,53.9,53.5,53.9,7319
2020-01-16,53.5,53.5,53.9,53.5,53.9,7319
2020-01-17,53.5,53.5,53.9,53.5,53.9,7319
2020-01-20,53.5,53.5,53.9,53.5,53.9,7319
2020-01-30,53.5,53.5,53.9,53.5,53.9,7319
2020-01-31,53.5,53.5,53.9,53.5,53.9,7319
2020-02-03,53.5,53.5,53.9,53.5,53.9,7319
2020-02-04,53.5,53.5,53.9,53.5,53.9,7319
2020-02-05,53.5,53.5,53.9,53.5,53.9,7319
2020-02-06,53.5,53.5,53.9,53.5,53.9,7319
2020-02-07,53.5,53.5,53.9,53.5,53.9,7319
2020-02-10,53.5,53.5,53.9,53.5,53.9,7319
2020-02-11,53.5,53.5,53.9,53.5,53.9,7319
2020-02-12,53.5,53.5,53.9,53.5,53.9,7319
2020-02-13,53.5,53.5,53.9,53.5,53.9,7319
2020-02-14,53.5,53.5,53.9,53.5,53.9,7319
2020-02-17,53.5,53.5,53.9,53.5,53.9,7319
2020-02-18,53.5,53.5,53.9,53.5,53.9,7319
2020-02-19,53.5,53.5,53.9,53.5,53.9,7319
2020-02-20,53.5,53.5,53.9,53.5,53.9,7319
2020-02-21,53.5,53.5,53.9,53.5,53.9,7319
2020-02-24,53.5,53.5,53.9,53.5,53.9,7319
2020-02-25,53.5,53.5,53.9,53.5,53.9,7319
2020-02-26,53.5,53.5,53.9,53.5,53.9,7319
2020-02-27,53.5,53.5,53.9,53.5,53.9,7319
2020-03-02,53.5,53.5,53.9,53.5,53.9,7319
2020-03-03,53.5,53.5,53.9,53.5,53.9,7319
2020-03-04,53.5,53.5,53.9,53.5,53.9,7319
2020-03-05,53.5,53.5,53.9,53.5,53.9,7319
2020-03-06,53.5,53.5,53.9,53.5,53.9,7319
2020-03-09,53.5,53.5,53.9,53.5,53.9,7319
2020-03-10,53.5,53.5,53.9,53.5,53.9,7319
2020-03-11,53.5,53.5,53.9,53.5,53.9,7319
2020-03-12,53.5,53.5,53.9,53.5,53.9,7319
2020-03-13,53.5,53.5,53.9,53.5,53.9,7319
2020-03-16,53.5,53.5,53.9,53.5,53.9,7319
2020-03-17,53.5,53.5,53.9,53.5,53.9,7319
2020-03-18,53.5,53.5,53.9,53.5,53.9,7319
2020-03-19,53.5,53.5,53.9,53.5,53.9,7319
2020-03-20,53.5,53.5,53.9,53.5,53.9,7319
2020-03-23,53.5,53.5,53.9,53.5,53.9,7319
2020-03-24,53.5,53.5,53.9,53.5,53.9,7319
2020-03-25,53.5,53.5,53.9,53.5,53.9,7319
2020-03-26,53.5,53.5,53.9,53.5,53.9,7319
2020-03-27,53.5,53.5,53.9,53.5,53.9,7319
2020-03-30,53.5,53.5,53.9,53.5,53.9,7319
2020-03-31,53.5,53.5,53.9,53.5,53.9,7319
2020-04-01,53.5,53.5,53.9,53.5,53.9,7319
2020-04-07,53.5,53.5,53.9,53.5,53.9,7319
2020-04-08,53.5,53.5,53.9,53.5,53.9,7319
2020-04-09,53.5,53.5,53.9,53.5,53.9,7319
2020-04-10,53.5,53.5,53.9,53.5,53.9,7319
2020-04-13,53.5,53.5,53.9,53.5,53.9,7319
2020-04-14,53.5,53.5,53.9,53.5,53.9,7319
2020-04-15,53.5,53.5,53.9,53.5,53.9,7319
2020-04-16,53.5,53.5,53.9,53.5,53.9,7319
2020-04-17,53.5,53.5,53.9,53.5,53.9,7319
2020-04-20,53.5,53.5,53.9,53.5,53.9,7319
2020-04-21,53.5,53.5,53.9,53.5,53.9,7319
2020-04-22,53.5,53.5,53.9,53.5,53.9,7319
2020-04-23,53.5,53.5,53.9,53.5,53.9,7319
2020-04-24,53.5,53.5,53.9,53.5,53.9,7319
2020-04-27,53.5,53.5,53.9,53.5,53.9,7319
2020-04-28,53.5,53.5,53.9,53.5,53.9,7319
2020-04-29,53.5,53.5,53.9,53.5,53.9,7319
2020-05-04,53.5,53.5,53.9,53.5,53.9,7319
2020-05-05,53.5,53.5,53.9,53.5,53.9,7319
2020-05-06,53.5,53.5,53.9,53.5,53.9,7319
2020-05-07,53.5,53.5,53.9,53.5,53.9,7319
2020-05-08,53.5,53.5,53.9,53.5,53.9,7319
2020-05-11,53.5,53.5,53.9,53.5,53.9,7319
2020-05-12,53.5,53.5,53.9,53.5,53.9,7319
2020-05-13,53.5,53.5,53.9,53.5,53.9,7319
2020-05-14,53.5,53.5,53.9,53.5,53.9,7319
2020-05-15,53.5,53.5,53.9,53.5,53.9,7319
2020-05-18,53.5,53.5,53.9,53.5,53.9,7319
2020-05-19,53.5,53.5,53.9,53.5,53.9,7319
2020-05-20,53.5,53.5,53.9,53.5,53.9,7319
2020-05-21,53.5,53.5,53.9,53.5,53.9,7319
2020-05-22,53.5,53.5,53.9,53.5,53.9,7319
2020-05-25,53.5,53.5,53.9,53.5,53.9,7319
2020-05-26,53.5,53.5,53.9,53.5,53.9,7319
2020-05-27,53.5,53.5,53.9,53.5,53.9,7319
2020-05-28,53.5,53.5,53.9,53.5,53.9,7319
2020-05-29,53.5,53.5,53.9,53.5,53.9,7319
2020-06-01,53.5,53.5,53.9,53.5,53.9,7319
2020-06-02,53.5,53.5,53.9,53.5,53.9,7319
2020-06-03,53.5,53.5,53.9,53.5,53.9,7319
2020-06-04,53.5,53.5,53.9,53.5,53.9,7319
2020-06-05,53.5,53.5,53.9,53.5,53.9,7319
2020-06-08,53.5,53.5,53.9,53.5,53.9,7319
2020-06-09,53.5,53.5,53.9,53.5,53.9,7319
2020-06-10,53.5,53.5,53.9,53.5,53.9,7319
2020-06-11,53.5,53.5,53.9,53.5,53.9,7319
2020-06-12,53.5,53.5,53.9,53.5,53.9,7319
2020-06-15,53.5,53.5,53.9,53.5,53.9,7319
2020-06-16,53.5,53.5,53.9,53.5,53.9,7319
2020-06-17,53.5,53.5,53.9,53.5,53.9,7319
2020-06-18,53.5,53.5,53.9,53.5,53.9,7319
2020-06-19,53.5,53.5,53.9,53.5,53.9,7319
2020-06-22,53.5,53.5,53.9,53.5,53.9,7319
2020-06-23,53.5,53.5,53.9,53.5,53.9,7319
2020-06-24,53.5,53.5,53.9,53.5,53.9,7319
2020-06-29,53.5,53.5,53.9,53.5,53.9,7319
2020-06-30,53.5,53.5,53.9,53.5,53.9,7319
2020-07-01,53.5,53.5,53.9,53.5,53.9,7319
2020-07-02,53.5,53.5,53.9,53.5,53.9,7319
2020-07-03,53.5,53.5,53.9,53.5,53.9,7319
2020-07-06,53.5,53.5,53.9,53.5,53.9,7319
2020-07-07,53.5,53.5,53.9,53.5,53.9,7319
2020-07-08,53.5,53.5,53.9,53.5,53.9,7319
2020-07-09,53.5,53.5,53.9,53.5,53.9,7319
2020-07-10,53.5,53.5,53.9,53.5,53.9,7319
2020-07-13,53.5,53.5,53.9,53.5,53.9,7319
2020-07-14,53.5,53.5,53.9,53.5,53.9,7319
2020-07-15,53.5,53.5,53.9,53.5,53.9,7319
2020-07-16,53.5,53.5,53.9,53.5,53.9,7319
2020-07-17,53.5,53.5,53.9,53.5,53.9,7319
2020-07-20,53.5,53.5,53.9,53.5,53.9,7319
2020-07-21,53.5,53.5,53.9,53.5,53.9,7319
2020-07-22,53.5,53.5,53.9,53.5,53.9,7319
2020-07-23,53.5,53.5,53.9,53.5,53.9,7319
2020-07-24,53.5,53.5,53.9,53.5,53.9,7319
2020-07-27,53.5,53.5,53.9,53.5,53.9,7319
2020-07-28,53.5,53.5,53.9,53.5,53.9,7319
2020-07-29,53.5,53.5,53.9,53.5,53.9,7319
2020-07-30,53.5,53.5,53.9,53.5,53.9,7319
2020-07-31,53.5,53.5,53.9,53.5,53.9,7319
2020-08-03,53.5,53.5,53.9,53.5,53.9,7319
2020-08-04,53.5,53.5,53.9,53.5,53.9,7319
2020-08-05,53.5,53.5,53.9,53.5,53.9,7319
2020-08-06,53.5,53.5,53.9,53.5,53.9,7319
2020-08-07,53.5,53.5,53.9,53.5,53.9,7319
2020-08-10,53.5,53.5,53.9,53.5,53.9,7319
2020-08-11,53.5,53.5,53.9,53.5,53.9,7319
2020-08-12,53.5,53.5,53.9,53.5,53.9,7319
2020-08-13,53.5,53.5,53.9,53.5,53.9,7319
2020-08-14,53.5,53.5,53.9,53.5,53.9,7319
2020-08-17,53.5,53.5,53.9,53.5,53.9,7319
2020-08-18,53.5,53.5,53.9,53.5,53.9,7319
2020-08-19,53.5,53.5,53.9,53.5,53.9,7319
2020-08-20,53.5,53.5,53.9,53.5,53.9,7319
2020-08-21,53.5,53.5,53.9,53.5,53.9,7319
2020-08-24,53.5,53.5,53.9,53.5,53.9,7319
2020-08-25,53.5,53.5,53.9,53.5,53.9,7319
2020-08-26,53.5,53.5,53.9,53.5,53.9,7319
2020-08-27,53.5,53.5,53.9,53.5,53.9,7319
2020-08-28,53.5,53.5,53.9,53.5,53.9,7319
2020-08-31,53.5,53.5,53.9,53.5,53.9,7319
2020-09-01,53.5,53.5,53.9,53.5,53.9,7319
2020-09-02,53.5,53.5,53.9,53.5,53.9,7319
2020-09-03,53.5,53.5,53.9,53.5,53.9,7319
2020-09-04,53.5,53.5,53.9,53.5,53.9,7319
2020-09-07,53.5,53.5,53.9,53.5,53.9,7319
2020-09-08,53.5,53.5,53.9,53.5,53.9,7319
2020-09-09,53.5,53.5,53.9,53.5,53.9,7319
2020-09-10,53.5,53.5,53.9,53.5,53.9,7319
2020-09-11,53.5,53.5,53.9,53.5,53.9,7319
2020-09-14,53.5,53.5,53.9,53.5,53.9,7319
2020-09-15,53.5,53.5,53.9,53.5,53.9,7319
2020-09-16,53.5,53.5,53.9,53.5,53.9,7319
2020-09-17,53.5,53.5,53.9,53.5,53.9,7319
2020-09-18,53.5,53.5,53.9,53.5,53.9,7319
2020-09-21,53.5,53.5,53.9,53.5,53.9,7319
2020-09-22,53.5,53.5,53.9,53.5,53.9,7319
2020-09-23,53.5,53.5,53.9,53.5,53.9,7319
2020-09-24,53.5,53.5,53.9,53.5,53.9,7319
2020-09-25,53.5,53.5,53.9,53.5,53.9,7319
2020-09-28,53.5,53.5,53.9,53.5,53.9,7319
2020-09-29,53.5,53.5,53.9,53.5,53.9,7319
2020-09-30,53.5,53.5,53.9,53.5,53.9,7319
2020-10-05,53.5,53.5,53.9,53.5,53.9,7319
2020-10-06,53.5,53.5,53.9,53.5,53.9,7319
2020-10-07,53.5,53.5,53.9,53.5,53.9,7319
2020-10-08,53.5,53.5,53.9,53.5,53.9,7319
2020-10-12,53.5,53.5,53.9,53.5,53.9,7319
2020-10-13,53.5,53.5,53.9,53.5,53.9,7319
2020-10-14,53.5,53.5,53.9,53.5,53.9,7319
2020-10-15,53.5,53.5,53.9,53.5,53.9,7319
2020-10-16,53.5,53.5,53.9,53.5,53.9,7319
2020-10-19,53.5,53.5,53.9,53.5,53.9,7319
2020-10-20,53.5,53.5,53.9,53.5,53.9,7319
2020-10-21,53.5,53.5,53.9,53.5,53.9,7319
2020-10-22,53.5,53.5,53.9,53.5,53.9,7319
2020-10-23,53.5,53.5,53.9,53.5,53.9,7319
2020-10-26,53.5,53.5,53.9,53.5,53.9,7319
2020-10-27,53.5,53.5,53.9,53.5,53.9,7319
2020-10-28,53.5,53.5,53.9,53.5,53.9,7319
2020-10-29,53.5,53.5,53.9,53.5,53.9,7319
2020-10-30,53.5,53.5,53.9,53.5,53.9,7319
2020-11-02,53.5,53.5,53.9,53.5,53.9,7319
2020-11-03,53.5,53.5,53.9,53.5,53.9,7319
2020-11-04,53.5,53.5,53.9,53.5,53.9,7319
2020-11-05,53.5,53.5,53.9,53.5,53.9,7319
2020-11-06,53.5,53.5,53.9,53.5,53.9,7319
2020-11-09,53.5,53.5,53.9,53.5,53.9,7319
2020-11-10,53.5,53.5,53.9,53.5,53.9,7319
2020-11-11,53.5,53.5,53.9,53.5,53.9,7319
2020-11-12,53.5,53.5,53.9,53.5,53.9,7319
2020-11-13,53.5,53.5,53.9,53.5,53.9,7319
2020-11-16,53.5,53.5,53.9,53.5,53.9,7319
2020-11-17,53.5,53.5,53.9,53.5,53.9,7319
2020-11-18,53.5,53.5,53.9,53.5,53.9,7319
2020-11-19,53.5,53.5,53.9,53.5,53.9,7319
2020-11-20,53.5,53.5,53.9,53.5,53.9,7319
2020-11-23,53.5,53.5,53.9,53.5,53.9,7319
2020-11-24,53.5,53.5,53.9,53.5,53.9,7319
2020-11-25,53.5,53.5,53.9,53.5,53.9,7319
2020-11-26,53.5,53.5,53.9,53.5,53.9,7319
2020-11-27,53.5,53.5,53.9,53.5,53.9,7319
2020-11-30,53.5,53.5,53.9,53.5,53.9,7319
2020-12-01,53.5,53.5,53.9,53.5,53.9,7319
2020-12-02,53.5,53.5,53.9,53.5,53.9,7319
2020-12-04,53.5,53.5,53.9,53.5,53.9,7319
2020-12-07,53.5,53.5,53.9,53.5,53.9,7319
2020-12-08,53.5,53.5,53.9,53.5,53.9,7319
2020-12-09,53.5,53.5,53.9,53.5,53.9,7319
2020-12-10,53.5,53.5,53.9,53.5,53.9,7319
2020-12-11,53.5,53.5,53.9,53.5,53.9,7319
2020-12-14,53.5,53.5,53.9,53.5,53.9,7319
2020-12-15,53.5,53.5,53.9,53.5,53.9,7319
2020-12-16,53.5,53.5,53.9,53.5,53.9,7319
2020-12-17,53.5,53.5,53.9,53.5,53.9,7319
2020-12-18,53.5,53.5,53.9,53.5,53.9,7319
2020-12-21,53.5,53.5,53.9,53.5,53.9,7319
2020-12-22,53.5,53.5,53.9,53.5,53.9,7319
2020-12-23,53.5,53.5,53.9,53.5,53.9,7319
2020-12-24,53.5,53.5,53.9,53.5,53.9,7319
2020-12-25,53.5,53.5,53.9,53.5,53.9,7319
2020-12-28,53.5,53.5,53.9,53.5,53.9,7319
2020-12-29,53.5,53.5,53.9,53.5,53.9,7319
2020-12-30,53.5,53.5,53.9,53.5,53.9,7319
2020-12-31,53.5,53.5,53.9,53.5,53.9,7319
2021-01-04,53.5,53.5,53.9,53.5,53.9,7319
2021-01-05,53.5,53.5,53.9,53.5,53.9,7319
2021-01-06,53.5,53.5,53.9,53.5,53.9,7319
2021-01-07,53.5,53.5,53.9,53.5,53.9,7319
2021-01-08,53.5,53.5,53.9,53.5,53.9,7319
2021-01-11,53.5,53.5,53.9,53.5,53.9,7319
2021-01-12,53.5,53.5,53.9,53.5,53.9,7319
2021-01-13,53.5,53.5,53.9,53.5,53.9,7319
2021-01-14,53.5,53.5,53.9,53.5,53.9,7319
2021-01-15,53.5,53.5,53.9,53.5,53.9,7319
2021-01-18,53.5,53.5,53.9,53.5,53.9,7319
2021-01-19,53.5,53.5,53.9,53.5,53.9,7319
2021-01-20,53.5,53.5,53.9,53.5,53.9,7319
2021-01-21,53.5,53.5,53.9,53.5,53.9,7319
2021-01-22,53.5,53.5,53.9,53.5,53.9,7319
2021-01-25,53.5,53.5,53.9,53.5,53.9,7319
2021-01-26,53.5,53.5,53.9,53.5,53.9,7319
2021-01-27,53.5,53.5,53.9,53.5,53.9,7319
2021-01-28,53.5,53.5,53.9,53.5,53.9,7319
2021-01-29,53.5,53.5,53.9,53.5,53.9,7319
2021-02-01,53.5,53.5,53.9,53.5,53.9,7319
2021-02-02,53.5,53.5,53.9,53.5,53.9,7319
2021-02-03,53.5,53.5,53.9,53.5,53.9,7319
2021-02-04,53.5,53.5,53.9,53.5,53.9,7319
2021-02-05,53.5,53.5,53.9,53.5,53.9,7319
2021-02-17,53.5,53.5,53.9,53.5,53.9,7319
2021-02-18,53.5,53.5,53.9,53.5,53.9,7319
2021-02-19,53.5,53.5,53.9,53.5,53.9,7319
2021-02-22,53.5,53.5,53.9,53.5,53.9,7319
2021-02-23,53.5,53.5,53.9,53.5,53.9,7319
2021-02-24,53.5,53.5,53.9,53.5,53.9,7319
2021-02-25,53.5,53.5,53.9,53.5,53.9,7319
2021-02-26,53.5,53.5,53.9,53.5,53.9,7319
2021-03-02,53.5,53.5,53.9,53.5,53.9,7319
2021-03-03,53.5,53.5,53.9,53.5,53.9,7319
2021-03-04,53.5,53.5,53.9,53.5,53.9,7319
2021-03-05,53.5,53.5,53.9,53.5,53.9,7319
2021-03-08,53.5,53.5,53.9,53.5,53.9,7319
2021-03-09,53.5,53.5,53.9,53.5,53.9,7319
2021-03-10,53.5,53.5,53.9,53.5,53.9,7319
2021-03-11,53.5,53.5,53.9,53.5,53.9,7319
2021-03-12,53.5,53.5,53.9,53.5,53.9,7319
2021-03-15,53.5,53.5,53.9,53.5,53.9,7319
2021-03-16,53.5,53.5,53.9,53.5,53.9,7319
2021-03-17,53.5,53.5,53.9,53.5,53.9,7319
2021-03-18,53.5,53.5,53.9,53.5,53.9,7319
2021-03-19,53.5,53.5,53.9,53.5,53.9,7319
2021-03-22,53.5,53.5,53.9,53.5,53.9,7319
2021-03-23,53.5,53.5,53.9,53.5,53.9,7319
2021-03-24,53.5,53.5,53.9,53.5,53.9,7319
2021-03-25,53.5,53.5,53.9,53.5,53.9,7319
2021-03-26,53.5,53.5,53.9,53.5,53.9,7319
2021-03-29,53.5,53.5,53.9,53.5,53.9,7319
2021-03-30,53.5,53.5,53.9,53.5,53.9,7319
2021-03-31,53.5,53.5,53.9,53.5,53.9,7319
2021-04-01,53.5,53.5,53.9,53.5,53.9,7319
2021-04-06,53.5,53.5,53.9,53.5,53.9,7319
2021-04-07,53.5,53.5,53.9,53.5,53.9,7319
2021-04-08,53.5,53.5,53.9,53.5,53.9,7319
2021-04-09,53.5,53.5,53.9,53.5,53.9,7319
2021-04-12,53.5,53.5,53.9,53.5,53.9,7319
2021-04-13,53.5,53.5,53.9,53.5,53.9,7319
2021-04-14,53.5,53.5,53.9,53.5,53.9,7319
2021-04-15,53.5,53.5,53.9,53.5,53.9,7319
2021-04-16,53.5,53.5,53.9,53.5,53.9,7319
2021-04-19,53.5,53.5,53.9,53.5,53.9,7319
2021-04-20,53.5,53.5,53.9,53.5,53.9,7319
2021-04-21,53.5,53.5,53.9,53.5,53.9,7319
2021-04-22,53.5,53.5,53.9,53.5,53.9,7319
2021-04-23,53.5,53.5,53.9,53.5,53.9,7319
2021-04-26,53.5,53.5,53.9,53.5,53.9,7319
2021-04-27,53.5,53.5,53.9,53.5,53.9,7319
2021-04-28,53.5,53.5,53.9,53.5,53.9,7319
2021-04-29,53.5,53.5,53.9,53.5,53.9,7319
2021-05-03,53.5,53.5,53.9,53.5,53.9,7319
2021-05-04,53.5,53.5,53.9,53.5,53.9,7319
2021-05-05,53.5,53.5,53.9,53.5,53.9,7319
2021-05-06,53.5,53.5,53.9,53.5,53.9,7319
2021-05-07,53.5,53.5,53.9,53.5,53.9,7319
2021-05-10,53.5,53.5,53.9,53.5,53.9,7319
2021-05-11,53.5,53.5,53.9,53.5,53.9,7319
2021-05-12,53.5,53.5,53.9,53.5,53.9,7319
2021-05-13,53.5,53.5,53.9,53.5,53.9,7319
2021-05-14,53.5,53.5,53.9,53.5,53.9,7319
2021-05-17,53.5,53.5,53.9,53.5,53.9,7319
2021-05-18,53.5,53.5,53.9,53.5,53.9,7319
2021-05-19,53.5,53.5,53.9,53.5,53.9,7319
2021-05-20,53.5,53.5,53.9,53.5,53.9,7319
2021-05-21,53.5,53.5,53.9,53.5,53.9,7319
2021-05-24,53.5,53.5,53.9,53.5,53.9,7319
2021-05-25,53.5,53.5,53.9,53.5,53.9,7319
2021-05-26,53.5,53.5,53.9,53.5,53.9,7319
2021-05-27,53.5,53.5,53.9,53.5,53.9,7319
2021-05-28,53.5,53.5,53.9,53.5,53.9,7319
2021-05-31,53.5,53.5,53.9,53.5,53.9,7319
2021-06-01,53.5,53.5,53.9,53.5,53.9,7319
2021-06-02,53.5,53.5,53.9,53.5,53.9,7319
2021-06-03,53.5,53.5,53.9,53.5,53.9,7319
2021-06-04,53.5,53.5,53.9,53.5,53.9,7319
2021-06-07,53.5,53.5,53.9,53.5,53.9,7319
2021-06-08,53.5,53.5,53.9,53.5,53.9,7319
2021-06-09,53.5,53.5,53.9,53.5,53.9,7319
2021-06-10,53.5,53.5,53.9,53.5,53.9,7319
2021-06-11,53.5,53.5,53.9,53.5,53.9,7319
2021-06-15,53.5,53.5,53.9,53.5,53.9,7319
2021-06-16,53.5,53.5,53.9,53.5,53.9,7319
2021-06-17,53.5,53.5,53.9,53.5,53.9,7319
2021-06-18,53.5,53.5,53.9,53.5,53.9,7319
2021-06-21,53.5,53.5,53.9,53.5,53.9,7319
2021-06-22,53.5,53.5,53.9,53.5,53.9,7319
2021-06-23,53.5,53.5,53.9,53.5,53.9,7319
2021-06-24,53.5,53.5,53.9,53.5,53.9,7319
2021-06-25,53.5,53.5,53.9,53.5,53.9,7319
2021-06-28,53.5,53.5,53.9,53.5,53.9,7319
2021-06-29,53.5,53.5,53.9,53.5,53.9,7319
2021-06-30,53.5,53.5,53.9,53.5,53.9,7319
2021-07-01,53.5,53.5,53.9,53.5,53.9,7319
2021-07-02,53.5,53.5,53.9,53.5,53.9,7319
2021-07-05,53.5,53.5,53.9,53.5,53.9,7319
2021-07-06,53.5,53.5,53.9,53.5,53.9,7319
2021-07-07,53.5,53.5,53.9,53.5,53.9,7319
2021-07-08,53.5,53.5,53.9,53.5,53.9,7319
2021-07-09,53.5,53.5,53.9,53.5,53.9,7319
2021-07-12,53.5,53.5,53.9,53.5,53.9,7319
2021-07-13,53.5,53.5,53.9,53.5,53.9,7319
2021-07-14,53.5,53.5,53.9,53.5,53.9,7319
2021-07-15,53.5,53.5,53.9,53.5,53.9,7319
2021-07-16,53.5,53.5,53.9,53.5,53.9,7319
2021-07-19,53.5,53.5,53.9,53.5,53.9,7319
2021-07-20,53.5,53.5,53.9,53.5,53.9,7319
2021-07-21,53.5,53.5,53.9,53.5,53.9,7319
2021-07-22,53.5,53.5,53.9,53.5,53.9,7319
2021-07-23,53.5,53.5,53.9,53.5,53.9,7319
2021-07-26,53.5,53.5,53.9,53.5,53.9,7319
2021-07-27,53.5,53.5,53.9,53.5,53.9,7319
2021-07-28,53.5,53.5,53.9,53.5,53.9,7319
2021-07-29,53.5,53.5,53.9,53.5,53.9,7319
2021-07-30,53.5,53.5,53.9,53.5,53.9,7319
2021-08-02,53.5,53.5,53.9,53.5,53.9,7319
2021-08-03,53.5,53.5,53.9,53.5,53.9,7319
2021-08-04,53.5,53.5,53.9,53.5,53.9,7319
2021-08-05,53.5,53.5,53.9,53.5,53.9,7319
2021-08-06,53.5,53.5,53.9,53.5,53.9,7319
2021-08-09,55.7,55.7,55.8,55.6,55.6,22000
2021-08-10,56.9,56.9,57.0,55.8,55.8,132000
2021-08-11,56.8,56.8,57.3,56.6,57.1,142000
2021-08-12,56.6,56.6,57.0,56.0,56.5,45000
2021-08-13,57.0,57.0,57.0,56.4,56.9,61000
2021-08-16,56.9,56.9,57.3,56.7,57.0,88000
2021-08-17,56.6,56.6,57.1,56.6,57.1,46000
2021-08-18,56.6,56.6,57.0,56.5,57.0,28000
2021-08-19,56.2,56.2,56.6,56.0,56.6,57000
2021-08-20,56.2,56.2,56.3,55.8,56.2,33000
2021-08-23,56.4,56.4,56.4,56.2,56.3,35000
2021-08-24,56.6,56.6,56.9,56.4,56.4,11000
2021-08-25,56.7,56.7,57.0,56.6,56.6,22000
2021-08-26,56.6,56.6,56.8,56.6,56.7,23000
2021-08-27,56.9,56.9,57.0,56.5,56.5,22000
2021-08-30,57.0,57.0,57.2,56.9,57.0,102000
2021-08-31,57.0,57.0,57.0,56.9,57.0,20000
2021-09-01,57.1,57.1,57.2,56.9,56.9,49000
2021-09-02,57.5,57.5,57.6,57.2,57.2,53000
2021-09-03,57.4,57.4,57.7,57.3,57.6,43000
2021-09-06,57.6,57.6,57.7,57.3,57.5,39000
2021-09-07,57.8,57.8,57.8,57.5,57.7,38000
2021-09-08,57.5,57.5,57.9,57.5,57.8,32000
2021-09-09,57.2,57.2,57.6,57.2,57.4,23000
2021-09-10,57.0,57.0,57.4,56.4,56.4,62000
2021-09-13,57.0,57.0,57.0,56.9,57.0,42000
2021-09-14,57.1,57.1,57.4,57.0,57.0,34000
2021-09-15,57.2,57.2,57.2,57.0,57.1,27000
2021-09-16,57.3,57.3,57.4,57.2,57.3,21000
2021-09-17,57.4,57.4,57.4,57.2,57.2,15000
2021-09-22,57.5,57.5,57.7,57.2,57.4,39000
2021-09-23,57.6,57.6,57.7,57.4,57.4,27000
2021-09-24,57.8,57.8,57.9,57.7,57.8,35000
2021-09-27,58.0,58.0,58.2,57.7,57.8,59000
2021-09-28,57.9,57.9,58.0,57.7,58.0,17000
2021-09-29,57.7,57.7,57.8,57.5,57.8,11000
2021-09-30,57.6,57.6,57.8,57.6,57.8,29000
2021-10-01,57.4,57.4,57.6,57.4,57.5,33000
2021-10-04,57.2,57.2,57.4,57.0,57.4,41000
2021-10-05,57.2,57.2,57.2,56.9,57.0,46000
2021-10-06,57.3,57.3,57.4,57.2,57.2,16000
2021-10-07,57.4,57.4,57.5,57.0,57.0,22000
2021-10-08,57.3,57.3,57.3,57.2,57.3,25000
2021-10-12,57.0,57.0,57.4,57.0,57.4,30000
2021-10-13,57.1,57.1,57.2,57.0,57.2,29000
2021-10-14,57.3,57.3,57.3,57.0,57.1,24000
2021-10-15,57.4,57.4,57.5,57.3,57.3,12000
2021-10-18,57.6,57.6,57.6,57.1,57.4,24000
2021-10-19,57.9,57.9,57.9,57.4,57.5,27000
2021-10-20,57.6,57.6,57.9,57.6,57.8,12000
2021-10-21,57.2,57.2,57.5,57.2,57.5,14000
2021-10-22,57.3,57.3,57.3,57.2,57.2,2000
2021-10-25,57.4,57.4,57.5,57.4,57.5,10000
2021-10-26,57.4,57.4,57.5,57.3,57.5,19000
2021-10-27,57.5,57.5,57.7,57.3,57.4,15000
2021-10-28,57.4,57.4,57.5,57.3,57.4,16000
2021-10-29,57.5,57.5,57.6,57.3,57.4,27000
2021-11-01,57.7,57.7,57.7,57.5,57.5,27000
2021-11-02,57.7,57.7,57.8,57.5,57.7,16000
2021-11-03,57.7,57.7,57.7,57.6,57.7,20000
2021-11-04,57.6,57.6,57.8,57.6,57.7,28000
2021-11-05,57.6,57.6,57.9,57.6,57.6,18000
2021-11-08,57.7,57.7,57.7,57.5,57.6,18000
2021-11-09,57.6,57.6,57.8,57.5,57.8,28000
2021-11-10,57.7,57.7,57.9,57.5,57.9,21000
2021-11-11,58.0,58.0,58.0,57.7,58.0,44000
2021-11-12,58.1,58.1,58.1,57.8,58.0,25000
2021-11-15,57.9,57.9,58.2,57.7,58.2,50000
2021-11-16,58.0,58.0,58.1,57.9,58.1,92000
2021-11-17,58.1,58.1,58.1,58.0,58.1,48000
2021-11-18,58.0,58.0,58.1,57.9,58.1,39000
2021-11-19,58.0,58.0,58.0,57.5,58.0,50000
2021-11-22,58.0,58.0,58.1,57.9,57.9,29000
2021-11-23,57.9,57.9,58.0,57.8,58.0,14000
2021-11-24,57.8,57.8,57.9,57.8,57.8,20000
2021-11-25,57.9,57.9,58.0,57.8,57.8,35000
2021-11-26,57.8,57.8,58.1,57.8,58.0,36000
2021-11-29,57.8,57.8,57.8,57.6,57.7,24000
2021-11-30,57.8,57.8,57.9,57.7,57.7,16000
2021-12-01,58.0,58.0,58.0,57.8,57.8,31000
2021-12-02,57.9,57.9,58.0,57.8,58.0,30000
2021-12-03,57.9,57.9,58.0,57.9,58.0,33000
2021-12-06,58.0,58.0,58.1,58.0,58.0,30000
2021-12-07,58.0,58.0,58.1,57.9,58.0,49000
2021-12-08,57.8,57.8,58.1,57.8,58.0,25000
2021-12-09,58.0,58.0,58.0,57.8,57.8,15000
2021-12-10,57.9,57.9,58.0,57.9,58.0,13000
2021-12-13,57.9,57.9,58.1,57.7,58.0,45000
2021-12-14,58.0,58.0,58.0,57.8,57.9,20000
2021-12-15,57.8,57.8,58.1,57.8,58.0,68000
2021-12-16,57.8,57.8,58.0,57.8,57.8,22000
2021-12-17,58.0,58.0,58.0,57.8,57.8,38000
2021-12-20,58.2,58.2,58.2,57.8,57.8,28000
2021-12-21,58.6,58.6,59.0,58.1,58.1,80000
2021-12-22,58.6,58.6,58.7,58.4,58.6,40000
2021-12-23,58.7,58.7,58.7,58.5,58.6,29000
2021-12-24,58.9,58.9,58.9,58.6,58.7,45000
2021-12-27,59.0,59.0,59.2,58.9,58.9,49000
2021-12-28,59.2,59.2,59.2,59.0,59.0,32000
2021-12-29,59.1,59.1,59.3,59.1,59.2,32000
2021-12-30,59.2,59.2,59.2,58.9,59.1,38000
2022-01-03,59.0,59.0,59.2,59.0,59.2,34000
2022-01-04,59.2,59.2,59.3,59.0,59.0,33000
2022-01-05,59.3,59.3,59.4,59.0,59.2,44000
2022-01-06,59.2,59.2,59.2,59.1,59.2,29000
2022-01-07,59.4,59.4,59.4,59.0,59.3,40000
2022-01-10,59.8,59.8,59.8,59.5,59.5,66000
2022-01-11,60.3,60.3,60.3,59.9,59.9,92000
2022-01-12,60.1,60.1,60.5,60.1,60.5,27000
2022-01-13,60.3,60.3,60.4,60.1,60.2,37000
2022-01-14,60.0,60.0,60.3,59.6,60.3,85000
2022-01-17,60.1,60.1,60.1,59.9,60.0,28000
2022-01-18,59.9,59.9,60.1,59.7,59.7,48000
2022-01-19,59.9,59.9,59.9,59.7,59.7,10000
2022-01-20,59.9,59.9,60.0,59.7,59.9,24000
2022-01-21,59.3,59.3,59.6,59.2,59.6,85000
2022-01-24,59.1,59.1,59.2,58.5,59.1,95000
2022-01-25,58.9,58.9,59.0,58.8,59.0,38000
2022-01-26,59.3,59.3,59.3,58.8,59.0,40000
2022-02-07,59.3,59.3,59.4,59.0,59.3,50000
2022-02-08,59.9,59.9,59.9,59.3,59.7,57000
2022-02-09,60.0,60.0,60.1,59.9,60.0,70000
2022-02-10,60.3,60.3,60.3,60.2,60.2,46000
2022-02-11,60.5,60.5,60.5,60.4,60.4,28000
2022-02-14,60.5,60.5,60.6,60.2,60.5,25000
2022-02-15,61.1,61.1,61.2,60.6,60.7,78000
2022-02-16,62.0,62.0,62.3,61.3,61.3,80000
2022-02-17,61.8,61.8,62.1,61.8,62.0,35000
2022-02-18,61.6,61.6,62.0,61.5,61.5,38000
2022-02-21,62.1,62.1,62.4,61.7,61.8,30000
2022-02-22,61.9,61.9,62.4,61.5,62.4,56000
2022-02-23,61.9,61.9,62.1,61.8,62.1,24000
2022-02-24,61.3,61.3,61.7,61.2,61.6,60000
2022-02-25,61.0,61.0,61.4,61.0,61.2,47000
2022-03-01,60.9,60.9,61.2,60.7,61.0,87000
2022-03-02,61.0,61.0,61.0,60.5,60.8,27000
2022-03-03,61.3,61.3,61.7,61.2,61.7,10000
2022-03-04,62.1,62.1,62.3,61.3,61.3,29000
2022-03-07,62.4,62.4,62.4,61.5,62.0,133000
2022-03-08,62.4,62.4,62.4,61.5,62.4,76000
2022-03-09,62.6,62.6,62.6,61.8,62.0,70000
2022-03-10,65.2,65.2,67.6,62.7,62.7,249000
2022-03-11,64.3,64.3,65.1,64.1,65.0,65000
2022-03-14,65.3,65.3,66.0,64.4,64.4,47000
2022-03-15,64.4,64.4,65.3,64.2,65.3,89000
2022-03-16,64.7,64.7,64.8,63.4,63.4,58000
2022-03-17,64.6,64.6,64.7,64.5,64.7,49000
2022-03-18,65.0,65.0,65.4,64.6,64.6,11000
2022-03-21,65.6,65.6,65.6,65.2,65.4,47000
2022-03-22,65.6,65.6,65.8,65.4,65.8,29000
2022-03-23,66.2,66.2,66.4,65.6,65.9,60000
2022-03-24,66.2,66.2,66.4,65.8,66.2,29000
2022-03-25,66.2,66.2,66.3,65.6,66.3,53000
2022-03-28,66.7,66.7,66.7,66.0,66.2,36000
2022-03-29,66.4,66.4,66.9,66.4,66.6,58000
2022-03-30,66.6,66.6,66.8,66.4,66.5,32000
2022-03-31,66.7,66.7,66.8,66.4,66.7,56000
2022-04-01,66.9,66.9,67.1,66.5,66.6,90000
2022-04-06,64.6,64.6,65.0,63.7,63.8,145000
2022-04-07,64.1,64.1,64.7,64.0,64.7,53000
2022-04-08,64.8,64.8,64.8,64.3,64.3,23000
2022-04-11,64.2,64.2,64.8,64.0,64.8,39000
2022-04-12,63.8,63.8,64.2,63.7,64.2,25000
2022-04-13,65.1,65.1,65.1,64.2,65.0,46000
2022-04-14,64.5,64.5,65.1,64.1,65.1,40000
2022-04-15,64.0,64.0,64.6,63.8,64.6,32000
2022-04-18,64.3,64.3,64.3,64.0,64.0,13000
2022-04-19,64.5,64.5,64.5,64.5,64.5,10000
2022-04-20,64.6,64.6,64.7,64.5,64.5,16000
2022-04-21,64.2,64.2,64.4,64.2,64.3,7000
2022-04-22,64.4,64.4,64.4,64.2,64.2,11000
2022-04-25,64.0,64.0,64.3,63.8,64.1,35000
2022-04-26,63.8,63.8,64.0,63.7,63.9,29000
2022-04-27,62.5,62.5,63.6,62.5,63.6,57000
2022-04-28,62.1,62.1,62.8,62.1,62.6,37000
2022-04-29,61.6,61.6,62.0,61.6,62.0,67000
2022-05-03,61.5,61.5,61.7,61.0,61.6,62000
2022-05-04,62.0,62.0,62.0,61.2,61.2,12000
2022-05-05,62.4,62.4,62.8,62.3,62.3,19000
2022-05-06,62.3,62.3,62.3,62.0,62.2,9000
2022-05-09,60.9,60.9,61.6,60.9,61.6,22000
2022-05-10,60.8,60.8,60.9,60.5,60.6,21000
2022-05-11,60.5,60.5,60.6,60.1,60.6,49000
2022-05-12,60.1,60.1,60.6,60.1,60.5,18000
2022-05-13,60.5,60.5,60.5,60.2,60.5,18000
2022-05-16,61.0,61.0,61.1,60.6,61.0,15000
2022-05-17,61.1,61.1,61.5,60.5,60.6,47000
2022-05-18,61.5,61.5,61.6,61.1,61.1,11000
2022-05-19,60.9,60.9,60.9,60.5,60.9,22000
2022-05-20,61.0,61.0,61.3,60.8,61.3,16000
2022-05-23,60.6,60.6,60.9,60.6,60.9,22000
2022-05-24,60.7,60.7,60.7,60.2,60.5,8000
2022-05-25,60.7,60.7,61.0,60.7,60.7,8000
2022-05-26,60.7,60.7,61.0,60.6,60.6,6000
2022-05-27,60.7,60.7,61.0,60.7,61.0,8000
2022-05-30,60.8,60.8,61.4,60.8,60.8,39000
2022-05-31,61.0,61.0,61.2,60.8,60.8,15000
2022-06-01,61.6,61.6,61.6,61.0,61.2,16000
2022-06-02,61.8,61.8,62.0,61.7,61.9,7000
2022-06-06,62.0,62.0,62.2,61.8,62.2,17000
2022-06-07,62.5,62.5,62.5,62.2,62.2,5000
2022-06-08,62.5,62.5,63.1,62.5,63.0,11000
2022-06-09,62.1,62.1,62.4,62.1,62.1,12000
2022-06-10,62.3,62.3,62.5,62.2,62.2,5000
2022-06-13,62.2,62.2,62.6,62.1,62.5,18000
2022-06-14,61.6,61.6,62.0,61.5,62.0,15000
2022-06-15,61.5,61.5,61.6,61.4,61.6,10000
2022-06-16,61.2,61.2,61.5,61.2,61.5,6000
2022-06-17,61.0,61.0,61.8,61.0,61.8,18000
2022-06-20,60.2,60.2,61.0,60.1,61.0,48000
2022-06-21,60.4,60.4,60.4,60.2,60.3,18000
2022-06-22,60.9,60.9,61.6,60.4,61.6,23000
2022-06-23,60.3,60.3,60.5,60.1,60.3,17000
2022-06-24,60.5,60.5,60.6,60.3,60.6,8000
2022-06-27,60.8,60.8,60.8,60.5,60.5,3000
2022-06-28,60.4,60.4,60.6,60.3,60.6,10000
2022-06-29,60.0,60.0,60.4,60.0,60.4,27000
2022-06-30,60.0,60.0,60.5,60.0,60.5,20000
2022-07-01,59.8,59.8,60.1,59.7,60.1,32000
2022-07-04,59.1,59.1,59.8,58.8,59.8,56000
2022-07-05,59.2,59.2,59.2,59.1,59.1,16000
2022-07-06,58.5,58.5,59.0,58.3,59.0,39000
2022-07-07,58.6,58.6,58.8,58.4,58.5,8000
2022-07-08,59.0,59.0,59.0,58.7,58.7,16000
2022-07-11,59.0,59.0,59.0,59.0,59.0,10000
2022-07-12,58.3,58.3,59.0,58.3,59.0,27000
2022-07-13,59.0,59.0,59.0,58.5,58.7,8000
2022-07-14,58.6,58.6,59.0,58.5,59.0,10000
2022-07-15,59.3,59.3,59.3,59.0,59.0,12000
2022-07-18,59.4,59.4,59.6,59.4,59.4,8000
2022-07-19,59.5,59.5,59.9,59.5,59.8,11000
2022-07-20,59.9,59.9,59.9,59.9,59.9,4000
2022-07-21,59.9,59.9,59.9,59.7,59.8,10000
2022-07-22,60.0,60.0,60.2,60.0,60.0,13000
2022-07-25,60.1,60.1,60.2,60.1,60.2,6000
2022-07-26,60.1,60.1,60.2,60.1,60.2,2000
2022-07-27,60.5,60.5,60.5,60.4,60.4,5000
2022-07-28,60.6,60.6,60.6,60.5,60.5,14000
2022-07-29,60.5,60.5,60.6,60.5,60.6,7000
2022-08-01,60.7,60.7,60.7,60.5,60.5,28000
2022-08-02,60.2,60.2,60.5,60.2,60.5,15000
2022-08-03,60.0,60.0,60.2,59.5,60.2,11000
2022-08-04,60.0,60.0,60.0,60.0,60.0,4000
2022-08-05,60.2,60.2,60.2,60.0,60.0,18000
2022-08-08,60.2,60.2,60.5,60.2,60.3,22000
2022-08-09,60.3,60.3,60.5,60.3,60.4,10000
2022-08-10,60.4,60.4,60.5,60.4,60.5,4000
2022-08-11,60.4,60.4,60.8,60.0,60.4,72000
2022-08-12,60.5,60.5,61.0,60.2,60.3,18000
2022-08-15,60.7,60.7,60.8,60.5,60.6,26000
2022-08-16,60.8,60.8,61.0,60.8,60.9,28000
2022-08-17,61.0,61.0,61.0,60.9,60.9,14000
2022-08-18,60.1,60.1,61.4,59.0,61.0,67000
2022-08-19,60.8,60.8,60.8,60.3,60.5,14000
2022-08-22,61.5,61.5,61.5,60.7,60.8,15000
2022-08-23,61.1,61.1,61.8,61.1,61.8,10000
2022-08-24,61.4,61.4,61.4,61.2,61.2,30000
2022-08-25,61.7,61.7,61.8,61.5,61.6,29000
2022-08-26,62.1,62.1,62.3,61.8,61.8,18000
2022-08-29,61.8,61.8,62.1,61.2,61.6,13000
2022-08-30,62.1,62.1,62.1,61.7,61.8,29000
2022-08-31,62.4,62.4,62.4,62.2,62.2,42000
2022-09-01,62.5,62.5,62.6,62.3,62.5,20000
2022-09-02,62.9,62.9,63.0,62.5,62.6,42000
2022-09-05,62.9,62.9,62.9,62.8,62.8,5000
2022-09-06,62.2,62.2,63.0,62.1,63.0,24000
2022-09-07,61.6,61.6,61.6,61.4,61.4,4000
2022-09-08,61.0,61.0,61.6,60.9,61.6,43000
2022-09-12,60.8,60.8,61.0,60.5,61.0,46000
2022-09-13,60.8,60.8,60.8,60.6,60.8,21000
2022-09-14,61.0,61.0,61.0,60.8,60.8,8000
2022-09-15,60.9,60.9,61.0,60.9,61.0,6000
2022-09-16,60.9,60.9,61.5,60.9,60.9,5000
2022-09-19,60.9,60.9,60.9,60.6,60.9,11000
2022-09-20,60.9,60.9,61.0,60.7,60.9,9000
2022-09-21,61.0,61.0,61.6,61.0,61.6,11000
2022-09-22,61.0,61.0,61.0,60.8,60.8,15000
2022-09-23,60.9,60.9,61.0,60.9,61.0,11000
2022-09-26,60.2,60.2,60.6,60.2,60.6,29000
2022-09-27,60.1,60.1,60.2,59.9,60.2,35000
2022-09-28,59.8,59.8,60.1,59.6,60.1,29000
2022-09-29,59.9,59.9,60.0,59.9,60.0,7000
2022-09-30,59.8,59.8,59.8,59.6,59.8,15000
2022-10-03,60.1,60.1,60.1,59.7,59.8,12000
2022-10-04,61.0,61.0,61.0,60.3,60.3,32000
2022-10-05,60.5,60.5,60.8,60.5,60.8,9000
2022-10-06,60.9,60.9,61.1,60.4,60.4,3000
2022-10-07,60.4,60.4,61.0,59.9,61.0,32000
2022-10-11,60.0,60.0,60.8,60.0,60.8,43000
2022-10-12,59.8,59.8,60.0,59.8,60.0,19000
2022-10-13,59.1,59.1,60.0,59.0,60.0,54000
2022-10-14,59.5,59.5,59.5,59.4,59.4,8000
2022-10-17,59.1,59.1,60.0,58.7,60.0,19000
2022-10-18,59.2,59.2,59.3,59.0,59.0,6000
2022-10-19,59.3,59.3,59.3,59.1,59.2,6000
2022-10-20,58.8,58.8,59.0,58.8,59.0,7000
2022-10-21,58.5,58.5,59.0,58.4,58.8,30000
2022-10-24,58.6,58.6,58.7,58.5,58.5,14000
2022-10-25,58.4,58.4,58.4,58.4,58.4,8000
2022-10-26,59.3,59.3,59.3,58.5,58.5,17000
2022-10-27,59.3,59.3,59.3,59.2,59.2,8000
2022-10-28,59.2,59.2,59.3,59.0,59.0,6000
2022-10-31,59.5,59.5,59.5,59.2,59.2,11000
2022-11-01,59.9,59.9,59.9,59.4,59.4,9000
2022-11-02,60.0,60.0,60.0,59.7,59.7,8000
2022-11-03,60.0,60.0,60.0,59.8,59.9,8000
2022-11-04,60.3,60.3,60.3,60.0,60.2,11000
2022-11-07,60.0,60.0,60.3,60.0,60.3,20000
2022-11-08,59.8,59.8,60.0,59.7,60.0,12000
2022-11-09,59.7,59.7,60.0,59.7,59.7,14000
2022-11-10,59.7,59.7,59.8,59.7,59.7,12000
2022-11-11,59.6,59.6,59.9,59.1,59.9,61000
2022-11-14,59.6,59.6,59.7,59.5,59.7,15000
2022-11-15,59.6,59.6,59.7,59.5,59.7,22000
2022-11-16,59.0,59.0,59.6,59.0,59.6,53000
2022-11-17,58.7,58.7,59.0,58.4,59.0,100000
2022-11-18,58.4,58.4,59.0,58.4,58.6,51000
2022-11-21,58.7,58.7,58.7,58.5,58.5,24000
2022-11-22,58.8,58.8,58.8,58.7,58.7,9000
2022-11-23,59.0,59.0,59.0,58.8,58.9,26000
2022-11-24,59.3,59.3,59.3,59.0,59.0,31000
2022-11-25,59.1,59.1,59.3,59.0,59.2,27000
2022-11-28,59.1,59.1,59.1,58.5,58.9,23000
2022-11-29,59.0,59.0,59.1,58.5,59.1,44000
2022-11-30,59.1,59.1,59.1,59.0,59.1,14000
2022-12-01,59.2,59.2,59.2,59.1,59.2,21000
2022-12-02,59.3,59.3,59.3,59.1,59.2,12000
2022-12-05,59.3,59.3,59.5,59.2,59.5,24000
2022-12-06,59.2,59.2,59.3,59.0,59.3,31000
2022-12-07,59.2,59.2,59.2,58.9,58.9,24000
2022-12-08,58.9,58.9,59.2,58.9,59.2,18000
2022-12-09,59.0,59.0,59.1,58.9,58.9,18000
2022-12-12,59.3,59.3,59.3,58.8,59.0,23000
2022-12-13,59.3,59.3,59.5,59.2,59.2,7000
2022-12-14,59.4,59.4,59.4,59.2,59.2,17000
2022-12-15,59.4,59.4,59.4,59.3,59.4,11000
2022-12-16,58.9,58.9,59.2,58.7,59.2,24000
2022-12-19,59.3,59.3,59.3,58.9,58.9,8000
2022-12-20,58.7,58.7,58.8,58.6,58.8,24000
2022-12-21,58.9,58.9,58.9,58.7,58.8,12000
2022-12-22,59.0,59.0,59.0,58.8,58.8,9000
2022-12-23,59.0,59.0,59.0,58.8,59.0,10000
2022-12-26,59.0,59.0,59.0,58.7,59.0,20000
2022-12-27,58.9,58.9,59.1,58.9,59.0,20000
2022-12-28,59.0,59.0,59.0,58.9,58.9,8000
2022-12-29,59.0,59.0,59.0,58.8,59.0,12000
2022-12-30,59.0,59.0,59.0,58.9,59.0,24000
2023-01-03,59.2,59.2,59.2,59.0,59.1,17000
2023-01-04,59.1,59.1,59.1,59.0,59.1,8000
2023-01-05,59.5,59.5,59.5,59.0,59.2,21000
2023-01-06,59.3,59.3,59.3,59.3,59.3,2000
2023-01-09,59.4,59.4,59.5,59.3,59.5,35000
2023-01-10,59.5,59.5,59.6,59.4,59.4,10000
2023-01-11,59.5,59.5,59.6,59.4,59.4,11000
2023-01-12,59.5,59.5,59.6,59.4,59.6,15000
2023-01-13,59.5,59.5,59.6,59.4,59.5,18000
2023-01-16,59.6,59.6,59.6,59.4,59.5,10000
2023-01-17,59.8,59.8,59.8,59.6,59.6,12000
2023-01-30,60.5,60.5,60.5,60.0,60.0,18000
2023-01-31,60.7,60.7,60.8,60.5,60.5,5000
2023-02-01,61.0,61.0,61.4,60.7,60.7,8000
2023-02-02,61.0,61.0,61.2,61.0,61.0,19000
2023-02-03,61.0,61.0,61.0,60.8,61.0,10000
2023-02-06,61.2,61.2,61.2,60.5,61.2,12000
2023-02-07,61.3,61.3,61.3,61.1,61.1,2000
2023-02-08,61.1,61.1,61.2,61.0,61.2,16000
2023-02-09,61.1,61.1,61.1,60.9,61.1,9000
2023-02-10,61.1,61.1,61.3,61.0,61.0,21000
2023-02-13,60.8,60.8,60.9,60.6,60.6,22000
2023-02-14,61.2,61.2,61.2,60.8,60.8,9000
2023-02-15,61.1,61.1,61.2,61.1,61.2,16000
2023-02-16,61.1,61.1,61.2,61.1,61.1,12000
2023-02-17,61.0,61.0,61.0,61.0,61.0,5000
2023-02-20,61.5,61.5,62.4,61.4,61.4,54000
2023-02-21,61.7,61.7,61.7,61.3,61.6,15000
2023-02-22,61.6,61.6,61.6,61.4,61.6,26000
2023-02-23,62.0,62.0,62.0,61.6,61.8,29000
2023-02-24,61.6,61.6,61.9,61.6,61.7,17000
2023-03-01,61.9,61.9,62.3,61.5,61.5,9000
2023-03-02,61.9,61.9,62.0,61.8,62.0,9000
2023-03-03,62.2,62.2,62.2,61.8,61.9,21000
2023-03-06,62.6,62.6,62.7,62.4,62.7,27000
2023-03-07,63.1,63.1,63.2,62.8,62.8,30000
2023-03-08,63.8,63.8,63.9,63.3,63.3,45000
2023-03-09,63.1,63.1,63.8,63.1,63.7,29000
2023-03-10,62.1,62.1,62.5,62.1,62.5,40000
2023-03-13,61.8,61.8,62.1,61.5,62.1,19000
2023-03-14,61.9,61.9,62.0,61.8,61.8,21000
2023-03-15,63.0,63.0,63.3,62.9,63.0,31000
2023-03-16,62.8,62.8,63.5,62.3,63.0,20000
2023-03-17,62.8,62.8,63.0,62.7,62.9,50000
2023-03-20,63.0,63.0,63.2,62.8,63.0,50000
2023-03-21,63.0,63.0,63.1,62.8,62.8,66000
2023-03-22,62.8,62.8,63.0,62.7,63.0,54000
2023-03-23,62.7,62.7,62.9,62.7,62.8,39000
2023-03-24,62.8,62.8,62.8,62.6,62.7,36000
2023-03-27,63.1,63.1,63.4,62.7,62.8,33000
2023-03-28,63.1,63.1,63.5,63.1,63.2,39000
2023-03-29,62.7,62.7,63.2,62.5,62.5,42000
2023-03-30,63.3,63.3,63.8,62.9,62.9,56000
2023-03-31,63.6,63.6,63.6,63.3,63.3,42000
2023-04-06,64.7,64.7,64.8,63.6,63.6,301000
2023-04-07,61.4,61.4,61.5,60.6,61.0,140000
2023-04-10,61.1,61.1,62.8,61.0,61.5,183000
2023-04-11,61.2,61.2,61.8,61.0,61.2,53000
2023-04-12,61.5,61.5,61.8,61.2,61.2,25000
2023-04-13,61.8,61.8,61.8,61.2,61.6,25000
2023-04-14,62.3,62.3,62.4,61.6,61.7,30000
2023-04-17,62.2,62.2,62.4,62.0,62.1,30000
2023-04-18,62.2,62.2,62.2,61.8,62.0,15000
2023-04-19,61.7,61.7,62.2,61.7,61.8,11000
2023-04-20,61.2,61.2,61.4,61.2,61.3,26000
2023-04-21,61.5,61.5,61.5,60.3,61.0,53000
2023-04-24,60.9,60.9,61.4,60.5,61.4,49000
2023-04-25,60.8,60.8,62.0,60.6,62.0,28000
2023-04-26,60.7,60.7,60.7,60.2,60.4,19000
2023-04-27,60.8,60.8,60.8,60.8,60.8,10000
2023-04-28,61.4,61.4,61.9,60.4,60.4,52000
2023-05-02,62.1,62.1,62.3,61.0,61.7,31000
2023-05-03,61.7,61.7,61.9,61.2,61.2,8000
2023-05-04,62.3,62.3,62.5,61.7,61.7,14000
2023-05-05,61.9,61.9,62.0,61.6,61.8,8000
2023-05-08,61.7,61.7,61.9,61.7,61.9,4000
2023-05-09,61.3,61.3,61.5,61.3,61.4,12000
2023-05-10,61.2,61.2,61.2,61.0,61.2,15000
2023-05-11,61.3,61.3,61.7,61.2,61.2,39000
2023-05-12,61.8,61.8,61.9,60.9,61.3,28000
2023-05-15,62.0,62.0,62.0,61.7,61.9,34000
2023-05-16,62.3,62.3,63.1,62.1,62.4,54000
2023-05-17,62.5,62.5,62.6,62.1,62.3,18000
2023-05-18,62.9,62.9,62.9,62.4,62.7,20000
2023-05-19,62.6,62.6,62.9,62.5,62.9,9000
2023-05-22,62.8,62.8,63.7,62.8,62.8,25000
2023-05-23,62.8,62.8,63.4,62.7,63.4,13000
2023-05-24,62.9,62.9,62.9,62.1,62.8,29000
2023-05-25,62.2,62.2,62.4,62.1,62.2,5000
2023-05-26,62.1,62.1,62.5,62.0,62.5,19000
2023-05-29,62.1,62.1,62.6,62.0,62.1,22000
2023-05-30,62.1,62.1,62.2,62.1,62.2,5000
2023-05-31,62.5,62.5,62.5,62.1,62.1,12000
2023-06-01,62.3,62.3,62.3,62.2,62.2,15000
2023-06-02,62.2,62.2,62.5,62.2,62.3,13000
2023-06-05,62.3,62.3,62.5,62.2,62.2,12000
2023-06-06,62.3,62.3,62.4,62.3,62.4,5000
2023-06-07,62.4,62.4,62.5,62.3,62.5,12000
2023-06-08,62.6,62.6,62.6,62.4,62.5,12000
2023-06-09,62.3,62.3,62.5,62.0,62.3,55000
2023-06-12,61.9,61.9,62.3,61.9,62.3,36000
2023-06-13,61.8,61.8,61.9,61.8,61.8,34000
2023-06-14,61.8,61.8,62.0,61.7,61.9,27000
2023-06-15,61.8,61.8,61.9,61.5,61.9,65000
2023-06-16,61.5,61.5,62.0,61.5,61.8,36000
2023-06-19,61.3,61.3,61.5,61.0,61.5,77000
2023-06-20,61.2,61.2,61.3,61.1,61.3,15000
2023-06-21,61.3,61.3,61.3,61.2,61.2,24000
2023-06-26,60.9,60.9,61.0,60.8,61.0,45000
2023-06-27,61.0,61.0,61.2,60.9,60.9,49000
2023-06-28,61.0,61.0,61.1,60.9,61.0,32000
2023-06-29,61.0,61.0,61.1,60.9,60.9,42000
2023-06-30,61.2,61.2,61.3,60.9,61.0,51000
2023-07-03,61.2,61.2,61.3,61.1,61.2,41000
2023-07-04,61.1,61.1,61.1,61.0,61.1,35000
2023-07-05,61.2,61.2,61.4,61.0,61.0,45000
2023-07-06,61.0,61.0,62.0,61.0,62.0,23000
2023-07-07,60.8,60.8,60.9,60.7,60.9,59000
2023-07-10,60.8,60.8,60.9,60.7,60.8,43000
2023-07-11,60.8,60.8,60.9,60.7,60.8,64000
2023-07-12,60.4,60.4,60.7,60.2,60.7,196000
2023-07-13,60.1,60.1,60.4,60.0,60.4,134000
2023-07-14,60.2,60.2,60.4,60.1,60.1,117000
2023-07-17,60.2,60.2,60.8,60.1,60.8,84000
2023-07-18,60.2,60.2,60.4,60.0,60.1,99000
2023-07-19,60.3,60.3,60.4,60.2,60.2,57000
2023-07-20,60.4,60.4,60.5,60.3,60.3,54000
2023-07-21,60.5,60.5,60.5,60.3,60.4,38000
2023-07-24,60.5,60.5,60.6,60.5,60.5,33000
2023-07-25,60.7,60.7,60.7,60.3,60.5,30000
2023-07-26,60.6,60.6,60.8,60.5,60.7,38000
2023-07-27,60.7,60.7,60.7,60.6,60.6,32000
2023-07-28,60.5,60.5,60.7,60.5,60.7,62000
2023-07-31,60.5,60.5,60.7,60.4,60.7,58000
2023-08-01,60.5,60.5,60.5,60.4,60.4,16000
2023-08-02,60.6,60.6,60.6,60.5,60.5,26000
2023-08-04,60.6,60.6,60.8,60.4,60.6,85000
2023-08-07,60.6,60.6,60.6,60.5,60.6,62000
2023-08-08,60.7,60.7,60.7,60.6,60.6,61000
2023-08-09,60.7,60.7,60.8,60.5,60.7,85000
2023-08-10,61.0,61.0,61.2,60.6,60.8,66000
2023-08-11,61.0,61.0,61.1,61.0,61.0,76000
2023-08-14,60.8,60.8,61.2,60.7,61.2,100000
2023-08-15,60.9,60.9,61.2,60.6,60.6,67000
2023-08-16,60.8,60.8,61.0,60.7,60.7,35000
2023-08-17,60.7,60.7,60.9,60.7,60.7,44000
2023-08-18,60.7,60.7,60.8,60.7,60.7,64000
2023-08-21,60.6,60.6,60.9,60.6,60.8,38000
2023-08-22,60.1,60.1,60.6,60.1,60.6,100000
2023-08-23,60.3,60.3,60.4,60.1,60.1,28000
2023-08-24,60.2,60.2,60.5,60.2,60.4,41000
2023-08-25,60.2,60.2,60.3,60.1,60.1,43000
2023-08-28,60.2,60.2,60.6,60.2,60.6,93000
2023-08-29,60.2,60.2,60.3,60.2,60.2,61000
2023-08-30,60.3,60.3,60.3,60.2,60.3,25000
2023-08-31,60.3,60.3,60.3,60.3,60.3,47000
2023-09-01,60.3,60.3,60.4,60.3,60.4,17000
2023-09-04,60.3,60.3,60.3,60.3,60.3,42000
2023-09-05,60.5,60.5,60.5,60.4,60.5,14000
2023-09-06,60.4,60.4,60.5,60.4,60.5,26000
2023-09-07,60.4,60.4,60.5,60.4,60.5,25000
2023-09-08,60.5,60.5,60.9,60.5,60.8,83000
2023-09-11,60.5,60.5,60.7,60.5,60.5,60000
2023-09-12,60.8,60.8,60.8,60.6,60.6,89000
2023-09-13,60.6,60.6,60.9,60.6,60.7,112000
2023-09-14,60.7,60.7,60.8,60.7,60.8,145000
2023-09-15,60.7,60.7,60.8,60.7,60.8,39000
2023-09-18,60.7,60.7,60.8,60.5,60.8,140000
2023-09-19,60.8,60.8,60.8,60.7,60.8,34000
2023-09-20,60.7,60.7,60.8,60.6,60.8,23000
2023-09-21,60.6,60.6,60.8,60.3,60.6,92000
2023-09-22,60.5,60.5,60.6,60.5,60.6,17000
2023-09-25,60.5,60.5,60.6,60.4,60.5,29000
2023-09-26,60.4,60.4,60.5,60.4,60.5,35000
2023-09-27,60.4,60.4,60.5,60.4,60.5,26000
2023-09-28,60.4,60.4,60.5,60.4,60.5,39000
2023-10-02,60.4,60.4,60.5,60.3,60.4,64000
2023-10-03,60.3,60.3,60.4,60.3,60.4,73000
2023-10-04,60.2,60.2,60.3,60.2,60.3,68000
2023-10-05,60.2,60.2,60.3,60.2,60.3,119000
2023-10-06,60.3,60.3,60.3,60.2,60.2,134000
2023-10-11,60.3,60.3,60.3,60.2,60.3,65000
2023-10-12,60.3,60.3,60.3,60.3,60.3,80000
2023-10-13,60.3,60.3,60.3,60.3,60.3,87000
2023-10-16,60.3,60.3,60.3,60.2,60.2,78000
2023-10-17,60.3,60.3,60.3,60.2,60.3,86000
2023-10-18,60.3,60.3,60.4,60.3,60.3,28000
2023-10-19,60.3,60.3,60.4,60.3,60.3,23000
2023-10-20,60.3,60.3,60.4,60.2,60.2,37000
2023-10-23,60.3,60.3,60.4,60.3,60.4,25000
2023-10-24,60.4,60.4,60.4,60.3,60.3,13000
2023-10-25,60.5,60.5,60.6,60.3,60.4,44000
2023-10-26,60.4,60.4,60.5,60.3,60.5,18000
2023-10-27,60.6,60.6,60.6,60.4,60.4,24000
2023-10-30,60.7,60.7,60.7,60.5,60.5,36000
2023-10-31,60.8,60.8,60.8,60.7,60.7,26000
2023-11-01,60.9,60.9,61.0,60.8,60.8,29000
2023-11-02,61.1,61.1,61.1,61.0,61.0,29000
2023-11-03,61.2,61.2,61.3,61.1,61.2,28000
2023-11-06,61.2,61.2,61.3,61.2,61.2,26000
2023-11-07,61.2,61.2,61.3,61.1,61.3,25000
2023-11-08,61.2,61.2,61.4,61.2,61.2,15000
2023-11-09,61.2,61.2,61.5,61.2,61.3,45000
2023-11-10,61.4,61.4,61.5,61.3,61.3,32000
2023-11-13,61.6,61.6,61.7,61.4,61.5,43000
2023-11-14,61.6,61.6,62.0,61.5,61.8,37000
2023-11-15,61.6,61.6,61.9,61.6,61.9,26000
2023-11-16,61.6,61.6,61.6,61.4,61.6,23000
2023-11-17,61.8,61.8,61.9,61.6,61.6,20000
2023-11-20,61.9,61.9,62.0,61.8,61.8,32000
2023-11-21,62.1,62.1,62.1,62.0,62.0,44000
2023-11-22,62.4,62.4,62.4,62.0,62.3,33000
2023-11-23,62.3,62.3,62.6,62.3,62.5,20000
2023-11-24,62.2,62.2,62.3,62.0,62.3,22000
2023-11-27,62.4,62.4,62.5,62.2,62.2,27000
2023-11-28,62.9,62.9,62.9,62.7,62.7,31000
2023-11-29,63.0,63.0,63.8,63.0,63.0,42000
2023-11-30,63.0,63.0,63.4,63.0,63.3,20000
2023-12-01,62.9,62.9,63.0,62.7,63.0,23000
2023-12-04,63.0,63.0,63.6,63.0,63.1,28000
2023-12-05,63.1,63.1,63.1,62.9,63.0,18000
2023-12-06,63.3,63.3,63.4,63.1,63.1,28000
2023-12-07,62.9,62.9,63.0,62.6,63.0,51000
2023-12-08,62.6,62.6,63.0,62.5,63.0,27000
2023-12-11,62.7,62.7,63.2,62.5,62.8,25000
2023-12-12,62.7,62.7,63.2,62.7,62.7,21000
2023-12-13,62.8,62.8,63.0,62.7,62.7,14000
2023-12-14,62.4,62.4,62.8,62.3,62.8,84000
2023-12-15,62.5,62.5,63.0,62.4,62.4,52000
2023-12-18,62.4,62.4,62.5,62.1,62.5,37000
2023-12-19,62.4,62.4,62.4,62.3,62.3,7000
2023-12-20,62.8,62.8,63.0,62.8,62.8,24000
2023-12-21,62.7,62.7,62.8,62.6,62.8,9000
2023-12-22,62.1,62.1,62.7,62.1,62.7,25000
2023-12-25,62.3,62.3,62.5,62.2,62.3,35000
2023-12-26,62.3,62.3,62.4,62.1,62.3,12000
2023-12-27,62.3,62.3,62.3,62.2,62.3,14000
2023-12-28,62.4,62.4,62.6,62.3,62.3,28000
2023-12-29,62.3,62.3,62.4,62.3,62.3,20000
2024-01-02,62.6,62.6,62.6,62.3,62.3,24000
2024-01-03,62.6,62.6,62.6,62.5,62.6,8000
2024-01-04,62.7,62.7,62.8,62.6,62.6,11000
2024-01-05,62.9,62.9,62.9,62.7,62.7,9000
2024-01-08,62.7,62.7,62.9,62.5,62.9,19000
2024-01-09,62.9,62.9,62.9,62.7,62.9,24000
2024-01-10,63.2,63.2,63.4,63.0,63.0,39000
2024-01-11,63.2,63.2,63.3,63.2,63.3,31000
2024-01-12,63.3,63.3,63.5,63.1,63.1,18000
2024-01-15,63.3,63.3,63.4,63.3,63.3,26000
2024-01-16,62.9,62.9,63.3,62.7,63.3,32000
2024-01-17,62.7,62.7,63.1,62.7,62.8,45000
2024-01-18,62.7,62.7,62.8,62.7,62.7,15000
2024-01-19,62.8,62.8,63.1,62.7,62.7,14000
2024-01-22,62.7,62.7,63.0,62.7,63.0,29000
2024-01-23,63.0,63.0,63.5,62.7,62.8,66000
2024-01-24,63.2,63.2,63.3,63.2,63.3,19000
2024-01-25,63.4,63.4,63.4,63.1,63.3,19000
2024-01-26,63.4,63.4,63.4,63.2,63.4,12000
2024-01-29,63.5,63.5,63.6,63.4,63.5,22000
2024-01-30,63.3,63.3,63.5,63.0,63.5,92000
2024-01-31,63.4,63.4,63.4,63.3,63.3,17000
2024-02-01,63.4,63.4,63.5,63.0,63.4,55000
2024-02-02,63.2,63.2,63.4,63.2,63.4,9000
2024-02-05,63.1,63.1,63.2,63.0,63.2,40000
2024-02-15,62.7,62.7,63.1,62.1,63.1,49000
2024-02-16,64.0,64.0,64.2,62.7,62.7,73000
2024-02-19,70.4,70.4,70.4,69.8,70.4,2952000
2024-02-20,69.5,69.5,70.2,69.5,69.8,1535000
2024-02-21,70.3,70.3,70.3,69.5,69.5,358000
2024-02-22,70.1,70.1,70.4,70.0,70.3,172000
2024-02-23,70.3,70.3,70.5,70.1,70.1,268000
2024-02-26,70.4,70.4,70.7,70.1,70.5,190000
2024-02-27,70.4,70.4,70.9,70.3,70.5,237000
2024-02-29,70.7,70.7,70.9,70.4,70.8,164000
2024-03-01,70.6,70.6,70.8,70.5,70.8,107000
2024-03-04,70.6,70.6,70.7,70.5,70.6,186000
2024-03-05,70.7,70.7,70.8,70.6,70.6,104000
2024-03-06,70.9,70.9,70.9,70.7,70.8,149000
2024-03-07,71.3,71.3,71.4,70.9,70.9,260000
2024-03-08,71.2,71.2,71.3,71.1,71.3,119000
2024-03-11,71.3,71.3,71.3,71.1,71.2,65000
2024-03-12,71.2,71.2,71.3,71.1,71.2,76000
2024-03-13,71.2,71.2,71.3,71.2,71.2,71000
2024-03-14,71.6,71.6,71.6,71.3,71.4,102000
2024-03-15,71.8,71.8,71.8,71.5,71.7,83000
2024-03-18,71.9,71.9,71.9,71.5,71.8,92000
2024-03-19,71.6,71.6,71.8,71.6,71.8,55000
2024-03-20,71.9,71.9,71.9,71.6,71.7,56000
2024-03-21,75.3,75.3,77.1,71.9,72.0,386000
2024-03-22,76.0,76.0,79.5,76.0,77.2,294000
2024-03-25,76.7,76.7,77.3,75.4,77.3,105000
2024-03-26,76.5,76.5,77.2,76.2,77.2,68000
2024-03-27,76.5,76.5,76.5,76.1,76.4,57000
2024-03-28,76.6,76.6,76.6,76.3,76.5,64000
2024-03-29,76.9,76.9,76.9,76.6,76.6,52000
2024-04-01,78.3,78.3,78.9,77.2,77.2,145000
2024-04-02,79.0,79.0,79.5,78.6,78.7,249000
2024-04-03,74.5,74.5,75.1,73.5,75.0,111000
2024-04-08,72.1,72.1,75.0,71.8,75.0,121000
2024-04-09,70.8,70.8,71.7,70.8,71.7,137000
2024-04-10,71.4,71.4,71.5,70.3,70.4,42000
2024-04-11,71.4,71.4,71.4,70.6,71.0,58000
2024-04-12,72.2,72.2,72.5,71.4,72.0,33000
2024-04-15,71.4,71.4,71.6,71.0,71.6,35000
2024-04-16,71.0,71.0,71.7,70.8,71.1,54000
2024-04-17,72.4,72.4,72.8,71.1,71.3,87000
2024-04-18,75.4,75.4,76.7,72.0,72.0,273000
2024-04-19,73.6,73.6,77.0,72.4,76.4,243000
2024-04-22,71.5,71.5,74.0,71.3,73.7,98000
2024-04-23,72.2,72.2,72.4,71.5,71.5,38000
2024-04-24,73.1,73.1,73.5,72.2,72.2,101000
2024-04-25,73.0,73.0,73.9,72.5,72.5,22000
2024-04-26,72.4,72.4,73.2,72.4,73.2,49000
2024-04-29,72.2,72.2,73.8,71.8,72.4,80000
2024-04-30,71.3,71.3,72.0,71.2,71.9,46000
2024-05-02,71.3,71.3,71.5,71.2,71.3,30000
2024-05-03,71.3,71.3,71.6,71.3,71.6,27000
2024-05-06,71.5,71.5,72.0,71.2,71.4,29000
2024-05-07,71.8,71.8,71.9,71.5,71.5,20000
2024-05-08,71.8,71.8,72.5,71.3,71.7,15000
2024-05-09,71.6,71.6,72.0,71.6,71.8,31000
2024-05-10,71.7,71.7,72.0,71.5,71.6,45000
2024-05-13,71.8,71.8,72.0,71.5,71.9,45000
2024-05-14,72.4,72.4,72.5,71.8,71.8,25000
2024-05-15,71.9,71.9,72.6,71.9,72.5,28000
2024-05-16,71.4,71.4,71.9,71.3,71.8,48000
2024-05-17,71.3,71.3,71.6,71.1,71.1,21000
2024-05-20,71.4,71.4,71.5,71.2,71.5,24000
2024-05-21,71.0,71.0,71.3,71.0,71.3,39000
2024-05-22,71.1,71.1,71.3,71.0,71.3,19000
2024-05-23,70.9,70.9,71.3,70.8,71.1,43000
2024-05-24,71.2,71.2,72.4,71.0,71.0,14000
2024-05-27,71.4,71.4,72.3,71.4,71.5,14000
2024-05-28,71.4,71.4,71.6,71.3,71.6,15000
2024-05-29,71.2,71.2,71.4,71.0,71.4,25000
2024-05-30,71.1,71.1,71.4,71.0,71.1,19000
2024-05-31,71.1,71.1,71.4,71.1,71.3,12000
2024-06-03,70.8,70.8,71.1,70.8,71.1,52000
2024-06-04,70.7,70.7,70.8,70.5,70.8,35000
2024-06-05,70.7,70.7,70.7,70.5,70.7,7000
2024-06-06,70.6,70.6,70.8,70.6,70.7,26000
2024-06-07,70.7,70.7,70.8,70.6,70.7,31000
2024-06-11,70.7,70.7,71.0,70.7,71.0,22000
2024-06-12,70.7,70.7,70.7,70.5,70.7,16000
2024-06-13,70.8,70.8,70.9,70.6,70.7,37000
2024-06-14,70.8,70.8,71.0,70.8,70.8,23000
2024-06-17,70.6,70.6,70.7,70.4,70.5,25000
2024-06-18,70.7,70.7,70.8,70.6,70.8,68000
2024-06-19,70.5,70.5,71.0,70.3,71.0,16000
2024-06-20,70.6,70.6,70.8,70.3,70.3,15000
2024-06-21,70.6,70.6,70.6,70.5,70.6,8000
2024-06-24,70.4,70.4,70.8,70.0,70.6,97000
2024-06-25,70.2,70.2,70.3,70.0,70.2,14000
2024-06-26,70.9,70.9,71.0,70.5,70.5,12000
2024-06-27,70.5,70.5,70.5,70.5,70.5,1000
2024-06-28,70.6,70.6,70.6,70.1,70.2,8000
2024-07-01,70.2,70.2,70.6,70.1,70.6,15000
2024-07-02,70.6,70.6,73.2,70.2,72.9,19000
2024-07-03,70.6,70.6,71.8,70.5,71.8,28000
2024-07-04,70.5,70.5,70.7,70.3,70.5,22000
2024-07-05,70.5,70.5,70.6,70.2,70.5,34000
2024-07-08,70.1,70.1,70.4,70.0,70.2,65000
2024-07-09,70.1,70.1,70.2,70.0,70.0,19000
2024-07-10,70.2,70.2,70.5,70.1,70.1,10000
2024-07-11,70.2,70.2,70.3,70.0,70.2,17000
2024-07-12,70.3,70.3,70.3,70.1,70.2,11000
2024-07-15,70.2,70.2,70.3,70.1,70.3,25000
2024-07-16,70.2,70.2,70.5,70.2,70.2,21000
2024-07-17,70.8,70.8,70.8,70.2,70.5,16000
2024-07-18,70.4,70.4,70.5,70.4,70.5,26000
2024-07-19,70.5,70.5,70.6,70.2,70.5,56000
2024-07-22,70.3,70.3,70.9,70.0,70.9,32000
2024-07-23,70.2,70.2,70.3,69.9,70.3,63000
2024-07-26,69.9,69.9,70.0,69.8,70.0,34000
2024-07-29,69.8,69.8,70.0,69.7,70.0,23000
2024-07-30,69.2,69.2,69.8,69.2,69.7,40000
2024-07-31,68.8,68.8,69.2,68.6,69.2,46000
2024-08-01,69.5,69.5,69.5,68.8,68.8,22000
2024-08-02,69.3,69.3,69.5,69.3,69.3,13000
2024-08-05,66.0,66.0,69.0,65.4,69.0,119000
2024-08-06,66.7,66.7,66.7,64.3,65.8,62000
2024-08-07,68.2,68.2,68.2,67.0,68.0,27000
2024-08-08,69.9,69.9,70.0,68.4,68.4,36000
2024-08-09,70.2,70.2,70.9,69.2,70.9,32000
2024-08-12,69.9,69.9,70.0,69.6,70.0,23000
2024-08-13,70.0,70.0,70.0,69.7,70.0,34000
2024-08-14,70.2,70.2,71.0,69.8,70.9,35000
2024-08-15,70.5,70.5,70.7,70.5,70.6,3000
2024-08-16,70.5,70.5,70.9,70.4,70.9,66000
2024-08-19,70.7,70.7,70.8,70.5,70.7,24000
2024-08-20,70.7,70.7,70.8,70.6,70.8,18000
2024-08-21,70.7,70.7,70.8,70.1,70.7,17000
2024-08-22,70.4,70.4,70.7,70.4,70.7,8000
2024-08-23,70.4,70.4,70.6,70.4,70.4,12000
2024-08-26,70.3,70.3,70.7,70.2,70.5,20000
2024-08-27,71.2,71.2,71.4,70.2,70.2,32000
2024-08-28,71.4,71.4,71.5,70.8,71.3,45000
2024-08-29,72.1,72.1,72.7,71.5,71.5,66000
2024-08-30,72.7,72.7,72.9,72.2,72.5,60000
2024-09-02,72.6,72.6,73.0,72.1,72.9,30000
2024-09-03,72.5,72.5,73.0,72.5,72.9,38000
2024-09-04,73.2,73.2,73.4,72.0,72.9,112000
2024-09-05,73.5,73.5,73.7,72.9,73.7,38000
2024-09-06,73.3,73.3,73.8,73.0,73.8,35000
2024-09-09,72.6,72.6,73.1,72.0,72.6,57000
2024-09-10,72.7,72.7,73.2,72.2,72.7,32000
2024-09-11,72.6,72.6,73.0,72.4,73.0,14000
2024-09-12,73.0,73.0,73.8,72.8,73.8,40000
2024-09-13,72.7,72.7,72.9,72.4,72.9,11000
2024-09-16,72.8,72.8,73.0,72.4,72.4,5000
2024-09-18,72.4,72.4,72.5,72.4,72.4,8000
2024-09-19,72.8,72.8,72.9,72.4,72.4,21000
2024-09-20,72.8,72.8,73.0,72.5,73.0,10000
2024-09-23,73.3,73.3,73.3,72.5,72.7,20000
2024-09-24,73.3,73.3,73.3,73.1,73.3,15000
2024-09-25,73.2,73.2,73.2,73.0,73.0,3000
2024-09-26,73.2,73.2,73.2,72.9,73.2,13000
2024-09-27,73.3,73.3,73.3,72.4,73.2,24000
2024-09-30,73.2,73.2,73.2,73.2,73.2,5000
2024-10-01,73.1,73.1,73.2,72.6,73.2,26000
2024-10-04,73.1,73.1,73.3,72.6,72.6,10000
2024-10-07,73.6,73.6,73.9,73.0,73.0,26000
2024-10-08,73.6,73.6,73.8,73.1,73.1,13000
2024-10-09,74.6,74.6,77.7,74.6,75.3,170000
2024-10-11,74.4,74.4,75.9,74.1,75.4,45000
2024-10-14,75.2,75.2,75.7,74.4,75.2,76000
2024-10-15,76.0,76.0,76.0,75.0,75.2,32000
2024-10-16,75.5,75.5,76.0,75.0,76.0,20000
2024-10-17,75.9,75.9,75.9,75.5,75.9,14000
2024-10-18,76.2,76.2,76.8,76.2,76.3,45000
2024-10-21,77.7,77.7,77.7,76.0,76.2,47000
2024-10-22,77.4,77.4,77.4,76.9,76.9,18000
2024-10-23,77.4,77.4,77.8,76.3,77.8,23000
2024-10-24,77.4,77.4,77.9,76.5,77.9,33000
2024-10-25,77.0,77.0,77.6,76.8,77.6,22000
2024-10-28,76.8,76.8,76.9,76.2,76.9,12000
2024-10-29,76.2,76.2,76.3,75.2,76.0,28000
2024-10-30,76.0,76.0,76.0,76.0,76.0,1000
2024-11-01,77.2,77.2,79.1,75.6,75.6,63000
2024-11-04,78.2,78.2,78.5,77.0,77.1,61000
2024-11-05,78.5,78.5,78.6,78.2,78.2,20000
2024-11-06,78.0,78.0,78.1,77.2,77.2,8000
2024-11-07,75.5,75.5,77.0,74.5,74.5,140000
2024-11-08,75.0,75.0,75.5,74.5,75.5,49000
2024-11-11,74.6,74.6,75.0,74.6,75.0,17000
2024-11-12,74.1,74.1,74.3,73.5,74.3,24000
2024-11-13,73.5,73.5,74.2,73.5,74.1,31000
2024-11-14,73.1,73.1,73.7,73.1,73.5,25000
2024-11-15,72.9,72.9,73.2,72.8,73.1,36000
2024-11-18,71.2,71.2,72.9,70.1,72.9,84000
2024-11-19,72.3,72.3,72.6,71.3,71.3,13000
2024-11-20,72.0,72.0,72.9,72.0,72.0,12000
2024-11-21,72.1,72.1,72.1,72.0,72.1,19000
2024-11-22,72.5,72.5,72.7,72.1,72.1,11000
2024-11-25,72.7,72.7,73.3,72.5,72.5,16000
2024-11-26,72.7,72.7,72.7,72.6,72.6,4000
2024-11-27,72.4,72.4,72.7,72.4,72.7,10000
2024-11-28,72.0,72.0,72.5,72.0,72.2,10000
2024-11-29,72.0,72.0,72.1,72.0,72.1,14000
2024-12-02,71.9,71.9,72.0,71.7,72.0,38000
2024-12-03,72.0,72.0,72.0,71.9,71.9,14000
2024-12-04,72.2,72.2,72.2,72.0,72.0,6000
2024-12-05,72.5,72.5,72.5,72.3,72.4,4000
2024-12-06,73.4,73.4,73.4,72.5,72.7,29000
2024-12-09,72.8,72.8,73.2,72.5,73.2,31000
2024-12-10,73.5,73.5,73.8,72.9,72.9,22000
2024-12-11,73.4,73.4,74.1,73.4,73.9,22000
2024-12-12,73.6,73.6,73.9,73.3,73.3,8000
2024-12-13,73.0,73.0,73.2,73.0,73.2,21000
2024-12-16,72.7,72.7,73.1,72.6,72.9,14000
2024-12-17,72.2,72.2,72.6,72.2,72.6,14000
2024-12-18,72.5,72.5,72.5,72.0,72.0,6000
2024-12-19,72.0,72.0,72.1,72.0,72.0,23000
2024-12-20,72.8,72.8,73.4,72.0,72.0,17000
2024-12-23,72.9,72.9,73.0,72.9,73.0,14000
2024-12-24,72.5,72.5,73.0,72.5,72.9,5000
2024-12-25,72.6,72.6,72.7,72.6,72.6,9000
2024-12-26,72.7,72.7,73.0,72.6,72.6,8000
2024-12-27,73.0,73.0,73.0,72.2,72.2,8000
2024-12-30,73.0,73.0,73.0,72.6,73.0,10000
2024-12-31,72.2,72.2,72.2,70.7,70.7,15000
2025-01-02,72.5,72.5,72.7,72.5,72.5,5000
2025-01-03,72.5,72.5,72.5,72.5,72.5,6000
2025-01-06,72.7,72.7,72.7,72.5,72.5,12000
2025-01-07,72.8,72.8,73.0,72.8,72.9,8000
2025-01-08,72.8,72.8,72.9,72.7,72.8,12000
2025-01-09,72.6,72.6,73.3,72.6,73.1,17000
2025-01-10,72.8,72.8,73.2,72.8,73.2,14000
2025-01-13,72.2,72.2,73.0,72.2,72.8,28000
2025-01-14,72.3,72.3,72.3,72.3,72.3,2000
2025-01-15,72.9,72.9,72.9,72.4,72.4,11000
2025-01-16,72.9,72.9,73.0,72.9,72.9,15000
2025-01-17,73.0,73.0,73.0,73.0,73.0,5000
2025-01-20,73.5,73.5,73.6,73.1,73.1,11000
2025-01-21,74.5,74.5,74.5,73.7,73.9,31000
2025-01-22,74.2,74.2,74.8,74.2,74.8,13000
2025-02-03,74.4,74.4,74.9,73.8,74.9,9000
2025-02-04,74.5,74.5,74.6,74.3,74.3,7000
2025-02-05,75.0,75.0,75.3,74.8,74.8,38000
2025-02-06,76.2,76.2,76.6,75.6,75.7,23000
2025-02-07,76.6,76.6,76.9,76.2,76.3,44000
2025-02-10,74.9,74.9,76.6,73.6,76.6,54000
2025-02-11,74.8,74.8,75.6,74.8,74.8,5000
2025-02-12,74.5,74.5,74.8,74.5,74.8,12000
2025-02-13,74.0,74.0,75.0,74.0,75.0,18000
2025-02-14,74.6,74.6,74.9,74.5,74.5,14000
2025-02-17,74.6,74.6,74.7,74.6,74.6,9000
2025-02-18,74.6,74.6,74.7,74.6,74.7,17000
2025-02-19,74.6,74.6,74.8,74.6,74.6,14000
2025-02-20,74.7,74.7,74.8,74.7,74.7,17000
2025-02-21,76.0,76.0,76.0,75.4,75.5,18000
2025-02-24,76.5,76.5,76.8,75.5,76.0,17000
2025-02-25,76.4,76.4,76.4,75.4,76.1,14000
2025-02-26,76.1,76.1,76.4,75.9,76.2,10000
2025-02-27,75.7,75.7,76.6,75.7,76.1,13000
2025-03-03,76.2,76.2,76.2,75.8,76.1,30000
2025-03-04,75.8,75.8,76.2,75.8,76.2,32000
2025-03-05,76.0,76.0,76.2,76.0,76.2,22000
2025-03-06,76.3,76.3,76.4,75.4,76.0,16000
2025-03-07,76.5,76.5,76.9,76.2,76.3,21000
2025-03-10,76.8,76.8,76.9,76.2,76.5,22000
2025-03-11,77.0,77.0,77.0,75.9,76.5,21000
2025-03-12,77.4,77.4,77.7,77.0,77.0,24000
2025-03-13,77.3,77.3,78.0,77.3,77.4,17000
2025-03-14,77.0,77.0,77.3,77.0,77.1,16000
2025-03-17,77.2,77.2,77.8,77.0,77.0,12000
2025-03-18,77.3,77.3,77.3,76.5,77.1,32000
2025-03-19,76.5,76.5,76.9,76.5,76.9,6000
2025-03-20,76.0,76.0,77.1,76.0,77.1,17000
2025-03-21,76.4,76.4,76.4,76.2,76.2,4000
2025-03-24,76.0,76.0,76.4,75.7,75.7,8000
2025-03-25,75.6,75.6,76.0,75.5,76.0,16000
2025-03-27,77.0,77.0,77.2,76.0,77.2,7000
2025-03-28,75.6,75.6,76.0,75.0,75.7,28000
2025-03-31,74.8,74.8,75.2,74.5,75.0,40000
2025-04-01,74.8,74.8,75.0,74.8,75.0,22000
2025-04-02,75.9,75.9,75.9,75.8,75.8,3000
2025-04-07,68.4,68.4,71.9,68.4,68.4,343000
2025-04-08,70.2,70.2,70.2,68.0,68.4,168000
2025-04-09,68.0,68.0,71.0,68.0,71.0,141000
2025-04-10,71.6,71.6,74.5,70.2,70.2,140000
2025-04-11,71.1,71.1,72.1,70.2,71.0,41000
2025-04-14,70.8,70.8,71.8,70.5,70.5,45000
2025-04-15,71.6,71.6,71.6,70.8,70.8,29000
2025-04-16,72.4,72.4,72.5,71.6,71.6,8000
2025-04-17,71.7,71.7,71.8,71.6,71.8,13000
2025-04-18,71.5,71.5,72.6,71.5,72.6,19000
2025-04-21,70.2,70.2,71.8,70.2,71.5,23000
2025-04-22,70.7,70.7,70.8,70.2,70.2,7000
2025-04-23,70.9,70.9,71.7,70.9,71.5,16000
2025-04-24,71.0,71.0,71.1,70.9,71.0,13000
2025-04-25,71.3,71.3,71.5,70.8,71.1,55000
2025-04-28,71.1,71.1,72.4,70.9,71.5,71000
2025-04-29,71.1,71.1,71.5,70.7,70.9,91000
2025-04-30,71.2,71.2,73.2,71.2,71.2,37000
2025-05-02,71.8,71.8,72.3,71.8,72.0,49000
2025-05-05,72.8,72.8,72.9,72.2,72.5,121000
2025-05-06,72.9,72.9,73.8,72.8,72.9,83000
2025-05-07,72.3,72.3,72.7,72.3,72.7,58000
2025-05-08,71.7,71.7,72.2,71.5,72.1,89000
2025-05-09,72.0,72.0,72.0,71.5,71.6,47000
2025-05-12,72.1,72.1,72.5,72.0,72.0,54000
2025-05-13,72.2,72.2,72.7,72.0,72.7,44000
2025-05-14,72.3,72.3,73.3,72.2,72.2,54000
2025-05-15,72.5,72.5,72.7,72.2,72.3,78000
2025-05-16,72.4,72.4,72.9,72.3,72.9,46000
2025-05-19,72.5,72.5,72.8,72.4,72.5,30000
2025-05-20,72.7,72.7,72.7,72.5,72.5,65000
2025-05-21,72.8,72.8,72.9,72.8,72.8,31000
2025-05-22,72.9,72.9,72.9,72.7,72.8,67000
2025-05-23,73.4,73.4,73.4,72.8,72.9,114000
2025-05-26,74.0,74.0,74.0,73.1,73.9,194000
2025-05-27,69.0,69.0,69.3,68.0,69.3,239000
2025-05-28,68.8,68.8,69.2,68.6,69.1,73000
2025-05-29,68.9,68.9,69.1,68.8,68.9,57000
2025-06-02,68.2,68.2,68.6,68.1,68.6,49000
2025-06-03,68.0,68.0,68.4,68.0,68.3,41000
2025-06-04,68.1,68.1,68.3,68.0,68.0,36000
2025-06-05,67.7,67.7,68.0,67.5,68.0,47000
2025-06-06,67.9,67.9,68.1,67.7,68.1,7000
2025-06-09,67.6,67.6,68.0,67.5,68.0,29000
2025-06-10,67.1,67.1,67.5,67.0,67.4,131000
2025-06-11,66.7,66.7,67.2,66.6,67.2,50000
2025-06-12,66.9,66.9,66.9,66.6,66.6,27000
2025-06-13,67.0,67.0,67.0,66.7,66.9,8000
2025-06-16,66.4,66.4,67.2,66.4,67.2,35000
2025-06-17,66.0,66.0,66.5,66.0,66.5,43000
2025-06-18,66.5,66.5,67.5,65.0,66.0,81000
2025-06-19,65.7,65.7,65.8,65.6,65.8,9000
2025-06-20,65.2,65.2,65.5,65.1,65.5,24000
2025-06-23,64.3,64.3,65.2,64.1,65.0,33000
2025-06-24,64.6,64.6,65.0,64.5,64.5,24000
2025-06-25,65.2,65.2,65.3,64.7,64.7,15000
2025-06-26,65.9,65.9,66.4,65.9,66.4,15000
2025-06-27,66.5,66.5,66.6,66.5,66.5,14000
2025-06-30,67.0,67.0,67.2,66.6,67.0,20000
2025-07-01,66.5,66.5,67.5,66.3,67.0,15000
2025-07-02,67.0,67.0,67.2,66.5,66.5,18000
2025-07-03,66.9,66.9,67.3,66.6,67.2,6000
2025-07-04,67.0,67.0,67.0,66.6,66.7,10000
2025-07-07,65.6,65.6,66.9,65.6,65.6,34000
2025-07-08,65.1,65.1,65.9,65.0,65.5,22000
2025-07-09,65.1,65.1,65.2,65.0,65.0,13000
2025-07-10,66.1,66.1,66.1,65.2,65.2,10000
2025-07-11,65.7,65.7,66.0,65.4,66.0,18000
2025-07-14,65.1,65.1,65.5,65.1,65.4,9000
2025-07-15,65.5,65.5,65.5,65.1,65.3,13000
2025-07-16,65.6,65.6,65.8,65.6,65.8,12000
2025-07-17,65.5,65.5,65.7,65.4,65.5,19000
2025-07-18,65.5,65.5,65.5,65.3,65.5,8000
2025-07-21,65.9,65.9,67.0,65.1,65.3,6000
2025-07-22,65.0,65.0,65.6,64.8,65.6,42000
2025-07-23,65.0,65.0,65.3,65.0,65.3,2000
2025-07-24,65.1,65.1,65.1,64.8,65.0,4000
2025-07-25,65.4,65.4,65.4,65.2,65.2,14000
2025-07-28,65.2,65.2,65.3,65.0,65.3,12000
2025-07-29,65.1,65.1,65.7,65.0,65.2,9000
2025-07-30,65.6,65.6,65.6,65.1,65.1,4000
2025-07-31,65.5,65.5,65.5,65.4,65.4,7000
2025-08-01,65.0,65.0,65.4,65.0,65.4,15000
2025-08-04,65.4,65.4,65.4,65.1,65.1,3000
2025-08-05,65.9,65.9,65.9,65.6,65.6,9000
2025-08-06,62.5,62.5,64.8,62.5,63.5,299000
2025-08-07,57.7,57.7,62.5,56.3,62.5,643000
2025-08-08,58.1,58.1,58.1,55.6,57.0,155000
2025-08-11,58.9,58.9,59.3,58.1,58.1,51000
2025-08-12,59.1,59.1,59.5,59.0,59.0,25000
2025-08-13,58.8,58.8,59.2,58.8,59.2,20000
2025-08-14,58.8,58.8,58.9,58.0,58.5,25000
2025-08-15,58.2,58.2,58.8,58.0,58.8,34000
2025-08-18,58.0,58.0,58.1,57.5,58.0,23000
2025-08-19,57.9,57.9,57.9,57.4,57.5,24000
2025-08-20,57.8,57.8,58.0,57.0,58.0,29000
2025-08-21,58.0,58.0,58.0,57.5,58.0,32000
2025-08-22,58.0,58.0,58.4,57.9,58.0,39000
2025-08-25,58.5,58.5,58.9,58.0,58.0,18000
2025-08-26,58.4,58.4,58.5,58.0,58.5,13000
2025-08-27,58.6,58.6,59.7,58.2,59.7,32000
2025-08-28,58.8,58.8,59.0,58.5,58.5,22000
2025-08-29,58.5,58.5,59.3,58.0,58.2,23000
2025-09-01,59.9,59.9,60.8,59.2,59.2,60000
2025-09-02,59.9,59.9,60.0,59.9,60.0,12000
2025-09-03,60.9,60.9,61.1,60.3,60.3,46000
2025-09-04,61.0,61.0,61.2,60.9,61.0,42000
2025-09-05,60.0,60.0,61.0,58.1,61.0,40000
2025-09-08,59.2,59.2,60.0,59.1,60.0,15000
2025-09-09,59.2,59.2,59.3,59.0,59.0,15000
2025-09-10,59.5,59.5,59.7,58.7,59.0,14000
2025-09-11,59.0,59.0,59.2,58.9,59.2,37000
2025-09-12,58.9,58.9,59.5,58.9,59.0,17000
2025-09-15,58.7,58.7,58.8,58.4,58.8,23000
2025-09-16,58.7,58.7,58.8,58.5,58.5,9000
2025-09-17,58.5,58.5,58.6,58.4,58.6,5000
2025-09-18,58.7,58.7,58.9,58.5,58.6,13000
2025-09-19,58.7,58.7,59.3,58.7,59.3,15000
2025-09-22,58.9,58.9,58.9,58.7,58.8,19000
2025-09-23,58.8,58.8,58.9,58.7,58.9,13000
2025-09-24,58.9,58.9,58.9,58.7,58.8,20000
2025-09-25,58.7,58.7,59.0,58.7,58.7,20000
2025-09-26,58.7,58.7,58.7,58.5,58.6,26000
2025-09-30,58.5,58.5,58.7,58.5,58.6,17000
2025-10-01,58.5,58.5,58.5,58.1,58.5,21000
2025-10-02,58.7,58.7,58.7,58.5,58.5,13000
2025-10-03,58.3,58.3,58.7,58.0,58.7,29000
2025-10-07,56.8,56.8,58.1,56.7,58.0,79000
2025-10-08,57.0,57.0,57.2,56.8,56.8,16000
2025-10-09,54.5,54.5,56.8,54.4,56.8,279000
2025-10-13,54.0,54.0,54.2,53.5,54.2,48000
2025-10-14,54.1,54.1,54.6,53.7,53.7,61000
2025-10-15,53.5,53.5,53.5,50.0,53.5,191000
2025-10-16,53.4,53.4,53.6,53.3,53.5,25000
2025-10-17,53.8,53.8,53.9,53.0,53.0,21000
2025-10-20,53.6,53.6,54.4,53.5,54.4,31000
2025-10-21,53.6,53.6,54.1,53.1,53.1,40000
2025-10-22,53.6,53.6,54.0,53.6,53.6,17000
2025-10-23,54.0,54.0,54.0,53.1,53.5,19000
2025-10-27,53.6,53.6,53.9,53.5,53.7,18000
2025-10-28,52.6,52.6,53.6,52.2,53.6,47000
2025-10-29,51.4,51.4,52.6,51.4,52.6,115000
2025-10-30,50.9,50.9,51.4,50.7,51.4,73000
2025-10-31,50.1,50.1,50.8,50.0,50.8,127000
2025-11-03,52.0,52.0,52.0,50.0,50.1,61000
2025-11-04,52.1,52.1,53.3,52.1,52.1,27000
2025-11-05,52.0,52.0,52.0,51.1,52.0,19000
2025-11-06,52.7,52.7,52.7,52.0,52.0,10000
2025-11-07,52.6,52.6,52.7,52.2,52.7,5000
2025-11-10,51.5,51.5,52.2,51.5,52.1,25000
2025-11-11,51.9,51.9,52.3,51.0,51.5,18000
2025-11-12,53.0,53.0,53.2,51.6,51.6,49000
2025-11-13,53.8,53.8,54.1,53.0,53.2,47000
2025-11-14,53.5,53.5,53.6,53.1,53.6,17000
2025-11-17,52.4,52.4,53.5,52.1,53.5,21000
2025-11-18,51.6,51.6,52.2,51.6,52.2,25000
2025-11-19,51.1,51.1,51.6,51.1,51.6,27000
2025-11-20,51.6,51.6,51.6,51.2,51.2,10000
2025-11-21,52.0,52.0,52.0,51.5,51.5,6000
2025-11-24,52.3,52.3,52.3,51.9,51.9,14000
2025-11-25,52.9,52.9,53.0,52.8,52.8,23000
2025-11-26,53.5,53.5,53.5,53.1,53.3,15000
2025-11-27,53.4,53.4,53.5,53.2,53.5,6000
2025-11-28,53.5,53.5,53.7,53.5,53.7,6000
2025-12-01,53.6,53.6,53.6,53.1,53.5,15000
2025-12-02,53.7,53.7,53.7,53.5,53.5,8000
2025-12-03,53.6,53.6,53.7,53.6,53.6,9000
2025-12-04,53.6,53.6,53.7,53.6,53.7,2000
2025-12-05,53.4,53.4,53.6,53.3,53.6,8000
2025-12-08,53.4,53.4,53.4,53.0,53.0,8000
2025-12-09,52.5,52.5,53.0,51.3,53.0,16000
2025-12-10,52.8,52.8,52.8,52.5,52.5,13000
2025-12-11,52.9,52.9,53.0,52.6,52.8,33000
2025-12-12,52.9,52.9,52.9,52.5,52.5,14000
2025-12-15,52.8,52.8,53.0,52.7,52.9,31000
2025-12-16,53.5,53.5,54.0,52.8,52.8,15000
2025-12-17,53.0,53.0,53.0,52.8,52.8,13000
2025-12-18,53.3,53.3,53.6,53.0,53.0,17000
2025-12-19,53.5,53.5,53.5,53.5,53.5,1000
2025-12-22,53.9,53.9,54.0,53.6,53.7,20000
2025-12-23,53.0,53.0,53.8,52.8,53.8,21000
2025-12-24,53.3,53.3,53.9,53.0,53.0,7000
2025-12-26,53.3,53.3,53.3,53.1,53.2,4000
2025-12-29,53.2,53.2,53.3,53.0,53.0,8000
2025-12-30,53.1,53.1,53.5,53.1,53.5,16000
2025-12-31,53.2,53.2,53.4,53.2,53.2,8000
2026-01-02,53.5,53.5,53.6,53.2,53.2,11000
2026-01-05,52.1,52.1,53.5,51.9,53.5,73000
2026-01-06,52.3,52.3,52.3,52.0,52.0,36000
2026-01-07,52.4,52.4,52.4,52.0,52.2,18000
2026-01-08,52.8,52.8,53.0,52.8,53.0,6000
2026-01-09,53.0,53.0,53.2,52.9,52.9,16000
2026-01-12,53.0,53.0,53.0,52.6,53.0,31000
2026-01-13,53.1,53.1,53.4,52.9,53.4,44000
2026-01-14,53.9,53.9,54.2,53.4,53.4,72000
2026-01-15,53.7,53.7,53.9,53.6,53.8,36000
2026-01-16,54.2,54.2,54.3,53.8,53.9,67000
2026-01-19,54.4,54.4,54.4,53.9,54.2,57000
2026-01-20,54.1,54.1,55.0,53.9,54.2,58000
2026-01-21,53.9,53.9,54.2,53.9,54.2,45000
2026-01-22,53.8,53.8,54.2,53.8,54.0,42000
2026-01-23,54.0,54.0,54.2,53.9,53.9,33000
2026-01-26,54.1,54.1,54.4,54.0,54.2,16000
2026-01-27,54.0,54.0,54.2,54.0,54.1,39000
2026-01-28,54.0,54.0,54.1,53.6,53.9,55000
2026-01-29,53.8,53.8,54.0,53.8,54.0,21000
2026-01-30,53.5,53.5,53.8,53.5,53.8,27000
2026-02-02,53.2,53.2,53.5,52.9,53.0,16000
2026-02-03,53.3,53.3,53.3,53.3,53.3,4000
2026-02-04,53.9,53.9,53.9,53.0,53.0,12000
2026-02-05,53.4,53.4,53.8,53.3,53.8,16000
2026-02-06,55.0,55.0,55.0,53.1,53.4,38000
2026-02-09,56.2,56.2,56.8,55.0,55.0,134000
2026-02-10,55.1,55.1,56.8,54.5,56.3,62000
2026-02-11,55.3,55.3,55.6,55.1,55.1,27000
2026-02-23,56.5,56.5,56.5,55.0,55.5,55000
2026-02-24,57.0,57.0,57.0,55.5,56.0,41000
2026-02-25,57.3,57.3,57.6,56.6,57.0,55000
2026-02-26,60.1,60.1,60.5,57.4,57.8,162000
2026-03-02,59.8,59.8,60.0,58.4,60.0,85000
2026-03-03,58.7,58.7,59.9,58.5,59.8,43000
2026-03-04,56.5,56.5,57.5,56.5,57.5,31000
2026-03-05,57.3,57.3,58.9,57.0,57.5,30000
2026-03-06,57.3,57.3,57.3,57.0,57.0,16000
2026-03-09,56.6,56.6,57.2,55.7,57.2,37000
2026-03-10,56.9,56.9,56.9,56.6,56.9,33000
2026-03-11,57.1,57.1,57.6,57.0,57.0,44000
2026-03-12,56.5,56.5,56.8,55.7,56.1,72000
2026-03-13,56.3,56.3,56.6,56.2,56.3,16000
2026-03-16,56.2,56.2,56.5,55.1,56.5,25000
2026-03-17,56.9,56.9,56.9,56.2,56.2,26000
2026-03-18,57.6,57.6,57.9,57.0,57.0,42000
2026-03-19,57.1,57.1,57.3,56.7,57.0,44000
2026-03-20,58.0,58.0,58.9,57.4,57.4,61000
2026-03-23,56.9,56.9,57.9,56.4,57.0,32000
2026-03-24,56.7,56.7,56.9,56.7,56.9,9000
2026-03-25,57.2,57.2,57.7,56.8,56.9,14000
2026-03-26,57.2,57.2,57.2,57.1,57.2,12000
2026-03-27,56.4,56.4,57.1,56.4,57.1,16000
2026-03-30,56.8,56.8,56.8,56.4,56.4,16000
2026-03-31,56.6,56.6,56.8,56.5,56.5,25000
2026-04-01,57.2,57.2,58.6,56.6,56.6,22000
2026-04-02,56.8,56.8,57.2,56.7,57.2,12000
2026-04-07,56.5,56.5,56.6,56.5,56.6,5000
2026-04-08,56.8,56.8,56.8,56.6,56.6,11000
2026-04-09,57.0,57.0,57.3,56.5,57.0,19000
2026-04-10,57.0,57.0,57.0,56.7,56.7,18000
2026-04-13,56.8,56.8,57.0,56.5,56.9,37000
2026-04-14,57.0,57.0,57.0,56.5,56.8,36000
2026-04-15,57.3,57.3,57.6,57.0,57.0,66000
2026-04-16,57.5,57.5,57.8,57.3,57.5,42000
2026-04-17,57.9,57.9,58.2,57.3,57.5,71000
2026-04-20,56.9,56.9,58.3,56.9,58.3,55000
2026-04-21,56.8,56.8,57.4,56.7,57.4,22000
2026-04-22,57.0,57.0,57.0,56.5,56.8,31000
2026-04-23,56.8,56.8,57.0,56.2,56.8,38000
2026-04-24,56.3,56.3,56.6,56.1,56.6,15000
2026-04-27,55.6,55.6,56.1,55.0,56.1,54000
2026-04-28,55.7,55.7,55.8,55.2,55.6,15000
2026-04-29,55.6,55.6,55.8,55.6,55.7,18000
2026-04-30,55.6,55.6,55.6,55.5,55.6,21000
2026-05-04,56.0,56.0,56.1,55.6,55.6,14000
2026-05-05,56.0,56.0,56.8,56.0,56.7,16000
2026-05-06,56.4,56.4,56.4,56.0,56.0,27000
2026-05-07,56.2,56.2,56.4,56.1,56.4,19000
2026-05-08,56.0,56.0,56.4,56.0,56.3,20000
2026-05-11,55.7,55.7,56.0,55.5,55.5,50000
2026-05-12,55.7,55.7,55.8,55.6,55.6,19000
2026-05-13,55.7,55.7,55.7,55.6,55.7,17000
2026-05-14,55.8,55.8,56.0,55.4,55.5,9000
2026-05-15,55.9,55.9,56.2,55.8,55.8,6000
2026-05-18,55.6,55.6,55.9,55.5,55.9,15000
2026-05-19,56.0,56.0,56.0,55.6,55.6,4000
2026-05-20,56.2,56.2,56.5,56.2,56.4,17000
2026-05-21,55.8,55.8,55.9,55.7,55.8,15000
2026-05-22,55.5,55.5,55.8,55.4,55.8,52000
2026-05-25,54.8,54.8,55.3,54.8,55.3,104000
2026-05-26,54.7,54.7,55.0,54.7,54.8,26000
2026-05-27,54.7,54.7,54.8,54.7,54.7,42000
2026-05-28,54.7,54.7,55.2,54.6,54.8,32000
2026-05-29,56.0,56.0,56.0,54.0,54.7,63000
2026-06-01,56.0,56.0,56.0,55.5,56.0,50000
2026-06-02,55.3,55.3,55.6,54.8,55.6,52000
2026-06-03,55.3,55.3,55.7,54.8,55.4,69000
2026-06-04,56.2,56.2,56.6,54.9,54.9,38000
2026-06-05,57.1,57.1,57.2,56.3,56.4,79000
2026-06-08,56.6,56.6,57.1,55.5,56.4,73000
2026-06-09,57.0,57.0,57.1,56.5,57.1,56000
2026-06-10,56.4,56.4,57.0,56.3,57.0,15000
2026-06-11,56.7,56.7,57.0,55.7,56.2,28000
2026-06-12,56.8,56.8,57.5,56.7,56.7,159000
2026-06-15,53.8,53.8,54.5,53.6,54.0,117000
2026-06-16,53.9,53.9,54.1,53.7,53.8,29000
2026-06-17,53.9,53.9,54.4,53.6,53.6,19000
2026-06-18,54.0,54.0,54.1,53.9,54.0,13000
2026-06-22,53.6,53.6,55.0,53.6,55.0,48000
2026-06-23,53.0,53.0,53.9,53.0,53.9,143000
2026-06-24,53.4,53.4,53.4,52.5,53.0,28000
2026-06-25,53.1,53.1,53.1,52.7,53.0,37000
2026-06-26,52.7,52.7,52.9,52.7,52.8,25000
2026-06-29,52.5,52.5,52.5,52.0,52.5,50000
2026-06-30,52.8,52.8,52.8,52.6,52.7,23000
2026-07-01,52.3,52.3,53.1,52.3,53.1,21000
2026-07-02,52.6,52.6,52.6,52.2,52.6,16000
2026-07-03,53.1,53.1,53.3,52.9,53.3,11000
2026-07-06,53.3,53.3,53.5,52.9,53.0,42000
2026-07-07,52.8,52.8,53.0,52.7,52.7,22000
2026-07-08,52.6,52.6,53.4,52.5,53.4,10000
2026-07-09,53.4,53.4,53.4,52.8,52.9,36000
2026-07-13,53.3,53.3,53.9,53.1,53.5,21000
2026-07-14,52.9,52.9,52.9,52.6,52.7,21000
2026-07-15,53.1,53.1,53.1,52.9,52.9,16000
2026-07-16,53.1,53.1,53.2,52.8,53.2,21000
2026-07-17,52.6,52.6,52.8,52.5,52.8,28000
2026-07-20,52.5,52.5,52.8,52.4,52.5,15000
2026-07-21,52.8,52.8,53.0,52.6,52.8,7000
2026-07-22,52.7,52.7,52.9,52.6,52.9,11000
2026-07-23,52.9,52.9,52.9,52.5,52.8,17000
2026-07-24,52.8,52.8,53.0,52.8,52.8,11000
2026-07-27,52.7,52.7,52.8,52.6,52.6,11000
2026-07-28,52.3,52.3,52.4,52.2,52.3,28000
2026-07-29,52.1,52.1,52.3,52.0,52.3,18000
2026-07-30,52.1,52.1,52.3,51.5,51.8,22000
2026-07-31,52.7,52.7,53.0,52.7,52.7,10000
2026-08-03,52.2,52.2,52.7,52.1,52.7,30000
2026-08-04,52.2,52.2,52.2,52.2,52.2,6000
2026-08-05,52.2,52.2,52.2,52.0,52.2,26000
2026-08-06,52.4,52.4,52.4,52.2,52.2,9000
2026-08-07,54.0,54.0,54.6,53.0,54.0,119000
2026-08-10,53.8,53.8,54.5,53.5,54.5,24000
2026-08-11,53.6,53.6,54.7,53.6,54.7,19000
2026-08-12,54.0,54.0,54.0,53.8,53.8,22000
2026-08-13,53.9,53.9,54.1,53.9,54.1,13000
2026-08-14,53.1,53.1,53.9,52.7,53.9,29000
2026-08-17,53.6,53.6,53.8,53.2,53.2,26000
2026-08-18,53.3,53.3,53.7,53.3,53.7,19000
2026-08-19,53.5,53.5,53.6,53.2,53.5,22000
2026-08-20,53.8,53.8,53.9,53.7,53.7,21000
2026-08-21,53.9,53.9,54.0,53.9,54.0,13000
2026-08-24,53.5,53.5,53.9,53.5,53.9,7319
2026-08-25,52.8,52.8,53.3,52.8,53.2,26298
2026-08-26,53.6,53.6,53.6,53.6,53.6,1725
2026-08-27,53.5,53.5,53.6,53.3,53.3,11121
2026-08-28,53.5,53.5,53.8,52.8,53.0,27658
2026-08-31,53.5,53.5,53.5,53.5,53.5,20289
2026-09-01,53.6,53.6,53.8,53.0,53.8,38208
2026-09-02,53.7,53.7,53.7,53.2,53.2,18401
2026-09-03,53.4,53.4,53.7,53.1,53.5,6162
2026-09-04,53.4,53.4,53.4,53.4,53.4,4916
2026-09-07,53.5,53.5,53.7,53.4,53.7,6839
2026-09-08,53.4,53.4,53.5,53.4,53.5,12425
2026-09-09,53.7,53.7,53.7,53.2,53.3,20526
2026-09-10,52.9,52.9,53.7,52.7,53.7,27209
2026-09-11,53.2,53.2,53.2,52.9,52.9,4302
2026-09-14,53.2,53.2,53.7,53.2,53.6,16841
2026-09-15,53.0,53.0,53.2,53.0,53.2,15658
2026-09-16,52.9,52.9,53.2,52.9,53.0,23577
2026-09-17,53.0,53.0,53.7,52.9,53.5,45310
